0
200	105.6583745	100000000000000.1
5	0	0	1
5	0	0	0
4.729150958102834	0
4.867030859575585	0
5.004910761048335	0
5.142790662521086	0
5.280670563993836	0
5.418550465466587	0
5.556430366939337	0
5.694310268412088	6.08226162339478e-05
5.832190169884838	0.001911030813680282
5.970070071357589	0.005899943252820442
6.107949972830339	0.01243877531095985
6.24582987430309	0.02249500084544801
6.383709775775841	0.03756824819368021
6.521589677248591	0.05983926575759937
6.659469578721342	0.09241647713412625
6.797349480194092	0.1155873247442235
6.935229381666843	0.1378194621570508
7.073109283139593	0.1608760831681194
7.210989184612344	0.1846808790206649
7.348869086085094	0.2091636105559659
7.486748987557845	0.2343078814040366
7.624628889030595	0.2601815413524326
7.762508790503346	0.2869709061439116
7.900388691976096	0.3150692809814059
8.038268593448848	0.3435543352991308
8.176148494921598	0.3718840398244347
8.314028396394349	0.399956437564369
8.451908297867099	0.4276699176229649
8.58978819933985	0.4549194053937124
8.7276681008126	0.4815927409792153
8.865548002285351	0.5075676812254937
9.003427903758102	0.5327100524120179
9.141307805230852	0.5568736766557827
9.279187706703603	0.5799027325224495
9.417067608176353	0.6016371029162978
9.554947509649104	0.6219209192333228
9.692827411121854	0.6406138796098789
9.830707312594605	0.6576040643874366
9.968587214067355	0.6728201317808401
10.10646711554011	0.6862403392260005
10.24434701701286	0.6978961677871496
10.38222691848561	0.7078695052014248
10.52010681995836	0.7162839890264551
10.65798672143111	0.7232925361294712
10.79586662290386	0.7290637052804723
10.93374652437661	0.733769236121762
11.07162642584936	0.7375742243924112
11.20950632732211	0.740630428728478
11.34738622879486	0.7430724990937775
11.48526613026761	0.7450165564107761
11.62314603174036	0.7465604581919167
11.76102593321311	0.7477851392209567
11.89890583468586	0.7487565329302862
12.03678573615861	0.7495277096302362
12.17466563763136	0.7501409881392158
12.31254553910411	0.7506298764073144
12.45042544057686	0.7510207706777352
12.58830534204962	0.7513343928371393
12.72618524352237	0.7515869760314164
12.86406514499512	0.7517912245444147
13.00194504646787	0.7519570801948618
13.13982494794062	0.7520923279480775
13.27770484941337	0.7522030707868455
13.41558475088612	0.7522940998937935
13.55346465235887	0.7523691818979713
13.69134455383162	0.7524312808778055
13.82922445530437	0.7524827292366166
13.96710435677712	0.752525358548306
14.10498425824987	0.7525605989924934
14.24286415972262	0.7525895540038039
14.38074406119537	0.752613055181612
14.51862396266812	0.7526317012810431
14.65650386414087	0.7526458841793131
14.79438376561362	0.7526558040353434
14.93226366708637	0.7526614753781476
15.07014356855912	0.7526627254754646
15.20802347003188	0.7526591858712857
15.34590337150463	0.752650277140328
15.48378327297738	0.7526351852904137
15.62166317445013	0.7526128255330725
15.75954307592288	0.7525817855144337
15.89742297739563	0.7525402367086601
16.03530287886838	0.7524858016593029
16.17318278034113	0.7524153680377428
16.31106268181388	0.7523248476464051
16.44894258328663	0.7522088855715273
16.58682248475938	0.7520605261371375
16.72470238623213	0.7518708352162246
16.86258228770488	0.7516284651188634
17.00046218917763	0.7513191345888118
17.13834209065038	0.7509249878053391
17.27622199212313	0.7504237943788816
17.41410189359588	0.7497879543387611
17.55198179506863	0.7489832732929206
17.68986169654139	0.7479674718448484
17.82774159801414	0.7466883949145333
17.96562149948689	0.7450818977573631
18.10350140095964	0.7430694070566848
18.24138130243239	0.7405551813689329
18.37926120390514	0.7374233214078199
18.51714110537789	0.7335346142391749
18.65502100685064	0.7287233535319394
18.79290090832339	0.7227943771881917
18.93078080979614	0.7155207102014293
19.06866071126889	0.7066423938948289
19.20654061274164	0.6958672938788917
19.34442051421439	0.6828749887506039
19.48230041568714	0.6673250406089698
19.62018031715989	0.6488712379183276
19.75806021863264	0.6271833350450724
19.89594012010539	0.601977781917815
20.03382002157814	0.5730575613519473
20.17169992305089	0.5403600028075382
20.30957982452365	0.5040083066991671
20.4474597259964	0.4643585001916579
20.58533962746915	0.4220304463480526
20.7232195289419	0.3779087214961381
20.86109943041465	0.3331015340391277
20.9989793318874	0.2888560185540772
21.13685923336015	0.2464394828819081
21.2747391348329	0.2070207225664528
21.41261903630565	0.1715912915720451
21.5504989377784	0.1407997397571855
21.68837883925115	0.1141638678658035
21.8262587407239	0.09154298250498076
21.96413864219665	0.07271345054031891
22.1020185436694	0.05730418800705288
22.23989844514215	0.04487076711869743
22.3777783466149	0.03495338880566604
22.51565824808765	0.02711580105994489
22.6535381495604	0.02096722992707202
22.79141805103315	0.01617152540147822
22.92929795250591	0.01244789777268283
23.06717785397866	0.009566834689485987
23.20505775545141	0.007343749905369479
23.34293765692416	0.005631983384253383
23.48081755839691	0.004316072491567404
23.61869745986966	0.003305744121700527
23.75657736134241	0.002530789552429065
23.89445726281516	0.001936822616683257
24.03233716428791	0.001481841789765039
24.17021706576066	0.001133485144353526
24.30809696723341	0.0008668621717069165
24.44597686870616	0.0006628548437981253
24.58385677017891	0.0005067942213318939
24.72173667165166	0.0003874341487525962
24.85961657312441	0.0002961579899341985
24.99749647459716	0.0002263670300782894
25.13537637606991	0.0001730098404851239
25.27325627754266	0.0001322206438749338
25.41113617901541	0.0001010417451827773
25.54901608048817	7.721066875550125e-05
25.68689598196092	5.899702606889193e-05
25.82477588343367	4.507756019004605e-05
25.96265578490642	3.444047156306333e-05
26.10053568637917	2.631218703984737e-05
26.23841558785192	2.01013218317109e-05
26.37629548932467	1.535580681688816e-05
26.51417539079742	1.173009379990123e-05
26.65205529227017	8.960073310129911e-06
26.78993519374292	6.843893456392711e-06
26.92781509521567	5.2272930351047e-06
27.06569499668842	3.99238749630805e-06
27.20357489816117	3.04909560129888e-06
27.34145479963392	2.328585424333195e-06
27.47933470110667	1.778264407828925e-06
27.61721460257942	1.357949950619579e-06
27.75509450405217	1.036942525222498e-06
27.89297440552492	7.917887394896056e-07
28.03085430699767	6.045717968727511e-07
28.16873420847043	4.616050796595704e-07
28.30661410994318	3.524338459755087e-07
28.44449401141593	2.690724104256553e-07
28.58237391288868	2.054212894457562e-07
28.72025381436143	1.568218748259395e-07
28.85813371583418	1.197162003679321e-07
28.99601361730693	9.138701230534108e-08
29.13389351877968	6.975919851787856e-08
29.27177342025243	5.324809881571938e-08
29.40965332172518	4.064363298070388e-08
29.54753322319793	3.102179281912823e-08
29.68541312467068	2.367703882045045e-08
29.82329302614343	1.807066609630353e-08
29.96117292761618	1.379136892339892e-08
30.09905282908893	1.052512315568174e-08
30.23693273056168	8.032185769024159e-09
30.37481263203443	6.129530359055114e-09
30.51269253350718	4.677434366157583e-09
30.65057243497994	3.569237069400451e-09
30.78845233645269	2.72351907391833e-09
30.92633223792544	2.078131003635046e-09
31.06421213939819	1.5856343098657e-09
31.20209204087094	1.209820378666089e-09
31.33997194234369	9.230530017383075e-10
31.47785184381644	7.042395251856357e-10
31.61573174528919	5.372820066872867e-10
31.75361164676194	4.09894855750693e-10
31.89149154823469	3.127022712910533e-10
32.02937144970744	2.385492874258947e-10
32.16725135118019	1.819758904739048e-10
