0
200	105.6583745	100000000000000.1
5	0	0	1
5	0	0	0
4.729150958102834	0
4.867030859575585	0
5.004910761048335	0
5.142790662521086	0
5.280670563993836	0
5.418550465466587	0
5.556430366939337	1.468062267891732e-08
5.694310268412088	2.939632606168036e-07
5.832190169884838	8.991576158932337e-07
5.970070071357589	1.901068756271775e-06
6.107949972830339	3.451280004306605e-06
6.24582987430309	5.779202126339524e-06
6.383709775775841	9.220663325514877e-06
6.521589677248591	1.42571460823752e-05
6.659469578721342	2.057655719992673e-05
6.797349480194092	2.514501753630029e-05
6.935229381666843	2.98146756310919e-05
7.073109283139593	3.464168861776524e-05
7.210989184612344	3.961946067861466e-05
7.348869086085094	4.474357196928991e-05
7.486748987557845	5.002540936758244e-05
7.624628889030595	5.550094680148763e-05
7.762508790503346	6.124102516096866e-05
7.900388691976096	6.737852670738687e-05
8.038268593448848	7.364275732674144e-05
8.176148494921598	7.987937557947869e-05
8.314028396394349	8.606792185052581e-05
8.451908297867099	9.218818653164619e-05
8.58978819933985	9.821943590197768e-05
8.7276681008126	0.0001041396331678526
8.865548002285351	0.0001099247354755944
9.003427903758102	0.0001155481637662418
9.141307805230852	0.0001209805642306454
9.279187706703603	0.0001261899977051577
9.417067608176353	0.0001311426914065856
9.554947509649104	0.0001358044468532091
9.692827411121854	0.0001401427017900851
9.830707312594605	0.0001441290901057266
9.968587214067355	0.0001477421595566158
10.10646711554011	0.0001509697568474372
10.24434701701286	0.0001538105571827615
10.38222691848561	0.000156274357953288
10.52010681995836	0.0001583810518092419
10.65798672143111	0.0001601585310999698
10.79586662290386	0.0001616400092575031
10.93374652437661	0.000162861289211667
11.07162642584936	0.0001638583851001019
11.20950632732211	0.0001646657069833282
11.34738622879486	0.0001653148449286584
11.48526613026761	0.0001658338839945669
11.62314603174036	0.0001662471402402618
11.76102593321311	0.0001665752039090435
11.89890583468586	0.0001668351875668466
12.03678573615861	0.0001670410937214601
12.17466563763136	0.0001672042349001812
12.31254553910411	0.0001673336577865273
12.45042544057686	0.0001674365401589198
12.58830534204962	0.0001675185435488831
12.72618524352237	0.0001675841150096397
12.86406514499512	0.0001676367382648662
13.00194504646787	0.000167679138439509
13.13982494794062	0.0001677134463861396
13.27770484941337	0.0001677413290702417
13.41558475088612	0.0001677640921517027
13.55346465235887	0.0001677827601985349
13.69134455383162	0.0001677981391409409
13.82922445530437	0.000167810864758527
13.96710435677712	0.0001678214402589837
14.10498425824987	0.0001678302653785804
14.24286415972262	0.0001678376589156622
14.38074406119537	0.0001678438761887637
14.51862396266812	0.00016784912257721
14.65650386414087	0.0001678535640395732
14.79438376561362	0.0001678573353005327
14.93226366708637	0.0001678605462378178
15.07014356855912	0.0001678632868781647
15.20802347003188	0.0001678656313166697
15.34590337150463	0.000167867640801213
15.48378327297738	0.0001678693661677662
15.62166317445013	0.0001678708497695112
15.75954307592288	0.0001678721270097282
15.89742297739563	0.000167873227563044
16.03530287886838	0.000167874176350064
16.17318278034113	0.0001678749943152315
16.31106268181388	0.0001678756990459156
16.44894258328663	0.0001678763052613729
16.58682248475938	0.0001678768251927068
16.72470238623213	0.0001678772688687396
16.86258228770488	0.0001678776443173933
17.00046218917763	0.0001678779576873885
17.13834209065038	0.0001678782132904937
17.27622199212313	0.0001678784135599353
17.41410189359588	0.000167878558915612
17.55198179506863	0.0001678786475212487
17.68986169654139	0.0001678786749123257
17.82774159801414	0.0001678786334664302
17.96562149948689	0.000167878511679564
18.10350140095964	0.0001678782932031613
18.24138130243239	0.000167877955587757
18.37926120390514	0.0001678774686716093
18.51714110537789	0.0001678767925481077
18.65502100685064	0.0001678758750470105
18.79290090832339	0.000167874648673794
18.93078080979614	0.0001678730269682099
19.06866071126889	0.0001678709002592439
19.20654061274164	0.0001678681307841954
19.34442051421439	0.0001678645470535683
19.48230041568714	0.0001678599371017804
19.62018031715989	0.0001678540397849343
19.75806021863264	0.0001678465325612697
19.89594012010539	0.0001678370133916735
20.03382002157814	0.0001678249739422625
20.17169992305089	0.0001678097616545907
20.30957982452365	0.0001677905296143863
20.4474597259964	0.0001677661748823633
20.58533962746915	0.0001677352668421893
20.7232195289419	0.0001676959662117446
20.86109943041465	0.0001676459327540479
20.9989793318874	0.0001675822165396131
21.13685923336015	0.0001675011251997947
21.2747391348329	0.0001673980586866273
21.41261903630565	0.0001672673033182436
21.5504989377784	0.0001671017773190192
21.68837883925115	0.0001668927199440177
21.8262587407239	0.0001666293162269966
21.96413864219665	0.0001662982510106379
22.1020185436694	0.0001658831900208137
22.23989844514215	0.000165364191370427
22.3777783466149	0.0001647170566718301
22.51565824808765	0.0001639126375004386
22.6535381495604	0.000162916123510271
22.79141805103315	0.0001616863571168898
22.92929795250591	0.0001601752486589677
23.06717785397866	0.000158327405139782
23.20505775545141	0.0001560801340987555
23.34293765692416	0.0001533640387722016
23.48081755839691	0.0001501044839421748
23.61869745986966	0.0001462242638521591
23.75657736134241	0.0001416478324143293
23.89445726281516	0.0001363074157165453
24.03233716428791	0.0001301512029879368
24.17021706576066	0.0001231534367813566
24.30809696723341	0.0001153257426222904
24.44597686870616	0.0001067282221038161
24.58385677017891	9.74778663235426e-05
24.72173667165166	8.775138351930592e-05
24.85961657312441	7.777931888413336e-05
24.99749647459716	6.782993470597243e-05
25.13537637606991	5.818395298760145e-05
25.27325627754266	4.910464725499528e-05
25.41113617901541	4.081138717691307e-05
25.54901608048817	3.346388708850668e-05
25.68689598196092	2.716544241804118e-05
25.82477588343367	2.18587561575441e-05
25.96265578490642	1.741318550072555e-05
26.10053568637917	1.375562594343225e-05
26.23841558785192	1.079147019555369e-05
26.37629548932467	8.418818263214684e-06
26.51417539079742	6.53852632670634e-06
26.65205529227017	5.06025272948922e-06
26.78993519374292	3.905332458859984e-06
26.92781509521567	3.007471182246119e-06
27.06569499668842	2.312126382551519e-06
27.20357489816117	1.775219351590179e-06
27.34145479963392	1.361602029688731e-06
27.47933470110667	1.043529150142375e-06
27.61721460257942	7.992655696338333e-07
27.75509450405217	6.118825156487971e-07
27.89297440552492	4.68252472160065e-07
28.03085430699767	3.582295478193702e-07
28.16873420847043	2.739921807879248e-07
28.30661410994318	2.095223519174812e-07
28.44449401141593	1.601965883269652e-07
28.58237391288868	1.224668563859062e-07
28.72025381436143	9.361280110966899e-08
28.85813371583418	7.155008416422892e-08
28.99601361730693	5.468252800116548e-08
29.13389351877968	4.178829263810887e-08
29.27177342025243	3.1932391271269e-08
29.40965332172518	2.439953177218819e-08
29.54753322319793	1.864260980806995e-08
29.68541312467068	1.424323439213038e-08
29.82329302614343	1.088149192660035e-08
29.96117292761618	8.312796720312753e-09
30.09905282908893	6.350173218183292e-09
30.23693273056168	4.850699186291797e-09
30.37481263203443	3.705134958188169e-09
30.51269253350718	2.829991397912779e-09
30.65057243497994	2.161464011918409e-09
30.78845233645269	1.650794747523966e-09
30.92633223792544	1.260725833185929e-09
31.06421213939819	9.627887974315616e-10
31.20209204087094	7.352321391225592e-10
31.33997194234369	5.614373134037807e-10
31.47785184381644	4.287080504761563e-10
31.61573174528919	3.273450751268748e-10
31.75361164676194	2.499389893221727e-10
31.89149154823469	1.908299092236696e-10
32.02937144970744	1.45694553955508e-10
32.16725135118019	1.112307409596356e-10
