0
200	105.6583745	100000000000000.1
5	0	0	1
5	0	0	0
4.729150958102834	5.496868595139681e-06
4.867030859575585	4.872925192922101e-06
5.004910761048335	4.397406274743866e-06
5.142790662521086	4.035298633145678e-06
5.280670563993836	3.758907964883646e-06
5.418550465466587	3.547147581055985e-06
5.556430366939337	3.384000948002903e-06
5.694310268412088	3.257294057650936e-06
5.832190169884838	3.157758438237305e-06
5.970070071357589	3.078321188208668e-06
6.107949972830339	3.013567826471544e-06
6.24582987430309	2.959336076357321e-06
6.383709775775841	2.912408847394793e-06
6.521589677248591	2.870282483155937e-06
6.659469578721342	2.830992249650171e-06
6.797349480194092	2.792981483780198e-06
6.935229381666843	2.755004153907512e-06
7.073109283139593	2.716053072605011e-06
7.210989184612344	2.675307849146305e-06
7.348869086085094	2.63209802986787e-06
7.486748987557845	2.585877864130058e-06
7.624628889030595	2.536209842953259e-06
7.762508790503346	2.482754663267689e-06
7.900388691976096	2.411231893909432e-06
8.038268593448848	2.17997354127133e-06
8.176148494921598	1.862084228782484e-06
8.314028396394349	1.536586600533082e-06
8.451908297867099	1.239763524757488e-06
8.58978819933985	9.850059305232506e-07
8.7276681008126	7.741411377184511e-07
8.865548002285351	6.036556058456782e-07
9.003427903758102	4.680007182575658e-07
9.141307805230852	3.612675747287202e-07
9.279187706703603	2.779690075331167e-07
9.417067608176353	2.133466013756673e-07
9.554947509649104	1.634357996360562e-07
9.692827411121854	1.250167820478898e-07
9.830707312594605	9.551924971952475e-08
9.968587214067355	7.291601798621851e-08
10.10646711554011	5.562207761941073e-08
10.24434701701286	4.240601847616707e-08
10.38222691848561	3.231567802042654e-08
10.52010681995836	2.461744973910006e-08
10.65798672143111	1.874765845318159e-08
10.79586662290386	1.427410662327428e-08
10.93374652437661	1.086594622867804e-08
11.07162642584936	8.270234183181988e-09
11.20950632732211	6.293781067460108e-09
11.34738622879486	4.789151796418146e-09
11.48526613026761	3.643900007399668e-09
11.62314603174036	2.772307808386831e-09
11.76102593321311	2.109058896183736e-09
11.89890583468586	1.604399136408985e-09
12.03678573615861	1.220438877097607e-09
12.17466563763136	9.283300402959285e-10
12.31254553910411	7.061125059407226e-10
12.45042544057686	5.370719996128128e-10
12.58830534204962	4.084885488208036e-10
12.72618524352237	3.10682954344887e-10
12.86406514499512	2.362905263567271e-10
13.00194504646787	1.797080517980489e-10
13.13982494794062	1.366727568749016e-10
13.27770484941337	1.03941813622854e-10
13.41558475088612	7.904841417611712e-11
13.55346465235887	6.011614176964112e-11
13.69134455383162	4.571771971458591e-11
13.82922445530437	3.476753788949761e-11
13.96710435677712	2.643988526007385e-11
14.10498425824987	2.010674369118331e-11
14.24286415972262	1.529046584405502e-11
14.38074406119537	1.162777745268512e-11
14.51862396266812	8.842395070163985e-12
14.65650386414087	6.724198015630022e-12
14.79438376561362	5.113386179645726e-12
14.93226366708637	3.888430475874916e-12
15.07014356855912	2.956908182674732e-12
15.20802347003188	2.248532618068635e-12
15.34590337150463	1.709851844557194e-12
15.48378327297738	1.300216822576976e-12
15.62166317445013	9.887150743063491e-13
15.75954307592288	7.518386762080246e-13
15.89742297739563	5.717107433753535e-13
16.03530287886838	4.347366669609277e-13
16.17318278034113	3.305783872081731e-13
16.31106268181388	2.513743403305816e-13
16.44894258328663	1.911462422872644e-13
16.58682248475938	1.45347962052303e-13
16.72470238623213	1.105224529688717e-13
16.86258228770488	8.404086083447476e-14
17.00046218917763	6.390412580059331e-14
17.13834209065038	4.859210926118361e-14
17.27622199212313	3.69488620639608e-14
17.41410189359588	2.809537693293248e-14
17.55198179506863	2.136324154546449e-14
17.68986169654139	1.624418563869729e-14
17.82774159801414	1.235171476112392e-14
17.96562149948689	9.391935288987365e-15
18.10350140095964	7.141368886611506e-15
18.24138130243239	5.430082023335707e-15
18.37926120390514	4.12885725636536e-15
18.51714110537789	3.139438008397702e-15
18.65502100685064	2.387110523929532e-15
18.79290090832339	1.815063079639015e-15
18.93078080979614	1.38009666140661e-15
19.06866071126889	1.049363324848328e-15
19.20654061274164	7.978860248067017e-16
19.34442051421439	6.066726855331288e-16
19.48230041568714	4.612821386601314e-16
19.62018031715989	3.50733665599345e-16
19.75806021863264	2.666778189373758e-16
19.89594012010539	2.02765921320923e-16
20.03382002157814	1.541706388717452e-16
20.17169992305089	1.172214313893957e-16
20.30957982452365	8.91273543368269e-17
20.4474597259964	6.776628248765929e-17
20.58533962746915	5.152463994668811e-17
20.7232195289419	3.917553458310984e-17
20.86109943041465	2.978609459713707e-17
20.9989793318874	2.264700987048087e-17
21.13685923336015	1.721895738307883e-17
21.2747391348329	1.309186488728251e-17
21.41261903630565	9.95393646640765e-18
21.5504989377784	7.568100757069495e-18
21.68837883925115	5.754103138703336e-18
21.8262587407239	4.374889409461496e-18
21.96413864219665	3.326252556004897e-18
22.1020185436694	2.528960655947187e-18
22.23989844514215	1.922771333188983e-18
22.3777783466149	1.461880667101022e-18
22.51565824808765	1.111462795332393e-18
22.6535381495604	8.450388279036926e-19
22.79141805103315	6.424763279346501e-19
22.92929795250591	4.884682420327443e-19
23.06717785397866	3.713763777983186e-19
23.20505775545141	2.823520620039955e-19
23.34293765692416	2.146675503640691e-19
23.48081755839691	1.632076796929277e-19
23.61869745986966	1.240833580199583e-19
23.75657736134241	9.433769212419915e-20
23.89445726281516	7.172255013851697e-20
24.03233716428791	5.452867793055037e-20
24.17021706576066	4.145653381047291e-20
24.30809696723341	3.151808234483284e-20
24.44597686870616	2.396212703841368e-20
24.58385677017891	1.821754006453357e-20
24.72173667165166	1.385009941992517e-20
24.85961657312441	1.052967200032502e-20
24.99749647459716	8.005262804758677e-21
25.13537637606991	6.08604483470017e-21
25.27325627754266	4.626936160662303e-21
25.41113617901541	3.517634224185233e-21
25.54901608048817	2.674278686339717e-21
25.68689598196092	2.033112762169821e-21
25.82477588343367	1.545664001053283e-21
25.96265578490642	1.17508029616093e-21
26.10053568637917	8.933442077455051e-22
26.23841558785192	6.791550612743566e-22
26.37629548932467	5.163187478548771e-22
26.51417539079742	3.925235243321613e-22
26.65205529227017	2.984092832382425e-22
26.78993519374292	2.268599428940369e-22
26.92781509521567	1.724654714939058e-22
27.06569499668842	1.311128802923644e-22
27.20357489816117	9.967526897142764e-23
27.34145479963392	7.577541756723249e-23
27.47933470110667	5.760605407417009e-23
27.61721460257942	4.379321087014802e-23
27.75509450405217	3.329234019066035e-23
27.89297440552492	2.530933518725708e-23
28.03085430699767	1.924048579713675e-23
28.16873420847043	1.462683002175543e-23
28.30661410994318	1.111944945116647e-23
28.44449401141593	8.453085231583732e-24
28.58237391288868	6.426079693601074e-24
28.72025381436143	4.885127083935485e-24
28.85813371583418	3.713680423326115e-24
28.99601361730693	2.823137930713532e-24
29.13389351877968	2.146142604176344e-24
29.27177342025243	1.631488318470096e-24
29.40965332172518	1.240247265285177e-24
29.54753322319793	9.428259080423142e-25
29.68541312467068	7.167268294066672e-25
29.82329302614343	5.44847224354416e-25
29.96117292761618	4.14185369796419e-25
30.09905282908893	3.148572513026465e-25
30.23693273056168	2.393489807577793e-25
30.37481263203443	1.819484690338939e-25
30.51269253350718	1.383133731008906e-25
30.65057243497994	1.051426423218045e-25
30.78845233645269	7.992682319480549e-26
30.92633223792544	6.075823789402728e-26
31.06421213939819	4.618667999137271e-26
31.20209204087094	3.510971310043652e-26
31.33997194234369	2.668927517253934e-26
31.47785184381644	2.028828068628592e-26
31.61573174528919	1.54224254528141e-26
31.75361164676194	1.172354858493095e-26
31.89149154823469	8.911780302803231e-27
32.02937144970744	6.774368776874932e-27
32.16725135118019	5.149584395685535e-27
