0
200	105.6583745	100000000000000.1
5	0	0	1
5	0	0	0
4.729150958102834	0
4.867030859575585	0
5.004910761048335	0
5.142790662521086	0
5.280670563993836	0
5.418550465466587	0
5.556430366939337	0
5.694310268412088	1.235517705482551e-10
5.832190169884838	1.038258299798384e-09
5.970070071357589	8.887319624013359e-09
6.107949972830339	3.102899270546276e-08
6.24582987430309	7.662715349628796e-08
6.383709775775841	1.598849540990405e-07
6.521589677248591	3.020863608922538e-07
6.659469578721342	5.345988973580679e-07
6.797349480194092	8.917406064404895e-07
6.935229381666843	1.434038498220336e-06
7.073109283139593	2.241053427798153e-06
7.210989184612344	3.419401403889728e-06
7.348869086085094	5.115503395665843e-06
7.486748987557845	7.526060765357104e-06
7.624628889030595	1.091207824959613e-05
7.762508790503346	1.561617215754263e-05
7.900388691976096	2.20729123007766e-05
8.038268593448848	3.087242985289473e-05
8.176148494921598	4.273207573751883e-05
8.314028396394349	5.928688843184116e-05
8.451908297867099	8.173966997034225e-05
8.58978819933985	0.0001113179559922922
8.7276681008126	0.000149898084499344
8.865548002285351	0.0001997228306419616
9.003427903758102	0.0002634319084394556
9.141307805230852	0.0003440785508431067
9.279187706703603	0.0004451248493906374
9.417067608176353	0.0005704077834438979
9.554947509649104	0.0007240687137111724
9.692827411121854	0.0009104410945127399
9.830707312594605	0.00113389662126556
9.968587214067355	0.001398656338737315
10.10646711554011	0.001708583744240337
10.24434701701286	0.002066983896425863
10.38222691848561	0.002476435892173973
10.52010681995836	0.002938683442794908
10.65798672143111	0.003454594191416223
10.79586662290386	0.004024181697198109
10.93374652437661	0.004646669519511458
11.07162642584936	0.005320573893520604
11.20950632732211	0.006043788828979743
11.34738622879486	0.006813671240465664
11.48526613026761	0.007627132246668719
11.62314603174036	0.008480741792592165
11.76102593321311	0.009370846977232563
11.89890583468586	0.01029369725393
12.03678573615861	0.0112455655627837
12.17466563763136	0.01222285447394286
12.31254553910411	0.01322217999706049
12.45042544057686	0.0142404298752186
12.58830534204962	0.01527479704182733
12.72618524352237	0.01632279158874923
12.86406514499512	0.01738223580809839
13.00194504646787	0.01845124709501377
13.13982494794062	0.01952821310345904
13.27770484941337	0.02061176278897375
13.41558475088612	0.02170073620558186
13.55346465235887	0.02279415500429142
13.69134455383162	0.02389119504939523
13.82922445530437	0.02499116190660971
13.96710435677712	0.0260934696299994
14.10498425824987	0.02719762281058138
14.24286415972262	0.02830320191890077
14.38074406119537	0.02940985134049095
14.51862396266812	0.03051726990933364
14.65650386414087	0.03162520340142348
14.79438376561362	0.03273343850896458
14.93226366708637	0.033841797925913
15.07014356855912	0.03495013621213242
15.20802347003188	0.03605833617694852
15.34590337150463	0.03716630557958906
15.48378327297738	0.03827397405455298
15.62166317445013	0.03938129022940288
15.75954307592288	0.040488218991191
15.89742297739563	0.041594738905426
16.03530287886838	0.0427008398771922
16.17318278034113	0.04380652096112298
16.31106268181388	0.04491178846673866
16.44894258328663	0.04601665423917475
16.58682248475938	0.04712113421948855
16.72470238623213	0.04822524721924457
16.86258228770488	0.04932901391915182
17.00046218917763	0.05043245600715587
17.13834209065038	0.05153559555268952
17.27622199212313	0.05263845450927235
17.41410189359588	0.05374105430518732
17.55198179506863	0.05484341558004988
17.68986169654139	0.05594555799830882
17.82774159801414	0.05704750011774528
17.96562149948689	0.05814925930524182
18.10350140095964	0.0592508517230472
18.24138130243239	0.06035229234089639
18.37926120390514	0.06145359495112181
18.51714110537789	0.06255477219896113
18.65502100685064	0.06365583565986925
18.79290090832339	0.06475679588834655
18.93078080979614	0.06585766249262315
19.06866071126889	0.06695844419252318
19.20654061274164	0.06805914889164945
19.34442051421439	0.06915978374562844
19.48230041568714	0.07026035521930722
19.62018031715989	0.0713608691506155
19.75806021863264	0.07246133080543292
19.89594012010539	0.07356174492943415
20.03382002157814	0.07466211579959868
20.17169992305089	0.07576244726617667
20.30957982452365	0.07686274279519834
20.4474597259964	0.07796300550641778
20.58533962746915	0.07906323820805219
20.7232195289419	0.08016344342663098
20.86109943041465	0.08126362343718925
20.9989793318874	0.08236378028806693
21.13685923336015	0.08346391582375179
21.2747391348329	0.08456403170648541
21.41261903630565	0.08566412943492525
21.5504989377784	0.08676421036097944
21.68837883925115	0.0878642757053217
21.8262587407239	0.08896432657078444
21.96413864219665	0.09006436395467329
22.1020185436694	0.09116438875982906
22.23989844514215	0.0922644018043117
22.3777783466149	0.09336440383080091
22.51565824808765	0.0944643955135398
22.6535381495604	0.09556437746602443
22.79141805103315	0.09666435024699929
22.92929795250591	0.09776431436655174
23.06717785397866	0.09886427029033702
23.20505775545141	0.09996421844489904
23.34293765692416	0.101064159221275
23.48081755839691	0.1021640929782412
23.61869745986966	0.1032640200466673
23.75657736134241	0.1043639407311728
23.89445726281516	0.10546385531227
24.03233716428791	0.1065637640511479
24.17021706576066	0.1076636671893871
24.30809696723341	0.1087635649490301
24.44597686870616	0.1098634575406138
24.58385677017891	0.1109633451617599
24.72173667165166	0.1120632279960073
24.85961657312441	0.1131631062028603
24.99749647459716	0.1142629799494376
25.13537637606991	0.1153628493793121
25.27325627754266	0.1164627146406276
25.41113617901541	0.117562575883989
25.54901608048817	0.1186624331967203
25.68689598196092	0.1197622867251342
25.82477588343367	0.1208621365903225
25.96265578490642	0.1219619828765041
26.10053568637917	0.1230618257022488
26.23841558785192	0.1241616651961938
26.37629548932467	0.1252615013232835
26.51417539079742	0.1263613343631043
26.65205529227017	0.1274611642940603
26.78993519374292	0.1285609912904217
26.92781509521567	0.1296608152135717
27.06569499668842	0.1307606364424717
27.20357489816117	0.131860454810832
27.34145479963392	0.1329602706347607
27.47933470110667	0.134060083743855
27.61721460257942	0.1351598944152749
27.75509450405217	0.1362597028050242
27.89297440552492	0.1373595088567738
28.03085430699767	0.1384593129295346
28.16873420847043	0.1395591147429207
28.30661410994318	0.1406589148492203
28.44449401141593	0.1417587132274027
28.58237391288868	0.1428585109301685
28.72025381436143	0.1439583064900996
28.85813371583418	0.145058101651738
28.99601361730693	0.1461578990814019
29.13389351877968	0.147257698293746
29.27177342025243	0.1483574886120758
29.40965332172518	0.1494572699376887
29.54753322319793	0.1505570493613608
29.68541312467068	0.1516568269222932
29.82329302614343	0.1527566026585718
29.96117292761618	0.1538563766072119
30.09905282908893	0.1549561488041989
30.23693273056168	0.1560559192845279
30.37481263203443	0.1571556880822405
30.51269253350718	0.1582554552304603
30.65057243497994	0.1593552207614256
30.78845233645269	0.1604549847065214
30.92633223792544	0.1615547470963095
31.06421213939819	0.1626545079605567
31.20209204087094	0.1637542673282622
31.33997194234369	0.1648540252276835
31.47785184381644	0.1659537816863616
31.61573174528919	0.1670535367311437
31.75361164676194	0.1681532903882071
31.89149154823469	0.1692530426830795
32.02937144970744	0.1703527936406606
32.16725135118019	0.1714525432852417
