0
1000	105.6583745	100000000000000.1
5	0	0	1
5	0	0	0
4.673998997513734	0.00789869435583113
4.701574977808284	0.007884310299804782
4.729150958102834	0.00786785675916433
4.756726938397384	0.007849626402257844
4.784302918691934	0.007829839477671668
4.811878898986484	0.007808747074436776
4.839454879281035	0.007786486552045168
4.867030859575585	0.007763232083175085
4.894606839870135	0.007739113366066616
4.922182820164685	0.007714237949578098
4.949758800459235	0.007688708633656342
4.977334780753785	0.007662604138141182
5.004910761048335	0.007636145718459239
5.032486741342885	0.007609065856763676
5.060062721637435	0.007581581342598318
5.087638701931986	0.007553730087406752
5.115214682226536	0.007525566645182231
5.142790662521086	0.007497135492701464
5.170366642815636	0.007468433157926516
5.197942623110186	0.007439513512396292
5.225518603404736	0.007410397259917371
5.253094583699286	0.007381102497460024
5.280670563993836	0.007351646883520586
5.308246544288386	0.007322052163051426
5.335822524582936	0.007292578685365431
5.363398504877487	0.007262713570467667
5.390974485172037	0.007232728836797463
5.418550465466587	0.007202641402828935
5.446126445761137	0.007172450576590478
5.473702426055687	0.007142189488947297
5.501278406350237	0.007111876688245693
5.528854386644787	0.00708150012803186
5.556430366939337	0.007051081115460251
5.584006347233887	0.007020627046043143
5.611582327528438	0.006990144989464629
5.639158307822988	0.006959649353884419
5.666734288117538	0.006929145121058281
5.694310268412088	0.0068986388757841
5.721886248706638	0.006868137042203909
5.749462229001188	0.006837644164686256
5.777038209295738	0.006807157627621623
5.804614189590288	0.006776697085074258
5.832190169884838	0.006746281303994121
5.859766150179389	0.006715883408611411
5.887342130473939	0.00668552173490699
5.914918110768489	0.006655197759852626
5.942494091063039	0.006624916220801942
5.970070071357589	0.00659467999152389
5.997646051652139	0.006564492799175438
6.025222031946689	0.006534356374322652
6.052798012241239	0.006504273595227384
6.080373992535789	0.006474246521286548
6.107949972830339	0.006444270059707009
6.13552595312489	0.006414359894584168
6.16310193341944	0.006384511884918608
6.19067791371399	0.006354726531874501
6.21825389400854	0.006325005546128594
6.24582987430309	0.006295350632727464
6.27340585459764	0.006265763441966818
6.30098183489219	0.006236243707615475
6.32855781518674	0.006206792605273793
6.35613379548129	0.00617741115355823
6.383709775775841	0.006148101336844284
6.411285756070391	0.006118862832747289
6.438861736364941	0.006089684650887494
6.466437716659491	0.006060587941495703
6.494013696954041	0.00603156485853572
6.521589677248591	0.006002615016589961
6.549165657543141	0.005973739211953106
6.576741637837691	0.005944936409906509
6.604317618132241	0.005916207477431133
6.631893598426791	0.005887552167135783
6.659469578721342	0.005858970397708611
6.687045559015892	0.005830462750244587
6.714621539310442	0.005802030688136456
6.742197519604992	0.005773671902955115
6.769773499899542	0.005745386016651048
6.797349480194092	0.005717174209926059
6.824925460488642	0.005689037066008021
6.852501440783192	0.005660973248112595
6.880077421077742	0.005632983405665303
6.907653401372293	0.005605065585451642
6.935229381666843	0.005577220450913501
6.962805361961393	0.005549447676122217
6.990381342255943	0.0055217469431145
7.017957322550493	0.005494117827369057
7.045533302845043	0.005466560794086137
7.073109283139593	0.005439074782689393
7.100685263434143	0.005411658459942393
7.128261243728693	0.005384313421712787
7.155837224023244	0.00535704003123304
7.183413204317794	0.005329834962256167
7.210989184612344	0.005302700227004091
7.238565164906894	0.005275633588736203
7.266141145201444	0.005248635392311532
7.293717125495994	0.005221705340476731
7.321293105790544	0.005194842690979399
7.348869086085094	0.005168047320164899
7.376445066379644	0.005141318099013083
7.404021046674194	0.005114655876835757
7.431597026968745	0.005088059602902368
7.459173007263295	0.005061528174882233
7.486748987557845	0.005035062833201949
7.514324967852395	0.005008661248515731
7.541900948146945	0.004982324923640772
7.569476928441495	0.00495605174662072
7.597052908736045	0.004929841091825374
7.624628889030595	0.0049036942422175
7.652204869325145	0.00487760950152509
7.679780849619696	0.004851586837177556
7.707356829914246	0.004825625131258704
7.734932810208796	0.00479972511555138
7.762508790503346	0.004773885778265249
7.790084770797896	0.004748106259871407
7.817660751092446	0.004722387227106939
7.845236731386996	0.004696728246155597
7.872812711681546	0.004671127582626939
7.900388691976096	0.004645585279435052
7.927964672270646	0.004620100403974448
7.955540652565197	0.004594674936322161
7.983116632859747	0.004569304660284161
8.010692613154298	0.00454399181228588
8.038268593448848	0.004518735739985264
8.065844573743398	0.00449353554235322
8.093420554037948	0.00446839074871582
8.120996534332498	0.004443301690843734
8.148572514627048	0.004418267386907743
8.176148494921598	0.00439328745928074
8.203724475216148	0.004368361655857411
8.231300455510699	0.004343489504655343
8.258876435805249	0.004318670743431026
8.286452416099799	0.004293904990876829
8.314028396394349	0.004269190450218912
8.341604376688899	0.00424452908563271
8.369180356983449	0.004219919829701896
8.396756337277999	0.004195361500171032
8.424332317572549	0.004170854881424923
8.451908297867099	0.004146399001564477
8.47948427816165	0.004121993549929716
8.5070602584562	0.004097638199811775
8.53463623875075	0.00407333268679348
8.5622122190453	0.004049076616862622
8.58978819933985	0.004024869820539551
8.6173641796344	0.004000711498846132
8.64494015992895	0.003976601360286956
8.6725161402235	0.003952539119080544
8.70009212051805	0.003928526389515297
8.7276681008126	0.00390456009532653
8.755244081107151	0.003880641875582842
8.782820061401701	0.003856770669996701
8.810396041696251	0.003832946340007942
8.837972021990801	0.003809168587388457
8.865548002285351	0.003785437290597777
8.893123982579901	0.003761752124324228
8.920699962874451	0.003738112066397604
8.948275943169001	0.003714518029434635
8.975851923463551	0.003690969394704564
9.003427903758102	0.003667465849275014
9.031003884052652	0.003644007376224247
9.058579864347202	0.00362059367245983
9.086155844641752	0.003597223442238231
9.113731824936302	0.003573897973273757
9.141307805230852	0.003550616510370958
9.168883785525402	0.003527378977607835
9.196459765819952	0.003504185243093104
9.224035746114502	0.003481034092899277
9.251611726409052	0.003457926893864084
9.279187706703603	0.003434862752354069
9.306763686998153	0.003411841479855979
9.334339667292703	0.003388862944552085
9.361915647587253	0.003365926972706611
9.389491627881803	0.003343032629082689
9.417067608176353	0.0033201821137485
9.444643588470903	0.00329737321150009
9.472219568765453	0.003274606493940393
9.499795549060003	0.00325188175324919
9.527371529354554	0.003229198829081211
9.554947509649104	0.003206557687776682
9.582523489943654	0.003183958243419469
9.610099470238204	0.003161400418445025
9.637675450532754	0.003138884144721753
9.665251430827304	0.003116409360187134
9.692827411121854	0.003093976001009818
9.720403391416404	0.003071583904214772
9.747979371710954	0.003049232479537866
9.775555352005505	0.003026923631661258
9.803131332300055	0.003004655906931956
9.830707312594605	0.00298242956408141
9.858283292889155	0.002960244606275743
9.885859273183705	0.002938101045567243
9.913435253478255	0.002915998903160462
9.941011233772805	0.002893938209697302
9.968587214067355	0.002871919011777476
9.996163194361905	0.002849941340571646
10.02373917465646	0.002828005276099017
10.05131515495101	0.002806111009933433
10.07889113524556	0.002784258146478392
10.10646711554011	0.002762447218644577
10.13404309583466	0.002740678372916971
10.16161907612921	0.002718951623693656
10.18919505642376	0.002697267083464985
10.21677103671831	0.002675624887426861
10.24434701701286	0.002654025183393677
10.27192299730741	0.002632468131979762
10.29949897760196	0.002610953906112433
10.32707495789651	0.002589482788421143
10.35465093819106	0.002568054701488434
10.38222691848561	0.00254667071910897
10.40980289878016	0.002525328984861678
10.43737887907471	0.002504031791044328
10.46495485936926	0.002482778851440367
10.49253083966381	0.002461570390737043
10.52010681995836	0.002440406654271209
10.54768280025291	0.002419287951761484
10.57525878054746	0.00239821458235238
10.60283476084201	0.002377186938864132
10.63041074113656	0.002356205179641055
10.65798672143111	0.002335269770232433
10.68556270172566	0.002314380603740213
10.71313868202021	0.002293538777848451
10.74071466231476	0.002272744975255723
10.76829064260931	0.002251999088969631
10.79586662290386	0.002231301608954458
10.82344260319841	0.002210653073288135
10.85101858349296	0.002190053938335485
10.87859456378751	0.002169504680753743
10.90617054408206	0.002149005763059658
10.93374652437661	0.002128557735987039
10.96132250467116	0.002108161199946905
10.98889848496571	0.002087815998743634
11.01647446526026	0.002067524304619421
11.04405044555481	0.00204728563020363
11.07162642584936	0.002027100489486607
11.09920240614391	0.002006969753291188
11.12677838643846	0.001986894051063176
11.15435436673301	0.001966873988608515
11.18193034702756	0.001946910336149653
11.20950632732211	0.001927003745281556
11.23708230761666	0.001907155004271617
11.26465828791121	0.00188736486886879
11.29223426820576	0.001867634334044179
11.31981024850031	0.001847962533237892
11.34738622879486	0.001828352602056172
11.37496220908941	0.001808804145021547
11.40253818938396	0.001789318286011851
11.43011416967851	0.001769895734733262
11.45769014997306	0.001750537438989685
11.48526613026761	0.001731244238897189
11.51284211056216	0.001712017211274416
11.54041809085671	0.001692857266335043
11.56799407115126	0.001673764494506141
11.59557005144581	0.001654741016625382
11.62314603174036	0.001635787968451701
11.65072201203491	0.001616905822968938
11.67829799232946	0.001598095602315214
11.70587397262401	0.001579358522234208
11.73344995291856	0.001560695550669269
11.76102593321311	0.001542107788646332
11.78860191350766	0.001523596448883571
11.81617789380221	0.001505162591673185
11.84375387409676	0.001486806606700161
11.87132985439131	0.001468531898564832
11.89890583468586	0.001450336747141813
11.92648181498041	0.001432224382793717
11.95405779527496	0.001414195248835961
11.98163377556951	0.001396250532291919
12.00920975586406	0.001378391649654274
12.03678573615861	0.00136061979656587
12.06436171645316	0.001342936290303712
12.09193769674771	0.001325341784620137
12.11951367704226	0.001307839374808296
12.14708965733681	0.001290428292460777
12.17466563763136	0.001273109779454565
12.20224161792591	0.001255886966662539
12.22981759822046	0.001238760239382847
12.25739357851501	0.001221730852016489
12.28496955880956	0.001204800311075567
12.31254553910411	0.001187969932606932
12.34012151939866	0.001171241190182011
12.36769749969321	0.001154614556631238
12.39527347998776	0.00113809340490618
12.42284946028231	0.001121676540915712
12.45042544057686	0.001105367709141703
12.47800142087141	0.001089167186671234
12.50557740116597	0.001073076511106885
12.53315338146052	0.001057096923484409
12.56072936175507	0.001041229996522413
12.58830534204962	0.001025476973222401
12.61588132234417	0.00100983848327499
12.64345730263872	0.0009943180642951431
12.67103328293327	0.0009789148071710743
12.69860926322782	0.0009636302486340253
12.72618524352237	0.0009484669123185091
12.75376122381692	0.0009334253828618778
12.78133720411147	0.0009185069150008957
12.80891318440602	0.0009037127965356058
12.83648916470057	0.0008890444823554769
12.86406514499512	0.0008745024957727384
12.89164112528967	0.0008600897219266795
12.91921710558422	0.0008458053900514415
12.94679308587877	0.0008316506068571206
12.97436906617332	0.0008176282067123329
13.00194504646787	0.0008037383460621975
13.02952102676242	0.0007899822305257318
13.05709700705697	0.0007763606986173721
13.08467298735152	0.0007628749719383311
13.11224896764607	0.0007495253361462649
13.13982494794062	0.0007363144490415832
13.16740092823517	0.0007232416771322627
13.19497690852972	0.0007103074850422315
13.22255288882427	0.0006975145249654747
13.25012886911882	0.0006848624754994285
13.27770484941337	0.0006723522247288633
13.30528082970792	0.0006599843454010185
13.33285681000247	0.0006477596096174987
13.36043279029702	0.0006356785759514159
13.38800877059157	0.0006237424930999751
13.41558475088612	0.0006119497643986657
13.44316073118067	0.0006003026152134616
13.47073671147522	0.0005888011262636152
13.49831269176977	0.0005774453391798211
13.52588867206432	0.0005662357599566243
13.55346465235887	0.0005551724469985018
13.58104063265342	0.0005442557608195395
13.60861661294797	0.0005334857645581101
13.63619259324252	0.0005228625684558439
13.66376857353707	0.0005123853644815229
13.69134455383162	0.0005020558670912222
13.71892053412617	0.0004918732020055684
13.74649651442072	0.0004818371958751611
13.77407249471527	0.0004719475788064457
13.80164847500982	0.0004622041558353376
13.82922445530437	0.0004526067090708091
13.85680043559892	0.0004431548825741077
13.88437641589347	0.0004338482176743892
13.91195239618802	0.0004246862494079793
13.93952837648257	0.0004156686212941518
13.96710435677712	0.0004067944995238081
13.99468033707167	0.000398063446537852
14.02225631736622	0.0003894747117783556
14.04983229766077	0.0003810275644245959
14.07740827795532	0.0003727213395961309
14.10498425824987	0.0003645552085406318
14.13256023854442	0.0003565282624981551
14.16013621883897	0.0003486396081116645
14.18771219913352	0.0003408883167617427
14.21528817942807	0.000333273408959908
14.24286415972262	0.0003257937997473168
14.27044014001717	0.0003184483962246425
14.29801612031172	0.00031123619794511
14.32559210060627	0.0003041559893580218
14.35316808090082	0.0002972066042702554
14.38074406119537	0.0002903867512493763
14.40832004148992	0.0002836952982777583
14.43589602178447	0.0002771308627235834
14.46347200207902	0.0002706922073404704
14.49104798237357	0.0002643778699972087
14.51862396266812	0.0002581866445245968
14.54619994296267	0.0002521170812093369
14.57377592325722	0.0002461677091935245
14.60135190355177	0.0002403371153431822
14.62892788384632	0.0002346238725816888
14.65650386414087	0.0002290264622808863
14.68407984443542	0.0002235434258806255
14.71165582472997	0.0002181732450525569
14.73923180502452	0.0002129143702898063
14.76680778531907	0.0002077652945456324
14.79438376561362	0.0002027244273872523
14.82195974590817	0.0001977902320744967
14.84953572620272	0.0001929611564065327
14.87711170649727	0.0001882356361718188
14.90468768679182	0.0001836120401729622
14.93226366708637	0.0001790888513048862
14.95983964738092	0.0001746644418214809
14.98741562767547	0.0001703372629608834
15.01499160797002	0.0001661057085483894
15.04256758826457	0.0001619681781925589
15.07014356855912	0.0001579231454384214
15.09771954885368	0.0001539689794373422
15.12529552914823	0.0001501041724432727
15.15287150944278	0.0001463270971508013
15.18044748973733	0.0001426362194938533
15.20802347003188	0.0001390300061363524
15.23559945032643	0.0001355068797889602
15.26317543062098	0.0001320653533847387
15.29075141091553	0.0001287038751734773
15.31832739121008	0.0001254208978541589
15.34590337150463	0.0001222150123456371
15.37347935179918	0.0001190846659369814
15.40105533209373	0.00011602841620459
15.42863131238828	0.000113044811128374
15.45620729268283	0.0001101323570225778
15.48378327297738	0.0001072896989863081
15.51135925327193	0.0001045153883759615
15.53893523356648	0.0001018080022548409
15.56651121386103	9.916621339698746e-05
15.59408719415558	9.658860109766056e-05
15.62166317445013	9.407387730662979e-05
15.64923915474468	9.162069676415914e-05
15.67681513503923	8.92277223345943e-05
15.70439111533378	8.689369844074686e-05
15.73196709562833	8.461734389686252e-05
15.75954307592288	8.239737596580184e-05
15.78711905621743	8.023260015594935e-05
15.81469503651198	7.812177171988069e-05
15.84227101680653	7.606371229104783e-05
15.86984699710108	7.405721475937134e-05
15.89742297739563	7.210115767936724e-05
15.92499895769018	7.019438582049502e-05
15.95257493798473	6.833577132205123e-05
15.98015091827928	6.652422189973509e-05
16.00772689857383	6.475865784077898e-05
16.03530287886838	6.303800307306519e-05
16.06287885916293	6.136123190753546e-05
16.09045483945748	5.972731695326745e-05
16.11803081975203	5.813523970541765e-05
16.14560680004658	5.658401621557104e-05
16.17318278034113	5.507270114683379e-05
16.20075876063568	5.360032895429479e-05
16.22833474093023	5.216596468277004e-05
16.25591072122478	5.076871662651608e-05
16.28348670151933	4.940767314275257e-05
16.31106268181388	4.80819602903873e-05
16.33863866210843	4.679073723351162e-05
16.36621464240298	4.553314717033207e-05
16.39379062269753	4.430837086113989e-05
16.42136660299208	4.311559933957988e-05
16.44894258328663	4.195406395753268e-05
16.47651856358118	4.082297899977462e-05
16.50409454387573	3.972159024259132e-05
16.53167052417028	3.864916631935039e-05
16.55924650446483	3.760497809097399e-05
16.58682248475938	3.658831843653023e-05
16.61439846505393	3.559851007878559e-05
16.64197444534848	3.463486656331135e-05
16.66955042564303	3.369672866607465e-05
16.69712640593758	3.278345192126772e-05
16.72470238623213	3.189440412023945e-05
16.75227836652668	3.102898195794358e-05
16.77985434682123	3.018657372401695e-05
16.80743032711578	2.936659154681145e-05
16.83500630741033	2.856846576120576e-05
16.86258228770488	2.779163354583429e-05
16.89015826799943	2.703554681684481e-05
16.91773424829398	2.629967655353546e-05
16.94531022858853	2.55834970694049e-05
16.97288620888308	2.488649433810587e-05
17.00046218917763	2.420817563533099e-05
17.02803816947218	2.354806484887515e-05
17.05561414976673	2.290567679029766e-05
17.08319013006128	2.228055615290052e-05
17.11076611035583	2.167225311476912e-05
17.13834209065038	2.108032412791224e-05
17.16591807094493	2.05043356551184e-05
17.19349405123948	1.994388403165445e-05
17.22107003153403	1.939855318440538e-05
17.24864601182858	1.886794099808629e-05
17.27622199212313	1.835166093635433e-05
17.30379797241768	1.78493481310661e-05
17.33137395271223	1.736062422444377e-05
17.35894993300678	1.688512463967061e-05
17.38652591330133	1.642251091329642e-05
17.41410189359588	1.597243551085285e-05
17.44167787389043	1.553456191336352e-05
17.46925385418498	1.510856845465564e-05
17.49682983447953	1.469414512828589e-05
17.52440581477408	1.429097914574268e-05
17.55198179506863	1.389876250643737e-05
17.57955777536318	1.351721746639922e-05
17.60713375565773	1.31460539084117e-05
17.63470973595228	1.278499069579368e-05
17.66228571624683	1.243375945547802e-05
17.68986169654139	1.209209924081332e-05
17.71743767683594	1.175975113432817e-05
17.74501365713049	1.143646193555068e-05
17.77258963742504	1.112199396276351e-05
17.80016561771959	1.081610786257807e-05
17.82774159801414	1.051856750362778e-05
17.85531757830869	1.022915748619082e-05
17.88289355860324	9.947655523435485e-06
17.91046953889779	9.673846538467813e-06
17.93804551919234	9.407524263836497e-06
17.96562149948689	9.148486411510932e-06
17.99319747978144	8.896536140480178e-06
18.02077346007599	8.651479505290635e-06
18.04834944037054	8.413132873446274e-06
18.07592542066509	8.181313748738329e-06
18.10350140095964	7.955843180242494e-06
18.13107738125419	7.736552484451551e-06
18.15865336154874	7.523273188021331e-06
18.18622934184329	7.315841802601627e-06
18.21380532213784	7.114098522180201e-06
18.24138130243239	6.917890040421688e-06
18.26895728272694	6.727065652347701e-06
18.29653326302149	6.541477673873245e-06
18.32410924331604	6.360985966192487e-06
18.35168522361059	6.185449737713492e-06
18.37926120390514	6.014733471694346e-06
18.40683718419969	5.84870863013273e-06
18.43441316449424	5.687246946784445e-06
18.46198914478879	5.53022252642939e-06
18.48956512508334	5.377514548216108e-06
18.51714110537789	5.229005567473056e-06
18.54471708567244	5.084581453274192e-06
18.57229306596699	4.944130153712633e-06
18.59986904626154	4.80754166118044e-06
18.62744502655609	4.674712405676906e-06
18.65502100685064	4.545538498770403e-06
18.68259698714519	4.419920981195851e-06
18.71017296743974	4.297762017835035e-06
18.73774894773429	4.178967687649504e-06
18.76532492802884	4.06344394191903e-06
18.79290090832339	3.951103933888493e-06
18.82047688861794	3.84185789911569e-06
18.84805286891249	3.735623008672788e-06
18.87562884920704	3.632314604425124e-06
18.90320482950159	3.531854911437179e-06
18.93078080979614	3.434162882765403e-06
18.95835679009069	3.339165848712002e-06
18.98593277038524	3.246787841598251e-06
19.01350875067979	3.156957799636208e-06
19.04108473097434	3.069605199514016e-06
19.06866071126889	2.984662443967029e-06
19.09623669156344	2.902063521411248e-06
19.12381267185799	2.82174369143728e-06
19.15138865215254	2.743639923470443e-06
19.17896463244709	2.667692258411561e-06
19.20654061274164	2.59384019697827e-06
19.23411659303619	2.522026937508302e-06
19.26169257333074	2.452197517620171e-06
19.28926855362529	2.384295493381476e-06
19.31684453391984	2.318268564726886e-06
19.34442051421439	2.254065294699367e-06
19.37199649450894	2.191635782158951e-06
19.39957247480349	2.130930600529613e-06
19.42714845509804	2.071902625226417e-06
19.45472443539259	2.014504963974534e-06
19.48230041568714	1.958693072066874e-06
19.50987639598169	1.904424424167556e-06
19.53745237627624	1.851655434513972e-06
19.56502835657079	1.800344786352102e-06
19.59260433686534	1.750452854186764e-06
19.62018031715989	1.701939796416414e-06
19.64775629745444	1.654767992136433e-06
19.67533227774899	1.608900902782746e-06
19.70290825804354	1.564301981485131e-06
19.73048423833809	1.520936204834347e-06
19.75806021863264	1.478769628137583e-06
19.78563619892719	1.43776978084761e-06
19.81321217922174	1.397903929041386e-06
19.84078815951629	1.359141034025591e-06
19.86836413981084	1.321450311393347e-06
19.89594012010539	1.284802623760529e-06
19.92351610039994	1.249168759320739e-06
19.95109208069449	1.214521373179993e-06
19.97866806098904	1.180832669668944e-06
20.00624404128359	1.148076292852147e-06
20.03382002157814	1.116226111748874e-06
20.06139600187269	1.085258010169893e-06
20.08897198216724	1.055147191966439e-06
20.11654796246179	1.025870033809947e-06
20.14412394275634	9.974033236873457e-07
20.17169992305089	9.697248572946377e-07
20.19927590334544	9.428125876089265e-07
20.22685188363999	9.166459357630228e-07
20.25442786393454	8.912038888278903e-07
20.2820038442291	8.664663476151753e-07
20.30957982452365	8.424139331260184e-07
20.3371558048182	8.190279186540396e-07
20.36473178511275	7.962897856484008e-07
20.3923077654073	7.741813356649878e-07
20.41988374570185	7.526854319667453e-07
20.4474597259964	7.317851730777843e-07
20.47503570629095	7.114639237956671e-07
20.5026116865855	6.91706188216781e-07
20.53018766688005	6.724957753999137e-07
20.5577636471746	6.538175712442264e-07
20.58533962746915	6.356569929021895e-07
20.6129156077637	6.180000646523589e-07
20.64049158805825	6.008325335577448e-07
20.6680675683528	5.841409613751485e-07
20.69564354864735	5.679120552410427e-07
20.7232195289419	5.521328072448778e-07
20.75079550923645	5.36791346502148e-07
20.778371489531	5.218752892303112e-07
20.80594746982555	5.073727958072412e-07
20.8335234501201	4.932725005021898e-07
20.86109943041465	4.795629874132446e-07
20.8886754107092	4.662338382070476e-07
20.91625139100375	4.532745474609052e-07
20.9438273712983	4.406746449279371e-07
20.97140335159285	4.284240811039161e-07
20.9989793318874	4.165132975646353e-07
21.02655531218195	4.049323647968823e-07
21.0541312924765	3.936743408268822e-07
21.08170727277105	3.827278835005309e-07
21.1092832530656	3.720851787368941e-07
21.13685923336015	3.617377466800534e-07
21.1644352136547	3.51677169643372e-07
21.19201119394925	3.418959170059871e-07
21.2195871742438	3.323862886201329e-07
21.24716315453835	3.231406553264246e-07
21.2747391348329	3.141515653041198e-07
21.30231511512745	3.054119535117496e-07
21.329891095422	2.969148126330193e-07
21.35746707571655	2.88653930261396e-07
21.3850430560111	2.806222276184906e-07
21.41261903630565	2.728136293417033e-07
21.4401950166002	2.652214622098404e-07
21.46777099689475	2.578405874529841e-07
21.4953469771893	2.506643194992818e-07
21.52292295748385	2.436875326274892e-07
21.5504989377784	2.36904507473095e-07
21.57807491807295	2.303097867220197e-07
21.6056508983675	2.238983553666137e-07
21.63322687866205	2.176647317797947e-07
21.6608028589566	2.116045555314831e-07
21.68837883925115	2.057126799153482e-07
21.7159548195457	1.999843908680266e-07
21.74353079984025	1.944154636230746e-07
21.7711067801348	1.890010649401298e-07
21.79868276042935	1.837372859383769e-07
21.8262587407239	1.786197199992341e-07
21.85383472101845	1.736441792252342e-07
21.881410701313	1.688073518855728e-07
21.90898668160755	1.641044636146936e-07
21.9365626619021	1.595325325178026e-07
21.96413864219665	1.550876903362399e-07
21.9917146224912	1.507664125702307e-07
22.01929060278575	1.465651989813322e-07
22.0468665830803	1.424807785958906e-07
22.07444256337485	1.385100990526138e-07
22.1020185436694	1.346497408377477e-07
22.12959452396395	1.308966070430438e-07
22.1571705042585	1.272478609878263e-07
22.18474648455305	1.237006805760217e-07
22.2123224648476	1.202521246128113e-07
22.23989844514215	1.168993456687509e-07
22.2674744254367	1.136399119586345e-07
22.29505040573125	1.104712485669706e-07
22.3226263860258	1.073906443708432e-07
22.35020236632035	1.043957575480033e-07
22.3777783466149	1.014842534390701e-07
22.40535432690945	9.865356978213531e-08
22.432930307204	9.59017875659245e-08
22.46050628749855	9.322656923282154e-08
22.4880822677931	9.062575504077235e-08
22.51565824808765	8.809728692586811e-08
22.5432342283822	8.563937139193485e-08
22.57081020867675	8.324979772891481e-08
22.5983861889713	8.092661351239018e-08
22.62596216926585	7.866819400431983e-08
22.6535381495604	7.647262554164509e-08
22.68111412985495	7.433825336637885e-08
22.7086901101495	7.226324189121517e-08
22.73626609044405	7.024599915658781e-08
22.7638420707386	6.828478775394485e-08
22.79141805103315	6.637831626745202e-08
22.8189940313277	6.452499350719036e-08
22.84657001162225	6.27232299834586e-08
22.87414599191681	6.097171837189942e-08
22.90172197221136	5.926894292829523e-08
22.92929795250591	5.761348168398828e-08
22.95687393280046	5.600421549776732e-08
22.98444991309501	5.443981829986045e-08
23.01202589338956	5.291905667063635e-08
23.03960187368411	5.144062261974736e-08
23.06717785397866	5.000344430389273e-08
23.09475383427321	4.860605384304326e-08
23.12232981456776	4.724781123076467e-08
23.14990579486231	4.592742983756978e-08
23.17748177515686	4.464383519413686e-08
23.20505775545141	4.339606012099818e-08
23.23263373574596	4.218284581674888e-08
23.26020971604051	4.100362671158846e-08
23.28778569633506	3.985728672394898e-08
23.31536167662961	3.87429865539424e-08
23.34293765692416	3.765969088334319e-08
23.37051363721871	3.660651052656396e-08
23.39808961751326	3.558264092236314e-08
23.42566559780781	3.458682447165852e-08
23.45324157810236	3.362008334454924e-08
23.48081755839691	3.267963602120493e-08
23.50839353869146	3.176539072942498e-08
23.53596951898601	3.087660704854508e-08
23.56354549928056	3.001268679591109e-08
23.59112147957511	2.917288623072966e-08
23.61869745986966	2.835651080154364e-08
23.64627344016421	2.756274179100646e-08
23.67384942045876	2.67913042757114e-08
23.70142540075331	2.604134798548485e-08
23.72900138104786	2.53124049206105e-08
23.75657736134241	2.460393344990334e-08
23.78415334163696	2.39148853269093e-08
23.81172932193151	2.32450811306181e-08
23.83930530222606	2.259418646056222e-08
23.86688128252061	2.196144946568236e-08
23.89445726281516	2.134630553693544e-08
23.92203324310971	2.07483501026453e-08
23.94960922340426	2.016703568253153e-08
23.97718520369881	1.960207082128997e-08
24.00476118399336	1.905282354653351e-08
24.03233716428791	1.851895610549147e-08
24.05991314458246	1.799986524273702e-08
24.08748912487701	1.749542233677405e-08
24.11506510517156	1.700501276500564e-08
24.14264108546611	1.652833066952159e-08
24.17021706576066	1.606498653823317e-08
24.19779304605521	1.561444867029867e-08
24.22536902634976	1.517666961243943e-08
24.25294500664431	1.475102811144945e-08
24.28052098693886	1.433735518886194e-08
24.30809696723341	1.393514577235784e-08
24.33567294752796	1.354426851993598e-08
24.36324892782251	1.316429570782036e-08
24.39082490811706	1.279495184095665e-08
24.41840088841161	1.24358335610751e-08
24.44597686870616	1.208687002219312e-08
24.47355284900071	1.174765005206297e-08
24.50112882929526	1.14179078222264e-08
24.52870480958981	1.109729921111544e-08
24.55628078988436	1.078576535842662e-08
24.58385677017891	1.048293938123433e-08
24.61143275047346	1.018858033323945e-08
24.63900873076801	9.902421139337597e-09
24.66658471106256	9.62428735367911e-09
24.69416069135711	9.353955240788931e-09
24.72173667165166	9.091184595531641e-09
24.74931265194621	8.835668161142131e-09
24.77688863224076	8.587401060834538e-09
24.80446461253531	8.346082956762757e-09
24.83204059282986	8.111518610682211e-09
24.85961657312441	7.883426649008384e-09
24.88719255341896	7.66181512306954e-09
24.91476853371351	7.446407459122579e-09
24.94234451400806	7.237038736800151e-09
24.96992049430261	7.033461078785423e-09
24.99749647459716	6.835649330271021e-09
25.02507245489171	6.643349264304409e-09
25.05264843518626	6.456402386620856e-09
25.08022441548081	6.274737827123252e-09
25.10780039577536	6.098176282570215e-09
25.13537637606991	5.926589234886397e-09
25.16295235636446	5.759686787071047e-09
25.19052833665901	5.597537913645265e-09
25.21810431695356	5.439966795948947e-09
25.24568029724811	5.286714457041035e-09
25.27325627754266	5.137836050994692e-09
25.30083225783721	4.993146570139823e-09
25.32840823813176	4.85237526664011e-09
25.35598421842631	4.715673879366086e-09
25.38356019872086	4.58278463283714e-09
25.41113617901541	4.453508803616164e-09
25.43871215930996	4.327998760321699e-09
25.46628813960452	4.205990372483712e-09
25.49386411989907	4.087338089432185e-09
25.52144010019362	3.972109712135369e-09
25.54901608048817	3.860110338124557e-09
25.57659206078272	3.751258243848257e-09
25.60416804107727	3.64536835663397e-09
25.63174402137182	3.542590114499165e-09
25.65932000166637	3.44268633846623e-09
25.68689598196092	3.345578596118265e-09
25.71447196225547	3.251257631966533e-09
25.74204794255002	3.159562567906434e-09
25.76962392284457	3.070437573379347e-09
25.79719990313912	2.983839444218684e-09
25.82477588343367	2.899666769075557e-09
25.85235186372822	2.817858818254442e-09
25.87992784402277	2.738359087376791e-09
25.90750382431732	2.661081346840574e-09
25.93507980461187	2.585973282782717e-09
25.96265578490642	2.512965597280703e-09
25.99023176520097	2.442017121783431e-09
26.01780774549552	2.373059993747786e-09
26.04538372579007	2.306029764504027e-09
26.07295970608462	2.240890992048678e-09
26.10053568637917	2.177584829331691e-09
26.12811166667372	2.11604999931583e-09
26.15568764696827	2.056246443147563e-09
26.18326362726282	1.998127524523743e-09
26.21083960755737	1.941632842691362e-09
26.23841558785192	1.886734438532766e-09
26.26599156814647	1.833375043014922e-09
26.29356754844102	1.781522000582876e-09
26.32114352873557	1.731129770583218e-09
26.34871950903012	1.682148542072818e-09
26.37629548932467	1.634551814364763e-09
26.40387146961922	1.58829564014872e-09
26.43144744991377	1.543333886905122e-09
26.45902343020832	1.499645894088379e-09
26.48659941050287	1.457173377899157e-09
26.51417539079742	1.415929415351164e-09
26.54175137109197	1.37582964932259e-09
26.56932735138652	1.336862933682181e-09
26.59690333168107	1.298991299106542e-09
26.62447931197562	1.262185321174539e-09
26.65205529227017	1.226418293496704e-09
26.67963127256472	1.191657645286661e-09
26.70720725285927	1.157877171236631e-09
26.73478323315382	1.125046780661756e-09
26.76235921344837	1.093139866083974e-09
26.78993519374292	1.062132433691335e-09
26.81751117403747	1.031998629973513e-09
26.84508715433202	1.002712823762819e-09
26.87266313462657	9.742550993949163e-10
26.90023911492112	9.465940942776235e-10
26.92781509521567	9.197153019218951e-10
26.95539107551022	8.93593553595743e-10
26.98296705580477	8.682086742619787e-10
27.01054303609932	8.435388894279887e-10
27.03811901639387	8.195652144998167e-10
27.06569499668842	7.962673316386895e-10
27.09327097698297	7.736266079873807e-10
27.12084695727752	7.516237916496435e-10
27.14842293757207	7.302419770708713e-10
27.17599891786662	7.094633782752002e-10
27.20357489816117	6.892710070540081e-10
27.23115087845572	6.696476923773674e-10
27.25872685875027	6.505784852866944e-10
27.28630283904482	6.320474218808261e-10
27.31387881933937	6.140404376490775e-10
27.34145479963392	5.965393741171128e-10
27.36903077992847	5.795336616997619e-10
27.39660676022302	5.630080285152701e-10
27.42418274051757	5.469485380283724e-10
27.45175872081212	5.313429967851099e-10
27.47933470110667	5.161780492674627e-10
27.50691068140122	5.014418331741854e-10
27.53448666169577	4.871206202537098e-10
27.56206264199032	4.732047063119569e-10
27.58963862228487	4.596822333150653e-10
27.61721460257942	4.465411918574553e-10
27.64479058287397	4.337719760048416e-10
27.67236656316852	4.213635871104292e-10
27.69994254346307	4.093055840360765e-10
27.72751852375762	3.975888860331993e-10
27.75509450405217	3.86203156405037e-10
27.78267048434672	3.75139082241375e-10
27.81024646464127	3.643889004048257e-10
27.83782244493582	3.539415254717001e-10
27.86539842523037	3.437897405073388e-10
27.89297440552492	3.339257365681815e-10
27.92055038581947	3.243406017490247e-10
27.94812636611402	3.150263750530791e-10
27.97570234640857	3.059760013778693e-10
28.00327832670312	2.971818134184664e-10
28.03085430699767	2.886360645762022e-10
28.05843028729223	2.803325075107526e-10
28.08600626758678	2.722698142836596e-10
28.11358224788133	2.64423762596299e-10
28.14115822817588	2.568057832085808e-10
28.16873420847043	2.494032747484639e-10
28.19631018876498	2.422106635945201e-10
28.22388616905953	2.352225432838919e-10
28.25146214935408	2.284305181258697e-10
28.27903812964863	2.218320492745281e-10
28.30661410994318	2.154201608721847e-10
28.33419009023773	2.091903374627938e-10
28.36176607053228	2.031367048305424e-10
28.38934205082683	1.972551172662656e-10
28.41691803112138	1.915412126398643e-10
28.44449401141593	1.859869352840851e-10
28.47206999171048	1.805916486628993e-10
28.49964597200503	1.753487271725757e-10
28.52722195229958	1.702550265201778e-10
28.55479793259413	1.653054533570807e-10
28.58237391288868	1.604966495300092e-10
28.60994989318323	1.558238676362121e-10
28.63752587347778	1.512840785595038e-10
28.66510185377233	1.468727494282682e-10
28.69267783406688	1.42586978312351e-10
28.72025381436143	1.384226103499218e-10
28.74782979465598	1.34376900191043e-10
28.77540577495053	1.304453753741373e-10
28.80298175524508	1.266154845090272e-10
28.83055773553963	1.229147577502931e-10
28.85813371583418	1.193089939135997e-10
28.88570969612873	1.158059656663347e-10
28.91328567642328	1.124020710026901e-10
28.94086165671783	1.090954221347916e-10
28.96843763701238	1.058821173207307e-10
28.99601361730693	1.027603335866279e-10
29.02358959760148	9.9727631801061e-11
29.05116557789603	9.678070864023323e-11
29.07874155819058	9.391739116560609e-11
29.10631753848513	9.113625817686492e-11
29.13389351877968	8.843377915801458e-11
29.16146949907423	8.58079292224928e-11
29.18904547936878	8.325740067681238e-11
29.21662145966333	8.077895612602068e-11
29.24419743995788	7.837113342317171e-11
29.27177342025243	7.603609369692195e-11
29.29934940054698	7.375917839049413e-11
29.32692538084153	7.155121072816244e-11
29.35450136113608	6.940608711790138e-11
29.38207734143063	6.732202730433074e-11
29.40965332172518	6.529732354332313e-11
29.43722930201973	6.333027626292766e-11
29.46480528231428	6.141921056045005e-11
29.49238126260883	5.95626827430679e-11
29.51995724290338	5.775901382244287e-11
29.54753322319793	5.600677327525998e-11
29.57510920349248	5.430439149163322e-11
29.60268518378703	5.265059102477975e-11
29.63026116408158	5.10439302625405e-11
29.65783714437613	4.948304995963853e-11
29.68541312467068	4.796669927496605e-11
29.71298910496523	4.649362347747274e-11
29.74056508525978	4.506248279480979e-11
29.76814106555433	4.367223866940762e-11
29.79571704584888	4.232159080988528e-11
29.82329302614343	4.100957191210971e-11
29.85086900643798	3.973496520391292e-11
29.87844498673253	3.849672417881056e-11
29.90602096702708	3.72938421266158e-11
29.93359694732163	3.612526168805065e-11
29.96117292761618	3.499011848632829e-11
29.98874890791073	3.388738269468259e-11
30.01632488820528	3.281610837842901e-11
30.04390086849983	3.177545804198172e-11
30.07147684879438	3.076453033411164e-11
30.09905282908893	2.978250825599478e-11
30.12662880938348	2.88285291979739e-11
30.15420478967803	2.790184326479654e-11
30.18178076997258	2.700162421934492e-11
30.20935675026713	2.612716868949087e-11
30.23693273056168	2.527769320591705e-11
30.26450871085623	2.445243963551582e-11
30.29208469115078	2.365096309118035e-11
30.31966067144533	2.287231775271524e-11
30.34723665173988	2.211598203354774e-11
30.37481263203443	2.138126725997483e-11
30.40238861232898	2.066757327501212e-11
30.42996459262353	1.997434605159888e-11
30.45754057291808	1.930093218921545e-11
30.48511655321263	1.864680687444092e-11
30.51269253350718	1.800781159727488e-11
30.54026851380173	1.739423686178883e-11
30.56784449409628	1.679472212186654e-11
30.59542047439083	1.62123906826924e-11
30.62299645468539	1.564674154538846e-11
30.65057243497994	1.509730223888584e-11
30.67814841527449	1.45636059603109e-11
30.70572439556904	1.404546532361563e-11
30.73330037586359	1.354179598314492e-11
30.76087635615814	1.305277685501981e-11
30.78845233645269	1.257755665062965e-11
30.81602831674724	1.211615490205046e-11
30.84360429704179	1.166797841409188e-11
30.87118027733634	1.123265456806507e-11
30.89875625763089	1.080982585955502e-11
30.92633223792544	1.03963873469363e-11
30.95390821821999	1.000022199850385e-11
30.98148419851454	9.61278325978645e-12
31.00906017880909	9.236444186370079e-12
31.03663615910364	8.870944587354433e-12
31.06421213939819	8.51591922989975e-12
31.09178811969274	8.171058542027764e-12
31.11936409998729	7.836205919549452e-12
31.14694008028184	7.510923438815974e-12
31.17451606057639	7.194993791280454e-12
31.20209204087094	6.888144361294362e-12
31.22966802116549	6.590116806143985e-12
31.25724400146004	6.300667835592362e-12
31.28481998175459	6.019541569725912e-12
31.31239596204914	5.746502006943006e-12
31.33997194234369	5.481318988906542e-12
31.36754792263824	5.223767193045733e-12
31.39512390293279	4.973627764126573e-12
31.42269988322734	4.730690020408019e-12
31.45027586352189	4.494747398043485e-12
31.47785184381644	4.26559904115401e-12
31.50542782411099	4.043050360389465e-12
31.53300380440554	3.826912320877453e-12
31.56057978470009	3.617001285211995e-12
31.58815576499464	3.413138860200013e-12
31.61573174528919	3.215151747398161e-12
31.64330772558374	3.022871597436659e-12
31.67088370587829	2.836134868097288e-12
31.69845968617284	2.654782686100087e-12
31.72603566646739	2.478660712548321e-12
31.75361164676194	2.307619011968565e-12
31.78118762705649	2.141511924885493e-12
31.80876360735104	1.980197943863732e-12
31.83633958764559	1.823539592948511e-12
31.86391556794014	1.671403310435206e-12
31.89149154823469	1.523659334896992e-12
31.91906752852924	1.380181594398596e-12
31.94664350882379	1.240847598823999e-12
31.97421948911834	1.105538335247012e-12
32.00179546941289	9.741381662713098e-13
32.02937144970744	8.465347312688477e-13
32.05694743000199	7.226188504466432e-13
32.08452341029654	6.02284431668778e-13
32.11209939059109	4.854283799671256e-13
32.13967537088564	3.719505096694717e-13
32.16725135118019	2.617534590784547e-13
32.19482733147474	1.547426076345784e-13
32.22240331176929	5.08259954972877e-14
0
1000	105.6583745	100000000000000.1
5	0	0	1
5	0	0	0
4.673998997513734	-5.800045551150631e-06
4.701574977808284	-5.154904232774132e-06
4.729150958102834	-5.421798401678887e-06
4.756726938397384	-5.747803996972589e-06
4.784302918691934	-6.028540920049879e-06
4.811878898986484	-6.246105684202218e-06
4.839454879281035	-6.40282615238491e-06
4.867030859575585	-6.506299825883156e-06
4.894606839870135	-6.564925328101316e-06
4.922182820164685	-6.586466615616579e-06
4.949758800459235	-6.577651199571803e-06
4.977334780753785	-6.54414281990698e-06
5.004910761048335	-6.490644336996182e-06
5.032486741342885	-6.421035528221944e-06
5.060062721637435	-6.338508782815148e-06
5.087638701931986	-6.245689611047285e-06
5.115214682226536	-6.144738798744826e-06
5.142790662521086	-6.037436998683188e-06
5.170366642815636	-5.925253936361789e-06
5.197942623110186	-5.809404693377633e-06
5.225518603404736	-5.690895373600961e-06
5.253094583699286	-5.570560148173217e-06
5.280670563993836	-5.449091342041698e-06
5.308246544288386	-5.327063918509598e-06
5.335822524582936	-5.204955455895302e-06
5.363398504877487	-5.083162493622734e-06
5.390974485172037	-4.962013949784245e-06
5.418550465466587	-4.841782172860095e-06
5.446126445761137	-4.722692082716252e-06
5.473702426055687	-4.6049287830869e-06
5.501278406350237	-4.491310031252049e-06
5.528854386644787	-4.376215230507995e-06
5.556430366939337	-4.262668315678372e-06
5.584006347233887	-4.150800863730364e-06
5.611582327528438	-4.040725217043502e-06
5.639158307822988	-3.932536112152359e-06
5.666734288117538	-3.826312248013574e-06
5.694310268412088	-3.722117777589246e-06
5.721886248706638	-3.620003712985741e-06
5.749462229001188	-3.520009239064888e-06
5.777038209295738	-3.422135806764949e-06
5.804614189590288	-3.326461564195302e-06
5.832190169884838	-3.232966559916908e-06
5.859766150179389	-3.141653228775856e-06
5.887342130473939	-3.052517316949502e-06
5.914918110768489	-2.965548421470708e-06
5.942494091063039	-2.880729126096069e-06
5.970070071357589	-2.797986739956034e-06
5.997646051652139	-2.71751075380434e-06
6.025222031946689	-2.639016657773213e-06
6.052798012241239	-2.562591325600698e-06
6.080373992535789	-2.488185177510703e-06
6.107949972830339	-2.415769260482105e-06
6.13552595312489	-2.34530434501656e-06
6.16310193341944	-2.276762022532073e-06
6.19067791371399	-2.210099901704418e-06
6.21825389400854	-2.145280605570743e-06
6.24582987430309	-2.082265377035447e-06
6.27340585459764	-2.021014940791521e-06
6.30098183489219	-1.961489718184298e-06
6.32855781518674	-1.903650945854647e-06
6.35613379548129	-1.847456511260393e-06
6.383709775775841	-1.79286804585879e-06
6.411285756070391	-1.739846137244701e-06
6.438861736364941	-1.688351658735217e-06
6.466437716659491	-1.638345842342555e-06
6.494013696954041	-1.589790339838201e-06
6.521589677248591	-1.542647271370058e-06
6.549165657543141	-1.496879259417315e-06
6.576741637837691	-1.452449442069781e-06
6.604317618132241	-1.409276772816736e-06
6.631893598426791	-1.367410503206317e-06
6.659469578721342	-1.326777054985078e-06
6.687045559015892	-1.287342323496595e-06
6.714621539310442	-1.249072904506552e-06
6.742197519604992	-1.211936105644295e-06
6.769773499899542	-1.175899954360815e-06
6.797349480194092	-1.140933202816106e-06
6.824925460488642	-1.107005330063131e-06
6.852501440783192	-1.074086541856087e-06
6.880077421077742	-1.042147162869455e-06
6.907653401372293	-1.011160144615106e-06
6.935229381666843	-9.81097192067168e-07
6.962805361961393	-9.519313660901534e-07
6.990381342255943	-9.236364271058309e-07
7.017957322550493	-8.961868261072955e-07
7.045533302845043	-8.695576947311419e-07
7.073109283139593	-8.437248345355792e-07
7.100685263434143	-8.186647056160494e-07
7.128261243728693	-7.943544146752853e-07
7.155837224023244	-7.707714103517253e-07
7.183413204317794	-7.478946816821965e-07
7.210989184612344	-7.257028831775125e-07
7.238565164906894	-7.041755755249308e-07
7.266141145201444	-6.83292901411628e-07
7.293717125495994	-6.630355722854241e-07
7.321293105790544	-6.433848550492393e-07
7.348869086085094	-6.243225587390062e-07
7.376445066379644	-6.058310212282177e-07
7.404021046674194	-5.878930959964512e-07
7.431597026968745	-5.704919461115362e-07
7.459173007263295	-5.536118194790957e-07
7.486748987557845	-5.37236843841789e-07
7.514324967852395	-5.213518045488754e-07
7.541900948146945	-5.059419383877494e-07
7.569476928441495	-4.909929213499505e-07
7.597052908736045	-4.764908565976144e-07
7.624628889030595	-4.624222626424952e-07
7.652204869325145	-4.487740617474061e-07
7.679780849619696	-4.35533568557921e-07
7.707356829914246	-4.226884237438156e-07
7.734932810208796	-4.102268099315515e-07
7.762508790503346	-3.98137096145268e-07
7.790084770797896	-3.864080570362976e-07
7.817660751092446	-3.750288062766283e-07
7.845236731386996	-3.639887866533496e-07
7.872812711681546	-3.532777604030574e-07
7.900388691976096	-3.428857997846861e-07
7.927964672270646	-3.328032778883506e-07
7.955540652565197	-3.230208596769245e-07
7.983116632859747	-3.135301775663012e-07
8.010692613154298	-3.043209133301786e-07
8.038268593448848	-2.953854314787197e-07
8.065844573743398	-2.867154681620094e-07
8.093420554037948	-2.783030172622981e-07
8.120996534332498	-2.701403188242662e-07
8.148572514627048	-2.622198502195956e-07
8.176148494921598	-2.545343183668952e-07
8.203724475216148	-2.470766524889573e-07
8.231300455510699	-2.398399972169474e-07
8.258876435805249	-2.328177794861214e-07
8.286452416099799	-2.260033976844052e-07
8.314028396394349	-2.193906832887239e-07
8.341604376688899	-2.129735795691708e-07
8.369180356983449	-2.067462141810487e-07
8.396756337277999	-2.00702893535309e-07
8.424332317572549	-1.948380973362547e-07
8.451908297867099	-1.891464732821269e-07
8.47948427816165	-1.836228319242392e-07
8.5070602584562	-1.782621416803829e-07
8.53463623875075	-1.730591766280309e-07
8.5622122190453	-1.680099966968552e-07
8.58978819933985	-1.631095590842499e-07
8.6173641796344	-1.583534218457671e-07
8.64494015992895	-1.537372745759274e-07
8.6725161402235	-1.492569362980901e-07
8.70009212051805	-1.44908352215078e-07
8.7276681008126	-1.406875901504497e-07
8.755244081107151	-1.365908369367951e-07
8.782820061401701	-1.32614394842837e-07
8.810396041696251	-1.287546293490703e-07
8.837972021990801	-1.250081679914112e-07
8.865548002285351	-1.213715853551214e-07
8.893123982579901	-1.178416105173278e-07
8.920699962874451	-1.144150714515602e-07
8.948275943169001	-1.110888920032146e-07
8.975851923463551	-1.078600889568042e-07
9.003427903758102	-1.047257691924495e-07
9.031003884052652	-1.016831269290967e-07
9.058579864347202	-9.872944105199784e-08
9.086155844641752	-9.586204621796857e-08
9.113731824936302	-9.30784393929573e-08
9.141307805230852	-9.037610966970104e-08
9.168883785525402	-8.775264896493137e-08
9.196459765819952	-8.520572168328664e-08
9.224035746114502	-8.273306251397827e-08
9.251611726409052	-8.033247429239514e-08
9.279187706703603	-7.800182592524833e-08
9.306763686998153	-7.57390503777955e-08
9.334339667292703	-7.354214272164012e-08
9.361915647587253	-7.140901451468651e-08
9.389491627881803	-6.933810553196121e-08
9.417067608176353	-6.73274000910431e-08
9.444643588470903	-6.537512295442735e-08
9.472219568765453	-6.347955216568488e-08
9.499795549060003	-6.163901742869152e-08
9.527371529354554	-5.985189852952288e-08
9.554947509649104	-5.811662380457273e-08
9.582523489943654	-5.643166865535968e-08
9.610099470238204	-5.479555410936157e-08
9.637675450532754	-5.320682558317008e-08
9.665251430827304	-5.166413380705099e-08
9.692827411121854	-5.016610687467218e-08
9.720403391416404	-4.8711434481114e-08
9.747979371710954	-4.729884540697588e-08
9.775555352005505	-4.592710632639169e-08
9.803131332300055	-4.459502065197853e-08
9.830707312594605	-4.330142741540473e-08
9.858283292889155	-4.204520018227319e-08
9.885859273183705	-4.082524600001226e-08
9.913435253478255	-3.964052715154709e-08
9.941011233772805	-3.848996755076123e-08
9.968587214067355	-3.737259090840143e-08
9.996163194361905	-3.628742831280476e-08
10.02373917465646	-3.523353960859936e-08
10.05131515495101	-3.421001252677417e-08
10.07889113524556	-3.32159618417168e-08
10.10646711554011	-3.225052855434813e-08
10.13404309583466	-3.131287910051051e-08
10.16161907612921	-3.040220458379394e-08
10.18919505642376	-2.951772857214167e-08
10.21677103671831	-2.865867137706629e-08
10.24434701701286	-2.782430242509485e-08
10.27192299730741	-2.701390437129594e-08
10.29949897760196	-2.622678107321627e-08
10.32707495789651	-2.54622569534341e-08
10.35465093819106	-2.471967638178267e-08
10.38222691848561	-2.399840307661562e-08
10.40980289878016	-2.329781952450736e-08
10.43737887907471	-2.261732641780166e-08
10.46495485936926	-2.195634668969481e-08
10.49253083966381	-2.131430616034177e-08
10.52010681995836	-2.069066167057882e-08
10.54768280025291	-2.008488151049427e-08
10.57525878054746	-1.949644962550904e-08
10.60283476084201	-1.892486514794165e-08
10.63041074113656	-1.836964194296542e-08
10.65798672143111	-1.783030816849949e-08
10.68556270172566	-1.730640584859031e-08
10.71313868202021	-1.679749045985505e-08
10.74071466231476	-1.630313465594039e-08
10.76829064260931	-1.582291088522795e-08
10.79586662290386	-1.535641694420344e-08
10.82344260319841	-1.490325829489946e-08
10.85101858349296	-1.44630519752952e-08
10.87859456378751	-1.403542625371098e-08
10.90617054408206	-1.362002029384549e-08
10.93374652437661	-1.321648383011058e-08
10.96132250467116	-1.282447685293036e-08
10.98889848496571	-1.244366930368299e-08
11.01647446526026	-1.207374129731565e-08
11.04405044555481	-1.171438067419094e-08
11.07162642584936	-1.136528606976904e-08
11.09920240614391	-1.102616437457684e-08
11.12677838643846	-1.069673103824191e-08
11.15435436673301	-1.037670981543127e-08
11.18193034702756	-1.006583251953976e-08
11.20950632732211	-9.763838783874642e-09
11.23708230761666	-9.470475830091334e-09
11.26465828791121	-9.185498243643157e-09
11.29223426820576	-8.908666796233119e-09
11.31981024850031	-8.639752194100406e-09
11.34738622879486	-8.3785288211009e-09
11.37496220908941	-8.124778588002449e-09
11.40253818938396	-7.878289741928388e-09
11.43011416967851	-7.638856680032759e-09
11.45769014997306	-7.406279768714276e-09
11.48526613026761	-7.180365168193732e-09
11.51284211056216	-6.960924662285555e-09
11.54041809085671	-6.747775493200004e-09
11.56799407115126	-6.540739794182269e-09
11.59557005144581	-6.339646092991753e-09
11.62314603174036	-6.144326662521578e-09
11.65072201203491	-5.954619019362506e-09
11.67829799232946	-5.770365380458705e-09
11.70587397262401	-5.591412524879259e-09
11.73344995291856	-5.417611659633592e-09
11.76102593321311	-5.248818289404809e-09
11.78860191350766	-5.084892090079094e-09
11.81617789380221	-4.925696785953313e-09
11.84375387409676	-4.771099641629628e-09
11.87132985439131	-4.620972931828706e-09
11.89890583468586	-4.475191440361437e-09
11.92648181498041	-4.333633924423149e-09
11.95405779527496	-4.196182624924822e-09
11.98163377556951	-4.062723163458664e-09
12.00920975586406	-3.933144442236578e-09
12.03678573615861	-3.80733854691061e-09
12.06436171645316	-3.685200652187741e-09
12.09193769674771	-3.566628930154419e-09
12.11951367704226	-3.451523990383112e-09
12.14708965733681	-3.339790717851069e-09
12.17466563763136	-3.231335281080358e-09
12.20224161792591	-3.126066972331449e-09
12.22981759822046	-3.023897658613894e-09
12.25739357851501	-2.924741704669387e-09
12.28496955880956	-2.828515898161254e-09
12.31254553910411	-2.735139377006801e-09
12.34012151939866	-2.64453355879136e-09
12.36769749969321	-2.55662207220522e-09
12.39527347998776	-2.471330315939825e-09
12.42284946028231	-2.388586928685569e-09
12.45042544057686	-2.30832139983858e-09
12.47800142087141	-2.230465551238539e-09
12.50557740116597	-2.154953099980051e-09
12.53315338146052	-2.081719600974345e-09
12.56072936175507	-2.010702391188293e-09
12.58830534204962	-1.941840535517707e-09
12.61588132234417	-1.875074774253543e-09
12.64345730263872	-1.810347472101236e-09
12.67103328293327	-1.747603127393042e-09
12.69860926322782	-1.686785953394099e-09
12.72618524352237	-1.627843590329136e-09
12.75376122381692	-1.570724431701566e-09
12.78133720411147	-1.515378259008831e-09
12.80891318440602	-1.461756200031846e-09
12.83648916470057	-1.4098106881935e-09
12.86406514499512	-1.359495423062674e-09
12.89164112528967	-1.310765332031761e-09
12.91921710558422	-1.263576533171453e-09
12.94679308587877	-1.217887255519139e-09
12.97436906617332	-1.173653881337207e-09
13.00194504646787	-1.130836868017702e-09
13.02952102676242	-1.089396758907596e-09
13.05709700705697	-1.049295122622247e-09
13.08467298735152	-1.010494522416361e-09
13.11224896764607	-9.729584866282718e-10
13.13982494794062	-9.366514801855439e-10
13.16740092823517	-9.015388771682721e-10
13.19497690852972	-8.675869344415135e-10
13.22255288882427	-8.347586593094425e-10
13.25012886911882	-8.030307525524365e-10
13.27770484941337	-7.723676224394914e-10
13.30528082970792	-7.427387290910709e-10
13.33285681000247	-7.141142808874666e-10
13.36043279029702	-6.864652154890139e-10
13.38800877059157	-6.597631815514793e-10
13.41558475088612	-6.339805211101453e-10
13.44316073118067	-6.090902526073368e-10
13.47073671147522	-5.850660545390654e-10
13.49831269176977	-5.618862007979973e-10
13.52588867206432	-5.395173052041854e-10
13.55346465235887	-5.179390199737285e-10
13.58104063265342	-4.971275657384781e-10
13.60861661294797	-4.770597615111947e-10
13.63619259324252	-4.577130098772362e-10
13.66376857353707	-4.390652827528563e-10
13.69134455383162	-4.210951076851858e-10
13.71892053412617	-4.037815546689476e-10
13.74649651442072	-3.871042234549275e-10
13.77407249471527	-3.710401409498335e-10
13.80164847500982	-3.555764511768491e-10
13.82922445530437	-3.406910772309038e-10
13.85680043559892	-3.263655774474408e-10
13.88437641589347	-3.125819735454794e-10
13.91195239618802	-2.993227417548383e-10
13.93952837648257	-2.86570804217425e-10
13.96710435677712	-2.743095206418309e-10
13.99468033707167	-2.625226801912794e-10
14.02225631736622	-2.511944935857896e-10
14.04983229766077	-2.403099143623995e-10
14.07740827795532	-2.29853277185807e-10
14.10498425824987	-2.198103549836059e-10
14.13256023854442	-2.101669743094207e-10
14.16013621883897	-2.009093472068555e-10
14.18771219913352	-1.920240640739192e-10
14.21528817942807	-1.834980866477611e-10
14.24286415972262	-1.753187410976261e-10
14.27044014001717	-1.674737112149054e-10
14.29801612031172	-1.599510316901179e-10
14.32559210060627	-1.52739175719023e-10
14.35316808090082	-1.458266520291683e-10
14.38074406119537	-1.39202619290665e-10
14.40832004148992	-1.328564524355708e-10
14.43589602178447	-1.267778441793105e-10
14.46347200207902	-1.209567986703606e-10
14.49104798237357	-1.153836251946195e-10
14.51862396266812	-1.100489319266332e-10
14.54619994296267	-1.04943619721878e-10
14.57377592325722	-1.000588759459171e-10
14.60135190355177	-9.538605704114306e-11
14.62892788384632	-9.091714133479033e-11
14.65650386414087	-8.664402183765948e-11
14.68407984443542	-8.255896912892418e-11
14.71165582472997	-7.865450972676769e-11
14.73923180502452	-7.492342016754858e-11
14.76680778531907	-7.135872111119075e-11
14.79438376561362	-6.795367147537198e-11
14.82195974590817	-6.470176260129823e-11
14.84953572620272	-6.159671245399917e-11
14.87711170649727	-5.863247539769843e-11
14.90468768679182	-5.580317508261592e-11
14.93226366708637	-5.310318762136246e-11
14.95983964738092	-5.052707984174339e-11
14.98741562767547	-4.80696169629631e-11
15.01499160797002	-4.572575710530418e-11
15.04256758826457	-4.349064585794238e-11
15.07014356855912	-4.135961090879e-11
15.09771954885368	-3.932815674014333e-11
15.12529552914823	-3.739195939377115e-11
15.15287150944278	-3.554682455959899e-11
15.18044748973733	-3.378883418065835e-11
15.20802347003188	-3.211410939235569e-11
15.23559945032643	-3.051896100761192e-11
15.26317543062098	-2.899984632476039e-11
15.29075141091553	-2.755336439742573e-11
15.31832739121008	-2.617625139099728e-11
15.34590337150463	-2.486537602802164e-11
15.37347935179918	-2.361773512458994e-11
15.40105533209373	-2.243044921954538e-11
15.42863131238828	-2.130073443488065e-11
15.45620729268283	-2.022599684250535e-11
15.48378327297738	-1.920367753317943e-11
15.51135925327193	-1.823134972237757e-11
15.53893523356648	-1.730668990101128e-11
15.56651121386103	-1.642747406049161e-11
15.59408719415558	-1.559157401456974e-11
15.62166317445013	-1.479695381819092e-11
15.64923915474468	-1.404166628338806e-11
15.67681513503923	-1.332384959204189e-11
15.70439111533378	-1.264171001914831e-11
15.73196709562833	-1.199357650822172e-11
15.75954307592288	-1.13778091182006e-11
15.78711905621743	-1.079285531525258e-11
15.81469503651198	-1.023723241575228e-11
15.84227101680653	-9.709524775095278e-12
15.86984699710108	-9.20838106622972e-12
15.89742297739563	-8.732511646696369e-12
15.92499895769018	-8.280686012856301e-12
15.95257493798473	-7.851730339884975e-12
15.98015091827928	-7.444515579127431e-12
16.00772689857383	-7.057994535889393e-12
16.03530287886838	-6.691139338048587e-12
16.06287885916293	-6.342979767647817e-12
16.09045483945748	-6.012591206104735e-12
16.11803081975203	-5.699092660261135e-12
16.14560680004658	-5.401644861327806e-12
16.17318278034113	-5.119448434967465e-12
16.20075876063568	-4.851742140727045e-12
16.22833474093023	-4.59780117900699e-12
16.25591072122478	-4.356930391054611e-12
16.28348670151933	-4.128484070934656e-12
16.31106268181388	-3.91183171749926e-12
16.33863866210843	-3.706378559280891e-12
16.36621464240298	-3.511558743554215e-12
16.39379062269753	-3.3268340129728e-12
16.42136660299208	-3.151692436401287e-12
16.44894258328663	-2.985647192215423e-12
16.47651856358118	-2.828235402357959e-12
16.50409454387573	-2.679017015457643e-12
16.53167052417028	-2.537570146839018e-12
16.55924650446483	-2.403504899438585e-12
16.58682248475938	-2.276439628286841e-12
16.61439846505393	-2.156015278579027e-12
16.64197444534848	-2.04189071287081e-12
16.66955042564303	-1.933741856568665e-12
16.69712640593758	-1.831260881017148e-12
16.72470238623213	-1.734155422781987e-12
16.75227836652668	-1.642147837759248e-12
16.77985434682123	-1.554974488773464e-12
16.80743032711578	-1.472383148459555e-12
16.83500630741033	-1.394140274120183e-12
16.86258228770488	-1.320018243023433e-12
16.89015826799943	-1.249802912229452e-12
16.91773424829398	-1.183291039758286e-12
16.94531022858853	-1.120289748074515e-12
16.97288620888308	-1.060616012470018e-12
17.00046218917763	-1.004096173313799e-12
17.02803816947218	-9.505654711700678e-13
17.05561414976673	-8.998676038179231e-13
17.08319013006128	-8.518530090834943e-13
17.11076611035583	-8.063838188591535e-13
17.13834209065038	-7.63325263548488e-13
17.16591807094493	-7.225508224484403e-13
17.19349405123948	-6.839405129912382e-13
17.22107003153403	-6.473805613948295e-13
17.24864601182858	-6.127630891820258e-13
17.27622199212313	-5.799858148653649e-13
17.30379797241768	-5.489517701205032e-13
17.33137395271223	-5.195690297962939e-13
17.35894993300678	-4.917497895889566e-13
17.38652591330133	-4.654128734785923e-13
17.41410189359588	-4.404792835967742e-13
17.44167787389043	-4.168748109110531e-13
17.46925385418498	-3.945291254366142e-13
17.49682983447953	-3.733755773136211e-13
17.52440581477408	-3.533510077513719e-13
17.55198179506863	-3.343955693791196e-13
17.57955777536318	-3.164525555622727e-13
17.60713375565773	-2.994682382610327e-13
17.63470973595228	-2.833912850048944e-13
17.66228571624683	-2.68174386806351e-13
17.68986169654139	-2.537713987884121e-13
17.71743767683594	-2.401390351184828e-13
17.74501365713049	-2.272362920392421e-13
17.77258963742504	-2.150243293053812e-13
17.80016561771959	-2.034663576225703e-13
17.82774159801414	-1.925275317990414e-13
17.85531757830869	-1.821748493328614e-13
17.88289355860324	-1.723770541702089e-13
17.91046953889779	-1.631042638509961e-13
17.93804551919234	-1.543290473457963e-13
17.96562149948689	-1.460245567698671e-13
17.99319747978144	-1.381656491019074e-13
18.02077346007599	-1.307285154493057e-13
18.04834944037054	-1.236906110688953e-13
18.07592542066509	-1.170305889816743e-13
18.10350140095964	-1.10728237004121e-13
18.13107738125419	-1.047644180268238e-13
18.15865336154874	-9.912101337890995e-14
18.18622934184329	-9.378074576989789e-14
18.21380532213784	-8.872763826436629e-14
18.24138130243239	-8.394618457453288e-14
18.26895728272694	-7.942182769825125e-14
18.29653326302149	-7.51407869114687e-14
18.32410924331604	-7.109001672527479e-14
18.35168522361059	-6.725716797874969e-14
18.37926120390514	-6.363055095973862e-14
18.40683718419969	-6.019910045082398e-14
18.43441316449424	-5.695234260268697e-14
18.46198914478879	-5.388026822112218e-14
18.48956512508334	-5.097369734321683e-14
18.51714110537789	-4.822364613785781e-14
18.54471708567244	-4.562170659487717e-14
18.57229306596699	-4.315992067754186e-14
18.59986904626154	-4.08307564112167e-14
18.62744502655609	-3.862708522503144e-14
18.65502100685064	-3.654216048267899e-14
18.68259698714519	-3.456959714155141e-14
18.71017296743974	-3.270335248236706e-14
18.73774894773429	-3.093765720439394e-14
18.76532492802884	-2.926720760837428e-14
18.79290090832339	-2.768682797591442e-14
18.82047688861794	-2.619167079572453e-14
18.84805286891249	-2.477714871051334e-14
18.87562884920704	-2.343892063344868e-14
18.90320482950159	-2.217287859697114e-14
18.93078080979614	-2.097513529623134e-14
18.95835679009069	-1.984201229127273e-14
18.98593277038524	-1.877002883385251e-14
19.01350875067979	-1.775586010208626e-14
19.04108473097434	-1.679645616753553e-14
19.06866071126889	-1.588883466792208e-14
19.09623669156344	-1.503020471184879e-14
19.12381267185799	-1.421792549999076e-14
19.15138865215254	-1.344949829093203e-14
19.17896463244709	-1.272255879267332e-14
19.20654061274164	-1.203486995773737e-14
19.23411659303619	-1.138431516089276e-14
19.26169257333074	-1.076889173956298e-14
19.28926855362529	-1.018668747580474e-14
19.31684453391984	-9.63594677640555e-15
19.34442051421439	-9.11495482226593e-15
19.37199649450894	-8.622106499688944e-15
19.39957247480349	-8.155883155501424e-15
19.42714845509804	-7.714847957747009e-15
19.45472443539259	-7.297641503110735e-15
19.48230041568714	-6.902977658202037e-15
19.50987639598169	-6.52963962246812e-15
19.53745237627624	-6.176476201125378e-15
19.56502835657079	-5.842387222241119e-15
19.59260433686534	-5.526365931727985e-15
19.62018031715989	-5.227425662597324e-15
19.64775629745444	-4.944644003693441e-15
19.67533227774899	-4.677148281911712e-15
19.70290825804354	-4.424112896501718e-15
19.73048423833809	-4.184756787974246e-15
19.75806021863264	-3.958341042108219e-15
19.78563619892719	-3.74416662190494e-15
19.81321217922174	-3.541572220763051e-15
19.84078815951629	-3.349926521616856e-15
19.86836413981084	-3.168649878844928e-15
19.89594012010539	-2.997176308682443e-15
19.92351610039994	-2.834976062554714e-15
19.95109208069449	-2.681547989143735e-15
19.97866806098904	-2.536417995083775e-15
20.00624404128359	-2.399137587910995e-15
20.03382002157814	-2.269282496941827e-15
20.06139600187269	-2.14645136797503e-15
20.08897198216724	-2.030264527921828e-15
20.11654796246179	-1.920358941138172e-15
20.14412394275634	-1.816403129507634e-15
20.17169992305089	-1.718071543038629e-15
20.19927590334544	-1.62506008171731e-15
20.22685188363999	-1.537081072915444e-15
20.25442786393454	-1.453862386518053e-15
20.2820038442291	-1.375146597353151e-15
20.30957982452365	-1.300690192438934e-15
20.3371558048182	-1.230262820689444e-15
20.36473178511275	-1.16364658283947e-15
20.3923077654073	-1.10063417000892e-15
20.41988374570185	-1.041033089734002e-15
20.4474597259964	-9.846577261085871e-16
20.47503570629095	-9.313335972121334e-16
20.5026116865855	-8.808956500537006e-16
20.53018766688005	-8.331877528430676e-16
20.5577636471746	-7.88062214237788e-16
20.58533962746915	-7.453793282238573e-16
20.6129156077637	-7.050069433225878e-16
20.64049158805825	-6.668200548649297e-16
20.6680675683528	-6.306992334349899e-16
20.69564354864735	-5.965351646656963e-16
20.7232195289419	-5.642207795820574e-16
20.75079550923645	-5.336559818127563e-16
20.778371489531	-5.047460880062254e-16
20.80594746982555	-4.774015358686329e-16
20.8335234501201	-4.515376078448361e-16
20.86109943041465	-4.270741696242912e-16
20.8886754107092	-4.039354226998992e-16
20.91625139100375	-3.820496702564164e-16
20.9438273712983	-3.613485956215105e-16
20.97140335159285	-3.417691522752781e-16
20.9989793318874	-3.232500952961057e-16
21.02655531218195	-3.057340191619066e-16
21.0541312924765	-2.891666243290979e-16
21.08170727277105	-2.734965495775247e-16
21.1092832530656	-2.586752133417115e-16
21.13685923336015	-2.446566635548569e-16
21.1644352136547	-2.313974355560401e-16
21.19201119394925	-2.18856417634003e-16
21.2195871742438	-2.06994414410684e-16
21.24716315453835	-1.957752936183108e-16
21.2747391348329	-1.851639549204974e-16
21.30231511512745	-1.751274866132063e-16
21.329891095422	-1.656347578887849e-16
21.35746707571655	-1.566563228076613e-16
21.3850430560111	-1.481643293628784e-16
21.41261903630565	-1.401324333956716e-16
21.4401950166002	-1.325357171187994e-16
21.46777099689475	-1.253506120104704e-16
21.4953469771893	-1.185545892320223e-16
21.52292295748385	-1.121270694818724e-16
21.5504989377784	-1.060478559905617e-16
21.57807491807295	-1.00298081439037e-16
21.6056508983675	-9.485989997495355e-17
21.63322687866205	-8.971643204426857e-17
21.6608028589566	-8.485171218191742e-17
21.68837883925115	-8.025063960631175e-17
21.7159548195457	-7.589893147102847e-17
21.74353079984025	-7.178307863641484e-17
21.7711067801348	-6.789020639616135e-17
21.79868276042935	-6.420844817603496e-17
21.8262587407239	-6.072625997020402e-17
21.85383472101845	-5.743282797371502e-17
21.881410701313	-5.431792405643893e-17
21.90898668160755	-5.137187411501585e-17
21.9365626619021	-4.858552812299157e-17
21.96413864219665	-4.595023178957208e-17
21.9917146224912	-4.345779974197047e-17
22.01929060278575	-4.110049015065695e-17
22.0468665830803	-3.887087757258556e-17
22.07444256337485	-3.676225407684326e-17
22.1020185436694	-3.476796189596808e-17
22.12959452396395	-3.28818049345174e-17
22.1571705042585	-3.109792437401658e-17
22.18474648455305	-2.94107930626748e-17
22.2123224648476	-2.781500639337657e-17
22.23989844514215	-2.630591619241108e-17
22.2674744254367	-2.487861796791947e-17
22.29505040573125	-2.352871594806927e-17
22.3226263860258	-2.225198548444833e-17
22.35020236632035	-2.104452720015445e-17
22.3777783466149	-1.990255642909593e-17
22.40535432690945	-1.882252264906726e-17
22.432930307204	-1.780106767833048e-17
22.46050628749855	-1.683501522197711e-17
22.4880822677931	-1.592136089094382e-17
22.51565824808765	-1.505726244830302e-17
22.5432342283822	-1.424002906073474e-17
22.57081020867675	-1.346709586833601e-17
22.5983861889713	-1.273618073079381e-17
22.62596216926585	-1.204487264612418e-17
22.6535381495604	-1.139106892544705e-17
22.68111412985495	-1.077273570280564e-17
22.7086901101495	-1.018794934989672e-17
22.73626609044405	-9.634890516499065e-18
22.7638420707386	-9.111838490405191e-18
22.79141805103315	-8.617165860127543e-18
22.8189940313277	-8.149333464457633e-18
22.84657001162225	-7.706885613742457e-18
22.87414599191681	-7.288428226789177e-18
22.90172197221136	-6.892696284602069e-18
22.92929795250591	-6.518439758474881e-18
22.95687393280046	-6.164493686657175e-18
22.98444991309501	-5.829756269620591e-18
23.01202589338956	-5.513185454079496e-18
23.03960187368411	-5.213795700331226e-18
23.06717785397866	-4.930654923264387e-18
23.09475383427321	-4.662881597869654e-18
23.12232981456776	-4.409642020552943e-18
23.14990579486231	-4.170137633034939e-18
23.17748177515686	-3.94364430108593e-18
23.20505775545141	-3.729445960458072e-18
23.23263373574596	-3.526875453236403e-18
23.26020971604051	-3.335301804043721e-18
23.28778569633506	-3.154128262577261e-18
23.31536167662961	-2.982790451106338e-18
23.34293765692416	-2.820754611304913e-18
23.37051363721871	-2.667515944932165e-18
23.39808961751326	-2.522597042724674e-18
23.42566559780781	-2.385543265401154e-18
23.45324157810236	-2.255934672449771e-18
23.48081755839691	-2.133363947313406e-18
23.50839353869146	-2.017449081792974e-18
23.53596951898601	-1.907828792511578e-18
23.56354549928056	-1.804161399014082e-18
23.59112147957511	-1.706123762356277e-18
23.61869745986966	-1.613410280842766e-18
23.64627344016421	-1.525731939837445e-18
23.67384942045876	-1.442815412761108e-18
23.70142540075331	-1.364398937438664e-18
23.72900138104786	-1.290245065338995e-18
23.75657736134241	-1.220119086929136e-18
23.78415334163696	-1.153802302797532e-18
23.81172932193151	-1.091087876988009e-18
23.83930530222606	-1.031780187171222e-18
23.86688128252061	-9.756941834973196e-19
23.89445726281516	-9.2265451445151e-19
23.92203324310971	-8.725019401479978e-19
23.94960922340426	-8.250663044321308e-19
23.97718520369881	-7.80207224970795e-19
24.00476118399336	-7.377878899921111e-19
24.03233716428791	-6.97677305084011e-19
24.05991314458246	-6.597425944757342e-19
24.08748912487701	-6.238698791893537e-19
24.11506510517156	-5.899465882714462e-19
24.14264108546611	-5.578667707715604e-19
24.17021706576066	-5.275302766516829e-19
24.19779304605521	-4.988424058998258e-19
24.22536902634976	-4.717136057044069e-19
24.25294500664431	-4.460584672048259e-19
24.28052098693886	-4.217946287753195e-19
24.30809696723341	-3.988565087468679e-19
24.33567294752796	-3.771623389768909e-19
24.36324892782251	-3.566473172692919e-19
24.39082490811706	-3.372474417969784e-19
24.41840088841161	-3.189021356013576e-19
24.44597686870616	-3.015541032453654e-19
24.47355284900071	-2.851491593461725e-19
24.50112882929526	-2.696360615329914e-19
24.52870480958981	-2.549656364428672e-19
24.55628078988436	-2.410935872689935e-19
24.58385677017891	-2.279758100789403e-19
24.61143275047346	-2.155713114297229e-19
24.63900873076801	-2.038413245010149e-19
24.66658471106256	-1.927491884919511e-19
24.69416069135711	-1.822602344936641e-19
24.72173667165166	-1.723416774971822e-19
24.74931265194621	-1.629625142133835e-19
24.77688863224076	-1.540934263979684e-19
24.80446461253531	-1.457062783568272e-19
24.83204059282986	-1.377757306668605e-19
24.85961657312441	-1.302765502777985e-19
24.88719255341896	-1.23185285053025e-19
24.91476853371351	-1.164797571007461e-19
24.94234451400806	-1.101389937395845e-19
24.96992049430261	-1.041431621707976e-19
24.99749647459716	-9.847350766246179e-20
25.02507245489171	-9.311229506067918e-20
25.05264843518626	-8.804275345215322e-20
25.08022441548081	-8.324592798302476e-20
25.10780039577536	-7.871346100481171e-20
25.13537637606991	-7.442781580743889e-20
25.16295235636446	-7.037552219850748e-20
25.19052833665901	-6.654383924686976e-20
25.21810431695356	-6.292071732807338e-20
25.24568029724811	-5.949476189513855e-20
25.27325627754266	-5.625519893258371e-20
25.30083225783721	-5.319184204695728e-20
25.32840823813176	-5.029506114358426e-20
25.35598421842631	-4.755908330406504e-20
25.38356019872086	-4.49682181618395e-20
25.41113617901541	-4.251785832580119e-20
25.43871215930996	-4.020036989371113e-20
25.46628813960452	-3.800854529264808e-20
25.49386411989907	-3.593557883539242e-20
25.52144010019362	-3.397504377712266e-20
25.54901608048817	-3.212087077559522e-20
25.57659206078272	-3.036732766464205e-20
25.60416804107727	-2.870900045708868e-20
25.63174402137182	-2.713280095284809e-20
25.65932000166637	-2.565092957132682e-20
25.68689598196092	-2.425028065571021e-20
25.71447196225547	-2.292640533386339e-20
25.74204794255002	-2.167508847650436e-20
25.76962392284457	-2.049233884321096e-20
25.79719990313912	-1.937437915286872e-20
25.82477588343367	-1.83176361954626e-20
25.85235186372822	-1.731873107607799e-20
25.87992784402277	-1.637446966072784e-20
25.90750382431732	-1.548288458050767e-20
25.93507980461187	-1.463886680249944e-20
25.96265578490642	-1.384086499809595e-20
25.99023176520097	-1.308635463649983e-20
26.01780774549552	-1.237295235745305e-20
26.04538372579007	-1.169840782006743e-20
26.07295970608462	-1.106059604542763e-20
26.10053568637917	-1.045751022104353e-20
26.12811166667372	-9.887254937463139e-21
26.15568764696827	-9.348039829424916e-21
26.18326362726282	-8.838079851910452e-21
26.21083960755737	-8.35597646121122e-21
26.23841558785192	-7.900120877986615e-21
26.26599156814647	-7.46908501217072e-21
26.29356754844102	-7.061519093773809e-21
26.32114352873557	-6.676147306173868e-21
26.34871950903012	-6.311763669354334e-21
26.37629548932467	-5.967228158198684e-21
26.40387146961922	-5.641463041886125e-21
26.43144744991377	-5.333449431305052e-21
26.45902343020832	-5.041937712208317e-21
26.48659941050287	-4.766628812479444e-21
26.51417539079742	-4.506354581446019e-21
26.54175137109197	-4.260295480083256e-21
26.56932735138652	-4.027676057354823e-21
26.59690333168107	-3.807762678249679e-21
26.62447931197562	-3.599861365728887e-21
26.65205529227017	-3.403315871495191e-21
26.67963127256472	-3.217503925373385e-21
26.70720725285927	-3.041841013467758e-21
26.73478323315382	-2.875841647088239e-21
26.76235921344837	-2.718828548602874e-21
26.78993519374292	-2.570382306528973e-21
26.81751117403747	-2.430035073001966e-21
26.84508715433202	-2.297344674519909e-21
26.87266313462657	-2.171893190793428e-21
26.90023911492112	-2.053285613188758e-21
26.92781509521567	-1.94114857820296e-21
26.95539107551022	-1.835129171615752e-21
26.98296705580477	-1.734893798999939e-21
27.01054303609932	-1.640108393120178e-21
27.03811901639387	-1.550514896445865e-21
27.06569499668842	-1.465811454090751e-21
27.09327097698297	-1.385731335573124e-21
27.12084695727752	-1.310022347872149e-21
27.14842293757207	-1.238446045885902e-21
27.17599891786662	-1.170776985310673e-21
27.20357489816117	-1.106802015720683e-21
27.23115087845572	-1.046319611737871e-21
27.25872685875027	-9.891392402863972e-22
27.28630283904482	-9.350774660207155e-22
27.31387881933937	-8.8397101998693e-22
27.34145479963392	-8.356553475215267e-22
27.36903077992847	-7.899781538325162e-22
27.39660676022302	-7.46795448195116e-22
27.42418274051757	-7.05971092795097e-22
27.45175872081212	-6.673763758129279e-22
27.47933470110667	-6.308896074814644e-22
27.50691068140122	-5.963957379121333e-22
27.53448666169577	-5.637859955441453e-22
27.56206264199032	-5.329556199512898e-22
27.58963862228487	-5.038115023415451e-22
27.61721460257942	-4.762596624124719e-22
27.64479058287397	-4.502131665750682e-22
27.67236656316852	-4.255898235460311e-22
27.69994254346307	-4.023119266079731e-22
27.72751852375762	-3.803060097190228e-22
27.75509450405217	-3.595026167483752e-22
27.78267048434672	-3.398360831497133e-22
27.81024646464127	-3.212443294183168e-22
27.83782244493582	-3.0366754523491e-22
27.86539842523037	-2.870526398161111e-22
27.89297440552492	-2.713459565741926e-22
27.92055038581947	-2.56497884718233e-22
27.94812636611402	-2.42461521034924e-22
27.97570234640857	-2.29192522679214e-22
28.00327832670312	-2.16648967875934e-22
28.03085430699767	-2.047912241194171e-22
28.05843028729223	-1.935818234782435e-22
28.08600626758678	-1.829853446315718e-22
28.11358224788133	-1.729676448714378e-22
28.14115822817588	-1.634984700099763e-22
28.16873420847043	-1.545471888556038e-22
28.19631018876498	-1.46085497415615e-22
28.22388616905953	-1.380866371753386e-22
28.25146214935408	-1.305253110386573e-22
28.27903812964863	-1.233776037863761e-22
28.30661410994318	-1.166209068167253e-22
28.33419009023773	-1.102338469437416e-22
28.36176607053228	-1.041962190402767e-22
28.38934205082683	-9.848853918990118e-23
28.41691803112138	-9.309356939282469e-23
28.44449401141593	-8.799382907802986e-23
28.47206999171048	-8.317317475357788e-23
28.49964597200503	-7.861634484910619e-23
28.52722195229958	-7.430891172788995e-23
28.55479793259413	-7.023723627814252e-23
28.58237391288868	-6.638842494882519e-23
28.60994989318323	-6.275028910143914e-23
28.63752587347778	-5.931130655457801e-23
28.66510185377233	-5.606036546384511e-23
28.69267783406688	-5.298764035492203e-23
28.72025381436143	-5.008316124348252e-23
28.74782979465598	-4.733772317722262e-23
28.77540577495053	-4.474262433281667e-23
28.80298175524508	-4.22896386276481e-23
28.83055773553963	-3.997098980387064e-23
28.85813371583418	-3.777932690805671e-23
28.88570969612873	-3.570770109339541e-23
28.91328567642328	-3.374954367495707e-23
28.94086165671783	-3.189851250186211e-23
28.96843763701238	-3.014902169638828e-23
28.99601361730693	-2.849538080998741e-23
29.02358959760148	-2.693234282980106e-23
29.05116557789603	-2.545494769818244e-23
29.07874155819058	-2.405850669002004e-23
29.10631753848513	-2.273858763348426e-23
29.13389351877968	-2.14910009337733e-23
29.16146949907423	-2.031178636616876e-23
29.18904547936878	-1.919720062009409e-23
29.21662145966333	-1.814366495494365e-23
29.24419743995788	-1.714795848076959e-23
29.27177342025243	-1.620694711963181e-23
29.29934940054698	-1.531665884193428e-23
29.32692538084153	-1.447624301121872e-23
29.35450136113608	-1.368160893513029e-23
29.38207734143063	-1.293051766461872e-23
29.40965332172518	-1.222060373933915e-23
29.43722930201973	-1.154961612671858e-23
29.46480528231428	-1.091542396161469e-23
29.49238126260883	-1.031596703646782e-23
29.51995724290338	-9.749436738349802e-24
29.54753322319793	-9.213983553862301e-24
29.57510920349248	-8.707904354143561e-24
29.60268518378703	-8.229589206737546e-24
29.63026116408158	-7.777516315604502e-24
29.65783714437613	-7.350247224255942e-24
29.68541312467068	-6.946422272721577e-24
29.71298910496523	-6.564756297209425e-24
29.74056508525978	-6.204034560820064e-24
29.76814106555433	-5.863083133512826e-24
29.79571704584888	-5.540871854120261e-24
29.82329302614343	-5.236347356182918e-24
29.85086900643798	-4.948539667123368e-24
29.87844498673253	-4.676531949866859e-24
29.90602096702708	-4.419457605449088e-24
29.93359694732163	-4.17649753138402e-24
29.96117292761618	-3.946877527722853e-24
29.98874890791073	-3.729865843113223e-24
30.01632488820528	-3.524770853533658e-24
30.04390086849983	-3.330923794486478e-24
30.07147684879438	-3.147739039430772e-24
30.09905282908893	-2.97461647217237e-24
30.12662880938348	-2.811003904689841e-24
30.15420478967803	-2.656379417376755e-24
30.18178076997258	-2.510249707536998e-24
30.20935675026713	-2.372148526728354e-24
30.23693273056168	-2.241635202340387e-24
30.26450871085623	-2.118293239012804e-24
30.29208469115078	-2.001728995711863e-24
30.31966067144533	-1.891561667508568e-24
30.34723665173988	-1.787458372346908e-24
30.37481263203443	-1.689077386007798e-24
30.40238861232898	-1.596104472086463e-24
30.42996459262353	-1.508242630165162e-24
30.45754057291808	-1.4252111548813e-24
30.48511655321263	-1.346744745630576e-24
30.51269253350718	-1.27259266427775e-24
30.54026851380173	-1.202517938373523e-24
30.56784449409628	-1.136296607498062e-24
30.59542047439083	-1.073711931399439e-24
30.62299645468539	-1.014574734249404e-24
30.65057243497994	-9.586905117947128e-25
30.67814841527449	-9.058805058046871e-25
30.70572439556904	-8.55975769415083e-25
30.73330037586359	-8.088166312206366e-25
30.76087635615814	-7.642521882111118e-25
30.78845233645269	-7.221398260543559e-25
30.81602831674724	-6.823447653008413e-25
30.84360429704179	-6.447396321522835e-25
30.87118027733634	-6.092010504419182e-25
30.89875625763089	-5.756216745757831e-25
30.92633223792544	-5.438907817712427e-25
30.95390821821999	-5.139067216256844e-25
30.98148419851454	-4.855734267070635e-25
31.00906017880909	-4.58800107440289e-25
31.03663615910364	-4.335009634201803e-25
31.06421213939819	-4.095949103003995e-25
31.09178811969274	-3.870053214491474e-25
31.11936409998729	-3.656597836040536e-25
31.14694008028184	-3.454885895093769e-25
31.17451606057639	-3.264301824978752e-25
31.20209204087094	-3.084224447080367e-25
31.22966802116549	-2.913934222744962e-25
31.25724400146004	-2.753235649063702e-25
31.28481998175459	-2.601311554162048e-25
31.31239596204914	-2.457755348654185e-25
31.33997194234369	-2.322109163943726e-25
31.36754792263824	-2.193938185632634e-25
31.39512390293279	-2.072831131231176e-25
31.42269988322734	-1.958389063305951e-25
31.45027586352189	-1.850266333762473e-25
31.47785184381644	-1.748104780540561e-25
31.50542782411099	-1.651576116221839e-25
31.53300380440554	-1.56037010414524e-25
31.56057978470009	-1.474193572993193e-25
31.58815576499464	-1.392769483436935e-25
31.61573174528919	-1.315836044643572e-25
31.64330772558374	-1.243145878289324e-25
31.67088370587829	-1.174465227717519e-25
31.69845968617284	-1.109573209936608e-25
31.72603566646739	-1.048261108236311e-25
31.75361164676194	-9.903317032937848e-26
31.78118762705649	-9.355986407382617e-26
31.80876360735104	-8.838858332391311e-26
31.83633958764559	-8.350268952769237e-26
31.86391556794014	-7.888646088480507e-26
31.89149154823469	-7.452504184423805e-26
31.91906752852924	-7.040439537172332e-26
31.94664350882379	-6.651125783724167e-26
31.97421948911834	-6.283309638082341e-26
32.00179546941289	-5.935806862222507e-26
32.02937144970744	-5.607498458709871e-26
32.05694743000199	-5.297327072896985e-26
32.08452341029654	-5.004293593272181e-26
32.11209939059109	-4.727453939135058e-26
32.13967537088564	-4.465916025351819e-26
32.16725135118019	-4.218836894491457e-26
32.19482733147474	-3.985420007163738e-26
32.22240331176929	-3.764912681874007e-26
