0
1000	105.6583745	100000000000000.1
5	0	0	1
5	0	0	0
4.673998997513734	0.002782904861950471
4.701574977808284	0.002777680937825561
4.729150958102834	0.002771922702437361
4.756726938397384	0.002765651397674348
4.784302918691934	0.002758946544051243
4.811878898986484	0.002751811777092199
4.839454879281035	0.002744308937769538
4.867030859575585	0.002736491411284599
4.894606839870135	0.002728353352014753
4.922182820164685	0.002719951351019443
4.949758800459235	0.002711305948594192
4.977334780753785	0.002702446679210006
5.004910761048335	0.002693408868412429
5.032486741342885	0.002684190548030669
5.060062721637435	0.002674815586146724
5.087638701931986	0.002665304968859502
5.115214682226536	0.002655674189880946
5.142790662521086	0.002645928602565102
5.170366642815636	0.002636091595385468
5.197942623110186	0.00262617569661226
5.225518603404736	0.002616203300859993
5.253094583699286	0.002606143364146728
5.280670563993836	0.002596026488375337
5.308246544288386	0.002585854683850543
5.335822524582936	0.002575661990465901
5.363398504877487	0.002565401199923358
5.390974485172037	0.002555102624193019
5.418550465466587	0.002544777525713411
5.446126445761137	0.002534423925040834
5.473702426055687	0.002524051216636404
5.501278406350237	0.002513639280898455
5.528854386644787	0.002503250696525863
5.556430366939337	0.002492854073017975
5.584006347233887	0.002482438447435857
5.611582327528438	0.002472022849710705
5.639158307822988	0.002461602438068511
5.666734288117538	0.002451183424654439
5.694310268412088	0.002440768504564828
5.721886248706638	0.002430360258606308
5.749462229001188	0.002419966585354488
5.777038209295738	0.002409568042544231
5.804614189590288	0.002399189799543791
5.832190169884838	0.002388819857661504
5.859766150179389	0.002378446633186868
5.887342130473939	0.002368153674456799
5.914918110768489	0.002357837840980999
5.942494091063039	0.002347538638317649
5.970070071357589	0.002337257572795269
5.997646051652139	0.002326996170916037
6.025222031946689	0.002316755160235061
6.052798012241239	0.00230653587554123
6.080373992535789	0.002296339398177196
6.107949972830339	0.002286167706373804
6.13552595312489	0.00227601485907996
6.16310193341944	0.00226588069635747
6.19067791371399	0.002255781693909278
6.21825389400854	0.00224570104504473
6.24582987430309	0.002235659629408792
6.27340585459764	0.002225640486976665
6.30098183489219	0.002215647369106274
6.32855781518674	0.002205681027955747
6.35613379548129	0.00219574118355279
6.383709775775841	0.002185828291261203
6.411285756070391	0.002175942311916719
6.438861736364941	0.002166081867664386
6.466437716659491	0.002156242443703719
6.494013696954041	0.002146442023379862
6.521589677248591	0.002136661574590645
6.549165657543141	0.002126892136205417
6.576741637837691	0.002117178112948852
6.604317618132241	0.002107476956263737
6.631893598426791	0.002097800876536035
6.659469578721342	0.002088150234607183
6.687045559015892	0.00207852466346466
6.714621539310442	0.002068924525108413
6.742197519604992	0.002059348674998071
6.769773499899542	0.002049797281562986
6.797349480194092	0.002040272737142882
6.824925460488642	0.00203076621399385
6.852501440783192	0.002021286994350451
6.880077421077742	0.002011803390505748
6.907653401372293	0.002002395862843865
6.935229381666843	0.001992987853789547
6.962805361961393	0.001983601825535108
6.990381342255943	0.00197423808722124
7.017957322550493	0.001964896803735649
7.045533302845043	0.001955577641055224
7.073109283139593	0.001946280353767339
7.100685263434143	0.001937004700867407
7.128261243728693	0.001927751853256711
7.155837224023244	0.001918516956619427
7.183413204317794	0.001909304678608918
7.210989184612344	0.001900105184208025
7.238565164906894	0.001890940506005673
7.266141145201444	0.001881791200461706
7.293717125495994	0.001872661620152553
7.321293105790544	0.001863551788870729
7.348869086085094	0.001854461587006914
7.376445066379644	0.001845390871334904
7.404021046674194	0.00183633944442247
7.431597026968745	0.001827307098640463
7.459173007263295	0.001818302698741087
7.486748987557845	0.001809297639463697
7.514324967852395	0.001800581180825416
7.541900948146945	0.001791361784116052
7.569476928441495	0.001782423297647456
7.597052908736045	0.00177350207268722
7.624628889030595	0.001764598466827326
7.652204869325145	0.001755712420921118
7.679780849619696	0.00174684378903696
7.707356829914246	0.00173799242647
7.734932810208796	0.001729158156460631
7.762508790503346	0.001720340799864908
7.790084770797896	0.001711539061986656
7.817660751092446	0.001702755633876146
7.845236731386996	0.001693984497650604
7.872812711681546	0.001685235543170442
7.900388691976096	0.001676501247031813
7.927964672270646	0.001667782603950582
7.955540652565197	0.001659079674642321
7.983116632859747	0.001650392387430592
8.010692613154298	0.001641720618487339
8.038268593448848	0.001633064254124032
8.065844573743398	0.001624423123621618
8.093420554037948	0.001615796031459212
8.120996534332498	0.001607185325212862
8.148572514627048	0.001598589504454839
8.176148494921598	0.001590008410772011
8.203724475216148	0.001581441989220128
8.231300455510699	0.00157289014148161
8.258876435805249	0.001564352758002526
8.286452416099799	0.00155582973451396
8.314028396394349	0.001547320962676847
8.341604376688899	0.001538826355857205
8.369180356983449	0.001530345755769053
8.396756337277999	0.001521877863138389
8.424332317572549	0.001513426013735238
8.451908297867099	0.001504987137540238
8.47948427816165	0.001496561824182793
8.5070602584562	0.001488150039284084
8.53463623875075	0.001479751692237172
8.5622122190453	0.001471366708976532
8.58978819933985	0.001462995013804105
8.6173641796344	0.00145463652734309
8.64494015992895	0.001446291180177406
8.6725161402235	0.001437958845817484
8.70009212051805	0.001429639510784351
8.7276681008126	0.001421333080242908
8.755244081107151	0.001413039480452811
8.782820061401701	0.001404758640946778
8.810396041696251	0.001396490523577723
8.837972021990801	0.001388235036483227
8.865548002285351	0.001379992105992732
8.893123982579901	0.001371761686407734
8.920699962874451	0.001363543725980807
8.948275943169001	0.001355338167485687
8.975851923463551	0.001347144943167761
9.003427903758102	0.001338964015281914
9.031003884052652	0.00133079533839209
9.058579864347202	0.001322638871323774
9.086155844641752	0.001314494572897734
9.113731824936302	0.001306362396945815
9.141307805230852	0.001298242339385777
9.168883785525402	0.001290134310564799
9.196459765819952	0.001282038299226488
9.224035746114502	0.001273954278582598
9.251611726409052	0.001265882202837834
9.279187706703603	0.001257822059622036
9.306763686998153	0.001249773824501835
9.334339667292703	0.001241737479579654
9.361915647587253	0.001233713003518426
9.389491627881803	0.001225700383796183
9.417067608176353	0.001217699614779688
9.444643588470903	0.001209710687258643
9.472219568765453	0.00120173360418431
9.499795549060003	0.001193768325459147
9.527371529354554	0.001185814850190058
9.554947509649104	0.001177873190128882
9.582523489943654	0.001169943348011471
9.610099470238204	0.001162025329232112
9.637675450532754	0.001154119141851745
9.665251430827304	0.001146224796458578
9.692827411121854	0.001138342305354482
9.720403391416404	0.001130471677611116
9.747979371710954	0.001122612936725357
9.775555352005505	0.001114766177625154
9.803131332300055	0.001106931299637011
9.830707312594605	0.00109910838523208
9.858283292889155	0.001091297465456332
9.885859273183705	0.00108349857436424
9.913435253478255	0.001075711749040901
9.941011233772805	0.001067937029633229
9.968587214067355	0.001060174459381906
9.996163194361905	0.001052424084656861
10.02373917465646	0.001044685954995757
10.05131515495101	0.00103696016404812
10.07889113524556	0.001029246668612644
10.10646711554011	0.001021545588866965
10.13404309583466	0.00101385699157298
10.16161907612921	0.0010061809368337
10.18919505642376	0.0009985174936848321
10.21677103671831	0.0009908667354906868
10.24434701701286	0.000983228739315599
10.27192299730741	0.0009756035858491537
10.29949897760196	0.0009679913594498827
10.32707495789651	0.0009603921573754826
10.35465093819106	0.0009528060720394365
10.38222691848561	0.0009452331654057679
10.40980289878016	0.0009376735549139543
10.43737887907471	0.0009301273454355235
10.46495485936926	0.0009225946535015399
10.49253083966381	0.0009150755896911667
10.52010681995836	0.0009075702678563706
10.54768280025291	0.0009000788094319569
10.57525878054746	0.00089260133819814
10.60283476084201	0.0008851379890379272
10.63041074113656	0.0008776889168399718
10.65798672143111	0.0008702541902530454
10.68556270172566	0.0008628339950333342
10.71313868202021	0.0008554284716443052
10.74071466231476	0.0008480377711731024
10.76829064260931	0.0008406620567606593
10.79586662290386	0.0008333014882250086
10.82344260319841	0.0008259562342532431
10.85101858349296	0.0008186264659102418
10.87859456378751	0.0008113123627165054
10.90617054408206	0.0008040141280366298
10.93374652437661	0.0007967318805298452
10.96132250467116	0.0007894658605127269
10.98889848496571	0.0007822162562278503
11.01647446526026	0.0007749832674916982
11.04405044555481	0.0007677671031708228
11.07162642584936	0.000760567982124713
11.09920240614391	0.0007533861172407768
11.12677838643846	0.0007462217396179982
11.15435436673301	0.000739075088956972
11.18193034702756	0.0007319463824261503
11.20950632732211	0.0007248358510950097
11.23708230761666	0.0007177437611336762
11.26465828791121	0.000710670360331141
11.29223426820576	0.0007036159074649872
11.31981024850031	0.0006965806677748356
11.34738622879486	0.0006895649085665856
11.37496220908941	0.000682568910881628
11.40253818938396	0.0006755929564639026
11.43011416967851	0.000668637353648907
11.45769014997306	0.0006617023494366157
11.48526613026761	0.0006547882688121619
11.51284211056216	0.0006478954234468342
11.54041809085671	0.0006410241217227184
11.56799407115126	0.0006341746830289876
11.59557005144581	0.0006273474275334585
11.62314603174036	0.0006205426887924947
11.65072201203491	0.0006137608029235839
11.67829799232946	0.0006070021119683222
11.70587397262401	0.0006002669592978786
11.73344995291856	0.0005935557074822159
11.76102593321311	0.0005868687163367862
11.78860191350766	0.0005802063475561214
11.81617789380221	0.0005735689737353986
11.84375387409676	0.0005669569720696023
11.87132985439131	0.0005603707209345405
11.89890583468586	0.0005538106124641579
11.92648181498041	0.0005472770375507833
11.95405779527496	0.000540770393782456
11.98163377556951	0.0005342910835434134
12.00920975586406	0.000527839522781895
12.03678573615861	0.000521416120418182
12.06436171645316	0.0005150212961412807
12.09193769674771	0.0005086554725491603
12.11951367704226	0.0005023190745354879
12.14708965733681	0.0004960125389394048
12.17466563763136	0.0004897362965645438
12.20224161792591	0.000483490788249435
12.22981759822046	0.0004772764567706958
12.25739357851501	0.0004710937512414585
12.28496955880956	0.0004649431220061876
12.31254553910411	0.0004588250184542426
12.34012151939866	0.000452739900172588
12.36769749969321	0.0004466882233769283
12.39527347998776	0.0004406704468631647
12.42284946028231	0.0004346870343309715
12.45042544057686	0.0004287384496562203
12.47800142087141	0.0004228251580943313
12.50557740116597	0.0004169476242873791
12.53315338146052	0.0004111063153893226
12.56072936175507	0.0004053016971049132
12.58830534204962	0.0003995342389809644
12.61588132234417	0.0003938044055242612
12.64345730263872	0.0003881126570048419
12.67103328293327	0.0003824594641177527
12.69860926322782	0.0003768452835731067
12.72618524352237	0.0003712705757313071
12.75376122381692	0.0003657357989569704
12.78133720411147	0.0003602414075427585
12.80891318440602	0.0003547878499343906
12.83648916470057	0.0003493755728454766
12.86406514499512	0.0003440050216212502
12.89164112528967	0.0003386766254913348
12.91921710558422	0.0003333908234650873
12.94679308587877	0.0003281480382411171
12.97436906617332	0.0003229486872482531
13.00194504646787	0.0003177931854450782
13.02952102676242	0.0003126819359117811
13.05709700705697	0.0003076153354872934
13.08467298735152	0.000302593776904563
13.11224896764607	0.0002976176349926408
13.13982494794062	0.0002926872793849264
13.16740092823517	0.0002878030763727691
13.19497690852972	0.0002829653695814888
13.22255288882427	0.0002781745026418267
13.25012886911882	0.0002734308025340838
13.27770484941337	0.0002687345837888169
13.30528082970792	0.0002640861526000465
13.33285681000247	0.0002594858009875868
13.36043279029702	0.0002549338049304385
13.38800877059157	0.000250430430671795
13.41558475088612	0.0002459759290792669
13.44316073118067	0.0002415705355562244
13.47073671147522	0.0002372144737981653
13.49831269176977	0.0002329079492317041
13.52588867206432	0.0002286511536366296
13.55346465235887	0.0002244442625203693
13.58104063265342	0.0002202874382751912
13.60861661294797	0.0002161808175845878
13.63619259324252	0.0002121245351116894
13.66376857353707	0.0002081186926609151
13.69134455383162	0.0002041633912713409
13.71892053412617	0.000200258699588242
13.74649651442072	0.0001964046792178595
13.77407249471527	0.0001926013705179331
13.80164847500982	0.0001888487964758266
13.82922445530437	0.0001851469627586526
13.85680043559892	0.0001814958569155827
13.88437641589347	0.0001778954487050921
13.91195239618802	0.0001743456884420631
13.93952837648257	0.0001708465106036858
13.96710435677712	0.0001673978322937903
13.99468033707167	0.0001639995517314864
14.02225631736622	0.0001606515509297032
14.04983229766077	0.0001573536911537246
14.07740827795532	0.00015410582039441
14.10498425824987	0.0001509077657228827
14.13256023854442	0.0001477593415927246
14.16013621883897	0.0001446603415953163
14.18771219913352	0.0001416105448874067
14.21528817942807	0.0001386097104783285
14.24286415972262	0.000135657591301114
14.27044014001717	0.0001327539135573782
14.29801612031172	0.0001298983970612946
14.32559210060627	0.00012709073690227
14.35316808090082	0.0001243306261263892
14.38074406119537	0.000121617729530406
14.40832004148992	0.0001189517127352608
14.43589602178447	0.0001163322144350538
14.46347200207902	0.0001137588716295342
14.49104798237357	0.0001112312982008147
14.51862396266812	0.0001087491077565109
14.54619994296267	0.0001063118933655117
14.57377592325722	0.0001039192399523066
14.60135190355177	0.0001015707224874104
14.62892788384632	9.926590643166464e-05
14.65650386414087	9.700434497287077e-05
14.68407984443542	9.478558582052976e-05
14.71165582472997	9.260916588668237e-05
14.73923180502452	9.047461277534498e-05
14.76680778531907	8.838144730526369e-05
14.79438376561362	8.63291871776326e-05
14.82195974590817	8.431733936750533e-05
14.84953572620272	8.234540614797772e-05
14.87711170649727	8.041288535970489e-05
14.90468768679182	7.851926482329238e-05
14.93226366708637	7.666403572745871e-05
14.95983964738092	7.484667821988677e-05
14.98741562767547	7.306667404739859e-05
15.01499160797002	7.132349837501485e-05
15.04256758826457	6.961662410354795e-05
15.07014356855912	6.794552535500429e-05
15.09771954885368	6.630966895892843e-05
15.12529552914823	6.470852739723953e-05
15.15287150944278	6.314156532683447e-05
15.18044748973733	6.160825080516369e-05
15.20802347003188	6.010805241516036e-05
15.23559945032643	5.86404355901355e-05
15.26317543062098	5.720487157297486e-05
15.29075141091553	5.580082783386577e-05
15.31832739121008	5.442777288116983e-05
15.34590337150463	5.308518519408785e-05
15.37347935179918	5.177253499172202e-05
15.40105533209373	5.048930181551005e-05
15.42863131238828	4.923496579926508e-05
15.45620729268283	4.800900645125551e-05
15.48378327297738	4.681091515382094e-05
15.51135925327193	4.564017911603582e-05
15.53893523356648	4.449628997215381e-05
15.56651121386103	4.337874926740184e-05
15.59408719415558	4.228705486973748e-05
15.62166317445013	4.122071648085332e-05
15.64923915474468	4.017924449990081e-05
15.67681513503923	3.916215262117164e-05
15.70439111533378	3.816896410854583e-05
15.73196709562833	3.719920450083651e-05
15.75954307592288	3.625240300351088e-05
15.78711905621743	3.532809936631545e-05
15.81469503651198	3.442583394347944e-05
15.84227101680653	3.354515606299862e-05
15.86984699710108	3.268561765060754e-05
15.89742297739563	3.18467808622765e-05
15.92499895769018	3.102821044061817e-05
15.95257493798473	3.022947758233993e-05
15.98015091827928	2.945016083334766e-05
16.00772689857383	2.868984433817828e-05
16.03530287886838	2.794811740760334e-05
16.06287885916293	2.722457768089871e-05
16.09045483945748	2.651882786556666e-05
16.11803081975203	2.583047601505031e-05
16.14560680004658	2.515913784129296e-05
16.17318278034113	2.450443665174585e-05
16.20075876063568	2.386599936553684e-05
16.22833474093023	2.324346007594825e-05
16.25591072122478	2.263646094383093e-05
16.28348670151933	2.204464766557533e-05
16.31106268181388	2.146767376234354e-05
16.33863866210843	2.090520024913184e-05
16.36621464240298	2.035689159030134e-05
16.39379062269753	1.982242017147216e-05
16.42136660299208	1.930146391691075e-05
16.44894258328663	1.879370845253348e-05
16.47651856358118	1.829884318217355e-05
16.50409454387573	1.78165645406246e-05
16.53167052417028	1.734657540945752e-05
16.55924650446483	1.688858360537708e-05
16.58682248475938	1.644230317331121e-05
16.61439846505393	1.600745495704422e-05
16.64197444534848	1.558376373518415e-05
16.66955042564303	1.517096085754239e-05
16.69712640593758	1.476878314070491e-05
16.72470238623213	1.437697289138678e-05
16.75227836652668	1.399527882395529e-05
16.77985434682123	1.362345339608879e-05
16.80743032711578	1.326125504664826e-05
16.83500630741033	1.290844773241629e-05
16.86258228770488	1.256480013570477e-05
16.89015826799943	1.22300859913255e-05
16.91773424829398	1.190408467401229e-05
16.94531022858853	1.15865796005954e-05
16.97288620888308	1.127735896363728e-05
17.00046218917763	1.097621654254674e-05
17.02803816947218	1.068295088095174e-05
17.05561414976673	1.039736373208964e-05
17.08319013006128	1.011926254693344e-05
17.11076611035583	9.848458997669101e-06
17.13834209065038	9.58476864338331e-06
17.16591807094493	9.3280111453493e-06
17.19349405123948	9.078012034271981e-06
17.22107003153403	8.834599030304558e-06
17.24864601182858	8.597604256602551e-06
17.27622199212313	8.366864199995478e-06
17.30379797241768	8.142220120478054e-06
17.33137395271223	7.923515403651886e-06
17.35894993300678	7.710597318288173e-06
17.38652591330133	7.503318381328993e-06
17.41410189359588	7.301533070088604e-06
17.44167787389043	7.105099637929826e-06
17.46925385418498	6.913880187073861e-06
17.49682983447953	6.727740509749029e-06
17.52440581477408	6.546548832220722e-06
17.55198179506863	6.370176317720776e-06
17.57955777536318	6.198499087232266e-06
17.60713375565773	6.031394778683877e-06
17.63470973595228	5.868744163625245e-06
17.66228571624683	5.710431345200403e-06
17.68986169654139	5.556343390174048e-06
17.71743767683594	5.406369798663186e-06
17.74501365713049	5.260402702760232e-06
17.77258963742504	5.118337783213767e-06
17.80016561771959	4.980072554566381e-06
17.82774159801414	4.845506993800186e-06
17.85531757830869	4.714544617193975e-06
17.88289355860324	4.587090440208042e-06
17.91046953889779	4.463052007821396e-06
17.93804551919234	4.342339510236066e-06
17.96562149948689	4.224865239339922e-06
17.99319747978144	4.110543722312581e-06
18.02077346007599	3.999291521903837e-06
18.04834944037054	3.891027706234236e-06
18.07592542066509	3.785673184493052e-06
18.10350140095964	3.6831507127752e-06
18.13107738125419	3.58338549557808e-06
18.15865336154874	3.486304388017444e-06
18.18622934184329	3.391836095572444e-06
18.21380532213784	3.299911153408427e-06
18.24138130243239	3.210462018515035e-06
18.26895728272694	3.123422842304748e-06
18.29653326302149	3.038729363050084e-06
18.32410924331604	2.956319305556527e-06
18.35168522361059	2.876131613803487e-06
18.37926120390514	2.798106989752666e-06
18.40683718419969	2.722187907164439e-06
18.43441316449424	2.648318130322754e-06
18.46198914478879	2.57644279859433e-06
18.48956512508334	2.506508603115648e-06
18.51714110537789	2.438463657103078e-06
18.54471708567244	2.372257438320978e-06
18.57229306596699	2.307840668761581e-06
18.59986904626154	2.24516533140611e-06
18.62744502655609	2.184184864724009e-06
18.65502100685064	2.124853742400975e-06
18.68259698714519	2.067127833093294e-06
18.71017296743974	2.010963968461846e-06
18.73774894773429	1.95632028216303e-06
18.76532492802884	1.90315578058404e-06
18.79290090832339	1.851430925160343e-06
18.82047688861794	1.80110682761803e-06
18.84805286891249	1.752145958993789e-06
18.87562884920704	1.704511457924569e-06
18.90320482950159	1.658167840340517e-06
18.93078080979614	1.613080109388422e-06
18.95835679009069	1.569214699772227e-06
18.98593277038524	1.526538515671117e-06
19.01350875067979	1.485019560106116e-06
19.04108473097434	1.444626607669221e-06
19.06866071126889	1.405329296872423e-06
19.09623669156344	1.367098110665315e-06
19.12381267185799	1.329904194027249e-06
19.15138865215254	1.293719576899686e-06
19.17896463244709	1.258517061205701e-06
19.20654061274164	1.224270020494113e-06
19.23411659303619	1.190952745108834e-06
19.26169257333074	1.158540094559069e-06
19.28926855362529	1.127007555996003e-06
19.31684453391984	1.096331361098621e-06
19.34442051421439	1.066488383636611e-06
19.37199649450894	1.037456086108176e-06
19.39957247480349	1.009212484863514e-06
19.42714845509804	9.817362851782785e-07
19.45472443539259	9.550066458718966e-07
19.48230041568714	9.29003383836215e-07
19.50987639598169	9.03706919696025e-07
19.53745237627624	8.790980082092533e-07
19.56502835657079	8.551580545183225e-07
19.59260433686534	8.318689680985376e-07
19.62018031715989	8.092130438830572e-07
19.64775629745444	7.871731803670737e-07
19.67533227774899	7.657326677438329e-07
19.70290825804354	7.448752213301325e-07
19.73048423833809	7.245850421861357e-07
19.75806021863264	7.048467386985084e-07
19.78563619892719	6.856453939823804e-07
19.81321217922174	6.66966392230424e-07
19.84078815951629	6.487955959628599e-07
19.86836413981084	6.311191602046174e-07
19.89594012010539	6.139237042038756e-07
19.92351610039994	5.971961787498157e-07
19.95109208069449	5.809238604203413e-07
19.97866806098904	5.650943973976142e-07
20.00624404128359	5.496957504142901e-07
20.03382002157814	5.347162218100293e-07
20.06139600187269	5.201444639992901e-07
20.08897198216724	5.05969375994247e-07
20.11654796246179	4.921801725883695e-07
20.14412394275634	4.787663738328561e-07
20.17169992305089	4.657177763882361e-07
20.19927590334544	4.530244777748761e-07
20.22685188363999	4.406767995146769e-07
20.25442786393454	4.286653486710474e-07
20.2820038442291	4.169809878649254e-07
20.30957982452365	4.056147944434568e-07
20.3371558048182	3.945581871363179e-07
20.36473178511275	3.838027076725323e-07
20.3923077654073	3.733401630002336e-07
20.41988374570185	3.631625808150569e-07
20.4474597259964	3.532622329644613e-07
20.47503570629095	3.436315806565666e-07
20.5026116865855	3.342632706346302e-07
20.53018766688005	3.251501677089515e-07
20.5577636471746	3.162853263209107e-07
20.58533962746915	3.07661981633054e-07
20.6129156077637	2.992736079998543e-07
20.64049158805825	2.91113781496251e-07
20.6680675683528	2.831762786683914e-07
20.69564354864735	2.754550524378409e-07
20.7232195289419	2.679442011931613e-07
20.75079550923645	2.606380403955152e-07
20.778371489531	2.535309733407776e-07
20.80594746982555	2.466175787600822e-07
20.8335234501201	2.3989258012041e-07
20.86109943041465	2.33350825833104e-07
20.8886754107092	2.26987392556079e-07
20.91625139100375	2.207973892662358e-07
20.9438273712983	2.147760930829583e-07
20.97140335159285	2.089189081754747e-07
20.9989793318874	2.032213363386654e-07
21.02655531218195	1.97679094760401e-07
21.0541312924765	1.922879212622663e-07
21.08170727277105	1.870437010485378e-07
21.1092832530656	1.81942431256621e-07
21.13685923336015	1.769802179363432e-07
21.1644352136547	1.721532396693471e-07
21.19201119394925	1.67457881405278e-07
21.2195871742438	1.628905254755395e-07
21.24716315453835	1.584476836324512e-07
21.2747391348329	1.541259633245239e-07
21.30231511512745	1.499220460908659e-07
21.329891095422	1.458327563387162e-07
21.35746707571655	1.418549585940295e-07
21.3850430560111	1.379856137213232e-07
21.41261903630565	1.342217660121486e-07
21.4401950166002	1.305605258305868e-07
21.46777099689475	1.269991205924756e-07
21.4953469771893	1.235348259968912e-07
21.52292295748385	1.201649929233389e-07
21.5504989377784	1.168870459824761e-07
21.57807491807295	1.136984736627373e-07
21.6056508983675	1.105968500522857e-07
21.63322687866205	1.075798043844651e-07
21.6608028589566	1.046450328340165e-07
21.68837883925115	1.017902893836761e-07
21.7159548195457	9.90133857075756e-08
21.74353079984025	9.631221301521631e-08
21.7711067801348	9.368470551479867e-08
21.79868276042935	9.112885337522717e-08
21.8262587407239	8.864270170029294e-08
21.85383472101845	8.622435002750731e-08
21.881410701313	8.387195080625617e-08
21.90898668160755	8.158370655128573e-08
21.9365626619021	7.935787092761693e-08
21.96413864219665	7.71927406785002e-08
21.9917146224912	7.508665727616396e-08
22.01929060278575	7.30380139715543e-08
22.0468665830803	7.104524814868121e-08
22.07444256337485	6.910683428538244e-08
22.1020185436694	6.722129070314145e-08
22.12959452396395	6.538717297544477e-08
22.1571705042585	6.360308161777994e-08
22.18474648455305	6.186765228829248e-08
22.2123224648476	6.017955948480963e-08
22.23989844514215	5.853751083043839e-08
22.2674744254367	5.694024979450573e-08
22.29505040573125	5.538655651500145e-08
22.3226263860258	5.387524498102696e-08
22.35020236632035	5.240515780619783e-08
22.3777783466149	5.097517151351391e-08
22.40535432690945	4.958419142907198e-08
22.432930307204	4.82311557308096e-08
22.46050628749855	4.691502688272805e-08
22.4880822677931	4.56348009765693e-08
22.51565824808765	4.438949820364088e-08
22.5432342283822	4.317816498500806e-08
22.57081020867675	4.199987620742795e-08
22.5983861889713	4.085373234610173e-08
22.62596216926585	3.973885531332853e-08
22.6535381495604	3.865439139968748e-08
22.68111412985495	3.759951369554419e-08
22.7086901101495	3.657341126569591e-08
22.73626609044405	3.557530242240794e-08
22.7638420707386	3.460442426340568e-08
22.79141805103315	3.366003185332768e-08
22.8189940313277	3.274140299033905e-08
22.84657001162225	3.184783648279931e-08
22.87414599191681	3.097864936290271e-08
22.90172197221136	3.013317555112397e-08
22.92929795250591	2.931076857939888e-08
22.95687393280046	2.851079862107889e-08
22.98444991309501	2.773265409294821e-08
23.01202589338956	2.697574005518451e-08
23.03960187368411	2.623947661664999e-08
23.06717785397866	2.552330118548099e-08
23.09475383427321	2.482666526245716e-08
23.12232981456776	2.414903718006139e-08
23.14990579486231	2.348989728965259e-08
23.17748177515686	2.284874171363085e-08
23.20505775545141	2.222508036746864e-08
23.23263373574596	2.161843566129275e-08
23.26020971604051	2.10283421202816e-08
23.28778569633506	2.04543508888658e-08
23.31536167662961	1.989601956733877e-08
23.34293765692416	1.935292433866263e-08
23.37051363721871	1.882464602463127e-08
23.39808961751326	1.831078405424728e-08
23.42566559780781	1.78109426823917e-08
23.45324157810236	1.732474061582342e-08
23.48081755839691	1.685180551261908e-08
23.50839353869146	1.639177530440161e-08
23.53596951898601	1.594429797230242e-08
23.56354549928056	1.550903081497521e-08
23.59112147957511	1.508564109513645e-08
23.61869745986966	1.467380492838625e-08
23.64627344016421	1.427320642131672e-08
23.67384942045876	1.388353982530045e-08
23.70142540075331	1.350450636783666e-08
23.72900138104786	1.313581639530389e-08
23.75657736134241	1.277718793418064e-08
23.78415334163696	1.242834566230271e-08
23.81172932193151	1.208902270393084e-08
23.83930530222606	1.175896009068317e-08
23.86688128252061	1.143790463103945e-08
23.89445726281516	1.112561025397922e-08
23.92203324310971	1.082183826941338e-08
23.94960922340426	1.052635687567022e-08
23.97718520369881	1.02389390037721e-08
24.00476118399336	9.959364476562304e-09
24.03233716428791	9.687420308957221e-09
24.05991314458246	9.422897807675273e-09
24.08748912487701	9.165594154244282e-09
24.11506510517156	8.915312504518111e-09
24.14264108546611	8.6718616634571e-09
24.17021706576066	8.435054967802135e-09
24.19779304605521	8.20471067572262e-09
24.22536902634976	7.980653495270066e-09
24.25294500664431	7.762710832236319e-09
24.28052098693886	7.550716665611796e-09
24.30809696723341	7.3445086400709e-09
24.33567294752796	7.143928481366738e-09
24.36324892782251	6.948822776076106e-09
24.39082490811706	6.759042070268965e-09
24.41840088841161	6.574441169042747e-09
24.44597686870616	6.394878543692924e-09
24.47355284900071	6.220216478484659e-09
24.50112882929526	6.050322231506815e-09
24.52870480958981	5.885065044398475e-09
24.55628078988436	5.724318096507974e-09
24.58385677017891	5.567959195572665e-09
24.61143275047346	5.415868039093054e-09
24.63900873076801	5.267928040679205e-09
24.66658471106256	5.12402607991319e-09
24.69416069135711	4.984051999335485e-09
24.72173667165166	4.847898731867004e-09
24.74931265194621	4.715461061798236e-09
24.77688863224076	4.586639231913084e-09
24.80446461253531	4.461333801813079e-09
24.83204059282986	4.339448743030421e-09
24.85961657312441	4.220890079285265e-09
24.88719255341896	4.105568302805028e-09
24.91476853371351	3.993394302905587e-09
24.94234451400806	3.884282353873979e-09
24.96992049430261	3.778148882982556e-09
24.99749647459716	3.674912722640578e-09
25.02507245489171	3.574494541250832e-09
25.05264843518626	3.476817452821446e-09
25.08022441548081	3.381806976932377e-09
25.10780039577536	3.28939006184857e-09
25.13537637606991	3.199496033496745e-09
25.16295235636446	3.112055962410287e-09
25.19052833665901	3.027003006673802e-09
25.21810431695356	2.944271935099679e-09
25.24568029724811	2.863799380595792e-09
25.27325627754266	2.785523739163656e-09
25.30083225783721	2.709384692951532e-09
25.32840823813176	2.635324517385647e-09
25.35598421842631	2.563286238223381e-09
25.38356019872086	2.493214656557993e-09
25.41113617901541	2.425056004253773e-09
25.43871215930996	2.358758190530395e-09
25.46628813960452	2.294270234621535e-09
25.49386411989907	2.231543020067278e-09
25.52144010019362	2.170528383981332e-09
25.54901608048817	2.111179653084623e-09
25.57659206078272	2.053451187103883e-09
25.60416804107727	1.997298776493699e-09
25.63174402137182	1.942679403208156e-09
25.65932000166637	1.889551402518088e-09
25.68689598196092	1.837873980655323e-09
25.71447196225547	1.78760748803171e-09
25.74204794255002	1.738713400554068e-09
25.76962392284457	1.691154365733786e-09
25.79719990313912	1.644893704276832e-09
25.82477588343367	1.599896284856274e-09
25.85235186372822	1.556127603302942e-09
25.87992784402277	1.513553781637911e-09
25.90750382431732	1.47214252495706e-09
25.93507980461187	1.431861904801593e-09
25.96265578490642	1.392681266417536e-09
25.99023176520097	1.354570448524352e-09
26.01780774549552	1.317500334734764e-09
26.04538372579007	1.281442401403349e-09
26.07295970608462	1.246369105736992e-09
26.10053568637917	1.212253412887076e-09
26.12811166667372	1.179069325062821e-09
26.15568764696827	1.146791528578414e-09
26.18326362726282	1.115395102393258e-09
26.21083960755737	1.084856025276692e-09
26.23841558785192	1.055150731322512e-09
26.26599156814647	1.026256736547011e-09
26.29356754844102	9.981518477218599e-10
26.32114352873557	9.70814428674899e-10
26.34871950903012	9.442233837439006e-10
26.37629548932467	9.183586880047044e-10
26.40387146961922	8.932003122060609e-10
26.43144744991377	8.687289845900635e-10
26.45902343020832	8.449259766947798e-10
26.48659941050287	8.217728849121143e-10
26.51417539079742	7.992522711444266e-10
26.54175137109197	7.773466466587495e-10
26.56932735138652	7.5603929998648e-10
26.59690333168107	7.353137423294937e-10
26.62447931197562	7.151542916528112e-10
26.65205529227017	6.955455050408266e-10
26.67963127256472	6.764722619396495e-10
26.70720725285927	6.579198640942729e-10
26.73478323315382	6.398740925716931e-10
26.76235921344837	6.223213250283671e-10
26.78993519374292	6.052478919680972e-10
26.81751117403747	5.886408808609683e-10
26.84508715433202	5.724873586717806e-10
26.87266313462657	5.56775117092614e-10
26.90023911492112	5.414920299355826e-10
26.92781509521567	5.266263807665702e-10
26.95539107551022	5.121666445231258e-10
26.98296705580477	4.981019784612679e-10
27.01054303609932	4.844215120858438e-10
27.03811901639387	4.711145906316816e-10
27.06569499668842	4.581713451517522e-10
27.09327097698297	4.455815179861693e-10
27.12084695727752	4.333356448573413e-10
27.14842293757207	4.214242028871886e-10
27.17599891786662	4.098382325280657e-10
27.20357489816117	3.985687389242336e-10
27.23115087845572	3.8760696869005e-10
27.25872685875027	3.769447665241295e-10
27.28630283904482	3.665738319676596e-10
27.31387881933937	3.564862049949532e-10
27.34145479963392	3.466740321977897e-10
27.36903077992847	3.371300367873375e-10
27.39660676022302	3.278467707106773e-10
27.42418274051757	3.188170228963761e-10
27.45175872081212	3.100340409359956e-10
27.47933470110667	3.014910130170321e-10
27.50691068140122	2.931812478808311e-10
27.53448666169577	2.850986335973251e-10
27.56206264199032	2.77236826916119e-10
27.58963862228487	2.695897051602292e-10
27.61721460257942	2.621516205585078e-10
27.64479058287397	2.549167531897745e-10
27.67236656316852	2.478794799588819e-10
27.69994254346307	2.410345488551754e-10
27.72751852375762	2.343766647843505e-10
27.75509450405217	2.27900584374116e-10
27.78267048434672	2.216014705683484e-10
27.81024646464127	2.154743959277883e-10
27.83782244493582	2.095148655629858e-10
27.86539842523037	2.037181686820375e-10
27.89297440552492	1.980797841041678e-10
27.92055038581947	1.925955382794016e-10
27.94812636611402	1.872609719884313e-10
27.97570234640857	1.820724000794916e-10
28.00327832670312	1.770255556257999e-10
28.03085430699767	1.721165059625028e-10
28.05843028729223	1.67341705686994e-10
28.08600626758678	1.62697314207622e-10
28.11358224788133	1.581799140166198e-10
28.14115822817588	1.537859467025876e-10
28.16873420847043	1.495119584440099e-10
28.19631018876498	1.453548692779893e-10
28.22388616905953	1.413112791658738e-10
28.25146214935408	1.373782963464088e-10
28.27903812964863	1.335527380760919e-10
28.30661410994318	1.298317693105242e-10
28.33419009023773	1.262124070475605e-10
28.36176607053228	1.226920582319284e-10
28.38934205082683	1.192678206626496e-10
28.41691803112138	1.159372682342919e-10
28.44449401141593	1.126976643168466e-10
28.47206999171048	1.09546683029005e-10
28.49964597200503	1.064817109822501e-10
28.52722195229958	1.03500619575189e-10
28.55479793259413	1.006008986611602e-10
28.58237391288868	9.778052776014823e-11
28.60994989318323	9.50371915502002e-11
28.63752587347778	9.236890171593383e-11
28.66510185377233	8.977344536003228e-11
28.69267783406688	8.72489415727917e-11
28.72025381436143	8.479352195108995e-11
28.74782979465598	8.240516920615579e-11
28.77540577495053	8.008216338383388e-11
28.80298175524508	7.782256229116689e-11
28.83055773553963	7.56247224308949e-11
28.85813371583418	7.348705960439158e-11
28.88570969612873	7.140777315782177e-11
28.91328567642328	6.938529294495067e-11
28.94086165671783	6.741817136523849e-11
28.96843763701238	6.550483277102241e-11
28.99601361730693	6.364379292401241e-11
29.02358959760148	6.183362926435759e-11
29.05116557789603	6.007294802891749e-11
29.07874155819058	5.83604028192371e-11
29.10631753848513	5.669467832105385e-11
29.13389351877968	5.507456205186816e-11
29.16146949907423	5.349859888765408e-11
29.18904547936878	5.196579353283999e-11
29.21662145966333	5.047489908491223e-11
29.24419743995788	4.902475781256986e-11
29.27177342025243	4.761427369989711e-11
29.29934940054698	4.624235314931876e-11
29.32692538084153	4.490793819869369e-11
29.35450136113608	4.361001339511792e-11
29.38207734143063	4.234757922815842e-11
29.40965332172518	4.111965539413103e-11
29.43722930201973	3.992531360733676e-11
29.46480528231428	3.876363111935764e-11
29.49238126260883	3.763370586654445e-11
29.51995724290338	3.653468417620824e-11
29.54753322319793	3.546575175031486e-11
29.57510920349248	3.442597314663318e-11
29.60268518378703	3.341466849483157e-11
29.63026116408158	3.243101141200693e-11
29.65783714437613	3.147426034264857e-11
29.68541312467068	3.054364554748185e-11
29.71298910496523	2.963852914732946e-11
29.74056508525978	2.875814376346078e-11
29.76814106555433	2.790183158587186e-11
29.79571704584888	2.70689418115769e-11
29.82329302614343	2.625882507660305e-11
29.85086900643798	2.547087006620183e-11
29.87844498673253	2.470445948211866e-11
29.90602096702708	2.39590150206095e-11
29.93359694732163	2.323395489922061e-11
29.96117292761618	2.25287297933041e-11
29.98874890791073	2.184278706036186e-11
30.01632488820528	2.117561566765053e-11
30.04390086849983	2.052668029954004e-11
30.07147684879438	1.989549661568404e-11
30.09905282908893	1.928158638979406e-11
30.12662880938348	1.868446101846974e-11
30.15420478967803	1.810367769863617e-11
30.18178076997258	1.753876900852925e-11
30.20935675026713	1.698931724841449e-11
30.23693273056168	1.645490283044564e-11
30.26450871085623	1.593509558240774e-11
30.29208469115078	1.542951151727978e-11
30.31966067144533	1.493775737724811e-11
30.34723665173988	1.445946442431535e-11
30.37481263203443	1.399424682954498e-11
30.40238861232898	1.354175753332782e-11
30.42996459262353	1.310164859347022e-11
30.45754057291808	1.26735778967916e-11
30.48511655321263	1.2257215488932e-11
30.51269253350718	1.18522808201968e-11
30.54026851380173	1.145837608685434e-11
30.56784449409628	1.10752635113992e-11
30.59542047439083	1.070263349703875e-11
30.62299645468539	1.034023228890659e-11
30.65057243497994	9.987672048976381e-12
30.67814841527449	9.644805161285413e-12
30.70572439556904	9.311315219159083e-12
30.73330037586359	8.986950285221199e-12
30.76087635615814	8.671462521344073e-12
30.78845233645269	8.364598816234618e-12
30.81602831674724	8.066141463182459e-12
30.84360429704179	7.775850953685542e-12
30.87118027733634	7.493496274294841e-12
30.89875625763089	7.218875686270713e-12
30.92633223792544	6.951763276223359e-12
30.95390821821999	6.691959134533557e-12
30.98148419851454	6.439275490795779e-12
31.00906017880909	6.193497712312048e-12
31.03663615910364	5.954449075753922e-12
31.06421213939819	5.721942117385939e-12
31.09178811969274	5.495798117677078e-12
31.11936409998729	5.275843136893274e-12
31.14694008028184	5.061907852583173e-12
31.17451606057639	4.853827724950229e-12
31.20209204087094	4.651442454026809e-12
31.22966802116549	4.454596272781623e-12
31.25724400146004	4.263137764676173e-12
31.28481998175459	4.07691938129833e-12
31.31239596204914	3.895797822678106e-12
31.33997194234369	3.719633754429133e-12
31.36754792263824	3.548291501358151e-12
31.39512390293279	3.381639106494092e-12
31.42269988322734	3.219548407645704e-12
31.45027586352189	3.061894568315841e-12
31.47785184381644	2.908556148097845e-12
31.50542782411099	2.759415079128508e-12
31.53300380440554	2.614356522998971e-12
31.56057978470009	2.473268782521354e-12
31.58815576499464	2.336043215855325e-12
31.61573174528919	2.202574152934113e-12
31.64330772558374	2.072758814135548e-12
31.67088370587829	1.946497231140769e-12
31.69845968617284	1.823692169925082e-12
31.72603566646739	1.704249055828873e-12
31.75361164676194	1.588075900653045e-12
31.78118762705649	1.475083231729014e-12
31.80876360735104	1.365184022911461e-12
31.83633958764559	1.258293627444201e-12
31.86391556794014	1.154329712650416e-12
31.89149154823469	1.053212196399792e-12
31.91906752852924	9.548631853057072e-13
31.94664350882379	8.592069146069035e-13
31.97421948911834	7.661696896898352e-13
32.00179546941289	6.756798292073385e-13
32.02937144970744	5.876676097516164e-13
32.05694743000199	5.020652120408921e-13
32.08452341029654	4.188066685776337e-13
32.11209939059109	3.378278127410835e-13
32.13967537088564	2.590662292740348e-13
32.16725135118019	1.82461206127233e-13
32.19482733147474	1.079536876248976e-13
32.22240331176929	3.548622891550877e-14
0
1000	105.6583745	100000000000000.1
5	0	0	1
5	0	0	0
4.673998997513734	-2.514378683162532e-06
4.701574977808284	-2.003591119284648e-06
4.729150958102834	-1.985134094360737e-06
4.756726938397384	-2.034571268175888e-06
4.784302918691934	-2.093051510405345e-06
4.811878898986484	-2.144927997033899e-06
4.839454879281035	-2.185651402171125e-06
4.867030859575585	-2.214438048935229e-06
4.894606839870135	-2.231919445291047e-06
4.922182820164685	-2.239240601444218e-06
4.949758800459235	-2.237680433436375e-06
4.977334780753785	-2.228487176153947e-06
5.004910761048335	-2.212809904726486e-06
5.032486741342885	-2.191674945624994e-06
5.060062721637435	-2.165983458462535e-06
5.087638701931986	-2.136518681227103e-06
5.115214682226536	-2.103957115459191e-06
5.142790662521086	-2.068880794922757e-06
5.170366642815636	-2.031789245922837e-06
5.197942623110186	-1.993110507760717e-06
5.225518603404736	-1.953210977131087e-06
5.253094583699286	-1.912404042303656e-06
5.280670563993836	-1.870957571437503e-06
5.308246544288386	-1.829100362360685e-06
5.335822524582936	-1.787027674715567e-06
5.363398504877487	-1.744905963846661e-06
5.390974485172037	-1.702876927062919e-06
5.418550465466587	-1.661060961228218e-06
5.446126445761137	-1.619560118306572e-06
5.473702426055687	-1.578460633673649e-06
5.501278406350237	-1.538105663176833e-06
5.528854386644787	-1.497971215638128e-06
5.556430366939337	-1.458408052361265e-06
5.584006347233887	-1.419463627384392e-06
5.611582327528438	-1.381177319978935e-06
5.639158307822988	-1.343581372154297e-06
5.666734288117538	-1.306701726371137e-06
5.694310268412088	-1.270558773055585e-06
5.721886248706638	-1.235168016896126e-06
5.749462229001188	-1.200540670225415e-06
5.777038209295738	-1.166714974242461e-06
5.804614189590288	-1.133627437263397e-06
5.832190169884838	-1.101313379069888e-06
5.859766150179389	-1.0697727412893e-06
5.887342130473939	-1.039003087379698e-06
5.914918110768489	-1.00899996591442e-06
5.942494091063039	-9.797571896242488e-07
5.970070071357589	-9.512670727795843e-07
5.997646051652139	-9.235206398955465e-07
6.025222031946689	-8.965078112220992e-07
6.052798012241239	-8.703344775894942e-07
6.080373992535789	-8.447365924783098e-07
6.107949972830339	-8.19830628864054e-07
6.13552595312489	-7.956060834448364e-07
6.16310193341944	-7.72051886290468e-07
6.19067791371399	-7.491564352420732e-07
6.21825389400854	-7.269076411365989e-07
6.24582987430309	-7.052929804215219e-07
6.27340585459764	-6.842995523260104e-07
6.30098183489219	-6.639141382880928e-07
6.32855781518674	-6.440827034240737e-07
6.35613379548129	-6.248792589531361e-07
6.383709775775841	-6.062449594522672e-07
6.411285756070391	-5.881650268101012e-07
6.438861736364941	-5.706247116157349e-07
6.466437716659491	-5.536093547440722e-07
6.494013696954041	-5.37104438055053e-07
6.521589677248591	-5.210956258601703e-07
6.549165657543141	-5.055687985579748e-07
6.576741637837691	-4.905100796284067e-07
6.604317618132241	-4.759026480007675e-07
6.631893598426791	-4.617401032925919e-07
6.659469578721342	-4.480058559927743e-07
6.687045559015892	-4.346871039585905e-07
6.714621539310442	-4.217713584034354e-07
6.742197519604992	-4.092464513855315e-07
6.769773499899542	-3.971005296690692e-07
6.797349480194092	-3.853220682087695e-07
6.824925460488642	-3.73899858602711e-07
6.852501440783192	-3.628230102142931e-07
6.880077421077742	-3.520820070500947e-07
6.907653401372293	-3.41664296676798e-07
6.935229381666843	-3.315610772541489e-07
6.962805361961393	-3.21762703016243e-07
6.990381342255943	-3.122598185284629e-07
7.017957322550493	-3.030433515441621e-07
7.045533302845043	-2.941045057950473e-07
7.073109283139593	-2.854347537561436e-07
7.100685263434143	-2.770258294199467e-07
7.128261243728693	-2.688697211089105e-07
7.155837224023244	-2.609582891822297e-07
7.183413204317794	-2.532848156511892e-07
7.210989184612344	-2.458416001114396e-07
7.238565164906894	-2.386215703812464e-07
7.266141145201444	-2.316178741342426e-07
7.293717125495994	-2.248238725140163e-07
7.321293105790544	-2.182331338362554e-07
7.348869086085094	-2.118394273943351e-07
7.376445066379644	-2.056367173809192e-07
7.404021046674194	-1.996191569353639e-07
7.431597026968745	-1.937808016292862e-07
7.459173007263295	-1.881167691794003e-07
7.486748987557845	-1.826214378512349e-07
7.514324967852395	-1.772896541156004e-07
7.541900948146945	-1.721164259038845e-07
7.569476928441495	-1.670969176331063e-07
7.597052908736045	-1.622264453372451e-07
7.624628889030595	-1.575004719123392e-07
7.652204869325145	-1.529146024806548e-07
7.679780849619696	-1.484645798774396e-07
7.707356829914246	-1.441460252220895e-07
7.734932810208796	-1.399554947002564e-07
7.762508790503346	-1.358888357819581e-07
7.790084770797896	-1.319422943030998e-07
7.817660751092446	-1.281122335131506e-07
7.845236731386996	-1.243951303592624e-07
7.872812711681546	-1.207875718570593e-07
7.900388691976096	-1.172862515546023e-07
7.927964672270646	-1.138879660934602e-07
7.955540652565197	-1.105896118688608e-07
7.983116632859747	-1.073798045735925e-07
8.010692613154298	-1.042784227813474e-07
8.038268593448848	-1.012631193915711e-07
8.065844573743398	-9.833564097123054e-08
8.093420554037948	-9.549373377526637e-08
8.120996534332498	-9.273493050144783e-08
8.148572514627048	-9.005677906107788e-08
8.176148494921598	-8.745688361913799e-08
8.203724475216148	-8.493291463720237e-08
8.231300455510699	-8.248261112738643e-08
8.258876435805249	-8.010327231937988e-08
8.286452416099799	-7.779384813822701e-08
8.314028396394349	-7.555174814256409e-08
8.341604376688899	-7.337497156126467e-08
8.369180356983449	-7.126157866798421e-08
8.396756337277999	-6.920968885244763e-08
8.424332317572549	-6.721747875185412e-08
8.451908297867099	-6.528318044132437e-08
8.47948427816165	-6.340507968200634e-08
8.5070602584562	-6.158151422524783e-08
8.53463623875075	-5.980765640767304e-08
8.5622122190453	-5.809134597177869e-08
8.58978819933985	-5.642206506564418e-08
8.6173641796344	-5.480105738125461e-08
8.64494015992895	-5.32269677894488e-08
8.6725161402235	-5.169842895369321e-08
8.70009212051805	-5.021410522784657e-08
8.7276681008126	-4.877269839843314e-08
8.755244081107151	-4.737294825493005e-08
8.782820061401701	-4.601363199518689e-08
8.810396041696251	-4.46935546694858e-08
8.837972021990801	-4.341158495823446e-08
8.865548002285351	-4.216659543120216e-08
8.893123982579901	-4.095750283925874e-08
8.920699962874451	-3.978325637007132e-08
8.948275943169001	-3.864283664442398e-08
8.975851923463551	-3.753525474525265e-08
9.003427903758102	-3.645955127823659e-08
9.031003884052652	-3.541479546283387e-08
9.058579864347202	-3.440008425269367e-08
9.086155844641752	-3.341454637529976e-08
9.113731824936302	-3.245732138804076e-08
9.141307805230852	-3.152758953069286e-08
9.168883785525402	-3.062455051982462e-08
9.196459765819952	-2.974742782725896e-08
9.224035746114502	-2.889546795441946e-08
9.251611726409052	-2.806793972986047e-08
9.279187706703603	-2.726413362918649e-08
9.306763686998153	-2.648336111659672e-08
9.334339667292703	-2.572495400732002e-08
9.361915647587253	-2.498826604032352e-08
9.389491627881803	-2.427266326889905e-08
9.417067608176353	-2.357753721325904e-08
9.444643588470903	-2.290229514209819e-08
9.472219568765453	-2.22463617822511e-08
9.499795549060003	-2.160917879141648e-08
9.527371529354554	-2.09902042472812e-08
9.554947509649104	-2.038891215210259e-08
9.582523489943654	-1.980479195007392e-08
9.610099470238204	-1.923734803265556e-08
9.637675450532754	-1.868610067151725e-08
9.665251430827304	-1.815058037948753e-08
9.692827411121854	-1.763033511548978e-08
9.720403391416404	-1.712492489860104e-08
9.747979371710954	-1.663392261953225e-08
9.775555352005505	-1.615691365589715e-08
9.803131332300055	-1.569349549938195e-08
9.830707312594605	-1.524327739442818e-08
9.858283292889155	-1.480587998805382e-08
9.885859273183705	-1.438093499045199e-08
9.913435253478255	-1.396808540806448e-08
9.941011233772805	-1.356698290914778e-08
9.968587214067355	-1.317729104857356e-08
9.996163194361905	-1.279868260748527e-08
10.02373917465646	-1.243083988426711e-08
10.05131515495101	-1.207345441260541e-08
10.07889113524556	-1.172622668815918e-08
10.10646711554011	-1.138886590356475e-08
10.13404309583466	-1.106108969150811e-08
10.16161907612921	-1.074262387560815e-08
10.18919505642376	-1.043320262990096e-08
10.21677103671831	-1.013256659228016e-08
10.24434701701286	-9.840465159272866e-09
10.27192299730741	-9.556654580975709e-09
10.29949897760196	-9.280898162451896e-09
10.32707495789651	-9.012966056344738e-09
10.35465093819106	-8.752635061754398e-09
10.38222691848561	-8.499688429180444e-09
10.40980289878016	-8.253915671339158e-09
10.43737887907471	-8.015112379671347e-09
10.46495485936926	-7.78308028783893e-09
10.49253083966381	-7.557626101890755e-09
10.52010681995836	-7.338562859101936e-09
10.54768280025291	-7.125708742804035e-09
10.57525878054746	-6.918887177258643e-09
10.60283476084201	-6.717926674605633e-09
10.63041074113656	-6.522660686390156e-09
10.65798672143111	-6.332927459525516e-09
10.68556270172566	-6.148569896553868e-09
10.71313868202021	-5.969435420071075e-09
10.74071466231476	-5.79537604910551e-09
10.76829064260931	-5.626247411860027e-09
10.79586662290386	-5.461909939542507e-09
10.82344260319841	-5.30222786190843e-09
10.85101858349296	-5.147069309201994e-09
10.87859456378751	-4.996306198849166e-09
10.90617054408206	-4.849814125513981e-09
10.93374652437661	-4.707472254413682e-09
10.96132250467116	-4.569163217791747e-09
10.98889848496571	-4.434773014451197e-09
11.01647446526026	-4.304191155128312e-09
11.04405044555481	-4.177309562790082e-09
11.07162642584936	-4.054024023180343e-09
11.09920240614391	-3.934233059301785e-09
11.12677838643846	-3.817838101273005e-09
11.15435436673301	-3.704743402164721e-09
11.18193034702756	-3.594855956321724e-09
11.20950632732211	-3.488085420092913e-09
11.23708230761666	-3.384344034894371e-09
11.26465828791121	-3.283546552532976e-09
11.29223426820576	-3.1856107836504e-09
11.31981024850031	-3.090454957098918e-09
11.34738622879486	-2.998001597493083e-09
11.37496220908941	-2.908174806065601e-09
11.40253818938396	-2.820900852945117e-09
11.43011416967851	-2.736108114247258e-09
11.45769014997306	-2.653727011053047e-09
11.48526613026761	-2.57368995020988e-09
11.51284211056216	-2.49593126689311e-09
11.54041809085671	-2.420387168869044e-09
11.56799407115126	-2.346996356302092e-09
11.59557005144581	-2.275697166720973e-09
11.62314603174036	-2.206431852101765e-09
11.65072201203491	-2.139143599643243e-09
11.67829799232946	-2.073777213238655e-09
11.70587397262401	-2.010279066526086e-09
11.73344995291856	-1.948597057388475e-09
11.76102593321311	-1.888680563838882e-09
11.78860191350766	-1.830480401232698e-09
11.81617789380221	-1.773948780753616e-09
11.84375387409676	-1.71903916002971e-09
11.87132985439131	-1.665706656111207e-09
11.89890583468586	-1.613907312404148e-09
11.92648181498041	-1.563598530030098e-09
11.95405779527496	-1.51473891587938e-09
11.98163377556951	-1.467288247871415e-09
12.00920975586406	-1.42120744119386e-09
12.03678573615861	-1.376458515491617e-09
12.06436171645316	-1.333004562977841e-09
12.09193769674771	-1.290809717439969e-09
12.11951367704226	-1.2498390457601e-09
12.14708965733681	-1.210058841022855e-09
12.17466563763136	-1.171436102823597e-09
12.20224161792591	-1.133938837207693e-09
12.22981759822046	-1.097535949173812e-09
12.25739357851501	-1.062197216564557e-09
12.28496955880956	-1.027893264683985e-09
12.31254553910411	-9.945955416220739e-10
12.34012151939866	-9.622762942668839e-10
12.36769749969321	-9.309085449857705e-10
12.39527347998776	-9.004660863402872e-10
12.42284946028231	-8.709233878607476e-10
12.45042544057686	-8.422556824756242e-10
12.47800142087141	-8.144388742265976e-10
12.50557740116597	-7.874495355369657e-10
12.53315338146052	-7.612648875460357e-10
12.56072936175507	-7.358627809983274e-10
12.58830534204962	-7.112216776734496e-10
12.61588132234417	-6.873206323430067e-10
12.64345730263872	-6.641392752413408e-10
12.67103328293327	-6.416577950319573e-10
12.69860926322782	-6.198569223392015e-10
12.72618524352237	-5.987179134833157e-10
12.75376122381692	-5.782225350887644e-10
12.78133720411147	-5.583530488776179e-10
12.80891318440602	-5.390921969705722e-10
12.83648916470057	-5.204231876208289e-10
12.86406514499512	-5.023296813707645e-10
12.89164112528967	-4.847957776216312e-10
12.91921710558422	-4.678060016068084e-10
12.94679308587877	-4.513452889331373e-10
12.97436906617332	-4.353989849491067e-10
13.00194504646787	-4.199528152002649e-10
13.02952102676242	-4.049928856990102e-10
13.05709700705697	-3.905056688879643e-10
13.08467298735152	-3.764779928498282e-10
13.11224896764607	-3.628970308607322e-10
13.13982494794062	-3.49750291279267e-10
13.16740092823517	-3.37025607763507e-10
13.19497690852972	-3.247111298084524e-10
13.22255288882427	-3.12795321340627e-10
13.25012886911882	-3.012669200629906e-10
13.27770484941337	-2.901149772758965e-10
13.30528082970792	-2.793288174483445e-10
13.33285681000247	-2.688980381457632e-10
13.36043279029702	-2.588125023317099e-10
13.38800877059157	-2.490623309389457e-10
13.41558475088612	-2.396378957027633e-10
13.44316073118067	-2.305298122494424e-10
13.47073671147522	-2.217289334327215e-10
13.49831269176977	-2.132263354769968e-10
13.52588867206432	-2.05013342312972e-10
13.55346465235887	-1.970814732264069e-10
13.58104063265342	-1.894224679628789e-10
13.60861661294797	-1.820282736247174e-10
13.63619259324252	-1.748910393484735e-10
13.66376857353707	-1.680031111803754e-10
13.69134455383162	-1.613570271426541e-10
13.71892053412617	-1.549455124836334e-10
13.74649651442072	-1.487614751044988e-10
13.77407249471527	-1.427979984235223e-10
13.80164847500982	-1.370483483490257e-10
13.82922445530437	-1.315059521596551e-10
13.85680043559892	-1.261644058897326e-10
13.88437641589347	-1.210174677558752e-10
13.91195239618802	-1.160590544981249e-10
13.93952837648257	-1.112832378494821e-10
13.96710435677712	-1.066842411272855e-10
13.99468033707167	-1.022564359400051e-10
14.02225631736622	-9.799433900314168e-11
14.04983229766077	-9.389260432296387e-11
14.07740827795532	-8.994603968023334e-11
14.10498425824987	-8.614957410275744e-11
14.13256023854442	-8.24982747974418e-11
14.16013621883897	-7.898733957093128e-11
14.18771219913352	-7.561209417880242e-11
14.21528817942807	-7.236798974430634e-11
14.24286415972262	-6.925060024183345e-11
14.27044014001717	-6.625562004049758e-11
14.29801612031172	-6.33788615034678e-11
14.32559210060627	-6.061624738879107e-11
14.35316808090082	-5.796383015607571e-11
14.38074406119537	-5.541775677416115e-11
14.40832004148992	-5.297428847347155e-11
14.43589602178447	-5.062979316177761e-11
14.46347200207902	-4.838074328230746e-11
14.49104798237357	-4.622371370354345e-11
14.51862396266812	-4.41553796382763e-11
14.54619994296267	-4.21725145897228e-11
14.57377592325722	-4.027198832274208e-11
14.60135190355177	-3.845076142009889e-11
14.62892788384632	-3.670589745931242e-11
14.65650386414087	-3.503453944828767e-11
14.68407984443542	-3.343392230346541e-11
14.71165582472997	-3.190136737391827e-11
14.73923180502452	-3.043428053564651e-11
14.76680778531907	-2.903015030282757e-11
14.79438376561362	-2.768654595560607e-11
14.82195974590817	-2.640111568415868e-11
14.84953572620272	-2.517158474890315e-11
14.87711170649727	-2.399575083123017e-11
14.90468768679182	-2.287149387182626e-11
14.93226366708637	-2.179675649804858e-11
14.95983964738092	-2.076955413349474e-11
14.98741562767547	-1.978797031289606e-11
15.01499160797002	-1.885015494419754e-11
15.04256758826457	-1.795432258854731e-11
15.07014356855912	-1.709875075875993e-11
15.09771954885368	-1.628177823685611e-11
15.12529552914823	-1.550180341130894e-11
15.15287150944278	-1.47572807153178e-11
15.18044748973733	-1.404672692054233e-11
15.20802347003188	-1.336870744304075e-11
15.23559945032643	-1.272184285532801e-11
15.26317543062098	-1.210480533761634e-11
15.29075141091553	-1.151631714817351e-11
15.31832739121008	-1.095514911778752e-11
15.34590337150463	-1.042011916893492e-11
15.37347935179918	-9.910090860218628e-12
15.40105533209373	-9.423971956606086e-12
15.42863131238828	-8.960711565271463e-12
15.45620729268283	-8.519304786138396e-12
15.48378327297738	-8.098782145760348e-12
15.51135925327193	-7.698214444865948e-12
15.53893523356648	-7.316709942074654e-12
15.56651121386103	-6.953413088608108e-12
15.59408719415558	-6.607503291205944e-12
15.62166317445013	-6.278193703430423e-12
15.64923915474468	-5.964730045495581e-12
15.67681513503923	-5.666389452708936e-12
15.70439111533378	-5.382478436697013e-12
15.73196709562833	-5.112335572023298e-12
15.75954307592288	-4.855324645752312e-12
15.78711905621743	-4.610837495111757e-12
15.81469503651198	-4.378292042310928e-12
15.84227101680653	-4.157131314490975e-12
15.86984699710108	-3.946822491582155e-12
15.89742297739563	-3.746855981828116e-12
15.92499895769018	-3.556744524703115e-12
15.95257493798473	-3.37602232091552e-12
15.98015091827928	-3.204243586620771e-12
16.00772689857383	-3.040984224927435e-12
16.03530287886838	-2.885837225917242e-12
16.06287885916293	-2.738414454223809e-12
16.09045483945748	-2.598345278505173e-12
16.11803081975203	-2.465275856348426e-12
16.14560680004658	-2.338868443340273e-12
16.17318278034113	-2.218800725823369e-12
16.20075876063568	-2.104765176844693e-12
16.22833474093023	-1.996468434790472e-12
16.25591072122478	-1.89363031386335e-12
16.28348670151933	-1.795984839042815e-12
16.31106268181388	-1.703277220265325e-12
16.33863866210843	-1.615264972332133e-12
16.36621464240298	-1.531716990101247e-12
16.39379062269753	-1.452413052427522e-12
16.42136660299208	-1.377143345033808e-12
16.44894258328663	-1.305708001779072e-12
16.47651856358118	-1.237916663790944e-12
16.50409454387573	-1.173588055933046e-12
16.53167052417028	-1.112549335170013e-12
16.55924650446483	-1.05463671216039e-12
16.58682248475938	-9.996935262574458e-13
16.61439846505393	-9.475709260104683e-13
16.64197444534848	-8.981272675673959e-13
16.66955042564303	-8.512277844470918e-13
16.69712640593758	-8.067442710694545e-13
16.72470238623213	-7.645547795696199e-13
16.75227836652668	-7.245433294315814e-13
16.77985434682123	-6.865996294859704e-13
16.80743032711578	-6.506186608398979e-13
16.83500630741033	-6.165010463177688e-13
16.86258228770488	-5.841518506933211e-13
16.89015826799943	-5.534809893787473e-13
16.91773424829398	-5.244028471923898e-13
16.94531022858853	-4.96836065635184e-13
16.97288620888308	-4.707033396162624e-13
17.00046218917763	-4.459312232583328e-13
17.02803816947218	-4.224499444240767e-13
17.05561414976673	-4.001932276154991e-13
17.08319013006128	-3.790980328567284e-13
17.11076611035583	-3.591047748587923e-13
17.13834209065038	-3.401565858564641e-13
17.16591807094493	-3.221995601228648e-13
17.19349405123948	-3.051825171264669e-13
17.22107003153403	-2.890568680005423e-13
17.24864601182858	-2.737764882314146e-13
17.27622199212313	-2.59297596300561e-13
17.30379797241768	-2.455786380250101e-13
17.33137395271223	-2.325801763497176e-13
17.35894993300678	-2.202647307279746e-13
17.38652591330133	-2.085969070916027e-13
17.41410189359588	-1.975429500829985e-13
17.44167787389043	-1.870708889993341e-13
17.46925385418498	-1.771503929532355e-13
17.49682983447953	-1.677526887269711e-13
17.52440581477408	-1.588504825892803e-13
17.55198179506863	-1.504178858955143e-13
17.57955777536318	-1.424303442989517e-13
17.60713375565773	-1.348645704081291e-13
17.63470973595228	-1.276984462599889e-13
17.66228571624683	-1.209111007970476e-13
17.68986169654139	-1.144826397658995e-13
17.71743767683594	-1.083942330780679e-13
17.74501365713049	-1.026280272281589e-13
17.77258963742504	-9.716709554229066e-14
17.80016561771959	-9.199539089039077e-14
17.82774159801414	-8.709770074592015e-14
17.85531757830869	-8.245960448163928e-14
17.88289355860324	-7.806743279491336e-14
17.91046953889779	-7.390820926286915e-14
17.93804551919234	-6.996969600435818e-14
17.96562149948689	-6.624023274911065e-14
17.99319747978144	-6.270878850710283e-14
18.02077346007599	-5.936490925646343e-14
18.04834944037054	-5.619868817177332e-14
18.07592542066509	-5.320073735611715e-14
18.10350140095964	-5.036216100353393e-14
18.13107738125419	-4.767452992188165e-14
18.15865336154874	-4.512985734936494e-14
18.18622934184329	-4.272056407221965e-14
18.21380532213784	-4.04395059699274e-14
18.24138130243239	-3.827987770328135e-14
18.26895728272694	-3.623524388765265e-14
18.29653326302149	-3.429950791960095e-14
18.32410924331604	-3.246689432512549e-14
18.35168522361059	-3.073193201280317e-14
18.37926120390514	-2.908943838663333e-14
18.40683718419969	-2.753450427556557e-14
18.43441316449424	-2.606247963874982e-14
18.46198914478879	-2.466895294776106e-14
18.48956512508334	-2.334976752383846e-14
18.51714110537789	-2.210096457385288e-14
18.54471708567244	-2.091880169078694e-14
18.57229306596699	-1.979973445355171e-14
18.59986904626154	-1.874040603486876e-14
18.62744502655609	-1.773763734786797e-14
18.65502100685064	-1.678841770403441e-14
18.68259698714519	-1.588989595648053e-14
18.71017296743974	-1.503937210380194e-14
18.73774894773429	-1.423428518193222e-14
18.76532492802884	-1.34722228788848e-14
18.79290090832339	-1.275088806999277e-14
18.82047688861794	-1.206810971146916e-14
18.84805286891249	-1.142183204612207e-14
18.87562884920704	-1.081010851810652e-14
18.90320482950159	-1.023109600579947e-14
18.93078080979614	-9.683049356426523e-15
18.95835679009069	-9.164316206890013e-15
18.98593277038524	-8.673332076028922e-15
19.01350875067979	-8.208613240356345e-15
19.04108473097434	-7.768762559445505e-15
19.06866071126889	-7.352449610107576e-15
19.09623669156344	-6.958417268861782e-15
19.12381267185799	-6.585475358120977e-15
19.15138865215254	-6.232497097537336e-15
19.17896463244709	-5.898415742045568e-15
19.20654061274164	-5.582221396902815e-15
19.23411659303619	-5.282958000517776e-15
19.26169257333074	-4.999720466331322e-15
19.28926855362529	-4.731650528320298e-15
19.31684453391984	-4.477940161716827e-15
19.34442051421439	-4.23781997492786e-15
19.37199649450894	-4.010563073548387e-15
19.39957247480349	-3.795481356434954e-15
19.42714845509804	-3.591923452737021e-15
19.45472443539259	-3.399272767985534e-15
19.48230041568714	-3.216945633530849e-15
19.50987639598169	-3.044389553915621e-15
19.53745237627624	-2.881081547047595e-15
19.56502835657079	-2.726525718540957e-15
19.59260433686534	-2.580255304250038e-15
19.62018031715989	-2.441825845070625e-15
19.64775629745444	-2.31081748927548e-15
19.67533227774899	-2.186832828784421e-15
19.70290825804354	-2.069495702734468e-15
19.73048423833809	-1.958450064528031e-15
19.75806021863264	-1.853358909018596e-15
19.78563619892719	-1.753903256666813e-15
19.81321217922174	-1.659781191664293e-15
19.84078815951629	-1.570706447996509e-15
19.86836413981084	-1.486409628283228e-15
19.89594012010539	-1.406634195435892e-15
19.92351610039994	-1.331137843421305e-15
19.95109208069449	-1.259691235086173e-15
19.97866806098904	-1.192077309534162e-15
20.00624404128359	-1.12809062635149e-15
20.03382002157814	-1.067536744734014e-15
20.06139600187269	-1.010231635670423e-15
20.08897198216724	-9.560011254325407e-16
20.11654796246179	-9.046800738772312e-16
20.14412394275634	-8.561130951363345e-16
20.17169992305089	-8.101522151062487e-16
20.19927590334544	-7.666576806391118e-16
20.22685188363999	-7.254972256350091e-16
20.25442786393454	-6.865456706253933e-16
20.2820038442291	-6.496845437033244e-16
20.30957982452365	-6.148017216691192e-16
20.3371558048182	-5.81791090319309e-16
20.36473178511275	-5.505522228631449e-16
20.3923077654073	-5.209899018485408e-16
20.41988374570185	-4.930145492556242e-16
20.4474597259964	-4.665408521043702e-16
20.47503570629095	-4.414882441612861e-16
20.5026116865855	-4.177804784996374e-16
20.53018766688005	-3.953453962532558e-16
20.5577636471746	-3.741147077176048e-16
20.58533962746915	-3.540237851421991e-16
20.6129156077637	-3.350114665929457e-16
20.64049158805825	-3.170198702957529e-16
20.6680675683528	-2.999941172473197e-16
20.69564354864735	-2.838825853429836e-16
20.7232195289419	-2.686361070468167e-16
20.75079550923645	-2.542082535198542e-16
20.778371489531	-2.405550864223218e-16
20.80594746982555	-2.276350244707401e-16
20.8335234501201	-2.154087171285112e-16
20.86109943041465	-2.038389250504009e-16
20.8886754107092	-1.928904069213128e-16
20.91625139100375	-1.82529812348785e-16
20.9438273712983	-1.727255206666581e-16
20.97140335159285	-1.634477924093817e-16
20.9989793318874	-1.54668299006955e-16
21.02655531218195	-1.463602917256791e-16
21.0541312924765	-1.38498457264616e-16
21.08170727277105	-1.310588407972819e-16
21.1092832530656	-1.240187731309445e-16
21.13685923336015	-1.173568017641248e-16
21.1644352136547	-1.110526256345096e-16
21.19201119394925	-1.050870333604609e-16
21.2195871742438	-9.944180975815295e-17
21.24716315453835	-9.409982541810424e-17
21.2747391348329	-8.904476210943704e-17
21.30231511512745	-8.426121250068525e-17
21.329891095422	-7.973459633704222e-17
21.35746707571655	-7.545111607755657e-17
21.3850430560111	-7.139771490750706e-17
21.41261903630565	-6.756203699928183e-17
21.4401950166002	-6.393238990179017e-17
21.46777099689475	-6.049770894478879e-17
21.4953469771893	-5.724750299514314e-17
21.52292295748385	-5.417190759506431e-17
21.5504989377784	-5.126152438481197e-17
21.57807491807295	-4.850748013567005e-17
21.6056508983675	-4.590137805719038e-17
21.63322687866205	-4.343527223298618e-17
21.6608028589566	-4.11016434259142e-17
21.68837883925115	-3.889337617955578e-17
21.7159548195457	-3.680373714678846e-17
21.74353079984025	-3.48263545799011e-17
21.7711067801348	-3.295518686072294e-17
21.79868276042935	-3.118455401146228e-17
21.8262587407239	-2.95090438041907e-17
21.85383472101845	-2.792354669631727e-17
21.881410701313	-2.642322754866273e-17
21.90898668160755	-2.500351089788025e-17
21.9365626619021	-2.366006701807582e-17
21.96413864219665	-2.238879872948654e-17
21.9917146224912	-2.118582891430894e-17
22.01929060278575	-2.004748870188737e-17
22.0468665830803	-1.897029922132381e-17
22.07444256337485	-1.795099024714463e-17
22.1020185436694	-1.698644535705941e-17
22.12959452396395	-1.607372256581713e-17
22.1571705042585	-1.521003790831882e-17
22.18474648455305	-1.439275695673367e-17
22.2123224648476	-1.361938679230994e-17
22.23989844514215	-1.288756840759232e-17
22.2674744254367	-1.219506951604463e-17
22.29505040573125	-1.153977774729885e-17
22.3226263860258	-1.0919690063544e-17
22.35020236632035	-1.03329238052382e-17
22.3777783466149	-9.777684634681013e-18
22.40535432690945	-9.252278736313002e-18
22.432930307204	-8.755103283603398e-18
22.46050628749855	-8.284641553778566e-18
22.4880822677931	-7.839458304462522e-18
22.51565824808765	-7.418195398234738e-18
22.5432342283822	-7.019567661853822e-18
22.57081020867675	-6.642358967598562e-18
22.5983861889713	-6.285416095431003e-18
22.62596216926585	-5.947655272196129e-18
22.6535381495604	-5.628043437984209e-18
22.68111412985495	-5.325605455713712e-18
22.7086901101495	-5.03941857601239e-18
22.73626609044405	-4.768609624135362e-18
22.7638420707386	-4.512352337722816e-18
22.79141805103315	-4.269864847336504e-18
22.8189940313277	-4.040407292141431e-18
22.84657001162225	-3.823279563505237e-18
22.87414599191681	-3.617817745794678e-18
22.90172197221136	-3.423397985142164e-18
22.92929795250591	-3.239425543880983e-18
22.95687393280046	-3.065339058495145e-18
22.98444991309501	-2.900607326156967e-18
23.01202589338956	-2.744727685021405e-18
23.03960187368411	-2.597224481380167e-18
23.06717785397866	-2.457647619033158e-18
23.09475383427321	-2.325571186481252e-18
23.12232981456776	-2.2005921577778e-18
23.14990579486231	-2.082328328641267e-18
23.17748177515686	-1.970420604526684e-18
23.20505775545141	-1.86452660570484e-18
23.23263373574596	-1.764323181261152e-18
23.26020971604051	-1.669504543499301e-18
23.28778569633506	-1.579781335420638e-18
23.31536167662961	-1.494879748215951e-18
23.34293765692416	-1.414540686096387e-18
23.37051363721871	-1.338518975932121e-18
23.39808961751326	-1.266582619301955e-18
23.42566559780781	-1.198511595373655e-18
23.45324157810236	-1.134099214998108e-18
23.48081755839691	-1.073148382579966e-18
23.50839353869146	-1.015473081364117e-18
23.53596951898601	-9.608972900041137e-19
23.56354549928056	-9.092544457088566e-19
23.59112147957511	-8.603869361831968e-19
23.61869745986966	-8.141456188233435e-19
23.64627344016421	-7.703893657095959e-19
23.67384942045876	-7.289846330164056e-19
23.70142540075331	-6.898047667638932e-19
23.72900138104786	-6.527308033609019e-19
23.75657736134241	-6.176492853870723e-19
23.78415334163696	-5.844531383006199e-19
23.81172932193151	-5.530410413685881e-19
23.83930530222606	-5.233171186139926e-19
23.86688128252061	-4.951906463396304e-19
23.89445726281516	-4.685757763424477e-19
23.92203324310971	-4.433912739794086e-19
23.94960922340426	-4.195602702903905e-19
23.97718520369881	-3.970098593484388e-19
24.00476118399336	-3.756715714893452e-19
24.03233716428791	-3.5548009693882e-19
24.05991314458246	-3.363738032624403e-19
24.08748912487701	-3.182943700777072e-19
24.11506510517156	-3.011866111473344e-19
24.14264108546611	-2.849983060173965e-19
24.17021706576066	-2.69680041248936e-19
24.19779304605521	-2.551850567238891e-19
24.22536902634976	-2.414691088996072e-19
24.25294500664431	-2.284902311980383e-19
24.28052098693886	-2.162090168412232e-19
24.30809696723341	-2.045878722292235e-19
24.33567294752796	-1.935913223621015e-19
24.36324892782251	-1.831857986981042e-19
24.39082490811706	-1.733395367442979e-19
24.41840088841161	-1.64022479140415e-19
24.44597686870616	-1.552061839422935e-19
24.47355284900071	-1.468637378268567e-19
24.50112882929526	-1.389696739553677e-19
24.52870480958981	-1.314998364465624e-19
24.55628078988436	-1.244315458931819e-19
24.58385677017891	-1.177431630693843e-19
24.61143275047346	-1.114142693639301e-19
24.63900873076801	-1.054255435205646e-19
24.66658471106256	-9.975870268937202e-20
24.69416069135711	-9.439644664016084e-20
24.72173667165166	-8.932240496887046e-20
24.74931265194621	-8.452108713695772e-20
24.77688863224076	-7.99778351922147e-20
24.80446461253531	-7.567874516189406e-20
24.83204059282986	-7.161076479009781e-20
24.85961657312441	-6.776143862297228e-20
24.88719255341896	-6.411901440678817e-20
24.91476853371351	-6.067237151032633e-20
24.94234451400806	-5.741098699380544e-20
24.96992049430261	-5.432490349790377e-20
24.99749647459716	-5.140469885559659e-20
25.02507245489171	-4.864145733469131e-20
25.05264843518626	-4.602674242382827e-20
25.08022441548081	-4.355255121561796e-20
25.10780039577536	-4.121137219742225e-20
25.13537637606991	-3.899603617093289e-20
25.16295235636446	-3.689977907432318e-20
25.19052833665901	-3.491620039155302e-20
25.21810431695356	-3.303924362195736e-20
25.24568029724811	-3.126317779746834e-20
25.27325627754266	-2.958257999148264e-20
25.30083225783721	-2.799231876635157e-20
25.32840823813176	-2.648753850928802e-20
25.35598421842631	-2.506363296907131e-20
25.38356019872086	-2.37162793748417e-20
25.41113617901541	-2.244135131571397e-20
25.43871215930996	-2.123495578132975e-20
25.46628813960452	-2.009340900490149e-20
25.49386411989907	-1.901322522191842e-20
25.52144010019362	-1.799110603184886e-20
25.54901608048817	-1.702393033061597e-20
25.57659206078272	-1.610874478333056e-20
25.60416804107727	-1.524275480838341e-20
25.63174402137182	-1.4423309185051e-20
25.65932000166637	-1.36479203562792e-20
25.68689598196092	-1.291421326454932e-20
25.71447196225547	-1.221994735647912e-20
25.74204794255002	-1.156300250923421e-20
25.76962392284457	-1.094137256042599e-20
25.79719990313912	-1.035315918507136e-20
25.82477588343367	-9.796566101068128e-21
25.85235186372822	-9.269893585624142e-21
25.87992784402277	-8.77153328600886e-21
25.90750382431732	-8.299959320287996e-21
25.93507980461187	-7.853740128073185e-21
25.96265578490642	-7.431508768898304e-21
25.99023176520097	-7.031975757462978e-21
26.01780774549552	-6.65392092128283e-21
26.04538372579007	-6.296189676761051e-21
26.07295970608462	-5.957689505016032e-21
26.10053568637917	-5.637386616791708e-21
26.12811166667372	-5.334302796342497e-21
26.15568764696827	-5.047512414720914e-21
26.18326362726282	-4.77613725874124e-21
26.21083960755737	-4.519353554304789e-21
26.23841558785192	-4.276374561047631e-21
26.26599156814647	-4.046458168036478e-21
26.29356754844102	-3.828902155915354e-21
26.32114352873557	-3.623042053617039e-21
26.34871950903012	-3.428249110043543e-21
26.37629548932467	-3.243928374572672e-21
26.40387146961922	-3.069516880573343e-21
26.43144744991377	-2.904481926420821e-21
26.45902343020832	-2.748318064903425e-21
26.48659941050287	-2.600551287964908e-21
26.51417539079742	-2.460728790439635e-21
26.54175137109197	-2.328423488739571e-21
26.56932735138652	-2.203231257624365e-21
26.59690333168107	-2.08476969667208e-21
26.62447931197562	-1.972676962916871e-21
26.65205529227017	-1.866610666118831e-21
26.67963127256472	-1.766246823318155e-21
26.70720725285927	-1.6712788695035e-21
26.73478323315382	-1.581415919250804e-21
26.76235921344837	-1.496385198495813e-21
26.78993519374292	-1.415926117709101e-21
26.81751117403747	-1.339792896222514e-21
26.84508715433202	-1.267752966085401e-21
26.87266313462657	-1.199586262135104e-21
26.90023911492112	-1.135084550149085e-21
26.92781509521567	-1.074050791044091e-21
26.95539107551022	-1.016298539195772e-21
26.98296705580477	-9.616513730540484e-22
27.01054303609932	-9.09941891807979e-22
27.03811901639387	-8.61013124988347e-22
27.06569499668842	-8.147151099394143e-22
27.09327097698297	-7.709064060908009e-22
27.12084695727752	-7.294531767983989e-22
27.14842293757207	-6.902287807386212e-22
27.17599891786662	-6.531133852394001e-22
27.20357489816117	-6.179936003641396e-22
27.23115087845572	-5.847621326354321e-22
27.25872685875027	-5.533174573467813e-22
27.28630283904482	-5.235632299001238e-22
27.31387881933937	-4.954091445439669e-22
27.34145479963392	-4.687688895579171e-22
27.36903077992847	-4.435610713772359e-22
27.39660676022302	-4.197086723454292e-22
27.42418274051757	-3.971388155824742e-22
27.45175872081212	-3.757825424654079e-22
27.47933470110667	-3.555746020476993e-22
27.50691068140122	-3.36453251779538e-22
27.53448666169577	-3.183600689250105e-22
27.56206264199032	-3.012396157791129e-22
27.58963862228487	-2.850399177958955e-22
27.61721460257942	-2.697113107301691e-22
27.64479058287397	-2.552069568289002e-22
27.67236656316852	-2.414825365594935e-22
27.69994254346307	-2.284961132917385e-22
27.72751852375762	-2.162080052383797e-22
27.75509450405217	-2.045806642666226e-22
27.78267048434672	-1.935785612133612e-22
27.81024646464127	-1.83168077356429e-22
27.83782244493582	-1.733173044784192e-22
27.86539842523037	-1.639963498090942e-22
27.89297440552492	-1.551766273722401e-22
27.92055038581947	-1.468311851161167e-22
27.94812636611402	-1.389345201197004e-22
27.97570234640857	-1.314625007219411e-22
28.00327832670312	-1.243922928285777e-22
28.03085430699767	-1.177022901742766e-22
28.05843028729223	-1.1137204833118e-22
28.08600626758678	-1.053822222716138e-22
28.11358224788133	-9.971445034477657e-23
28.14115822817588	-9.435153262397526e-23
28.16873420847043	-8.927701969395362e-23
28.19631018876498	-8.447540273451523e-23
28.22388616905953	-7.993200661199055e-23
28.25146214935408	-7.563293849291168e-23
28.27903812964863	-7.156508600422755e-23
28.30661410994318	-6.77159851487536e-23
28.33419009023773	-6.407388486371048e-23
28.36176607053228	-6.06276532721311e-23
28.38934205082683	-5.73667462748179e-23
28.41691803112138	-5.428122269027228e-23
28.44449401141593	-5.136163921079591e-23
28.47206999171048	-4.859907220399878e-23
28.49964597200503	-4.598507785610955e-23
28.52722195229958	-4.351166639214055e-23
28.55479793259413	-4.117127767685632e-23
28.58237391288868	-3.895675812357067e-23
28.60994989318323	-3.686133884132868e-23
28.63752587347778	-3.487861495453633e-23
28.66510185377233	-3.300249853404036e-23
28.69267783406688	-3.122731249468748e-23
28.72025381436143	-2.954760290181458e-23
28.74782979465598	-2.795823542291567e-23
28.77540577495053	-2.645435198344633e-23
28.80298175524508	-2.503135605482858e-23
28.83055773553963	-2.368489888784346e-23
28.85813371583418	-2.241086690707341e-23
28.88570969612873	-2.120537116041151e-23
28.91328567642328	-2.006474335761232e-23
28.94086165671783	-1.898496995563777e-23
28.96843763701238	-1.796375096171561e-23
28.99601361730693	-1.699743840428411e-23
29.02358959760148	-1.60830924135678e-23
29.05116557789603	-1.521792272935473e-23
29.07874155819058	-1.439928651470179e-23
29.10631753848513	-1.362468203537572e-23
29.13389351877968	-1.289174163737663e-23
29.16146949907423	-1.219822477100855e-23
29.18904547936878	-1.154201126488201e-23
29.21662145966333	-1.092108509735289e-23
29.24419743995788	-1.033356922774731e-23
29.27177342025243	-9.777656305952105e-24
29.29934940054698	-9.251646489896504e-24
29.32692538084153	-8.75393136172721e-24
29.35450136113608	-8.282989012617991e-24
29.38207734143063	-7.837379391780598e-24
29.40965332172518	-7.415739905317169e-24
29.43722930201973	-7.016781251443055e-24
29.46480528231428	-6.639283479379908e-24
29.49238126260883	-6.282088152666665e-24
29.51995724290338	-5.944111808244006e-24
29.54753322319793	-5.624316560786274e-24
29.57510920349248	-5.321724445041348e-24
29.60268518378703	-5.035410095380008e-24
29.63026116408158	-4.76449791850357e-24
29.65783714437613	-4.508159417791784e-24
29.68541312467068	-4.265610661189849e-24
29.71298910496523	-4.036109884954231e-24
29.74056508525978	-3.818955225972855e-24
29.76814106555433	-3.613479494738587e-24
29.79571704584888	-3.419060832973933e-24
29.82329302614343	-3.235101423263625e-24
29.85086900643798	-3.061038626823529e-24
29.87844498673253	-2.896340067450717e-24
29.90602096702708	-2.740502004961037e-24
29.93359694732163	-2.593047795849321e-24
29.96117292761618	-2.453526436522285e-24
29.98874890791073	-2.321511184698602e-24
30.01632488820528	-2.196598254803095e-24
30.04390086849983	-2.078404258149693e-24
30.07147684879438	-1.966570516040448e-24
30.09905282908893	-1.860753547356406e-24
30.12662880938348	-1.760629668912096e-24
30.15420478967803	-1.665892608805141e-24
30.18178076997258	-1.576252570474828e-24
30.20935675026713	-1.49143534696427e-24
30.23693273056168	-1.411181482707545e-24
30.26450871085623	-1.335245480304387e-24
30.29208469115078	-1.263395049879118e-24
30.31966067144533	-1.195409532192966e-24
30.34723665173988	-1.131082807933583e-24
30.37481263203443	-1.070217173600839e-24
30.40238861232898	-1.012626422358531e-24
30.42996459262353	-9.581343641031149e-25
30.45754057291808	-9.065742870094492e-25
30.48511655321263	-8.577884479585362e-25
30.51269253350718	-8.116275903069246e-25
30.54026851380173	-7.679504875389846e-25
30.56784449409628	-7.26623511420468e-25
30.59542047439083	-6.875197564775272e-25
30.62299645468539	-6.5052058752163e-25
30.65057243497994	-6.155123016205803e-25
30.67814841527449	-5.823877812994845e-25
30.70572439556904	-5.510456716687211e-25
30.73330037586359	-5.213900706499087e-25
30.76087635615814	-4.933302358200172e-25
30.78845233645269	-4.667803069907696e-25
30.81602831674724	-4.416590436915332e-25
30.84360429704179	-4.178895767793068e-25
30.87118027733634	-3.953989708849423e-25
30.89875625763089	-3.741188819317301e-25
30.92633223792544	-3.539839658854586e-25
30.95390821821999	-3.349326693231451e-25
30.98148419851454	-3.169074509330683e-25
31.00906017880909	-2.998490693100181e-25
31.03663615910364	-2.837112540103971e-25
31.06421213939819	-2.684415274582206e-25
31.09178811969274	-2.539934731517889e-25
31.11936409998729	-2.403229170133761e-25
31.14694008028184	-2.273879241845836e-25
31.17451606057639	-2.151491345657426e-25
31.20209204087094	-2.035689998812056e-25
31.22966802116549	-1.926120758957244e-25
31.25724400146004	-1.82244825747012e-25
31.28481998175459	-1.724355172551151e-25
31.31239596204914	-1.631541258146138e-25
31.33997194234369	-1.543722425294612e-25
31.36754792263824	-1.460629872936689e-25
31.39512390293279	-1.382009265461784e-25
31.42269988322734	-1.307618979780507e-25
31.45027586352189	-1.237233397265944e-25
31.47785184381644	-1.170636034709813e-25
31.50542782411099	-1.107623025314431e-25
31.53300380440554	-1.048001471935531e-25
31.56057978470009	-9.915888573191629e-26
31.58815576499464	-9.382124859600157e-26
31.61573174528919	-8.877089558983043e-26
31.64330772558374	-8.399236588600111e-26
31.67088370587829	-7.947103072286522e-26
31.69845968617284	-7.519304864160476e-26
31.72603566646739	-7.114532312750302e-26
31.75361164676194	-6.731546252686008e-26
31.78118762705649	-6.369174211780777e-26
31.80876360735104	-6.026306821971727e-26
31.83633958764559	-5.701894423202107e-26
31.86391556794014	-5.394943849904998e-26
31.89149154823469	-5.104515390300248e-26
31.91906752852924	-4.829719909236201e-26
31.94664350882379	-4.569716125801101e-26
31.97421948911834	-4.323708037398464e-26
32.00179546941289	-4.090942482421904e-26
32.02937144970744	-3.870706834086426e-26
32.05694743000199	-3.662326818369798e-26
32.08452341029654	-3.465164449395423e-26
32.11209939059109	-3.278616075943736e-26
32.13967537088564	-3.102110533117927e-26
32.16725135118019	-2.935107393509775e-26
32.19482733147474	-2.77709531251367e-26
32.22240331176929	-2.627590462724607e-26
