0
1000	1776.86	100000000000000.1
5	0	0	1
5	0	0	0
7.494979834713454	2103368.386641119
7.519733422974787	2102036.027775399
7.544487011236121	2100535.10295596
7.569240599497454	2098874.561238209
7.593994187758788	2097083.904192333
7.618747776020121	2095171.948884062
7.643501364281454	2093153.078967845
7.668254952542788	2091035.617924002
7.693008540804121	2088836.79206623
7.717762129065455	2086567.532135786
7.742515717326788	2084225.53866857
7.767269305588122	2081823.43927278
7.792022893849455	2079371.995402017
7.816776482110789	2076868.412372694
7.841530070372122	2074314.840389859
7.866283658633455	2071730.447265122
7.891037246894789	2069111.823101321
7.915790835156122	2066455.745594638
7.940544423417456	2063778.80284036
7.965298011678789	2061077.641564749
7.990051599940123	2058353.605525415
8.014805188201457	2055608.500472771
8.03955877646279	2052850.468453676
8.064312364724124	2050072.253875451
8.089065952985457	2047284.249540622
8.113819541246791	2044476.692823755
8.138573129508124	2041656.993815103
8.163326717769458	2038825.648057817
8.188080306030791	2035977.545420955
8.212833894292125	2033127.874226065
8.237587482553458	2030266.767387375
8.262341070814792	2027403.003719157
8.287094659076125	2024533.974184521
8.311848247337458	2021659.693343683
8.336601835598792	2018786.832430944
8.361355423860125	2015901.98780029
8.386109012121459	2013016.080452829
8.410862600382792	2010127.256082456
8.435616188644126	2007235.947533776
8.460369776905459	2004343.365477266
8.485123365166793	2001449.149221125
8.509876953428126	1998550.038375525
8.534630541689459	1995655.423140498
8.559384129950793	1992754.837961487
8.584137718212126	1989861.090720192
8.60889130647346	1986970.310913102
8.633644894734793	1984080.638937577
8.658398482996127	1981193.812225803
8.68315207125746	1978307.047028536
8.707905659518794	1975426.499051546
8.732659247780127	1972548.354306354
8.75741283604146	1969673.224036392
8.782166424302794	1966802.059465959
8.806920012564127	1963934.464833736
8.831673600825461	1961064.348648827
8.856427189086794	1958205.851625636
8.881180777348128	1955345.723956949
8.905934365609461	1952497.083073891
8.930687953870795	1949654.29689021
8.955441542132128	1946816.598386066
8.980195130393462	1943984.699972637
9.004948718654795	1941156.940673632
9.029702306916128	1938336.701506623
9.054455895177462	1935521.849302452
9.079209483438795	1932712.606487638
9.103963071700129	1929909.637981336
9.128716659961462	1927112.148213997
9.153470248222796	1924314.330635694
9.178223836484129	1921525.634457338
9.202977424745463	1918747.230383069
9.227731013006796	1915975.99161625
9.252484601268129	1913210.540729917
9.277238189529463	1910451.590914074
9.301991777790796	1907700.266989535
9.32674536605213	1904951.187596637
9.351498954313463	1902211.229985208
9.376252542574797	1899477.200974272
9.40100613083613	1896749.48372748
9.425759719097464	1894027.095812078
9.450513307358797	1891306.879493774
9.47526689562013	1888590.923154864
9.500020483881464	1885887.306053141
9.524774072142797	1883190.784236141
9.549527660404131	1880500.10236919
9.574281248665464	1877815.827135731
9.599034836926798	1875138.382789321
9.623788425188131	1872464.931249598
9.648542013449465	1869799.917869095
9.673295601710798	1867140.977529936
9.698049189972132	1864488.03005775
9.722802778233465	1861840.906094057
9.747556366494798	1859193.739402907
9.772309954756132	1856553.555795041
9.797063543017465	1853926.20217477
9.821817131278799	1851305.354078276
9.846570719540132	1848691.07273046
9.871324307801466	1846083.36693048
9.896077896062799	1843482.428423987
9.920831484324133	1840886.323518833
9.945585072585466	1838297.846638209
9.970338660846799	1835715.535266502
9.995092249108133	1833139.406591055
10.01984583736947	1830562.490773002
10.0445994256308	1827994.860743683
10.06935301389213	1825437.830733201
10.09410660215347	1822886.612550504
10.1188601904148	1820341.575538896
10.14361377867613	1817802.619091216
10.16836736693747	1815269.605792059
10.1931209551988	1812746.371987102
10.21787454346013	1810219.781138208
10.24262813172147	1807703.819340938
10.2673817199828	1805193.397645603
10.29213530824413	1802688.292064079
10.31688889650547	1800184.36193456
10.3416424847668	1797683.910959363
10.36639607302813	1795195.082690084
10.39114966128947	1792711.991931701
10.4159032495508	1790234.487994239
10.44065683781213	1787762.551469091
10.46541042607347	1785296.573905597
10.4901640143348	1782833.707860504
10.51491760259614	1780377.980056905
10.53967119085747	1777927.611671732
10.5644247791188	1775481.903443381
10.58917836738014	1773035.343339574
10.61393195564147	1770600.451521089
10.6386855439028	1768170.671618283
10.66343913216414	1765745.79845419
10.68819272042547	1763325.671133339
10.7129463086868	1760910.067806725
10.73769989694814	1758499.008030785
10.76245348520947	1756090.792754452
10.7872070734708	1753687.791085064
10.81196066173214	1751288.365985599
10.83671424999347	1748892.93573947
10.8614678382548	1746500.242672632
10.88622142651614	1744111.002695309
10.91097501477747	1741724.891671661
10.9357286030388	1739341.792186555
10.96048219130014	1736961.603486107
10.98523577956147	1734584.286172804
11.0099893678228	1732210.539804083
11.03474295608414	1729836.360057532
11.05949654434547	1727466.800130378
11.0842501326068	1725099.472043771
11.10900372086814	1722734.346738849
11.13375730912947	1720371.278838813
11.1585108973908	1718010.319224172
11.18326448565214	1715651.238208786
11.20801807391347	1713294.319390775
11.23277166217481	1710939.178675685
11.25752525043614	1708585.860480926
11.28227883869747	1706234.221980321
11.30703242695881	1703884.244750822
11.33178601522014	1701535.88001989
11.35653960348147	1699186.86943691
11.38129319174281	1696843.812594261
11.40604678000414	1694499.960428209
11.43080036826547	1692157.521549555
11.45555395652681	1689816.422710312
11.48030754478814	1687476.65018704
11.50506113304947	1685137.950967382
11.52981472131081	1682800.784695476
11.55456830957214	1680464.686322334
11.57932189783347	1678129.695497899
11.60407548609481	1675795.821416891
11.62882907435614	1673463.120930851
11.65358266261747	1671131.378746438
11.67833625087881	1668800.671631343
11.70308983914014	1666470.956179644
11.72784342740147	1664142.203266542
11.75259701566281	1661814.405879058
11.77735060392414	1659487.521228838
11.80210419218547	1657161.612907874
11.82685778044681	1654836.335873046
11.85161136870814	1652512.073279679
11.87636495696947	1650188.611435945
11.90111854523081	1647865.949617558
11.92587213349214	1645544.076434963
11.95062572175348	1643222.972222202
11.97537931001481	1640902.616443194
12.00013289827614	1638583.002668504
12.02488648653748	1636264.122362409
12.04964007479881	1633945.94945406
12.07439366306014	1631628.516934021
12.09914725132148	1629311.748463276
12.12390083958281	1626995.559489894
12.14865442784414	1624680.144038257
12.17340801610548	1622365.351657323
12.19816160436681	1620051.198431386
12.22291519262814	1617737.678296882
12.24766878088948	1615424.784208281
12.27242236915081	1613112.508895948
12.29717595741214	1610800.842792741
12.32192954567348	1608489.851131867
12.34668313393481	1606179.387771974
12.37143672219614	1603869.527030671
12.39619031045748	1601560.267052866
12.42094389871881	1599251.477382118
12.44569748698014	1596943.391613899
12.47045107524148	1594635.851677725
12.49520466350281	1592328.882338552
12.51995825176414	1590022.480635768
12.54471184002548	1587716.646174063
12.56946542828681	1585411.420353247
12.59421901654814	1583106.729145943
12.61897260480948	1580802.598473528
12.64372619307081	1578499.018297968
12.66847978133215	1576196.010532181
12.69323336959348	1573895.06661022
12.71798695785481	1571591.595701799
12.74274054611615	1569290.263227485
12.76749413437748	1566989.486781634
12.79224772263881	1564689.268474343
12.81700131090015	1562389.619292843
12.84175489916148	1560090.537627572
12.86650848742281	1557792.012739445
12.89126207568415	1555494.032403683
12.91601566394548	1553196.639228843
12.94076925220681	1550899.819648872
12.96552284046815	1548603.625953313
12.99027642872948	1546307.852701996
13.01503001699081	1544012.759794133
13.03978360525215	1541718.245624969
13.06453719351348	1539424.314713722
13.08929078177481	1537130.991875703
13.11404437003615	1534838.22195217
13.13879795829748	1532546.064209629
13.16355154655881	1530254.487309168
13.18830513482015	1527963.538044932
13.21305872308148	1525673.192859641
13.23781231134281	1523383.671288581
13.26256589960415	1521094.264076608
13.28731948786548	1518805.767385293
13.31207307612681	1516517.885630085
13.33682666438815	1514230.633048723
13.36158025264948	1511944.004971745
13.38633384091082	1509658.011838279
13.41108742917215	1507372.660164788
13.43584101743348	1505087.966269878
13.46059460569482	1502803.919944267
13.48534819395615	1500520.546435774
13.51010178221748	1498237.70140572
13.53485537047882	1495955.69767702
13.55960895874015	1493674.321121768
13.58436254700148	1491393.609200957
13.60911613526282	1489113.574083884
13.63386972352415	1486834.239273151
13.65862331178548	1484555.568626508
13.68337690004682	1482277.609793169
13.70813048830815	1480000.36161667
13.73288407656948	1477723.824853512
13.75763766483082	1475447.159479837
13.78239125309215	1473172.846084844
13.80714484135348	1470898.464701392
13.83189842961482	1468624.824432024
13.85665201787615	1466351.873524422
13.88140560613748	1464079.680405795
13.90615919439882	1461808.232566128
13.93091278266015	1459537.531543756
13.95566637092148	1457267.602456145
13.98041995918282	1454998.425608272
14.00517354744415	1452739.300922731
14.02992713570548	1450462.302572986
14.05468072396682	1448195.429832759
14.07943431222815	1445929.327493166
14.10418790048949	1443664.004719418
14.12894148875082	1441399.465036443
14.15369507701215	1439135.719575848
14.17844866527349	1436872.775608703
14.20320225353482	1434610.627288481
14.22795584179615	1432349.289319327
14.25270943005749	1430088.62775686
14.27746301831882	1427828.970304111
14.30221660658015	1425570.061726892
14.32697019484149	1423311.967744961
14.35172378310282	1421054.691147461
14.37647737136415	1418798.242006445
14.40123095962549	1416542.620268213
14.42598454788682	1414287.84443329
14.45073813614815	1412033.897105477
14.47549172440949	1409780.83321859
14.50024531267082	1407528.494076414
14.52499890093215	1405277.087435413
14.54975248919349	1403026.521250406
14.57450607745482	1400776.803051742
14.59925966571615	1398527.940652589
14.62401325397749	1396279.936151011
14.64876684223882	1394032.805497029
14.67352043050015	1391786.533783132
14.69827401876149	1389541.157537661
14.72302760702282	1387296.517519213
14.74778119528415	1385052.872992219
14.77253478354549	1382810.079545493
14.79728837180682	1380568.156165448
14.82204196006816	1378327.107743596
14.84679554832949	1376086.940636914
14.87154913659082	1373847.667602911
14.89630272485216	1371609.273968466
14.92105631311349	1369371.778956225
14.94580990137482	1367135.069293412
14.97056348963616	1364899.359901774
14.99531707789749	1362664.518801652
15.02007066615882	1360430.564282663
15.04482425442016	1358197.506259307
15.06957784268149	1355965.337007787
15.09433143094282	1353734.075218242
15.11908501920416	1351503.708082315
15.14383860746549	1349274.264074129
15.16859219572682	1347045.637762388
15.19334578398816	1344817.982751915
15.21809937224949	1342591.218441349
15.24285296051082	1340365.358615657
15.26760654877216	1338140.413383056
15.29236013703349	1335916.353400812
15.31711372529482	1333693.224421205
15.34186731355616	1331470.999195074
15.36662090181749	1329249.463293786
15.39137449007882	1327029.219366652
15.41612807834016	1324809.720588454
15.44088166660149	1322591.128032706
15.46563525486282	1320373.44507511
15.49038884312416	1318156.674006485
15.51514243138549	1315940.811567134
15.53989601964683	1313725.870886316
15.56464960790816	1311511.826431659
15.58940319616949	1309298.704594608
15.61415678443083	1307086.498579084
15.63891037269216	1304875.208554691
15.66366396095349	1302664.831134918
15.68841754921483	1300455.368916092
15.71317113747616	1298246.833269848
15.73792472573749	1296039.189944475
15.76267831399883	1293832.473996972
15.78743190226016	1291626.694408123
15.81218549052149	1289421.789208545
15.83693907878283	1287217.820730664
15.86169266704416	1285014.768996269
15.88644625530549	1282812.629651596
15.91119984356683	1280611.410526557
15.93595343182816	1278411.105118765
15.96070702008949	1276211.715140844
15.98546060835083	1274013.242522256
16.01021419661216	1271815.685410217
16.03496778487349	1269619.029633035
16.05972137313483	1267423.313615979
16.08447496139616	1265228.501899643
16.10922854965749	1263034.604874386
16.13398213791883	1260841.62157028
16.15873572618016	1258649.554149977
16.18348931444149	1256458.398928585
16.20824290270283	1254268.15838286
16.23299649096416	1252078.83278509
16.2577500792255	1249890.419449568
16.28250366748683	1247702.919551356
16.30725725574816	1245516.330883491
16.3320108440095	1243330.657497915
16.35676443227083	1241145.892821115
16.38151802053216	1238962.04117264
16.4062716087935	1236779.101159241
16.43102519705483	1234597.070913906
16.45577878531616	1232415.934131597
16.4805323735775	1230235.741206602
16.50528596183883	1228056.442497361
16.53003955010016	1225878.049644928
16.5547931383615	1223700.566217645
16.57954672662283	1221523.994726369
16.60430031488416	1219348.317942435
16.6290539031455	1217173.562846621
16.65380749140683	1214999.709421223
16.67856107966816	1212826.763816357
16.7033146679295	1210654.719747185
16.72806825619083	1208483.58061051
16.75282184445216	1206313.347506741
16.7775754327135	1204144.013659489
16.80232902097483	1201975.591080294
16.82708260923616	1199808.067265847
16.8518361974975	1197641.445333202
16.87658978575883	1195475.725545984
16.90134337402016	1193310.901716963
16.9260969622815	1191146.986745383
16.95085055054283	1188983.967034905
16.97560413880417	1186821.846038277
17.0003577270655	1184660.624892728
17.02511131532683	1182500.299205899
17.04986490358817	1180340.871913899
17.0746184918495	1178182.340959299
17.09937208011083	1176024.727639154
17.12412566837217	1173867.96605035
17.1488792566335	1171712.120555178
17.17363284489483	1169557.169229712
17.19838643315617	1167403.111737996
17.2231400214175	1165249.94201715
17.24789360967883	1163097.6711846
17.27264719794017	1160946.288417002
17.2974007862015	1158795.796285677
17.32215437446283	1156646.195488491
17.34690796272417	1154497.479667813
17.3716615509855	1152349.65541059
17.39641513924683	1150202.718419149
17.42116872750817	1148056.668568994
17.4459223157695	1145911.502633506
17.47067590403083	1143767.225659028
17.49542949229217	1141623.832929267
17.5201830805535	1139481.323499202
17.54493666881483	1137339.69836539
17.56969025707617	1135198.955791715
17.5944438453375	1133059.092847839
17.61919743359883	1130920.113666137
17.64395102186017	1128782.014087657
17.6687046101215	1126644.796475555
17.69345819838284	1124508.455888022
17.71821178664417	1122372.994300505
17.7429653749055	1120238.406099821
17.76771896316684	1118104.703854769
17.79247255142817	1115971.873703905
17.8172261396895	1113839.916834496
17.84197972795084	1111708.838367945
17.86673331621217	1109578.62996479
17.8914869044735	1107449.297826088
17.91624049273484	1105320.835012059
17.94099408099617	1103193.231042247
17.9657476692575	1101066.528131163
17.99050125751884	1098940.68061272
18.01525484578017	1096815.698008645
18.0400084340415	1094691.590337562
18.06476202230284	1092568.350489347
18.08951561056417	1090445.976573302
18.1142691988255	1088324.467415701
18.13902278708684	1086203.825908549
18.16377637534817	1084084.049853652
18.1885299636095	1081965.137344246
18.21328355187084	1079847.088457704
18.23803714013217	1077729.901572261
18.2627907283935	1075613.57757313
18.28754431665484	1073498.115670244
18.31229790491617	1071383.51386539
18.3370514931775	1069269.771719005
18.36180508143884	1067156.887391881
18.38655866970017	1065044.862669974
18.41131225796151	1062933.696231549
18.43606584622284	1060823.384086221
18.46081943448417	1058713.930112457
18.48557302274551	1056605.332914049
18.51032661100684	1054497.586718321
18.53508019926817	1052390.696423077
18.55983378752951	1050284.659026114
18.58458737579084	1048179.476033587
18.60934096405217	1046075.141090418
18.63409455231351	1043971.65777301
18.65884814057484	1041869.02477508
18.68360172883617	1039767.243622799
18.70835531709751	1037666.310059279
18.73310890535884	1035566.222807496
18.75786249362017	1033466.984403043
18.78261608188151	1031368.591633173
18.80736967014284	1029271.045359649
18.83212325840417	1027174.343973923
18.85687684666551	1025078.488988004
18.88163043492684	1022983.472822036
18.90638402318817	1020889.302417211
18.93113761144951	1018795.973063135
18.95589119971084	1016703.485743592
18.98064478797217	1014611.839441281
19.00539837623351	1012521.03381603
19.03015196449484	1010431.064441389
19.05490555275617	1008341.936504665
19.07965914101751	1006253.644697578
19.10441272927884	1004166.189677018
19.12916631754018	1002079.572329293
19.15391990580151	999993.7901334019
19.17867349406284	997908.8431498288
19.20342708232418	995824.7296584495
19.22818067058551	993741.4503846776
19.25293425884684	991659.0035734115
19.27768784710818	989577.3907986458
19.30244143536951	987496.604800133
19.32719502363084	985416.6514770365
19.35194861189218	983337.5291149865
19.37670220015351	981259.2347693989
19.40145578841484	979181.7699208475
19.42620937667618	977105.1329530602
19.45096296493751	975029.3237589689
19.47571655319884	972954.3390352993
19.50047014146018	970880.1810665833
19.52522372972151	968806.8481612687
19.54997731798284	966734.3390888934
19.57473090624418	964662.6540164822
19.59948449450551	962591.7920557715
19.62423808276684	960521.7537496547
19.64899167102818	958452.5337895816
19.67374525928951	956384.1363392123
19.69849884755084	954316.5541351959
19.72325243581218	952249.8014056822
19.74800602407351	950183.8625132643
19.77275961233484	948118.7418488018
19.79751320059618	946054.437259163
19.82226678885751	943990.9518445124
19.84702037711885	941928.2813620591
19.87177396538018	939866.4279970599
19.89652755364151	937805.385832727
19.92128114190285	935745.1594574456
19.94603473016418	933685.7467405102
19.97078831842551	931627.1463370135
19.99554190668685	929569.3581440334
20.02029549494818	927512.3817381783
20.04504908320951	925456.2150471337
20.06980267147085	923400.8591083847
20.09455625973218	921346.312668159
20.11930984799351	919292.573665101
20.14406343625485	917239.644373582
20.16881702451618	915187.5219971061
20.19357061277751	913136.2054956581
20.21832420103885	911085.6960840746
20.24307778930018	909035.9917600895
20.26783137756151	906987.0937497373
20.29258496582285	904938.9959416668
20.31733855408418	902891.7037388601
20.34209214234551	900845.2134045312
20.36684573060685	898799.5263806531
20.39159931886818	896754.6410045965
20.41635290712951	894710.5562330044
20.44110649539085	892667.271715102
20.46586008365218	890624.7852675898
20.49061367191351	888583.0975557673
20.51536726017485	886542.209922444
20.54012084843618	884502.1191826551
20.56487443669752	882462.8268399928
20.58962802495885	880424.3274667136
20.61438161322018	878386.6255502019
20.63913520148152	876349.7185667725
20.66388878974285	874313.5985542901
20.68864237800418	872278.2872706319
20.71339596626552	870243.760661136
20.73814955452685	868210.0277450165
20.76290314278818	866177.086118708
20.78765673104952	864144.9356215004
20.81241031931085	862113.5757639038
20.83716390757218	860083.0057884954
20.86191749583352	858053.2250086981
20.88667108409485	856024.233674875
20.91142467235618	853996.029289228
20.93617826061752	851968.6123498369
20.96093184887885	849941.9826104483
20.98568543714018	847916.138902157
21.01043902540152	845891.0805991507
21.03519261366285	843866.8072090338
21.05994620192418	841843.3183404201
21.08469979018552	839820.6126464189
21.10945337844685	837798.6907046157
21.13420696670818	835777.5507696342
21.15896055496952	833757.1920587063
21.18371414323085	831737.6155130448
21.20846773149218	829718.819357822
21.23322131975352	827700.8027503274
21.25797490801485	825683.5654868673
21.28272849627619	823667.1069680047
21.30748208453752	821651.426706908
21.33223567279885	819636.5238216009
21.35698926106019	817622.3982472664
21.38174284932152	815609.0481069945
21.40649643758285	813596.4741570309
21.43125002584419	811584.6752024596
21.45600361410552	809573.6505677706
21.48075720236685	807563.3994159944
21.50551079062819	805553.9226638407
21.53026437888952	803545.2176811009
21.55501796715085	801537.2848552447
21.57977155541219	799530.1233871293
21.60452514367352	797523.7326694457
21.62927873193485	795518.1122734769
21.65403232019619	793513.2616154714
21.67878590845752	791509.1799812557
21.70353949671885	789505.8664851499
21.72829308498019	787503.3209657571
21.75304667324152	785501.5426453197
21.77780026150285	783500.5308736073
21.80255384976419	781500.2854410894
21.82730743802552	779500.8051950608
21.85206102628685	777502.0904404251
21.87681461454819	775504.1386507982
21.90156820280952	773506.9512377518
21.92632179107085	771510.5270665939
21.95107537933219	769514.8650613255
21.97582896759352	767519.9650534429
22.00058255585486	765525.826224118
22.02533614411619	763532.4378457079
22.05008973237752	761539.8302806
22.07484332063886	759547.9722881393
22.09959690890019	757556.8728202585
22.12435049716152	755566.5317978585
22.14910408542286	753576.9485430953
22.17385767368419	751588.1234826674
22.19861126194552	749600.05345692
22.22336485020686	747612.7398925617
22.24811843846819	745626.1820065035
22.27287202672952	743640.3790140767
22.29762561499086	741655.3302286293
22.32237920325219	739671.0353854615
22.34713279151352	737687.4934390959
22.37188637977486	735704.7042462928
22.39663996803619	733722.6669555152
22.42139355629752	731741.3811094849
22.44614714455886	729760.8461724112
22.47090073282019	727781.061393364
22.49565432108152	725802.0263054314
22.52040790934286	723823.7407171597
22.54516149760419	721846.2031243613
22.56991508586552	719869.4137199883
22.59466867412686	717893.3717223194
22.61942226238819	715918.0766111569
22.64417585064952	713943.5277856707
22.66892943891086	711969.7280463283
22.69368302717219	709996.6667866326
22.71843661543353	708024.3532807269
22.74319020369486	706052.783858128
22.76794379195619	704081.9579162656
22.79269738021753	702111.87478617
22.81745096847886	700142.5352536399
22.84220455674019	698173.9350865395
22.86695814500153	696206.0771746868
22.89171173326286	694238.9600217561
22.91646532152419	692272.5829723382
22.94121890978553	690306.9452673187
22.96597249804686	688342.0468670527
22.99072608630819	686377.8864312404
23.01547967456953	684414.4640174833
23.04023326283086	682451.77872383
23.06498685109219	680489.8302798482
23.08974043935353	678528.6179875421
23.11449402761486	676568.1415038744
23.13924761587619	674608.399892673
23.16400120413753	672649.3928197782
23.18875479239886	670691.1195488375
23.21350838066019	668733.5798207138
23.23826196892153	666776.7731680124
23.26301555718286	664820.69831966
23.28776914544419	662865.3557747655
23.31252273370553	660910.7440029718
23.33727632196686	658956.8628927609
23.36202991022819	657003.7119174587
23.38678349848953	655051.2906364849
23.41153708675086	653099.5982742124
23.4362906750122	651148.6343961434
23.46104426327353	649198.3987404029
23.48579785153486	647248.8896700466
23.5105514397962	645300.1080338845
23.53530502805753	643352.0524973091
23.56005861631886	641404.7226962848
23.5848122045802	639458.1180607138
23.60956579284153	637512.2380494381
23.63431938110286	635567.082286163
23.6590729693642	633622.6500338868
23.68382655762553	631678.9408134638
23.70858014588686	629735.9540720348
23.7333337341482	627793.6894156582
23.75808732240953	625852.1459169668
23.78284091067086	623911.3233434812
23.8075944989322	621971.221207563
23.83234808719353	620031.8388410204
23.85710167545486	618093.1767512321
23.8818552637162	616155.2313971141
23.90660885197753	614218.0051626187
23.93136244023886	612281.4966703948
23.9561160285002	610345.7052996195
23.98086961676153	608410.630552612
24.00562320502286	606476.2717699758
24.0303767932842	604542.6285925568
24.05513038154553	602609.7004456522
24.07988396980686	600677.4861995341
24.1046375580682	598745.9869974923
24.12939114632953	596815.2006212062
24.15414473459087	594885.1270783318
24.1788983228522	592955.7659798679
24.20365191111353	591027.1168708537
24.22840549937487	589099.1790027524
24.2531590876362	587171.9516746722
24.27791267589753	585245.434683495
24.30266626415887	583319.6276145466
24.3274198524202	581394.5296053156
24.35217344068153	579470.1402824026
24.37692702894287	577546.4591444997
24.4016806172042	575623.4858190642
24.42643420546553	573701.2193767672
24.45118779372687	571779.6596502392
24.4759413819882	569858.8059187487
24.50069497024953	567938.6579832619
24.52544855851087	566019.2147288317
24.5502021467722	564100.4761636285
24.57495573503353	562182.4415285819
24.59970932329487	560265.1105882634
24.6244629115562	558348.4824462533
24.64921649981753	556432.5570338203
24.67397008807887	554517.3327763012
24.6987236763402	552602.8107953687
24.72347726460153	550688.9893761157
24.74823085286287	548775.8683697849
24.7729844411242	546863.4473371841
24.79773802938553	544951.7254764208
24.82249161764687	543040.7025400333
24.8472452059082	541130.3779765768
24.87199879416954	539220.7513479999
24.89675238243087	537311.8218487377
24.9215059706922	535403.5892247694
24.94625955895354	533496.0529274326
24.97101314721487	531589.2125250339
24.9957667354762	529683.0671456441
25.02052032373754	527777.6167150371
25.04527391199887	525872.8605186057
25.0700275002602	523968.7980036259
25.09478108852154	522065.4288551638
25.11953467678287	520162.7525194249
25.1442882650442	518260.7683372882
25.16904185330554	516359.4758335445
25.19379544156687	514458.8746728128
25.2185490298282	512558.9642444023
25.24330261808954	510659.7440083992
25.26805620635087	508761.2133297193
25.2928097946122	506863.372252871
25.31756338287354	504966.2197053439
25.34231697113487	503069.7553217784
25.3670705593962	501173.9787702564
25.39182414765754	499278.8894247988
25.41657773591887	497384.4868406394
25.4413313241802	495490.7704077356
25.46608491244154	493597.7397839681
25.49083850070287	491705.3943422151
25.5155920889642	489813.7336261041
25.54034567722554	487922.7572188557
25.56509926548687	486032.4645581471
25.58985285374821	484142.8551611066
25.61460644200954	482253.9284265719
25.63936003027087	480365.6840411801
25.66411361853221	478478.1214371551
25.68886720679354	476591.2401034086
25.71362079505487	474705.0395594907
25.73837438331621	472819.5192948446
25.76312797157754	470934.6788538884
25.78788155983887	469050.5177358782
25.81263514810021	467167.0354170779
25.83738873636154	465284.2327419637
25.86214232462287	463402.1053579256
25.88689591288421	461520.6566376087
25.91164950114554	459639.8847332993
25.93640308940687	457759.7892333185
25.96115667766821	455880.3696302986
25.98591026592954	454001.6254710567
26.01066385419087	452123.5561996063
26.03541744245221	450246.1613957581
26.06017103071354	448369.4405236996
26.08492461897487	446493.3931593033
26.10967820723621	444618.0187232782
26.13443179549754	442743.3168397638
26.15918538375887	440869.28694181
26.18393897202021	438995.9286085778
26.20869256028154	437123.2413371854
26.23344614854287	435251.2246571752
26.25819973680421	433379.8780528067
26.28295332506554	431509.2010750538
26.30770691332688	429639.1932494768
26.33246050158821	427769.8540793856
26.35721408984954	425901.1830295271
26.38196767811088	424033.1797537809
26.40672126637221	422165.843694583
26.43147485463354	420299.174364229
26.45622844289488	418433.1712858911
26.48098203115621	416567.8340452937
26.50573561941754	414703.1621302459
26.53048920767888	412839.1549978534
26.55524279594021	410975.8123667262
26.57999638420154	409113.1335549415
26.60474997246288	407251.1181423372
26.62950356072421	405389.7656949987
26.65425714898554	403529.0757781414
26.67901073724688	401669.0477940548
26.70376432550821	399809.6809510171
26.72851791376954	397950.9760791089
26.75327150203088	396092.9313270656
26.77802509029221	394235.5467396455
26.80277867855354	392378.8217935501
26.82753226681488	390522.7559906181
26.85228585507621	388667.3489743836
26.87703944333754	386812.6001547797
26.90179303159888	384958.5091696489
26.92654661986021	383105.0755089213
26.95130020812154	381252.2986635166
26.97605379638288	379400.178261712
27.00080738464421	377548.713766387
27.02556097290555	375697.9046773955
27.05031456116688	373847.7506496417
27.07506814942821	371998.2511409409
27.09982173768955	370149.4056606272
27.12457532595088	368301.2138401428
27.14932891421221	366453.6751550618
27.17408250247355	364606.7891355312
27.19883609073488	362760.5553460502
27.22358967899621	360914.973331421
27.24834326725755	359070.0425991482
27.27309685551888	357225.7627089605
27.29785044378021	355382.1328061947
27.32260403204155	353539.1536251067
27.34735762030288	351696.8235129094
27.37211120856421	349855.1423707
27.39686479682555	348014.1098090545
27.42161838508688	346173.7254435663
27.44637197334821	344333.988545219
27.47112556160955	342494.898897694
27.49587914987088	340656.4559546615
27.52063273813221	338818.6592961182
27.54538632639355	336981.5084753592
27.57013991465488	335145.0029697469
27.59489350291621	333309.1423938222
27.61964709117755	331473.9262537896
27.64440067943888	329639.3541403295
27.66915426770021	327805.4255494123
27.69390785596155	325972.1400899622
27.71866144422288	324139.4972643607
27.74341503248422	322307.4966426361
27.76816862074555	320476.137748111
27.79292220900688	318645.4201542337
27.81767579726822	316815.3434028499
27.84242938552955	314985.9070632012
27.86718297379088	313157.110666103
27.89193656205222	311328.9537675271
27.91669015031355	309501.4359347477
27.94144373857488	307674.5567050139
27.96619732683622	305848.3156270618
27.99095091509755	304022.7122630938
28.01570450335888	302197.746170043
28.04045809162022	300373.4169019252
28.06521167988155	298549.7240617714
28.08996526814288	296726.6670895645
28.11471885640422	294904.2456378228
28.13947244466555	293082.4592245254
28.16422603292688	291261.3074191036
28.18897962118822	289440.7897904635
28.21373320944955	287620.9058686815
28.23848679771088	285801.6552426189
28.26324038597222	283983.0374478712
28.28799397423355	282165.052064489
28.31274756249488	280347.6986252852
28.33750115075622	278530.9767222721
28.36225473901755	276714.885904587
28.38700832727888	274899.4257163993
28.41176191554022	273084.5957475326
28.43651550380155	271270.3955390831
28.46126909206289	269456.8246636409
28.48602268032422	267643.882678612
28.51077626858555	265831.5691664061
28.53552985684689	264019.8836548572
28.56028344510822	262208.8257974235
28.58503703336955	260398.3950305857
28.60979062163089	258588.5909939569
28.63454420989222	256779.4132439096
28.65929779815355	254970.861356764
28.68405138641489	253162.9348794175
28.70880497467622	251355.6333932724
28.73355856293755	249548.9564643405
28.75831215119889	247742.9036525708
28.78306573946022	245937.4745432468
28.80781932772155	244132.6686950904
28.83257291598289	242328.4856811833
28.85732650424422	240524.9250611242
28.88208009250555	238721.9864202051
28.90683368076689	236919.6693233251
28.93158726902822	235117.9733124972
28.95634085728955	233316.8980639099
28.98109444555089	231516.4430283355
29.00584803381222	229716.6078281674
29.03060162207355	227917.3920370654
29.05535521033489	226118.7952211892
29.08010879859622	224320.8169647962
29.10486238685755	222523.4568368901
29.12961597511889	220726.7144121038
29.15436956338022	218930.5892584008
29.17912315164156	217135.0809662928
29.20387673990289	215340.1891043662
29.22863032816422	213545.9132496793
29.25338391642556	211752.2530257812
29.27813750468689	209959.2078749098
29.30289109294822	208166.7775062784
29.32764468120956	206374.961458458
29.35239826947089	204583.7593026698
29.37715185773222	202793.1706274812
29.40190544599356	201003.1950091556
29.42665903425489	199213.8320209628
29.45141262251622	197425.0812560333
29.47616621077756	195636.9422877941
29.50091979903889	193849.4146840943
29.52567338730022	192062.498083244
29.55042697556156	190276.1919957922
29.57518056382289	188490.4960350605
29.59993415208422	186705.4097890827
29.62468774034556	184920.9328372499
29.64944132860689	183137.0647557447
29.67419491686822	181353.8051417015
29.69894850512956	179571.1535683505
29.72370209339089	177789.1096140851
29.74845568165222	176007.6729265802
29.77320926991356	174226.8430074247
29.79796285817489	172446.6194838342
29.82271644643622	170667.0019322942
29.84747003469756	168887.9899525541
29.87222362295889	167109.583124301
29.89697721122023	165331.7810303812
29.92173079948156	163554.5832869386
29.94648438774289	161777.9894391383
29.97123797600423	160001.9991095186
29.99599156426556	158226.6118744763
30.02074515252689	156451.8273324158
30.04549874078823	154677.6450654759
30.07025232904956	152904.064657916
30.09500591731089	151131.0857518411
30.11975950557223	149358.7078772564
30.14451309383356	147586.9306461076
30.16926668209489	145815.7536562897
30.19402027035623	144045.1765023311
30.21877385861756	142275.1987962267
30.24352744687889	140505.8200792925
30.26828103514023	138737.0399873051
30.29303462340156	136968.8581061642
30.31778821166289	135201.2740359789
30.34254179992423	133434.2873754939
30.36729538818556	131667.8976974313
30.39204897644689	129902.1046232148
30.41680256470823	128136.9077370808
30.44155615296956	126372.3066292694
30.46630974123089	124608.3009409276
30.49106332949223	122844.8902219213
30.51581691775356	121082.0740836947
30.54057050601489	119319.8520951194
30.56532409427623	117558.223966214
30.59007768253756	115797.1891784136
30.61483127079889	114036.7473743704
30.63958485906023	112276.8981602275
30.66433844732156	110517.6411243541
30.6890920355829	108758.9758773877
30.71384562384423	107000.9020283337
30.73859921210556	105243.4191558873
30.7633528003669	103486.5268812873
30.78810638862823	101730.2248119257
30.81285997688956	99974.5125328131
30.8376135651509	98219.38965584357
30.86236715341223	96464.85579854851
30.88712074167356	94710.91054868957
30.9118743299349	92957.55352138137
30.93662791819623	91204.7843127528
30.96138150645756	89452.60254177131
30.9861350947189	87701.00779679419
31.01088868298023	85949.99970494222
31.03564227124156	84199.57785706237
31.0603958595029	82449.74187616713
31.08514944776423	80700.49135229872
31.10990303602556	78951.82590948079
31.1346566242869	77203.7451376344
31.15941021254823	75456.24867274896
31.18416380080956	73709.33610475191
31.2089173890709	71963.00709938447
31.23367097733223	70217.26110341134
31.25842456559356	68472.09789608041
31.2831781538549	66727.51703174968
31.30793174211623	64983.51812135357
31.33268533037756	63240.10077498931
31.3574389186389	61497.26460816217
31.38219250690023	59755.0092297539
31.40694609516157	58013.33425279466
31.4316996834229	56272.23929385635
31.45645327168423	54531.72396458351
31.48120685994557	52791.78792180058
31.5059604482069	51052.43065615453
31.53071403646823	49313.65189483144
31.55546762472957	47575.45123964502
31.5802212129909	45837.82828161163
31.60497480125223	44100.78264326965
31.62972838951357	42364.31394186981
31.6544819777749	40628.42179053758
31.67923556603623	38893.10580907882
31.70398915429757	37158.36562138588
31.7287427425589	35424.20083789554
31.75349633082023	33690.6110770214
31.77824991908157	31957.59594977329
31.8030035073429	30225.15510163585
31.82775709560423	28493.28813317126
31.85251068386557	26761.99466057696
31.8772642721269	25031.27430845004
31.90201786038823	23301.12669905957
31.92677144864957	21571.55145269927
31.9515250369109	19842.54819060738
31.97627862517223	18114.11653444659
32.00103221343357	16386.25610626821
32.0257858016949	14658.96652850338
32.05053938995623	12932.24742395987
32.07529297821757	11206.0984158205
32.1000465664789	9480.519127641957
32.12480015474024	7755.509183354097
32.14955374300157	6031.068207259233
32.1743073312629	4307.195824031487
32.19906091952424	2583.891658716235
32.22381450778557	861.155336729556
0
1000	1776.86	100000000000000.1
5	0	0	1
5	0	0	0
7.494979834713454	-39.66139523125441
7.519733422974787	-33.28502464285179
7.544487011236121	-34.04913439012708
7.569240599497454	-35.63276329684241
7.593994187758788	-37.18661935274933
7.618747776020121	-38.50542637739176
7.643501364281454	-39.54647734008095
7.668254952542788	-40.31934890527942
7.693008540804121	-40.85086755124021
7.717762129065455	-41.17210535883779
7.742515717326788	-41.31328205480996
7.767269305588122	-41.3018370607453
7.792022893849455	-41.16190919949349
7.816776482110789	-40.91438291032766
7.841530070372122	-40.57712595230731
7.866283658633455	-40.16535879480603
7.891037246894789	-39.69201326600778
7.915790835156122	-39.1680649356077
7.940544423417456	-38.60282771499361
7.965298011678789	-38.00420867583935
7.990051599940123	-37.37892539449516
8.014805188201457	-36.73268983882959
8.03955877646279	-36.07036324809607
8.064312364724124	-35.39608629081725
8.089065952985457	-34.71338836614151
8.113819541246791	-34.02527941471196
8.138573129508124	-33.33432711025354
8.163326717769458	-32.64272185050751
8.188080306030791	-31.95233156943145
8.212833894292125	-31.2647480533509
8.237587482553458	-30.58557305417051
8.262341070814792	-29.90683197579433
8.287094659076125	-29.2341334107699
8.311848247337458	-28.56838433307235
8.336601835598792	-27.91035921047066
8.361355423860125	-27.2607160570206
8.386109012121459	-26.62001047385423
8.410862600382792	-25.98870794424387
8.435616188644126	-25.36719460873073
8.460369776905459	-24.75578666740763
8.485123365166793	-24.15773037925321
8.509876953428126	-23.56679330416213
8.534630541689459	-22.98639573016871
8.559384129950793	-22.41670800119528
8.584137718212126	-21.85786178767773
8.60889130647346	-21.30995309275477
8.633644894734793	-20.77304517098571
8.658398482996127	-20.24717133662976
8.68315207125746	-19.7323376447215
8.707905659518794	-19.22852543359822
8.732659247780127	-18.73546263671426
8.75741283604146	-18.25358354088019
8.782166424302794	-17.78255785499576
8.806920012564127	-17.3222859866391
8.831673600825461	-16.87265429322345
8.856427189086794	-16.4335368763561
8.881180777348128	-16.00479721188414
8.905934365609461	-15.5862896287953
8.930687953870795	-15.17786064930114
8.955441542132128	-14.7793502015989
8.980195130393462	-14.39060374994839
9.004948718654795	-14.01142746777195
9.029702306916128	-13.64165974371224
9.054455895177462	-13.28112429987519
9.079209483438795	-12.92964275941132
9.103963071700129	-12.58703528691721
9.128716659961462	-12.25312116280216
9.153470248222796	-11.92771929736094
9.178223836484129	-11.61064868984078
9.202977424745463	-11.30172883736767
9.227731013006796	-11.00077137598957
9.252484601268129	-10.70761654788758
9.277238189529463	-10.422077911985
9.301991777790796	-10.14398002370551
9.32674536605213	-9.873149372746113
9.351498954313463	-9.609414577797086
9.376252542574797	-9.352606554458289
9.40100613083613	-9.102558658974539
9.425759719097464	-8.859106810172642
9.450513307358797	-8.622089591763917
9.47526689562013	-8.391338353280135
9.500020483881464	-8.16671864215402
9.524774072142797	-7.948066680825964
9.549527660404131	-7.735232217569974
9.574281248665464	-7.528067943764137
9.599034836926798	-7.326429519090598
9.623788425188131	-7.130175586372712
9.648542013449465	-6.939167777238764
9.673295601710798	-6.753270709684895
9.698049189972132	-6.572351978502374
9.722802778233465	-6.39627495241251
9.747556366494798	-6.224928512263704
9.772309954756132	-6.05818131673787
9.797063543017465	-5.895912522393878
9.821817131278799	-5.738004132631869
9.846570719540132	-5.584340964633623
9.871324307801466	-5.434810612777293
9.896077896062799	-5.289303409076126
9.920831484324133	-5.147712381126873
9.945585072585466	-5.009933207997215
9.970338660846799	-4.875859609824403
9.995092249108133	-4.745402200840507
10.01984583736947	-4.618459413520194
10.0445994256308	-4.494936976659766
10.06935301389213	-4.374743029114358
10.09410660215347	-4.257788072410676
10.1188601904148	-4.143984922627104
10.14361377867613	-4.033248661786776
10.16836736693747	-3.925496588976543
10.1931209551988	-3.820648171376025
10.21787454346013	-3.71869476760677
10.24262813172147	-3.619413876888129
10.2673817199828	-3.522801881334785
10.29213530824413	-3.428787067067097
10.31688889650547	-3.337299882770856
10.3416424847668	-3.248272895944351
10.36639607302813	-3.161640757171724
10.39114966128947	-3.077340173985319
10.4159032495508	-2.995309896516141
10.44065683781213	-2.915490718041656
10.46541042607347	-2.837274385422384
10.4901640143348	-2.761744227690545
10.51491760259614	-2.688310470363513
10.53967119085747	-2.616922176030356
10.5644247791188	-2.547528855208023
10.58917836738014	-2.480080475372017
10.61393195564147	-2.414527476542021
10.6386855439028	-2.350820792638886
10.66343913216414	-2.288911877779274
10.68819272042547	-2.228752736642136
10.7129463086868	-2.169855591050853
10.73769989694814	-2.113128020800157
10.76245348520947	-2.058031454114273
10.7872070734708	-2.004510824734244
10.81196066173214	-1.952512741838042
10.83671424999347	-1.901985641804903
10.8614678382548	-1.852879867227759
10.88622142651614	-1.805147693198415
10.91097501477747	-1.758743315997183
10.9357286030388	-1.713622815552597
10.96048219130014	-1.66976483778783
10.98523577956147	-1.627083591663462
11.0099893678228	-1.585564294180486
11.03474295608414	-1.545170503900313
11.05949654434547	-1.505867350395931
11.0842501326068	-1.467621643438895
11.10900372086814	-1.43040270729122
11.13375730912947	-1.394192858027191
11.1585108973908	-1.358852399952764
11.18326448565214	-1.324548829409801
11.20801807391347	-1.291135000542611
11.23277166217481	-1.258588848789264
11.25752525043614	-1.226897261731718
11.28227883869747	-1.196035439594675
11.30703242695881	-1.165979461837054
11.33178601522014	-1.136706245801695
11.35653960348147	-1.108193507885602
11.38129319174281	-1.080419727036722
11.40604678000414	-1.053364110407671
11.43080036826547	-1.027006561014573
11.45555395652681	-1.00132724307417
11.48030754478814	-0.9763082315809847
11.50506113304947	-0.9519308982727389
11.52981472131081	-0.9281776335094073
11.55456830957214	-0.9050313877106022
11.57932189783347	-0.8824756486746791
11.60407548609481	-0.8604944200731316
11.62882907435614	-0.8390722010522101
11.65358266261747	-0.8181939668770629
11.67833625087881	-0.7978451505570453
11.70308983914014	-0.7780110014839665
11.72784342740147	-0.7586786171588487
11.75259701566281	-0.7398370131299793
11.77735060392414	-0.7214678914372814
11.80210419218547	-0.7035624136825349
11.82685778044681	-0.6861077336270348
11.85161136870814	-0.6690919825510663
11.87636495696947	-0.6525036755023046
11.90111854523081	-0.6363316653563796
11.92587213349214	-0.6205651252028436
11.95062572175348	-0.6051933615284194
11.97537931001481	-0.5902065271353069
12.00013289827614	-0.5755944951613136
12.02488648653748	-0.5613476025546043
12.04964007479881	-0.5474564544319183
12.07439366306014	-0.5339119155224741
12.09914725132148	-0.520705101931707
12.12390083958281	-0.5078273732152628
12.14865442784414	-0.4952703247529996
12.17340801610548	-0.4830257804123691
12.19816160436681	-0.4710853936850741
12.22291519262814	-0.4594422761986184
12.24766878088948	-0.448088453304429
12.27242236915081	-0.4370165868349605
12.29717595741214	-0.4262195355171285
12.32192954567348	-0.4156903490559415
12.34668313393481	-0.4054222624053941
12.37143672219614	-0.3954086902306868
12.39619031045748	-0.3856432215615168
12.42094389871881	-0.3761196146333934
12.44569748698014	-0.3668318846137852
12.47045107524148	-0.3577739175600912
12.49520466350281	-0.3489400466849144
12.51995825176414	-0.3403246599964576
12.54471184002548	-0.3319222915955147
12.56946542828681	-0.3237276175183684
12.59421901654814	-0.3157354517458089
12.61897260480948	-0.307940742380762
12.64372619307081	-0.3003385680062852
12.66847978133215	-0.2929241342539811
12.69323336959348	-0.285693162228626
12.71798695785481	-0.2786403278509062
12.74274054611615	-0.2717615478579763
12.76749413437748	-0.2650524965865852
12.79224772263881	-0.2585089586103024
12.81700131090015	-0.2521268257310806
12.84175489916148	-0.2459020940662783
12.86650848742281	-0.239830861226914
12.89126207568415	-0.2339093235831851
12.91601566394548	-0.2281337736135153
12.94076925220681	-0.2225006512844775
12.96552284046815	-0.2170063202502698
12.99027642872948	-0.2116474013934745
13.01503001699081	-0.2064205472583334
13.03978360525215	-0.2013224945469323
13.06453719351348	-0.1963500618958429
13.08929078177481	-0.1915001477187223
13.11404437003615	-0.1867697281123638
13.13879795829748	-0.1821558548238291
13.16355154655881	-0.1776556532764207
13.18830513482015	-0.1732663439470614
13.21305872308148	-0.1689851445942792
13.23781231134281	-0.1648094147126605
13.26256589960415	-0.1607365561333983
13.28731948786548	-0.1567640353579895
13.31207307612681	-0.1528893818872042
13.33682666438815	-0.1491101865975348
13.36158025264948	-0.1454241001634737
13.38633384091082	-0.1418288315240467
13.41108742917215	-0.1383221463921045
13.43584101743348	-0.134901885090244
13.46059460569482	-0.1315658816069265
13.48534819395615	-0.1283120837682875
13.51010178221748	-0.1251384705907709
13.53485537047882	-0.1220430710384668
13.55960895874015	-0.1190239627517374
13.58436254700148	-0.1160792708112844
13.60911613526282	-0.1132071665364296
13.63386972352415	-0.1104058663164449
13.65862331178548	-0.1076736304738213
13.68337690004682	-0.1050087946803974
13.70813048830815	-0.1024096343332598
13.73288407656948	-0.09987456994530607
13.75763766483082	-0.09740202739365866
13.78239125309215	-0.09499047126884667
13.80714484135348	-0.09263840389320399
13.83189842961482	-0.09034436436812343
13.85665201787615	-0.08810692764881475
13.88140560613748	-0.08592470364533979
13.90615919439882	-0.08379633634880553
13.93091278266015	-0.08172051212398172
13.95566637092148	-0.07969592089954988
13.98041995918282	-0.07772131395579311
14.00517354744415	-0.07579546352386513
14.02992713570548	-0.07391717188240185
14.05468072396682	-0.07208527061241433
14.07943431222815	-0.07029861987273078
14.10418790048949	-0.06855610769507581
14.12894148875082	-0.06685664929797312
14.15369507701215	-0.06519918641873949
14.17844866527349	-0.06358268366500104
14.20320225353482	-0.06200614026939733
14.22795584179615	-0.06046857049202407
14.25270943005749	-0.05896901575315474
14.27746301831882	-0.05750654089847845
14.30221660658015	-0.05608023362871831
14.32697019484149	-0.05468920394331661
14.35172378310282	-0.05333258359781718
14.37647737136415	-0.05200952557458884
14.40123095962549	-0.05071920356654532
14.42598454788682	-0.04946080999510553
14.45073813614815	-0.04823356159456705
14.47549172440949	-0.04703668968209249
14.50024531267082	-0.04586944585735148
14.52499890093215	-0.04473110003628174
14.54975248919349	-0.0436209398934987
14.57450607745482	-0.04253827082821686
14.59925966571615	-0.04148241490979197
14.62401325397749	-0.0404527109727803
14.64876684223882	-0.03944851401741881
14.67352043050015	-0.0384691934742426
14.69827401876149	-0.03751413846169026
14.72302760702282	-0.03658274879652917
14.74778119528415	-0.03567444038342158
14.77253478354549	-0.03478864343678759
14.79728837180682	-0.0339248019417575
14.82204196006816	-0.03308237451813757
14.84679554832949	-0.03226083133952112
14.87154913659082	-0.03145965690000474
14.89630272485216	-0.03067834794313621
14.92105631311349	-0.02991641213098253
14.94580990137482	-0.02917337372862874
14.97056348963616	-0.02844876411521231
14.99531707789749	-0.02774212767239456
15.02007066615882	-0.02705301997611915
15.04482425442016	-0.02638100752494511
15.06957784268149	-0.02572566747478568
15.09433143094282	-0.02508658737991591
15.11908501920416	-0.02446336494011351
15.14383860746549	-0.02385560775379917
15.16859219572682	-0.02326293142351153
15.19334578398816	-0.02268496617817108
15.21809937224949	-0.0221213460891487
15.24285296051082	-0.02157171596456621
15.26760654877216	-0.02103572936293983
15.29236013703349	-0.02051304838034365
15.31711372529482	-0.02000334344259638
15.34186731355616	-0.01950629310259572
15.36662090181749	-0.0190215838435899
15.39137449007882	-0.01854890989423736
15.41612807834016	-0.01808798431137502
15.44088166660149	-0.01763850106953473
15.46563525486282	-0.01720030948245308
15.49038884312416	-0.01677269979354023
15.51514243138549	-0.01635588274371049
15.53989601964683	-0.0159494118936758
15.56464960790816	-0.01555303544306246
15.58940319616949	-0.01516650393531997
15.61415678443083	-0.01478957349423425
15.63891037269216	-0.01442200611254661
15.66366396095349	-0.0140635675232203
15.68841754921483	-0.01371403583983891
15.71317113747616	-0.01337318774961655
15.73792472573749	-0.01304080780319285
15.76267831399883	-0.01271668588083587
15.78743190226016	-0.01240061706120089
15.81218549052149	-0.01209240149328643
15.83693907878283	-0.0117918442715089
15.86169266704416	-0.01149875531381953
15.88644625530549	-0.01121294924278807
15.91119984356683	-0.0109342457653294
15.93595343182816	-0.01066246753574907
15.96070702008949	-0.010397443098976
15.98546060835083	-0.01013900476691128
16.01021419661216	-0.009886989005743368
16.03496778487349	-0.009641236333579658
16.05972137313483	-0.009401591220815825
16.08447496139616	-0.009167901993995062
16.10922854965749	-0.008940020750662499
16.13398213791883	-0.008717801640350725
16.15873572618016	-0.008501108788888529
16.18348931444149	-0.008289800111528207
16.20824290270283	-0.008083743537323697
16.23299649096416	-0.007882808347018934
16.2577500792255	-0.00768686768017321
16.28250366748683	-0.007495797265251302
16.30725725574816	-0.00730947612523776
16.3320108440095	-0.007127786266922833
16.35676443227083	-0.006950612622636423
16.38151802053216	-0.006777842979327087
16.4062716087935	-0.006609367957269413
16.43102519705483	-0.006445080737706423
16.45577878531616	-0.006284877306994513
16.4805323735775	-0.006128656181431145
16.50528596183883	-0.005976318459185974
16.53003955010016	-0.005827767485589454
16.5547931383615	-0.005682909279063935
16.57954672662283	-0.005541652032110628
16.60430031488416	-0.005403906249041554
16.6290539031455	-0.005269584657353952
16.65380749140683	-0.005138602171615168
16.67856107966816	-0.005010875760507304
16.7033146679295	-0.004886324510191933
16.72806825619083	-0.004764869501058657
16.75282184445216	-0.004646433773346743
16.7775754327135	-0.004530942278798861
16.80232902097483	-0.004418321833333453
16.82708260923616	-0.004308501070840823
16.8518361974975	-0.00420141039810601
16.87658978575883	-0.004096981950839993
16.90134337402016	-0.00399514955942126
16.9260969622815	-0.003895848671639442
16.95085055054283	-0.003799016365768458
16.97560413880417	-0.003704591274961545
17.0003577270655	-0.003612513557241621
17.02511131532683	-0.003522724857657373
17.04986490358817	-0.003435168271376029
17.0746184918495	-0.00334978830768966
17.09937208011083	-0.003266530854912568
17.12412566837217	-0.0031853431461478
17.1488792566335	-0.003106173734979868
17.17363284489483	-0.003028972424698437
17.19838643315617	-0.002953690296640986
17.2231400214175	-0.002880279637387119
17.24789360967883	-0.002808693919476742
17.27264719794017	-0.002738887771945076
17.2974007862015	-0.002670816951595332
17.32215437446283	-0.002604438314986306
17.34690796272417	-0.002539709791115578
17.3716615509855	-0.002476590354780536
17.39641513924683	-0.002415040001583154
17.42116872750817	-0.002355019718525116
17.4459223157695	-0.002296491465558144
17.47067590403083	-0.002239418147276846
17.49542949229217	-0.002183763590470331
17.5201830805535	-0.002129492521209754
17.54493666881483	-0.00207657054250425
17.56969025707617	-0.00202496411251124
17.5944438453375	-0.001974640523287356
17.61919743359883	-0.001925567880066651
17.64395102186017	-0.001877715080767341
17.6687046101215	-0.001831051797462018
17.69345819838284	-0.001785548455366751
17.71821178664417	-0.001741176215298642
17.7429653749055	-0.001697906955106149
17.76771896316684	-0.001655713251848057
17.79247255142817	-0.001614568364414865
17.8172261396895	-0.001574446216581637
17.84197972795084	-0.001535321380481631
17.86673331621217	-0.001497169060490284
17.8914869044735	-0.001459965078060223
17.91624049273484	-0.00142368585416772
17.94099408099617	-0.001388308397697761
17.9657476692575	-0.001353810288684595
17.99050125751884	-0.001320169664628015
18.01525484578017	-0.001287365206628055
18.0400084340415	-0.001255376125852226
18.06476202230284	-0.001224182150290893
18.08951561056417	-0.001193763511533473
18.1142691988255	-0.001164100924061577
18.13902278708684	-0.001135175628032583
18.16377637534817	-0.001106969251732839
18.1885299636095	-0.001079463936569365
18.21328355187084	-0.001052642253216388
18.23803714013217	-0.00102648720574203
18.2627907283935	-0.001000982220832056
18.28754431665484	-0.0009761111372814338
18.31229790491617	-0.0009518581957470622
18.3370514931775	-0.0009282080287551878
18.36180508143884	-0.0009051456509571839
18.38655866970017	-0.000882656448792572
18.41131225796151	-0.0008607261743239703
18.43606584622284	-0.0008393409319073824
18.46081943448417	-0.0008184871720299869
18.48557302274551	-0.0007981516821825406
18.51032661100684	-0.0007783215775172934
18.53508019926817	-0.0007589842957455139
18.55983378752951	-0.0007401275846767774
18.58458737579084	-0.0007217394978073397
18.60934096405217	-0.0007038083855588475
18.63409455231351	-0.0006863228891211471
18.65884814057484	-0.0006692719285868045
18.68360172883617	-0.0006526447032897244
18.70835531709751	-0.0006364306798223367
18.73310890535884	-0.0006206195866915979
18.75786249362017	-0.0006052014078053884
18.78261608188151	-0.0005901663761208776
18.80736967014284	-0.0005755049674508352
18.83212325840417	-0.0005612078944239633
18.85687684666551	-0.0005472661005954225
18.88163043492684	-0.0005336707551648963
18.90638402318817	-0.0005204132455004112
18.93113761144951	-0.0005074851745013202
18.95589119971084	-0.0004948783534075134
18.98064478797217	-0.0004825847970591823
19.00539837623351	-0.0004705967188245691
19.03015196449484	-0.0004589065256275362
19.05490555275617	-0.000447506812883074
19.07965914101751	-0.0004363904077765121
19.10441272927884	-0.0004255501334823283
19.12916631754018	-0.0004149792558048024
19.15391990580151	-0.0004046710393341966
19.17867349406284	-0.0003946189542613778
19.20342708232418	-0.0003848166345005396
19.22818067058551	-0.0003752578722453654
19.25293425884684	-0.0003659366140361501
19.27768784710818	-0.0003568469569315099
19.30244143536951	-0.0003479831448048464
19.32719502363084	-0.0003393395649551822
19.35194861189218	-0.0003309107680371468
19.37670220015351	-0.0003226913393209911
19.40145578841484	-0.000314676153404248
19.42620937667618	-0.0003068601080183453
19.45096296493751	-0.0002992382539471374
19.47571655319884	-0.0002918057649744565
19.50047014146018	-0.0002845579344780399
19.52522372972151	-0.0002774901770733729
19.54997731798284	-0.0002705980107465673
19.57473090624418	-0.0002638770761803281
19.59948449450551	-0.000257323117241401
19.62423808276684	-0.0002509320018019979
19.64899167102818	-0.0002446996319217206
19.67374525928951	-0.0002386221115302948
19.69849884755084	-0.0002326955775318667
19.72325243581218	-0.000226916277508905
19.74800602407351	-0.0002212805525712717
19.77275961233484	-0.0002157848348263693
19.79751320059618	-0.000210425645085205
19.82226678885751	-0.0002051995906486651
19.84702037711885	-0.0002001033631541465
19.87177396538018	-0.0001951337364435546
19.89652755364151	-0.0001902875646700852
19.92128114190285	-0.0001855617800439277
19.94603473016418	-0.0001809533910875614
19.97078831842551	-0.000176459480681288
19.99554190668685	-0.0001720772042143401
20.02029549494818	-0.0001678037877819731
20.04504908320951	-0.0001636365264273969
20.06980267147085	-0.0001595727824274356
20.09455625973218	-0.0001556099836208279
20.11930984799351	-0.0001517456217729134
20.14406343625485	-0.0001479772510078917
20.16881702451618	-0.0001443024862245562
20.19357061277751	-0.0001407190016084416
20.21832420103885	-0.0001372245291519176
20.24307778930018	-0.0001338168572169464
20.26783137756151	-0.000130493829133586
20.29258496582285	-0.0001272533418333514
20.31733855408418	-0.0001240933445165639
20.34209214234551	-0.0001210118373528445
20.36684573060685	-0.0001180068701459966
20.39159931886818	-0.0001150765413648547
20.41635290712951	-0.0001122189965531028
20.44110649539085	-0.0001094324274010976
20.46586008365218	-0.000106715070543709
20.49061367191351	-0.0001040652064496516
20.51536726017485	-0.0001014811583605998
20.54012084843618	-9.896129147296384e-05
20.56487443669752	-9.650400497948728e-05
20.58962802495885	-9.410775862223965e-05
20.61438161322018	-9.177102559582324e-05
20.63913520148152	-8.949226222061039e-05
20.66388878974285	-8.727022248552558e-05
20.68864237800418	-8.510330830561022e-05
20.71339596626552	-8.299021158604409e-05
20.73814955452685	-8.092959554796443e-05
20.76290314278818	-7.892015647741947e-05
20.78765673104952	-7.696062303158084e-05
20.81241031931085	-7.504975545248462e-05
20.83716390757218	-7.318634478651505e-05
20.86191749583352	-7.136921206795266e-05
20.88667108409485	-6.959720779270376e-05
20.91142467235618	-6.786921084577233e-05
20.93617826061752	-6.618412802938495e-05
20.96093184887885	-6.454089330990259e-05
20.98568543714018	-6.293846714262488e-05
21.01043902540152	-6.137583581338281e-05
21.03519261366285	-5.985201079650289e-05
21.05994620192418	-5.83660281287348e-05
21.08469979018552	-5.691694779874631e-05
21.10945337844685	-5.550385312529384e-05
21.13420696670818	-5.412585028392595e-05
21.15896055496952	-5.278206758069685e-05
21.18371414323085	-5.147165500510998e-05
21.20846773149218	-5.019378366638433e-05
21.23322131975352	-4.894764526860213e-05
21.25797490801485	-4.77324515989568e-05
21.28272849627619	-4.654743402884454e-05
21.30748208453752	-4.539184302768181e-05
21.33223567279885	-4.426494768984434e-05
21.35698926106019	-4.316603503094105e-05
21.38174284932152	-4.209441042060124e-05
21.40649643758285	-4.104939590095843e-05
21.43125002584419	-4.003033053679597e-05
21.45600361410552	-3.903656981344686e-05
21.48075720236685	-3.806748522871949e-05
21.50551079062819	-3.712246389496696e-05
21.53026437888952	-3.620090815104774e-05
21.55501796715085	-3.530223518393238e-05
21.57977155541219	-3.4425876659716e-05
21.60452514367352	-3.357127836420997e-05
21.62927873193485	-3.273789985044733e-05
21.65403232019619	-3.192521409892173e-05
21.67878590845752	-3.113270718239961e-05
21.70353949671885	-3.035987794094212e-05
21.72829308498019	-2.960623766464323e-05
21.75304667324152	-2.887130978425437e-05
21.77780026150285	-2.815462956950002e-05
21.80255384976419	-2.745574383489349e-05
21.82730743802552	-2.677421065286743e-05
21.85206102628685	-2.610959908295091e-05
21.87681461454819	-2.546148886380338e-05
21.90156820280952	-2.48294701985444e-05
21.92632179107085	-2.421314346236939e-05
21.95107537933219	-2.361211895748933e-05
21.97582896759352	-2.302601666646713e-05
22.00058255585486	-2.245446601168494e-05
22.02533614411619	-2.189710562078986e-05
22.05008973237752	-2.135358309796935e-05
22.07484332063886	-2.082355480091171e-05
22.09959690890019	-2.030668561960719e-05
22.12435049716152	-1.980264877933002e-05
22.14910408542286	-1.931112561114302e-05
22.17385767368419	-1.883180536516051e-05
22.19861126194552	-1.836438501023805e-05
22.22336485020686	-1.790856904219327e-05
22.24811843846819	-1.746406929679252e-05
22.27287202672952	-1.703060476738378e-05
22.29762561499086	-1.660790142705982e-05
22.32237920325219	-1.619569205523606e-05
22.34713279151352	-1.579371606718194e-05
22.37188637977486	-1.540171935432589e-05
22.39663996803619	-1.501945411568596e-05
22.42139355629752	-1.464667870566849e-05
22.44614714455886	-1.428315747862512e-05
22.47090073282019	-1.392866063002346e-05
22.49565432108152	-1.358296578283507e-05
22.52040790934286	-1.324584952349928e-05
22.54516149760419	-1.291710349696606e-05
22.56991508586552	-1.259651839699112e-05
22.59466867412686	-1.228389154933875e-05
22.61942226238819	-1.197902540481653e-05
22.64417585064952	-1.168172723291585e-05
22.66892943891086	-1.139180912310536e-05
22.69368302717219	-1.110908783176023e-05
22.71843661543353	-1.083338466622572e-05
22.74319020369486	-1.056452537176165e-05
22.76794379195619	-1.030234002129617e-05
22.79269738021753	-1.004666290791906e-05
22.81745096847886	-9.797332440046406e-06
22.84220455674019	-9.554191050721422e-06
22.86695814500153	-9.317085048785503e-06
22.89171173326286	-9.085864600126733e-06
22.91646532152419	-8.860383577282272e-06
22.94121890978553	-8.640499481742942e-06
22.96597249804686	-8.426073353804915e-06
22.99072608630819	-8.216969684663353e-06
23.01547967456953	-8.013056330691076e-06
23.04023326283086	-7.814204429847531e-06
23.06498685109219	-7.620288320164898e-06
23.08974043935353	-7.431185461625633e-06
23.11449402761486	-7.246776352983448e-06
23.13924761587619	-7.066944464900124e-06
23.16400120413753	-6.89157616034217e-06
23.18875479239886	-6.720560624171184e-06
23.21350838066019	-6.553789793051918e-06
23.23826196892153	-6.391158287101842e-06
23.26301555718286	-6.232563343238883e-06
23.28776914544419	-6.07790475018517e-06
23.31252273370553	-5.927084785085687e-06
23.33727632196686	-5.780008141753616e-06
23.36202991022819	-5.636581912005137e-06
23.38678349848953	-5.4967154620798e-06
23.41153708675086	-5.360320419793922e-06
23.4362906750122	-5.227310607347333e-06
23.46104426327353	-5.097601986814966e-06
23.48579785153486	-4.971112606995486e-06
23.5105514397962	-4.847762551581803e-06
23.53530502805753	-4.727473888620062e-06
23.56005861631886	-4.610170621224652e-06
23.5848122045802	-4.495778638763045e-06
23.60956579284153	-4.384225673123124e-06
23.63431938110286	-4.275441248181737e-06
23.6590729693642	-4.169356638502277e-06
23.68382655762553	-4.065904825062768e-06
23.70858014588686	-3.96502045287635e-06
23.7333337341482	-3.86663978966451e-06
23.75808732240953	-3.770700685556967e-06
23.78284091067086	-3.67714253379263e-06
23.8075944989322	-3.585906232396826e-06
23.83234808719353	-3.49693414662213e-06
23.85710167545486	-3.410170073278683e-06
23.8818552637162	-3.325559204023375e-06
23.90660885197753	-3.243048091485196e-06
23.93136244023886	-3.162584615280242e-06
23.9561160285002	-3.084117949057544e-06
23.98086961676153	-3.007598528363487e-06
24.00562320502286	-2.932978019304469e-06
24.0303767932842	-2.860209287987958e-06
24.05513038154553	-2.789246370722619e-06
24.07988396980686	-2.720044444023947e-06
24.1046375580682	-2.652559800036103e-06
24.12939114632953	-2.586749813319718e-06
24.15414473459087	-2.522572917536237e-06
24.1788983228522	-2.459988578293814e-06
24.20365191111353	-2.398957267523998e-06
24.22840549937487	-2.339440438496892e-06
24.2531590876362	-2.281400501461635e-06
24.27791267589753	-2.224800799904112e-06
24.30266626415887	-2.169605587431701e-06
24.3274198524202	-2.115779994247071e-06
24.35217344068153	-2.063290045314044e-06
24.37692702894287	-2.012102582502856e-06
24.4016806172042	-1.962185278918395e-06
24.42643420546553	-1.91350661017634e-06
24.45118779372687	-1.866035834476656e-06
24.4759413819882	-1.819742973171948e-06
24.50069497024953	-1.774598791818366e-06
24.52544855851087	-1.730574781697101e-06
24.5502021467722	-1.687643141794774e-06
24.57495573503353	-1.645776762325403e-06
24.59970932329487	-1.604949203251398e-06
24.6244629115562	-1.565134683946268e-06
24.64921649981753	-1.526308062761614e-06
24.67397008807887	-1.488444822081459e-06
24.6987236763402	-1.451521052591977e-06
24.72347726460153	-1.415513435089231e-06
24.74823085286287	-1.38039925918589e-06
24.7729844411242	-1.346156309161042e-06
24.79773802938553	-1.312762989050806e-06
24.82249161764687	-1.280198208291202e-06
24.8472452059082	-1.248441408732414e-06
24.87199879416954	-1.21747253648396e-06
24.89675238243087	-1.18727203787384e-06
24.9215059706922	-1.157820844592573e-06
24.94625955895354	-1.129100361642766e-06
24.97101314721487	-1.101092455587916e-06
24.9957667354762	-1.073779443093052e-06
25.02052032373754	-1.047144079749938e-06
25.04527391199887	-1.02116954917979e-06
25.0700275002602	-9.958394525149402e-07
25.09478108852154	-9.711377975889192e-07
25.11953467678287	-9.470489895148889e-07
25.1442882650442	-9.235578203731712e-07
25.16904185330554	-9.006494597144831e-07
25.19379544156687	-8.783094451887184e-07
25.2185490298282	-8.565236734064402e-07
25.24330261808954	-8.352783910273092e-07
25.26805620635087	-8.145601860698049e-07
25.2928097946122	-7.943559794367434e-07
25.31756338287354	-7.746530162818632e-07
25.34231697113487	-7.554388594118304e-07
25.3670705593962	-7.367013792905439e-07
25.39182414765754	-7.18428747761152e-07
25.41657773591887	-7.006094302643941e-07
25.4413313241802	-6.832321787099251e-07
25.46608491244154	-6.662862304567027e-07
25.49083850070287	-6.497602651917126e-07
25.5155920889642	-6.336444777714988e-07
25.54034567722554	-6.179284855989685e-07
25.56509926548687	-6.026023692976056e-07
25.58985285374821	-5.876564539956932e-07
25.61460644200954	-5.730813065247968e-07
25.63936003027087	-5.588677272229132e-07
25.66411361853221	-5.450067447431877e-07
25.68886720679354	-5.314896103863908e-07
25.71362079505487	-5.183077925741117e-07
25.73837438331621	-5.054529714591784e-07
25.76312797157754	-4.929170336698914e-07
25.78788155983887	-4.806920671847509e-07
25.81263514810021	-4.687703550058784e-07
25.83738873636154	-4.571443762048537e-07
25.86214232462287	-4.458067910853485e-07
25.88689591288421	-4.347504444628996e-07
25.91164950114554	-4.239683585844069e-07
25.93640308940687	-4.134537288270818e-07
25.96115667766821	-4.031999194219716e-07
25.98591026592954	-3.932004592689255e-07
26.01066385419087	-3.834490378515651e-07
26.03541744245221	-3.739395012523685e-07
26.06017103071354	-3.646658481894116e-07
26.08492461897487	-3.556222265469119e-07
26.10967820723621	-3.468029291803039e-07
26.13443179549754	-3.382023906524125e-07
26.15918538375887	-3.298151836325431e-07
26.18393897202021	-3.216360154686191e-07
26.20869256028154	-3.136597248444215e-07
26.23344614854287	-3.058812785198132e-07
26.25819973680421	-2.982957681518912e-07
26.28295332506554	-2.908984071950542e-07
26.30770691332688	-2.836845278756341e-07
26.33246050158821	-2.766495782538105e-07
26.35721408984954	-2.697891193338754e-07
26.38196767811088	-2.630988222708413e-07
26.40672126637221	-2.565744656341976e-07
26.43147485463354	-2.502119327419901e-07
26.45622844289488	-2.440072090610799e-07
26.48098203115621	-2.379563796719392e-07
26.50573561941754	-2.320556267963831e-07
26.53048920767888	-2.263012273866707e-07
26.55524279594021	-2.206895507686047e-07
26.57999638420154	-2.152170563728552e-07
26.60474997246288	-2.0988029146272e-07
26.62950356072421	-2.046758889780801e-07
26.65425714898554	-1.99600565403301e-07
26.67901073724688	-1.946511186938593e-07
26.70376432550821	-1.89824426254436e-07
26.72851791376954	-1.851174429672e-07
26.75327150203088	-1.805271992690352e-07
26.77802509029221	-1.76050799276495e-07
26.80277867855354	-1.716854188956452e-07
26.82753226681488	-1.674283042861136e-07
26.85228585507621	-1.632767697568179e-07
26.87703944333754	-1.592281963076762e-07
26.90179303159888	-1.552800299190654e-07
26.92654661986021	-1.514297799397996e-07
26.95130020812154	-1.476750175158476e-07
26.97605379638288	-1.440133740602296e-07
27.00080738464421	-1.404425397691959e-07
27.02556097290555	-1.369602622226864e-07
27.05031456116688	-1.335643435816851e-07
27.07506814942821	-1.302526434838099e-07
27.09982173768955	-1.270230722066433e-07
27.12457532595088	-1.238735925842041e-07
27.14932891421221	-1.20802217991696e-07
27.17408250247355	-1.178070110913449e-07
27.19883609073488	-1.148860826093645e-07
27.22358967899621	-1.120375901432779e-07
27.24834326725755	-1.09259736998839e-07
27.27309685551888	-1.065507710558229e-07
27.29785044378021	-1.039089835979551e-07
27.32260403204155	-1.013327085041567e-07
27.34735762030288	-9.882032077217574e-08
27.37211120856421	-9.637023578741541e-08
27.39686479682555	-9.398090824700723e-08
27.42161838508688	-9.165083118429329e-08
27.44637197334821	-8.937853501754386e-08
27.47112556160955	-8.716258662229818e-08
27.49587914987088	-8.500158842673554e-08
27.52063273813221	-8.289417752950203e-08
27.54538632639355	-8.083902481742771e-08
27.57013991465488	-7.883483421445642e-08
27.59489350291621	-7.688034173363278e-08
27.61964709117755	-7.49743147643315e-08
27.64440067943888	-7.311555127487036e-08
27.66915426770021	-7.130287906171855e-08
27.69390785596155	-6.953525716018147e-08
27.71866144422288	-6.781126408571952e-08
27.74341503248422	-6.61301195604022e-08
27.76816862074555	-6.449066108047887e-08
27.79292220900688	-6.289185482550096e-08
27.81767579726822	-6.133269252346425e-08
27.84242938552955	-5.981219100564277e-08
27.86718297379088	-5.832939145744586e-08
27.89193656205222	-5.688335884832831e-08
27.91669015031355	-5.547318134169261e-08
27.94144373857488	-5.409796971943659e-08
27.96619732683622	-5.275685682078461e-08
27.99095091509755	-5.144899699504956e-08
28.01570450335888	-5.017356556798587e-08
28.04045809162022	-4.892975836284741e-08
28.06521167988155	-4.771679102980365e-08
28.08996526814288	-4.653389878869148e-08
28.11471885640422	-4.538033579376924e-08
28.13947244466555	-4.425537469954947e-08
28.16422603292688	-4.315830620181719e-08
28.18897962118822	-4.20884385900375e-08
28.21373320944955	-4.104509731087011e-08
28.23848679771088	-4.002762454251505e-08
28.26324038597222	-3.903537877962055e-08
28.28799397423355	-3.806773443293837e-08
28.31274756249488	-3.712408141621398e-08
28.33750115075622	-3.620382478933791e-08
28.36225473901755	-3.530638436411255e-08
28.38700832727888	-3.44311943428182e-08
28.41176191554022	-3.357770296120969e-08
28.43651550380155	-3.274537214037179e-08
28.46126909206289	-3.193367714721343e-08
28.48602268032422	-3.114210626338638e-08
28.51077626858555	-3.037016046241931e-08
28.53552985684689	-2.961735308689375e-08
28.56028344510822	-2.888320957361456e-08
28.58503703336955	-2.816726710610192e-08
28.60979062163089	-2.746907435409347e-08
28.63454420989222	-2.678819118117055e-08
28.65929779815355	-2.612418836710616e-08
28.68405138641489	-2.547664733713777e-08
28.70880497467622	-2.484515989805221e-08
28.73355856293755	-2.422932798111805e-08
28.75831215119889	-2.362876339263667e-08
28.78306573946022	-2.304308748476535e-08
28.80781932772155	-2.24719312011263e-08
28.83257291598289	-2.191493446420601e-08
28.85732650424422	-2.137174617804204e-08
28.88208009250555	-2.084202395403533e-08
28.90683368076689	-2.032543389496004e-08
28.93158726902822	-1.982165038433219e-08
28.95634085728955	-1.933035588100412e-08
28.98109444555089	-1.885124071885512e-08
29.00584803381222	-1.838400291145186e-08
29.03060162207355	-1.792834795142592e-08
29.05535521033489	-1.748398866689462e-08
29.08010879859622	-1.705064497499596e-08
29.10486238685755	-1.662804374960318e-08
29.12961597511889	-1.62159186379296e-08
29.15436956338022	-1.581400989251977e-08
29.17912315164156	-1.542206420740917e-08
29.20387673990289	-1.503983455834917e-08
29.22863032816422	-1.466708004699572e-08
29.25338391642556	-1.430356574896398e-08
29.27813750468689	-1.394906256537556e-08
29.30289109294822	-1.36033470795038e-08
29.32764468120956	-1.32662014141032e-08
29.35239826947089	-1.29374130951699e-08
29.37715185773222	-1.261677491763991e-08
29.40190544599356	-1.230408481470394e-08
29.42665903425489	-1.199914573036427e-08
29.45141262251622	-1.170176549515315e-08
29.47616621077756	-1.141175670493449e-08
29.50091979903889	-1.112893660271201e-08
29.52567338730022	-1.085312696326866e-08
29.55042697556156	-1.05841539811784e-08
29.57518056382289	-1.032184816057106e-08
29.59993415208422	-1.006604420865136e-08
29.62468774034556	-9.816580931356903e-09
29.64944132860689	-9.573301131702712e-09
29.67419491686822	-9.336051510647571e-09
29.69894850512956	-9.104682570419458e-09
29.72370209339089	-8.879048520239164e-09
29.74845568165222	-8.659007184382492e-09
29.77320926991356	-8.44441991345866e-09
29.79796285817489	-8.235151493138907e-09
29.82271644643622	-8.031070064720443e-09
29.84747003469756	-7.83204703810279e-09
29.87222362295889	-7.637957011652303e-09
29.89697721122023	-7.448677693126704e-09
29.92173079948156	-7.264089822561141e-09
29.94648438774289	-7.084077097067114e-09
29.97123797600423	-6.908526097496781e-09
29.99599156426556	-6.737326216926372e-09
30.02074515252689	-6.570369590727195e-09
30.04549874078823	-6.40755102932007e-09
30.07025232904956	-6.248767950680618e-09
30.09500591731089	-6.093920316438761e-09
30.11975950557223	-5.942910568610692e-09
30.14451309383356	-5.795643568087451e-09
30.16926668209489	-5.652026534649202e-09
30.19402027035623	-5.511968988467415e-09
30.21877385861756	-5.375382693058004e-09
30.24352744687889	-5.24218159964942e-09
30.26828103514023	-5.11228179348488e-09
30.29303462340156	-4.985601438619118e-09
30.31778821166289	-4.862060729856769e-09
30.34254179992423	-4.741581840055924e-09
30.36729538818556	-4.624088871653673e-09
30.39204897644689	-4.509507808816561e-09
30.41680256470823	-4.397766470777864e-09
30.44155615296956	-4.288794466332243e-09
30.46630974123089	-4.182523149459048e-09
30.49106332949223	-4.078885576046279e-09
30.51581691775356	-3.97781646165872e-09
30.54057050601489	-3.879252140501821e-09
30.56532409427623	-3.783130525104103e-09
30.59007768253756	-3.689391067298883e-09
30.61483127079889	-3.597974720025321e-09
30.63958485906023	-3.508823900106031e-09
30.66433844732156	-3.421882451947843e-09
30.6890920355829	-3.337095612142849e-09
30.71384562384423	-3.254409974947375e-09
30.73859921210556	-3.173773458617104e-09
30.7633528003669	-3.095135272513814e-09
30.78810638862823	-3.0184458853424e-09
30.81285997688956	-2.943656993557075e-09
30.8376135651509	-2.870721491154703e-09
30.86236715341223	-2.799593439924727e-09
30.88712074167356	-2.730228040493379e-09
30.9118743299349	-2.662581604086084e-09
30.93662791819623	-2.596611524990314e-09
30.96138150645756	-2.532276253701711e-09
30.9861350947189	-2.46953527073699e-09
31.01088868298023	-2.408349055245001e-09
31.03564227124156	-2.348679083120359e-09
31.0603958595029	-2.290487768838323e-09
31.08514944776423	-2.233738463827477e-09
31.10990303602556	-2.178395428020948e-09
31.1346566242869	-2.124423807329798e-09
31.15941021254823	-2.071789611675401e-09
31.18416380080956	-2.020459693566821e-09
31.2089173890709	-1.970401727209558e-09
31.23367097733223	-1.92158418813246e-09
31.25842456559356	-1.873976333977145e-09
31.2831781538549	-1.827548182238063e-09
31.30793174211623	-1.782270496169939e-09
31.33268533037756	-1.738114762740513e-09
31.3574389186389	-1.695053175733892e-09
31.38219250690023	-1.653058618210167e-09
31.40694609516157	-1.612104645411363e-09
31.4316996834229	-1.572165468094372e-09
31.45645327168423	-1.533215936278222e-09
31.48120685994557	-1.49523152339478e-09
31.5059604482069	-1.45818831094236e-09
31.53071403646823	-1.422062972961775e-09
31.55546762472957	-1.386832762025506e-09
31.5802212129909	-1.352475494442548e-09
31.60497480125223	-1.318969536393462e-09
31.62972838951357	-1.286293790298063e-09
31.6544819777749	-1.254427681521115e-09
31.67923556603623	-1.22335114540765e-09
31.70398915429757	-1.193044614639706e-09
31.7287427425589	-1.163489006906401e-09
31.75349633082023	-1.134665712879324e-09
31.77824991908157	-1.106556584484586e-09
31.8030035073429	-1.079143923458673e-09
31.82775709560423	-1.052410470124747e-09
31.85251068386557	-1.026339395727857e-09
31.8772642721269	-1.000914278024661e-09
31.90201786038823	-9.761191159868102e-10
31.92677144864957	-9.519382967804042e-10
31.9515250369109	-9.28356596298461e-10
31.97627862517223	-9.053591678153043e-10
32.00103221343357	-8.829315325946795e-10
32.0257858016949	-8.61059570761557e-10
32.05053938995623	-8.397295124045408e-10
32.07529297821757	-8.189279288998762e-10
32.1000465664789	-7.986417244508845e-10
32.12480015474024	-7.788581278372781e-10
32.14955374300157	-7.595646843690919e-10
32.1743073312629	-7.407492480401351e-10
32.19906091952424	-7.223999738759943e-10
32.22381450778557	-7.045053104717659e-10
