0
1000	105.6583745	100000000000000.1
5	0	0	1
5	0	0	0
4.673998997513734	0.02170525515717145
4.701574977808284	0.02169086177061145
4.729150958102834	0.02167439704301511
4.756726938397384	0.02165606128532365
4.784302918691934	0.0216362858239301
4.811878898986484	0.02161516288950011
4.839454879281035	0.02159284170029288
4.867030859575585	0.02156958474374407
4.894606839870135	0.02154547098339426
4.922182820164685	0.02152055197437469
4.949758800459235	0.02149508235634937
4.977334780753785	0.02146898362721538
5.004910761048335	0.02144253335348895
5.032486741342885	0.02141546323263787
5.060062721637435	0.0213879932524984
5.087638701931986	0.02136015191597974
5.115214682226536	0.02133199757690159
5.142790662521086	0.02130349680348576
5.170366642815636	0.02127479723869895
5.197942623110186	0.02124586508086649
5.225518603404736	0.02121677216210431
5.253094583699286	0.02118751267387382
5.280670563993836	0.02115808548070371
5.308246544288386	0.02112851780933666
5.335822524582936	0.02109908201599828
5.363398504877487	0.02106923678828953
5.390974485172037	0.02103927820236575
5.418550465466587	0.0210092125516869
5.446126445761137	0.0209790464195423
5.473702426055687	0.02094880035508814
5.501278406350237	0.02091843148386364
5.528854386644787	0.02088807021600781
5.556430366939337	0.02085760475660282
5.584006347233887	0.02082715558761733
5.611582327528438	0.0207966871192358
5.639158307822988	0.02076619529813062
5.666734288117538	0.02073569243767566
5.694310268412088	0.02070518564715466
5.721886248706638	0.02067485750186704
5.749462229001188	0.02064419646530612
5.777038209295738	0.02061370393731387
5.804614189590288	0.0205832375718852
5.832190169884838	0.02055281845991086
5.859766150179389	0.02052232355470398
5.887342130473939	0.02049193271199527
5.914918110768489	0.02046154868648914
5.942494091063039	0.0204312624363645
5.970070071357589	0.02040103124299257
5.997646051652139	0.02037084643149308
6.025222031946689	0.02034071393500984
6.052798012241239	0.020310637748434
6.080373992535789	0.02028061948775006
6.107949972830339	0.02025067521834678
6.13552595312489	0.02022075899309064
6.16310193341944	0.02019092871789707
6.19067791371399	0.02016114489277392
6.21825389400854	0.02013134380455272
6.24582987430309	0.02010170602299319
6.27340585459764	0.02007210418554953
6.30098183489219	0.02004261686273105
6.32855781518674	0.02001319211441466
6.35613379548129	0.01998383791093072
6.383709775775841	0.01995455555558728
6.411285756070391	0.0199253450406576
6.438861736364941	0.01989619264952079
6.466437716659491	0.01986711368944081
6.494013696954041	0.01983809659517135
6.521589677248591	0.01980918539391304
6.549165657543141	0.01978026044462718
6.576741637837691	0.01975146649924995
6.604317618132241	0.01972269179429792
6.631893598426791	0.01969405295569479
6.659469578721342	0.01966547860094011
6.687045559015892	0.01963697639005496
6.714621539310442	0.01960854973567428
6.742197519604992	0.01958019329247305
6.769773499899542	0.01955190830063973
6.797349480194092	0.01952369341219675
6.824925460488642	0.01949554442804556
6.852501440783192	0.019467485285597
6.880077421077742	0.01943939661004239
6.907653401372293	0.01941147161117685
6.935229381666843	0.01938356758895841
6.962805361961393	0.01935579945104064
6.990381342255943	0.0193281015081886
7.017957322550493	0.019300478542616
7.045533302845043	0.01927292924000811
7.073109283139593	0.01924545226032803
7.100685263434143	0.01921804676236589
7.128261243728693	0.01919071149396782
7.155837224023244	0.01916344506355745
7.183413204317794	0.0191361683802778
7.210989184612344	0.01910904847207619
7.238565164906894	0.01908196371757855
7.266141145201444	0.01905499237216216
7.293717125495994	0.0190280829351049
7.321293105790544	0.01900124484039303
7.348869086085094	0.01897447393615021
7.376445066379644	0.0189477688066494
7.404021046674194	0.0189211282256334
7.431597026968745	0.01889455073928143
7.459173007263295	0.01886803443938478
7.486748987557845	0.0188415831483948
7.514324967852395	0.01881513196464161
7.541900948146945	0.01878875500153646
7.569476928441495	0.01876248052763654
7.597052908736045	0.01873627091781226
7.624628889030595	0.01871012324311059
7.652204869325145	0.01868403846326297
7.679780849619696	0.01865801324256125
7.707356829914246	0.01863204685742256
7.734932810208796	0.01860613862969617
7.762508790503346	0.018580287889635
7.790084770797896	0.01855449286422331
7.817660751092446	0.01852875557298082
7.845236731386996	0.01850299190315095
7.872812711681546	0.01847738431453692
7.900388691976096	0.01845181978562428
7.927964672270646	0.01842631154731408
7.955540652565197	0.0184008540650851
7.983116632859747	0.01837544835921892
8.010692613154298	0.01835008905842543
8.038268593448848	0.01832477475790777
8.065844573743398	0.01829950342990684
8.093420554037948	0.01827427290342481
8.120996534332498	0.01824908557009542
8.148572514627048	0.01822393008174306
8.176148494921598	0.01819879384182564
8.203724475216148	0.01817373114019414
8.231300455510699	0.01814867703155241
8.258876435805249	0.01812365506105117
8.286452416099799	0.01809866181348686
8.314028396394349	0.01807369898681785
8.341604376688899	0.01804876267006608
8.369180356983449	0.018023853011512
8.396756337277999	0.01799896817286278
8.424332317572549	0.01797410775848766
8.451908297867099	0.01794927034119671
8.47948427816165	0.01792445375848319
8.5070602584562	0.01789966674454203
8.53463623875075	0.01787489210045724
8.5622122190453	0.01785013908252136
8.58978819933985	0.01782540472641211
8.6173641796344	0.01780069039395882
8.64494015992895	0.01777599279490039
8.6725161402235	0.01775131270343049
8.70009212051805	0.01772664909451066
8.7276681008126	0.01770200155181047
8.755244081107151	0.01767736902770482
8.782820061401701	0.01765274964932239
8.810396041696251	0.01762815740593271
8.837972021990801	0.01760356388659081
8.865548002285351	0.01757898823289586
8.893123982579901	0.01755442483123893
8.920699962874451	0.01752987625144943
8.948275943169001	0.01750533941968717
8.975851923463551	0.01748081471544423
9.003427903758102	0.01745630157365546
9.031003884052652	0.01743179967040552
9.058579864347202	0.01740730843308018
9.086155844641752	0.01738282609997928
9.113731824936302	0.01735836518177134
9.141307805230852	0.01733390314568057
9.168883785525402	0.01730945354180739
9.196459765819952	0.01728501290796192
9.224035746114502	0.0172605833218303
9.251611726409052	0.01723616292796932
9.279187706703603	0.01721175166332193
9.306763686998153	0.0171873492649382
9.334339667292703	0.01716295557500556
9.361915647587253	0.01713857002718077
9.389491627881803	0.01711413116866568
9.417067608176353	0.017089828586778
9.444643588470903	0.01706546797651559
9.472219568765453	0.01704111622228946
9.499795549060003	0.0170167725598231
9.527371529354554	0.01699243681212582
9.554947509649104	0.01696810875287062
9.582523489943654	0.0169437883258215
9.610099470238204	0.01691947532404576
9.637675450532754	0.01689516941194031
9.665251430827304	0.01687086631430453
9.692827411121854	0.01684658625542107
9.720403391416404	0.01682230136063862
9.747979371710954	0.01679802524790196
9.775555352005505	0.01677375587644411
9.803131332300055	0.01674949484938987
9.830707312594605	0.01672524103853617
9.858283292889155	0.01670099436352026
9.885859273183705	0.01667675463337503
9.913435253478255	0.01665252250277022
9.941011233772805	0.01662829727884388
9.968587214067355	0.0166040791568423
9.996163194361905	0.01657986817436237
10.02373917465646	0.01655566429606304
10.05131515495101	0.01653146789506169
10.07889113524556	0.0165072783528455
10.10646711554011	0.01648309590426364
10.13404309583466	0.01645892063073338
10.16161907612921	0.01643475249735826
10.18919505642376	0.01641059159622508
10.21677103671831	0.01638643792224748
10.24434701701286	0.01636229150343247
10.27192299730741	0.0163381523605787
10.29949897760196	0.01631402058021086
10.32707495789651	0.01628989635837004
10.35465093819106	0.01626577925376973
10.38222691848561	0.01624166976901955
10.40980289878016	0.01621756721779365
10.43737887907471	0.01619347308121356
10.46495485936926	0.01616938615942722
10.49253083966381	0.01614530674513095
10.52010681995836	0.01612123506432996
10.54768280025291	0.01609717110961346
10.57525878054746	0.01607311495120863
10.60283476084201	0.01604906677416272
10.63041074113656	0.01602502628376512
10.65798672143111	0.01600099332308202
10.68556270172566	0.01597696937274361
10.71313868202021	0.01595295297524935
10.74071466231476	0.01592894473500849
10.76829064260931	0.0159049445762317
10.79586662290386	0.01588095282448423
10.82344260319841	0.01585696919845
10.85101858349296	0.01583299403276154
10.87859456378751	0.01580902736356585
10.90617054408206	0.01578506906516894
10.93374652437661	0.01576111931614903
10.96132250467116	0.01573717815226105
10.98889848496571	0.01571324583019199
11.01647446526026	0.01568932207555471
11.04405044555481	0.01566540717757765
11.07162642584936	0.01564150110869091
11.09920240614391	0.01561760401203765
11.12677838643846	0.01559371583593841
11.15435436673301	0.01556983668961413
11.18193034702756	0.01554596663904713
11.20950632732211	0.01552210569715273
11.23708230761666	0.01549825398792114
11.26465828791121	0.01547441166046314
11.29223426820576	0.01545057858495089
11.31981024850031	0.01542675485794161
11.34738622879486	0.01540294055381865
11.37496220908941	0.01537913572752438
11.40253818938396	0.01535534041352728
11.43011416967851	0.01533155464005093
11.45769014997306	0.01530777850676907
11.48526613026761	0.01528401198345524
11.51284211056216	0.01526025526921781
11.54041809085671	0.01523650840034196
11.56799407115126	0.01521277124797511
11.59557005144581	0.01518904393220402
11.62314603174036	0.01516532653424262
11.65072201203491	0.01514161908278652
11.67829799232946	0.01511792156007754
11.70587397262401	0.01509423398743712
11.73344995291856	0.01507055653924912
11.76102593321311	0.0150468891160052
11.78860191350766	0.01502323185622462
11.81617789380221	0.01499958480238718
11.84375387409676	0.01497594789313862
11.87132985439131	0.01495232118388773
11.89890583468586	0.01492870471277067
11.92648181498041	0.01490509855144949
11.95405779527496	0.01488150260640233
11.98163377556951	0.01485791700633957
12.00920975586406	0.0148343417649552
12.03678573615861	0.01481077693758542
12.06436171645316	0.01478722258394778
12.09193769674771	0.01476367859732779
12.11951367704226	0.01474014504392433
12.14708965733681	0.01471662196696179
12.17466563763136	0.0146931093746868
12.20224161792591	0.01466960731174056
12.22981759822046	0.01464611574394172
12.25739357851501	0.01462263621199588
12.28496955880956	0.01459916422185759
12.31254553910411	0.01457570436107504
12.34012151939866	0.01455225513728792
12.36769749969321	0.01452881653062291
12.39527347998776	0.01450538863094992
12.42284946028231	0.01448197106621267
12.45042544057686	0.01445856428290489
12.47800142087141	0.01443516817539204
12.50557740116597	0.01441178273194503
12.53315338146052	0.01438840793677602
12.56072936175507	0.01436504385228268
12.58830534204962	0.01434169034754475
12.61588132234417	0.01431834784323181
12.64345730263872	0.01429501578380273
12.67103328293327	0.01427169446768378
12.69860926322782	0.01424838386256583
12.72618524352237	0.01422508403682857
12.75376122381692	0.01420179491291107
12.78133720411147	0.01417851649503457
12.80891318440602	0.01415524883214758
12.83648916470057	0.01413199198864325
12.86406514499512	0.0141087458159079
12.89164112528967	0.01408551038654842
12.91921710558422	0.01406228567969298
12.94679308587877	0.01403907173152901
12.97436906617332	0.01401586853198241
13.00194504646787	0.01399267606993786
13.02952102676242	0.01396949435199707
13.05709700705697	0.01394632336399767
13.08467298735152	0.01392316313478459
13.11224896764607	0.01390001367772275
13.13982494794062	0.01387687493797312
13.16740092823517	0.0138537469349307
13.19497690852972	0.01383062966503197
13.22255288882427	0.01380752311906662
13.25012886911882	0.01378442732242322
13.27770484941337	0.01376134225656757
13.30528082970792	0.01373826790669797
13.33285681000247	0.01371520427754096
13.36043279029702	0.01369215136480989
13.38800877059157	0.01366910916382221
13.41558475088612	0.01364607767244792
13.44316073118067	0.01362305690538741
13.47073671147522	0.01360004681144823
13.49831269176977	0.01357704741835907
13.52588867206432	0.01355405871151223
13.55346465235887	0.01353108069317793
13.58104063265342	0.0135081133522304
13.60861661294797	0.01348515663438489
13.63619259324252	0.0134622106668845
13.66376857353707	0.01343927531361969
13.69134455383162	0.01341635062415207
13.71892053412617	0.01339343658918845
13.74649651442072	0.01337053318373255
13.77407249471527	0.01334764040262483
13.80164847500982	0.0133247582692527
13.82922445530437	0.01330188673293703
13.85680043559892	0.01327902581059332
13.88437641589347	0.01325617549481775
13.91195239618802	0.01323333577849411
13.93952837648257	0.01321050666050145
13.96710435677712	0.01318768810737113
13.99468033707167	0.0131648801394794
14.02225631736622	0.01314208272427477
14.04983229766077	0.01311929588642673
14.07740827795532	0.0130965196009715
14.10498425824987	0.01307375385600094
14.13256023854442	0.01305099862167746
14.16013621883897	0.01302825392608875
14.18771219913352	0.01300551980458658
14.21528817942807	0.01298279605902774
14.24286415972262	0.0129600828689342
14.27044014001717	0.01293738019572189
14.29801612031172	0.01291468799389193
14.32559210060627	0.01289200627800742
14.35316808090082	0.01286933502276571
14.38074406119537	0.01284667420115364
14.40832004148992	0.01282402383812422
14.43589602178447	0.01280138392433051
14.46347200207902	0.01277875445357217
14.49104798237357	0.01275613534272352
14.51862396266812	0.01273352667370433
14.54619994296267	0.01271092841000719
14.57377592325722	0.01268834053514492
14.60135190355177	0.01266576304381606
14.62892788384632	0.01264319591027894
14.65650386414087	0.01262063916378963
14.68407984443542	0.01259809277006905
14.71165582472997	0.0125755566848413
14.73923180502452	0.01255303098125176
14.76680778531907	0.0125305152050855
14.79438376561362	0.01250801049581465
14.82195974590817	0.01248551571617577
14.84953572620272	0.01246303127081699
14.87711170649727	0.01244055701373269
14.90468768679182	0.01241809310335562
14.93226366708637	0.01239563945815152
14.95983964738092	0.01237319606549503
14.98741562767547	0.01235076292105067
15.01499160797002	0.01232834001719862
15.04256758826457	0.0123059273362684
15.07014356855912	0.01228352487381169
15.09771954885368	0.01226113262267296
15.12529552914823	0.01223875057798443
15.15287150944278	0.01221637869592546
15.18044748973733	0.01219401701396473
15.20802347003188	0.01217166550398394
15.23559945032643	0.0121493241535543
15.26317543062098	0.01212699291310672
15.29075141091553	0.01210467186090801
15.31832739121008	0.01208236092424185
15.34590337150463	0.01206006010724004
15.37347935179918	0.01203776945501892
15.40105533209373	0.01201548879051053
15.42863131238828	0.0119932182829048
15.45620729268283	0.01197095784758949
15.48378327297738	0.0119487075011417
15.51135925327193	0.01192646718777842
15.53893523356648	0.0119042369063582
15.56651121386103	0.01188201671936059
15.59408719415558	0.01185980654619763
15.62166317445013	0.01183760638354028
15.64923915474468	0.0118154162441183
15.67681513503923	0.0117932361003039
15.70439111533378	0.01177106597843153
15.73196709562833	0.01174890579478904
15.75954307592288	0.01172675558558755
15.78711905621743	0.01170461536190337
15.81469503651198	0.01168248507928974
15.84227101680653	0.01166036473328524
15.86984699710108	0.01163825436257073
15.89742297739563	0.01161615389806493
15.92499895769018	0.01159406334275535
15.95257493798473	0.01157198268976985
15.98015091827928	0.01154991200553281
16.00772689857383	0.01152785103554837
16.03530287886838	0.01150580005520702
16.06287885916293	0.01148375968702992
16.09045483945748	0.01146172766303712
16.11803081975203	0.01143970624312594
16.14560680004658	0.01141769466213096
16.17318278034113	0.01139569290667762
16.20075876063568	0.01137370103088474
16.22833474093023	0.01135171883878961
16.25591072122478	0.01132974651598969
16.28348670151933	0.011307783959141
16.31106268181388	0.0112858312092645
16.33863866210843	0.01126388824294259
16.36621464240298	0.0112419550256143
16.39379062269753	0.01122003154954993
16.42136660299208	0.01119811782902295
16.44894258328663	0.01117621384232632
16.47651856358118	0.01115431957701862
16.50409454387573	0.01113243502366204
16.53167052417028	0.01111056018366061
16.55924650446483	0.01108869505987884
16.58682248475938	0.01106683958066929
16.61439846505393	0.01104499382166705
16.64197444534848	0.01102315773734764
16.66955042564303	0.01100133126529441
16.69712640593758	0.01097951517783189
16.72470238623213	0.01095770729100502
16.75227836652668	0.01093590977473124
16.77985434682123	0.01091412188988555
16.80743032711578	0.01089234360446419
16.83500630741033	0.01087057488614151
16.86258228770488	0.01084881584872559
16.89015826799943	0.0108270663240343
16.91773424829398	0.01080532644699898
16.94531022858853	0.01078359610676052
16.97288620888308	0.01076187533123974
17.00046218917763	0.01074016409523038
17.02803816947218	0.01071846242483373
17.05561414976673	0.01069677025555403
17.08319013006128	0.01067508764897492
17.11076611035583	0.01065341451804973
17.13834209065038	0.0106317509238603
17.16591807094493	0.01061009683817922
17.19349405123948	0.01058845220980161
17.22107003153403	0.01056681707945094
17.24864601182858	0.01054519143092222
17.27622199212313	0.01052357522512168
17.30379797241768	0.01050196848240251
17.33137395271223	0.01048037119154747
17.35894993300678	0.01045878347274892
17.38652591330133	0.01043720491278146
17.41410189359588	0.01041563591366131
17.44167787389043	0.01039407632602858
17.46925385418498	0.01037252722516815
17.49682983447953	0.01035098532395337
17.52440581477408	0.01032945393006552
17.55198179506863	0.01030793184521528
17.57955777536318	0.01028641919019558
17.60713375565773	0.01026491588081287
17.63470973595228	0.01024342193807858
17.66228571624683	0.01022193733337942
17.68986169654139	0.01020046200161968
17.71743767683594	0.01017899608895245
17.74501365713049	0.01015753945646745
17.77258963742504	0.01013609213362097
17.80016561771959	0.01011465410117852
17.82774159801414	0.01009322534234731
17.85531757830869	0.01007180598701471
17.88289355860324	0.01005039574224048
17.91046953889779	0.01002899483357284
17.93804551919234	0.01000760318182354
17.96562149948689	0.009986220777242155
17.99319747978144	0.00996484761542935
18.02077346007599	0.009943483687522167
18.04834944037054	0.009922128978648914
18.07592542066509	0.009900783494517907
18.10350140095964	0.009879447217428635
18.13107738125419	0.009858120158013479
18.15865336154874	0.009836802096700684
18.18622934184329	0.009815493535529435
18.21380532213784	0.009794194001947611
18.24138130243239	0.009772903708030906
18.26895728272694	0.009751622427898404
18.29653326302149	0.00973035036854793
18.32410924331604	0.009709087452887651
18.35168522361059	0.009687833646288224
18.37926120390514	0.009666589000074902
18.40683718419969	0.009645353461273695
18.43441316449424	0.009624127024134906
18.46198914478879	0.009602909702729508
18.48956512508334	0.009581701438445127
18.51714110537789	0.009560502274859599
18.54471708567244	0.009539312193666142
18.57229306596699	0.009518131147630064
18.59986904626154	0.009496959212545848
18.62744502655609	0.00947579631259486
18.65502100685064	0.00945464244043636
18.68259698714519	0.00943349760852662
18.71017296743974	0.009412361803056771
18.73774894773429	0.009391235012229653
18.76532492802884	0.009370117229368655
18.79290090832339	0.009349008454558695
18.82047688861794	0.009327908674879183
18.84805286891249	0.009306817874895429
18.87562884920704	0.009285736058665965
18.90320482950159	0.009264663214473447
18.93078080979614	0.009243599315483741
18.95835679009069	0.009222544389050038
18.98593277038524	0.009201498392214647
19.01350875067979	0.00918046134320215
19.04108473097434	0.00915943321879536
19.06866071126889	0.009138414015199568
19.09623669156344	0.009117403713366274
19.12381267185799	0.009096402334034331
19.15138865215254	0.009075409836437145
19.17896463244709	0.009054426237706919
19.20654061274164	0.009033451507356656
19.23411659303619	0.009012485703031184
19.26169257333074	0.008991528683603655
19.28926855362529	0.008970580486542309
19.31684453391984	0.008949641268331128
19.34442051421439	0.008928710871448749
19.37199649450894	0.008907789238031899
19.39957247480349	0.008886876416954971
19.42714845509804	0.008865972438938163
19.45472443539259	0.008845077291924974
19.48230041568714	0.008824190934776493
19.50987639598169	0.008803313338720952
19.53745237627624	0.008782444558823949
19.56502835657079	0.00876158454513698
19.59260433686534	0.00874073330270398
19.62018031715989	0.008719890831824624
19.64775629745444	0.008699057099872461
19.67533227774899	0.008678232092219953
19.70290825804354	0.00865741584713957
19.73048423833809	0.008636608291175693
19.75806021863264	0.00861580949572803
19.78563619892719	0.008595019395721321
19.81321217922174	0.008574238007702703
19.84078815951629	0.00855346530606502
19.86836413981084	0.008532701291888479
19.89594012010539	0.008511945952646273
19.92351610039994	0.008491199287791348
19.95109208069449	0.008470461291917657
19.97866806098904	0.008449731942380839
20.00624404128359	0.008429011162589149
20.03382002157814	0.008408299207841908
20.06139600187269	0.008387595754303274
20.08897198216724	0.008366900959355652
20.11654796246179	0.008346214762528009
20.14412394275634	0.008325537187616248
20.17169992305089	0.008304868184040408
20.19927590334544	0.0082842078166876
20.22685188363999	0.00826355600779829
20.25442786393454	0.008242912777356889
20.2820038442291	0.008222278113800364
20.30957982452365	0.008201652006997621
20.3371558048182	0.008181034453159763
20.36473178511275	0.008160425456546043
20.3923077654073	0.008139824973812547
20.41988374570185	0.008119233021887655
20.4474597259964	0.008098649600159461
20.47503570629095	0.008078074693605527
20.5026116865855	0.008057508274620888
20.53018766688005	0.008036950367138333
20.5577636471746	0.008016400947282804
20.58533962746915	0.007995860004389819
20.6129156077637	0.007975327537749656
20.64049158805825	0.007954803582854166
20.6680675683528	0.007934288029183958
20.69564354864735	0.007913780901674369
20.7232195289419	0.007893282246921091
20.75079550923645	0.007872792033605198
20.778371489531	0.007852310247913118
20.80594746982555	0.00783183689257807
20.8335234501201	0.007811372063874976
20.86109943041465	0.00779091538474925
20.8886754107092	0.007770467229166336
20.91625139100375	0.007750027473852673
20.9438273712983	0.007729596097259252
20.97140335159285	0.007709173108542001
20.9989793318874	0.007688758413159593
21.02655531218195	0.007668352194191251
21.0541312924765	0.007647954284433958
21.08170727277105	0.007627564723234819
21.1092832530656	0.007607183492506334
21.13685923336015	0.007586810608151931
21.1644352136547	0.007566446433599797
21.19201119394925	0.007546089800842489
21.2195871742438	0.007525741873510137
21.24716315453835	0.007505402277151512
21.2747391348329	0.007485070919820733
21.30231511512745	0.007464747883145578
21.329891095422	0.00744443314771509
21.35746707571655	0.007424126683313643
21.3850430560111	0.007403828486156309
21.41261903630565	0.007383538575632701
21.4401950166002	0.007363256919137708
21.46777099689475	0.007342983519696304
21.4953469771893	0.00732271836015079
21.52292295748385	0.007302461399399819
21.5504989377784	0.00728221275484344
21.57807491807295	0.00726197231121162
21.6056508983675	0.007241740088007146
21.63322687866205	0.007221516083659323
21.6608028589566	0.007201300297376484
21.68837883925115	0.007181092716890035
21.7159548195457	0.007160893329093763
21.74353079984025	0.007140702184859665
21.7711067801348	0.007120519726042294
21.79868276042935	0.007100344316589464
21.8262587407239	0.007080177682078162
21.85383472101845	0.007060019221078816
21.881410701313	0.007039868912014759
21.90898668160755	0.007019726788160994
21.9365626619021	0.006999592808429716
21.96413864219665	0.006979466981220663
21.9917146224912	0.006959349300655678
22.01929060278575	0.006939239754633847
22.0468665830803	0.00691913835814077
22.07444256337485	0.006899045057397046
22.1020185436694	0.006878959902041515
22.12959452396395	0.006858882863679513
22.1571705042585	0.006838813939395822
22.18474648455305	0.006818753080713552
22.2123224648476	0.006798700089980947
22.23989844514215	0.00677865574790712
22.2674744254367	0.006758619216477218
22.29505040573125	0.006738590768664988
22.3226263860258	0.006718570386033998
22.35020236632035	0.006698558091666511
22.3777783466149	0.006678553862909843
22.40535432690945	0.006658557686962972
22.432930307204	0.006638569576647118
22.46050628749855	0.006618589515754743
22.4880822677931	0.006598617498692861
22.51565824808765	0.006578653521294052
22.5432342283822	0.006558697581536635
22.57081020867675	0.006538749646350654
22.5983861889713	0.006518809769999074
22.62596216926585	0.006498877893276784
22.6535381495604	0.006478954011894807
22.68111412985495	0.006459038154775385
22.7086901101495	0.006439130294195726
22.73626609044405	0.006419230419726937
22.7638420707386	0.006399338536885606
22.79141805103315	0.00637945463795286
22.8189940313277	0.006359578706800899
22.84657001162225	0.006339710751387246
22.87414599191681	0.006319850739874578
22.90172197221136	0.006299998724807059
22.92929795250591	0.006280154643609881
22.95687393280046	0.006260318509838199
22.98444991309501	0.006240490315738112
23.01202589338956	0.006220670060226221
23.03960187368411	0.006200857695651565
23.06717785397866	0.006181053300163448
23.09475383427321	0.006161256807565772
23.12232981456776	0.006141468229707641
23.14990579486231	0.00612168753891157
23.17748177515686	0.006101914758956326
23.20505775545141	0.006082149872273556
23.23263373574596	0.00606239287193736
23.26020971604051	0.006042643743098723
23.28778569633506	0.006022902499917456
23.31536167662961	0.006003169114238116
23.34293765692416	0.005983443598556037
23.37051363721871	0.005963725947552159
23.39808961751326	0.005944016105339183
23.42566559780781	0.005924314157059107
23.45324157810236	0.005904620036017889
23.48081755839691	0.005884933724470191
23.50839353869146	0.005865255254604539
23.53596951898601	0.005845584602889445
23.56354549928056	0.005825921775892616
23.59112147957511	0.005806266731721443
23.61869745986966	0.005786619493978734
23.64627344016421	0.005766980078344775
23.67384942045876	0.005747348427576581
23.70142540075331	0.005727724564688881
23.72900138104786	0.005708108463309071
23.75657736134241	0.005688500168140955
23.78415334163696	0.005668899626761816
23.81172932193151	0.005649306842427439
23.83930530222606	0.005629721820487092
23.86688128252061	0.005610144514787677
23.89445726281516	0.00559057496616334
23.92203324310971	0.005571013178246384
23.94960922340426	0.005551459069582003
23.97718520369881	0.005531912716003277
24.00476118399336	0.005512374077887139
24.03233716428791	0.005492843173783486
24.05991314458246	0.005473319910765651
24.08748912487701	0.00545380439009244
24.11506510517156	0.005434296557865229
24.14264108546611	0.005414796412407481
24.17021706576066	0.005395303942644813
24.19779304605521	0.005375819140512085
24.22536902634976	0.005356342030103016
24.25294500664431	0.005336872572613007
24.28052098693886	0.005317410767242679
24.30809696723341	0.005297956620958473
24.33567294752796	0.005278510078162042
24.36324892782251	0.005259071230411369
24.39082490811706	0.00523964000396742
24.41840088841161	0.005220216399274322
24.44597686870616	0.005200800413598981
24.47355284900071	0.005181392028403552
24.50112882929526	0.005161991279100987
24.52870480958981	0.005142598117905452
24.55628078988436	0.005123212560490564
24.58385677017891	0.005103834613232269
24.61143275047346	0.005084464189862937
24.63900873076801	0.005065101390656846
24.66658471106256	0.005045746164729917
24.69416069135711	0.005026398491605832
24.72173667165166	0.005007058391988987
24.74931265194621	0.00498772584537426
24.77688863224076	0.004968400854004159
24.80446461253531	0.004949083397492045
24.83204059282986	0.004929773483764032
24.85961657312441	0.004910471087557079
24.88719255341896	0.004891176238966768
24.91476853371351	0.004871888906300115
24.94234451400806	0.004852609088163916
24.96992049430261	0.00483333676608716
24.99749647459716	0.004814071964142489
25.02507245489171	0.004794814654222123
25.05264843518626	0.004775564836661121
25.08022441548081	0.004756322493493536
25.10780039577536	0.004737087641180929
25.13537637606991	0.004717860265151269
25.16295235636446	0.004698640340031209
25.19052833665901	0.004679427901440185
25.21810431695356	0.004660222910973155
25.24568029724811	0.004641025365607392
25.27325627754266	0.004621835271641299
25.30083225783721	0.00460265259943892
25.32840823813176	0.004583477384797699
25.35598421842631	0.004564309580523332
25.38356019872086	0.00454514921476093
25.41113617901541	0.004525996257123395
25.43871215930996	0.004506850709398289
25.46628813960452	0.00448771256970737
25.49386411989907	0.004468581825249529
25.52144010019362	0.004449458475113141
25.54901608048817	0.004430342508741168
25.57659206078272	0.004411233930378455
25.60416804107727	0.004392132720653042
25.63174402137182	0.004373038890624489
25.65932000166637	0.004353952415047262
25.68689598196092	0.004334873308716194
25.71447196225547	0.004315801546770442
25.74204794255002	0.004296737140413062
25.76962392284457	0.004277680075158464
25.79719990313912	0.004258630353821445
25.82477588343367	0.00423958794403393
25.85235186372822	0.004220552875310963
25.87992784402277	0.004201525132775523
25.90750382431732	0.004182504675616569
25.93507980461187	0.004163491544404387
25.96265578490642	0.004144485716997211
25.99023176520097	0.004125487189388111
26.01780774549552	0.004106495947743267
26.04538372579007	0.00408751199490989
26.07295970608462	0.004068535261380598
26.10053568637917	0.004049565914604327
26.12811166667372	0.004030603778495175
26.15568764696827	0.004011648918448196
26.18326362726282	0.003992701312844032
26.21083960755737	0.003973760959777781
26.23841558785192	0.003954827844581105
26.26599156814647	0.003935901979334488
26.29356754844102	0.00391698334782016
26.32114352873557	0.003898071950772988
26.34871950903012	0.003879167771977995
26.37629548932467	0.003860270837112655
26.40387146961922	0.003841381095635279
26.43144744991377	0.003822498537697453
26.45902343020832	0.003803623202139995
26.48659941050287	0.00378475507111951
26.51417539079742	0.003765894126958681
26.54175137109197	0.003747040368778182
26.56932735138652	0.003728193794028866
26.59690333168107	0.003709354392533169
26.62447931197562	0.003690522166961575
26.65205529227017	0.003671697100958344
26.67963127256472	0.003652879188507352
26.70720725285927	0.003634068437422774
26.73478323315382	0.003615264836751687
26.76235921344837	0.003596468372633181
26.78993519374292	0.003577679043433677
26.81751117403747	0.003558896862892724
26.84508715433202	0.003540121782535235
26.87266313462657	0.003521353838346778
26.90023911492112	0.00350259300599168
26.92781509521567	0.003483839309361208
26.95539107551022	0.003465092672571425
26.98296705580477	0.003446353155505865
27.01054303609932	0.003427620736771048
27.03811901639387	0.003408895412737433
27.06569499668842	0.003390177159121462
27.09327097698297	0.003371465978796535
27.12084695727752	0.003352761880492192
27.14842293757207	0.003334064850997574
27.17599891786662	0.003315374890694268
27.20357489816117	0.003296691966684022
27.23115087845572	0.003278016106753764
27.25872685875027	0.003259347290842237
27.28630283904482	0.003240685512144293
27.31387881933937	0.003222030773506117
27.34145479963392	0.003203383054750151
27.36903077992847	0.003184742391042059
27.39660676022302	0.003166108713308324
27.42418274051757	0.003147482066301465
27.45175872081212	0.003128862421001407
27.47933470110667	0.00311024978574256
27.50691068140122	0.003091644140134626
27.53448666169577	0.00307304549488959
27.56206264199032	0.003054453838288479
27.58963862228487	0.003035869148949311
27.61721460257942	0.003017291456384929
27.64479058287397	0.002998720730398474
27.67236656316852	0.002980156971283422
27.69994254346307	0.002961600170461628
27.72751852375762	0.002943050328330781
27.75509450405217	0.002924507438448018
27.78267048434672	0.002905971493286574
27.81024646464127	0.002887442485048092
27.83782244493582	0.002868920418387317
27.86539842523037	0.002850405276108918
27.89297440552492	0.002831897064165253
27.92055038581947	0.002813395772422046
27.94812636611402	0.002794901392972456
27.97570234640857	0.002776413925719949
28.00327832670312	0.002757933359644841
28.03085430699767	0.002739459693441937
28.05843028729223	0.002720992924889959
28.08600626758678	0.002702533043882226
28.11358224788133	0.002684080044077914
28.14115822817588	0.002665633927334261
28.16873420847043	0.002647194701990971
28.19631018876498	0.002628762303378587
28.22388616905953	0.002610336791498425
28.25146214935408	0.002591918134445482
28.27903812964863	0.002573506334277848
28.30661410994318	0.0025551013838863
28.33419009023773	0.002536703281485227
28.36176607053228	0.002518311997752902
28.38934205082683	0.002499927558408921
28.41691803112138	0.002481549946720077
28.44449401141593	0.002463179171996001
28.47206999171048	0.002444815186150036
28.49964597200503	0.002426458026960759
28.52722195229958	0.002408107674745356
28.55479793259413	0.002389764128104736
28.58237391288868	0.002371427374864691
28.60994989318323	0.002353097417394319
28.63752587347778	0.002334774240579408
28.66510185377233	0.002316457854833621
28.69267783406688	0.002298148241575461
28.72025381436143	0.002279845404889941
28.74782979465598	0.002261549331332311
28.77540577495053	0.002243260020281668
28.80298175524508	0.00222497746676472
28.83055773553963	0.002206701668482769
28.85813371583418	0.002188432614749615
28.88570969612873	0.002170170299193677
28.91328567642328	0.002151914730687344
28.94086165671783	0.002133665895374718
28.96843763701238	0.002115423777386591
28.99601361730693	0.002097188397360191
29.02358959760148	0.002078959712068993
29.05116557789603	0.002060737751654559
29.07874155819058	0.002042522502727248
29.10631753848513	0.002024313942796678
29.13389351877968	0.002006112094811488
29.16146949907423	0.0019879169369017
29.18904547936878	0.001969728465410736
29.21662145966333	0.001951546673265902
29.24419743995788	0.001933371566485753
29.27177342025243	0.001915203127432472
29.29934940054698	0.001897041353228296
29.32692538084153	0.001878886241895086
29.35450136113608	0.001860737805516883
29.38207734143063	0.001842596017101673
29.40965332172518	0.001824460864654935
29.43722930201973	0.001806332361068812
29.46480528231428	0.001788210506481
29.49238126260883	0.00177009527346948
29.51995724290338	0.00175198667527666
29.54753322319793	0.001733884696769904
29.57510920349248	0.001715789345560851
29.60268518378703	0.001697700606958036
29.63026116408158	0.001679618474953168
29.65783714437613	0.00166154295043442
29.68541312467068	0.001643474028316439
29.71298910496523	0.001625411696421154
29.74056508525978	0.001607355958015353
29.76814106555433	0.001589306804318908
29.79571704584888	0.001571264232514066
29.82329302614343	0.001553228235027036
29.85086900643798	0.00153519881213391
29.87844498673253	0.001517175950792038
29.90602096702708	0.001499159658640593
29.93359694732163	0.001481149957676222
29.96117292761618	0.001463146732873861
29.98874890791073	0.001445150082571662
30.01632488820528	0.001427159997767699
30.04390086849983	0.001409176438293562
30.07147684879438	0.001391199414616358
30.09905282908893	0.001373228916845899
30.12662880938348	0.001355264945496459
30.15420478967803	0.001337307490721904
30.18178076997258	0.00131935654055929
30.20935675026713	0.001301412122071313
30.23693273056168	0.001283474196237804
30.26450871085623	0.001265542775682704
30.29208469115078	0.001247617842656798
30.31966067144533	0.001229699403140385
30.34723665173988	0.001211787448927153
30.37481263203443	0.001193881980195304
30.40238861232898	0.001175982984683733
30.42996459262353	0.001158090462141295
30.45754057291808	0.001140204406224835
30.48511655321263	0.001122324811612259
30.51269253350718	0.001104451680692278
30.54026851380173	0.001086584998577382
30.56784449409628	0.001068724765188924
30.59542047439083	0.001050870976159256
30.62299645468539	0.001033023626783567
30.65057243497994	0.00101518271188749
30.67814841527449	0.0009973482269358001
30.70572439556904	0.0009795201692175458
30.73330037586359	0.0009616985262240344
30.76087635615814	0.0009438833052504383
30.78845233645269	0.0009260744945353493
30.81602831674724	0.0009082720907476048
30.84360429704179	0.0008904760872981316
30.87118027733634	0.0008726864844266415
30.89875625763089	0.0008549032760416125
30.92633223792544	0.0008371264507649987
30.95390821821999	0.0008193560012572443
30.98148419851454	0.0008015919531284366
31.00906017880909	0.0007838342681520573
31.03663615910364	0.0007660829534967435
31.06421213939819	0.0007483380051736217
31.09178811969274	0.0007305994176987571
31.11936409998729	0.0007128671866167866
31.14694008028184	0.0006951413074940804
31.17451606057639	0.0006774217757473599
31.20209204087094	0.000659708586780127
31.22966802116549	0.0006420017360848725
31.25724400146004	0.0006243012191428162
31.28481998175459	0.0006066070314186927
31.31239596204914	0.0005889191683922511
31.33997194234369	0.0005712376255497796
31.36754792263824	0.0005535623983730464
31.39512390293279	0.0005358934823489101
31.42269988322734	0.0005182308729794263
31.45027586352189	0.0005005745657606481
31.47785184381644	0.000482924556193057
31.50542782411099	0.0004652808397850996
31.53300380440554	0.0004476434120500909
31.56057978470009	0.0004300122685061989
31.58815576499464	0.0004123874046764338
31.61573174528919	0.0003947688160886324
31.64330772558374	0.0003771564982754484
31.67088370587829	0.0003595504467743421
31.69845968617284	0.0003419506571275674
31.72603566646739	0.0003243571248821648
31.75361164676194	0.0003067698455899494
31.78118762705649	0.0002891888148075031
31.80876360735104	0.0002716140280961645
31.83633958764559	0.0002540454810220212
31.86391556794014	0.0002364831691559003
31.89149154823469	0.0002189270880733614
31.91906752852924	0.0002013772333546871
31.94664350882379	0.0001838336005848753
31.97421948911834	0.0001662961853536318
32.00179546941289	0.0001487649832553625
32.02937144970744	0.0001312399898891645
32.05694743000199	0.0001137212008588207
32.08452341029654	9.620861177279e-05
32.11209939059109	7.87022182442015e-05
32.13967537088564	6.120201589084628e-05
32.16725135118019	4.370800033517028e-05
32.19482733147474	2.622016720426722e-05
32.22240331176929	8.73851212987118e-06
0
1000	105.6583745	100000000000000.1
5	0	0	1
5	0	0	0
4.673998997513734	-5.800045551150631e-06
4.701574977808284	-5.154904232774132e-06
4.729150958102834	-5.421798401678887e-06
4.756726938397384	-5.747803996972589e-06
4.784302918691934	-6.028540920049879e-06
4.811878898986484	-6.246105684202218e-06
4.839454879281035	-6.40282615238491e-06
4.867030859575585	-6.506299825883156e-06
4.894606839870135	-6.564925328101316e-06
4.922182820164685	-6.586466615616579e-06
4.949758800459235	-6.577651199571803e-06
4.977334780753785	-6.54414281990698e-06
5.004910761048335	-6.490644336996182e-06
5.032486741342885	-6.421035528221944e-06
5.060062721637435	-6.338508782815148e-06
5.087638701931986	-6.245689611047285e-06
5.115214682226536	-6.144738798744826e-06
5.142790662521086	-6.037436998683188e-06
5.170366642815636	-5.925253936361789e-06
5.197942623110186	-5.809404693377633e-06
5.225518603404736	-5.690895373600961e-06
5.253094583699286	-5.570560148173217e-06
5.280670563993836	-5.449091342041698e-06
5.308246544288386	-5.327063918509598e-06
5.335822524582936	-5.204955455895302e-06
5.363398504877487	-5.083162493622734e-06
5.390974485172037	-4.962013949784245e-06
5.418550465466587	-4.841782172860095e-06
5.446126445761137	-4.722692082716252e-06
5.473702426055687	-4.6049287830869e-06
5.501278406350237	-4.491310031252049e-06
5.528854386644787	-4.376215230507995e-06
5.556430366939337	-4.262668315678372e-06
5.584006347233887	-4.150800863730364e-06
5.611582327528438	-4.040725217043502e-06
5.639158307822988	-3.932536112152359e-06
5.666734288117538	-3.826312248013574e-06
5.694310268412088	-3.722117777589246e-06
5.721886248706638	-3.620003712985741e-06
5.749462229001188	-3.520009239064888e-06
5.777038209295738	-3.422135807477226e-06
5.804614189590288	-3.326461565092643e-06
5.832190169884838	-3.23296656097052e-06
5.859766150179389	-3.141653229861284e-06
5.887342130473939	-3.052517317628498e-06
5.914918110768489	-2.965548419944076e-06
5.942494091063039	-2.880729110074765e-06
5.970070071357589	-2.797985795966881e-06
5.997646051652139	-2.717510679438075e-06
6.025222031946689	-2.639016639118722e-06
6.052798012241239	-2.562591904640218e-06
6.080373992535789	-2.488185662263409e-06
6.107949972830339	-2.415769671802123e-06
6.13552595312489	-2.345304634868568e-06
6.16310193341944	-2.276762095252305e-06
6.19067791371399	-2.210099833160802e-06
6.21825389400854	-2.145280412027785e-06
6.24582987430309	-2.082265078452126e-06
6.27340585459764	-2.021014562418654e-06
6.30098183489219	-1.96148929017955e-06
6.32855781518674	-1.903650543430368e-06
6.35613379548129	-1.847456128100994e-06
6.383709775775841	-1.792867720199646e-06
6.411285756070391	-1.739845910311376e-06
6.438861736364941	-1.688351574376828e-06
6.466437716659491	-1.638345946686729e-06
6.494013696954041	-1.589790680952969e-06
6.521589677248591	-1.542647898908235e-06
6.549165657543141	-1.496880224199969e-06
6.576741637837691	-1.452450795529501e-06
6.604317618132241	-1.409284543580984e-06
6.631893598426791	-1.367423611126412e-06
6.659469578721342	-1.326762630302684e-06
6.687045559015892	-1.287342813279692e-06
6.714621539310442	-1.249076385087413e-06
6.742197519604992	-1.211941858993658e-06
6.769773499899542	-1.175908118635064e-06
6.797349480194092	-1.140944127817694e-06
6.824925460488642	-1.107019429634254e-06
6.852501440783192	-1.074104239396618e-06
6.880077421077742	-1.042175846501333e-06
6.907653401372293	-1.01119381609948e-06
6.935229381666843	-9.811360198709908e-07
6.962805361961393	-9.519756400425272e-07
6.990381342255943	-9.236881908400932e-07
7.017957322550493	-8.962389546169308e-07
7.045533302845043	-8.696160920819886e-07
7.073109283139593	-8.437887400401341e-07
7.100685263434143	-8.187339858081892e-07
7.128261243728693	-7.944290146278242e-07
7.155837224023244	-7.708495959664895e-07
7.183413204317794	-7.479786353082192e-07
7.210989184612344	-7.257924755024749e-07
7.238565164906894	-7.042706822551973e-07
7.266141145201444	-6.833934027811349e-07
7.293717125495994	-6.631413526979415e-07
7.321293105790544	-6.434958028149549e-07
7.348869086085094	-6.244385658794063e-07
7.376445066379644	-6.059519833317696e-07
7.404021046674194	-5.880189121133989e-07
7.431597026968745	-5.706369555864769e-07
7.459173007263295	-5.53760016392127e-07
7.486748987557845	-5.373870090761376e-07
7.514324967852395	-5.215028705109424e-07
7.541900948146945	-5.06093034773472e-07
7.569476928441495	-4.91143418636608e-07
7.597052908736045	-4.766404091889669e-07
7.624628889030595	-4.625708532865531e-07
7.652204869325145	-4.489220489413078e-07
7.679780849619696	-4.356817389367982e-07
7.707356829914246	-4.227719725915418e-07
7.734932810208796	-4.10318360679277e-07
7.762508790503346	-3.982450585308426e-07
7.790084770797896	-3.865414085064446e-07
7.817660751092446	-3.751969571915837e-07
7.845236731386996	-3.642014513607266e-07
7.872812711681546	-3.535448347919848e-07
7.900388691976096	-3.43217245860305e-07
7.927964672270646	-3.332090158311462e-07
7.955540652565197	-3.235106677720798e-07
7.983116632859747	-3.140348550387968e-07
8.010692613154298	-3.04941516166275e-07
8.038268593448848	-2.961347541177687e-07
8.065844573743398	-2.876040373936208e-07
8.093420554037948	-2.793392642110151e-07
8.120996534332498	-2.713307377649548e-07
8.148572514627048	-2.63569162103247e-07
8.176148494921598	-2.560456366554685e-07
8.203724475216148	-2.487516470174825e-07
8.231300455510699	-2.416790525915005e-07
8.258876435805249	-2.348233518885393e-07
8.286452416099799	-2.281699643260457e-07
8.314028396394349	-2.217155014129001e-07
8.341604376688899	-2.154532358708226e-07
8.369180356983449	-2.093767245209275e-07
8.396756337277999	-2.03479792615763e-07
8.424332317572549	-1.97756519213063e-07
8.451908297867099	-1.922012235200828e-07
8.47948427816165	-1.868084521410635e-07
8.5070602584562	-1.815729671641871e-07
8.53463623875075	-1.764895472927519e-07
8.5622122190453	-1.715537576434049e-07
8.58978819933985	-1.667607355936952e-07
8.6173641796344	-1.621059975497893e-07
8.64494015992895	-1.575852265910232e-07
8.6725161402235	-1.531942644359838e-07
8.70009212051805	-1.489291038964058e-07
8.7276681008126	-1.447858817315716e-07
8.755244081107151	-1.407608715697328e-07
8.782820061401701	-1.368504717736246e-07
8.810396041696251	-1.330512141409914e-07
8.837972021990801	-1.293597792725514e-07
8.865548002285351	-1.257729140733786e-07
8.893123982579901	-1.222874927508801e-07
8.920699962874451	-1.18900494647326e-07
8.948275943169001	-1.15608999904195e-07
8.975851923463551	-1.124101853488369e-07
9.003427903758102	-1.093013205930213e-07
9.031003884052652	-1.062797643317064e-07
9.058579864347202	-1.033429608303395e-07
9.086155844641752	-1.004883918563612e-07
9.113731824936302	-9.77137597878457e-08
9.141307805230852	-9.50166964571524e-08
9.168883785525402	-9.239495567323794e-08
9.196459765819952	-8.984636178248022e-08
9.224035746114502	-8.736880709241302e-08
9.251611726409052	-8.496024940967073e-08
9.279187706703603	-8.26187096868729e-08
9.306763686998153	-8.034226977330113e-08
9.334339667292703	-7.812907026438926e-08
9.361915647587253	-7.597723711939549e-08
9.389491627881803	-7.38851762576898e-08
9.417067608176353	-7.185111365624006e-08
9.444643588470903	-6.987340384791346e-08
9.472219568765453	-6.795045080860383e-08
9.499795549060003	-6.608070630629214e-08
9.527371529354554	-6.426266830924011e-08
9.554947509649104	-6.249487945282331e-08
9.582523489943654	-6.077592556391166e-08
9.610099470238204	-5.9104434241294e-08
9.637675450532754	-5.747920525993632e-08
9.665251430827304	-5.589868260472644e-08
9.692827411121854	-5.436173216721825e-08
9.720403391416404	-5.286713121403202e-08
9.747979371710954	-5.141368483619169e-08
9.775555352005505	-5.000019670394543e-08
9.803131332300055	-4.862497717167417e-08
9.830707312594605	-4.7289984329345e-08
9.858283292889155	-4.598977048204402e-08
9.885859273183705	-4.472558972671054e-08
9.913435253478255	-4.349606081574512e-08
9.941011233772805	-4.230055905326643e-08
9.968587214067355	-4.113791981496147e-08
9.996163194361905	-4.000723287086257e-08
10.02373917465646	-3.890761387049464e-08
10.05131515495101	-3.783820355401685e-08
10.07889113524556	-3.679816699116686e-08
10.10646711554011	-3.578669284664867e-08
10.13404309583466	-3.480299267068932e-08
10.16161907612921	-3.384630021356626e-08
10.18919505642376	-3.291588607891062e-08
10.21677103671831	-3.201099433111302e-08
10.24434701701286	-3.113093700399995e-08
10.27192299730741	-3.027503037908289e-08
10.29949897760196	-2.944260988111835e-08
10.32707495789651	-2.86330295150509e-08
10.35465093819106	-2.784566132148143e-08
10.38222691848561	-2.707989484989338e-08
10.40980289878016	-2.633513664891404e-08
10.43737887907471	-2.561080977293063e-08
10.46495485936926	-2.490635937183634e-08
10.49253083966381	-2.422122723737688e-08
10.52010681995836	-2.355488948677675e-08
10.54768280025291	-2.290683065886683e-08
10.57525878054746	-2.227654956795551e-08
10.60283476084201	-2.166355889383152e-08
10.63041074113656	-2.106738478469715e-08
10.65798672143111	-2.048756647253526e-08
10.68556270172566	-1.992365590044006e-08
10.71313868202021	-1.937521736146558e-08
10.74071466231476	-1.884183391161635e-08
10.76829064260931	-1.832307909131891e-08
10.79586662290386	-1.781855938421921e-08
10.82344260319841	-1.732788520413805e-08
10.85101858349296	-1.685067767561683e-08
10.87859456378751	-1.638656833021517e-08
10.90617054408206	-1.593519881238846e-08
10.93374652437661	-1.549622059454812e-08
10.96132250467116	-1.506929470093367e-08
10.98889848496571	-1.46540914399489e-08
11.01647446526026	-1.425029453417627e-08
11.04405044555481	-1.385758265958439e-08
11.07162642584936	-1.34756572348009e-08
11.09920240614391	-1.310422327258387e-08
11.12677838643846	-1.274299384611217e-08
11.15435436673301	-1.239168986391978e-08
11.18193034702756	-1.205003985191537e-08
11.20950632732211	-1.171777974214617e-08
11.23708230761666	-1.139465266799875e-08
11.26465828791121	-1.108040876555825e-08
11.29223426820576	-1.077480403937624e-08
11.31981024850031	-1.047760406961707e-08
11.34738622879486	-1.018857785731294e-08
11.37496220908941	-9.907501660710317e-09
11.40253818938396	-9.634157830989108e-09
11.43011416967851	-9.368334646310859e-09
11.45769014997306	-9.10982615049166e-09
11.48526613026761	-8.858431996158963e-09
11.51284211056216	-8.613957292257067e-09
11.54041809085671	-8.376212455771033e-09
11.56799407115126	-8.145012572077845e-09
11.59557005144581	-7.920179297360141e-09
11.62314603174036	-7.701537602259306e-09
11.65072201203491	-7.48891772530983e-09
11.67829799232946	-7.282154529779121e-09
11.70587397262401	-7.081087378482708e-09
11.73344995291856	-6.885560011994441e-09
11.76102593321311	-6.695420430156501e-09
11.78860191350766	-6.510520776797081e-09
11.81617789380221	-6.330717227566359e-09
11.84375387409676	-6.155869478671182e-09
11.87132985439131	-5.985842299961896e-09
11.89890583468586	-5.820502894443166e-09
11.92648181498041	-5.659722496112972e-09
11.95405779527496	-5.503375853141576e-09
11.98163377556951	-5.351341132913163e-09
12.00920975586406	-5.203499829600581e-09
12.03678573615861	-5.059736674206341e-09
12.06436171645316	-4.919939547004892e-09
12.09193769674771	-4.783999392322832e-09
12.11951367704226	-4.651809742350984e-09
12.14708965733681	-4.523268263159136e-09
12.17466563763136	-4.398274180625136e-09
12.20224161792591	-4.276729880564155e-09
12.22981759822046	-4.158540419435851e-09
12.25739357851501	-4.043613452125151e-09
12.28496955880956	-3.931859161619666e-09
12.31254553910411	-3.823190190539209e-09
12.34012151939866	-3.717521574473263e-09
12.36769749969321	-3.614770677082688e-09
12.39527347998776	-3.514856607884797e-09
12.42284946028231	-3.417702322470483e-09
12.45042544057686	-3.323231217344371e-09
12.47800142087141	-3.231369342568628e-09
12.50557740116597	-3.142044777722581e-09
12.53315338146052	-3.055187576756918e-09
12.56072936175507	-2.97072971428189e-09
12.58830534204962	-2.888605033266071e-09
12.61588132234417	-2.80874919411862e-09
12.64345730263872	-2.731099625125787e-09
12.67103328293327	-2.655595638858068e-09
12.69860926322782	-2.582177712806736e-09
12.72618524352237	-2.510788459458005e-09
12.75376122381692	-2.441371909595711e-09
12.78133720411147	-2.373873633566663e-09
12.80891318440602	-2.308240699207898e-09
12.83648916470057	-2.244421630948338e-09
12.86406514499512	-2.18236637007742e-09
12.89164112528967	-2.122026236197119e-09
12.91921710558422	-2.063353889926358e-09
12.94679308587877	-2.006304053858264e-09
12.97436906617332	-1.950830505488444e-09
13.00194504646787	-1.896890363474624e-09
13.02952102676242	-1.844441284281103e-09
13.05709700705697	-1.793442090732087e-09
13.08467298735152	-1.743852740023181e-09
13.11224896764607	-1.695634292602161e-09
13.13982494794062	-1.648748881896282e-09
13.16740092823517	-1.603159684863585e-09
13.19497690852972	-1.558830893346101e-09
13.22255288882427	-1.515727757987688e-09
13.25012886911882	-1.473816267137261e-09
13.27770484941337	-1.43306356586149e-09
13.30528082970792	-1.393437635080104e-09
13.33285681000247	-1.354907338926908e-09
13.36043279029702	-1.317442400472113e-09
13.38800877059157	-1.281013378107891e-09
13.41558475088612	-1.245591642579242e-09
13.44316073118067	-1.211149354642683e-09
13.47073671147522	-1.177659443335808e-09
13.49831269176977	-1.145095605399828e-09
13.52588867206432	-1.113432196157303e-09
13.55346465235887	-1.082644235921314e-09
13.58104063265342	-1.052707887499073e-09
13.60861661294797	-1.023599225514682e-09
13.63619259324252	-9.952955066231995e-10
13.66376857353707	-9.677744754917285e-10
13.69134455383162	-9.41014493257077e-10
13.71892053412617	-9.149945190004943e-10
13.74649651442072	-8.896940930637155e-10
13.77407249471527	-8.650933282175255e-10
13.80164847500982	-8.411728648155396e-10
13.82922445530437	-8.179138990083696e-10
13.85680043559892	-7.952981403229787e-10
13.88437641589347	-7.73307803601838e-10
13.91195239618802	-7.519255951115047e-10
13.93952837648257	-7.311346990007978e-10
13.96710435677712	-7.109187641222096e-10
13.99468033707167	-6.912618912125199e-10
14.02225631736622	-6.72148620424684e-10
14.04983229766077	-6.53563922055049e-10
14.07740827795532	-6.354931730218734e-10
14.10498425824987	-6.179221632488313e-10
14.13256023854442	-6.008370726251466e-10
14.16013621883897	-5.842244630797247e-10
14.18771219913352	-5.680712680324214e-10
14.21528817942807	-5.523647821358314e-10
14.24286415972262	-5.370926512996282e-10
14.27044014001717	-5.222428629897178e-10
14.29801612031172	-5.078037367946665e-10
14.32559210060627	-4.9376391869291e-10
14.35316808090082	-4.801123572680329e-10
14.38074406119537	-4.668383192982329e-10
14.40832004148992	-4.539313634187823e-10
14.43589602178447	-4.413813371248806e-10
14.46347200207902	-4.291783686930484e-10
14.49104798237357	-4.173128593975249e-10
14.51862396266812	-4.057754759579223e-10
14.54619994296267	-3.94557143200269e-10
14.57377592325722	-3.836490369223814e-10
14.60135190355177	-3.730425771002825e-10
14.62892788384632	-3.627294205471699e-10
14.65650386414087	-3.52701455273906e-10
14.68407984443542	-3.429507934886358e-10
14.71165582472997	-3.334697655506685e-10
14.73923180502452	-3.242509139400185e-10
14.76680778531907	-3.152869873934272e-10
14.79438376561362	-3.065709352022828e-10
14.82195974590817	-2.980959016679816e-10
14.84953572620272	-2.898552207103947e-10
14.87711170649727	-2.818424106269914e-10
14.90468768679182	-2.740511689870233e-10
14.93226366708637	-2.664753676879166e-10
14.95983964738092	-2.591090481252464e-10
14.98741562767547	-2.51946416508351e-10
15.01499160797002	-2.449818393028137e-10
15.04256758826457	-2.382098387988568e-10
15.07014356855912	-2.316250888021744e-10
15.09771954885368	-2.252224104438296e-10
15.12529552914823	-2.189967681059338e-10
15.15287150944278	-2.129432667508757e-10
15.18044748973733	-2.070571425028617e-10
15.20802347003188	-2.01333767962576e-10
15.23559945032643	-1.957686419147614e-10
15.26317543062098	-1.903573876922607e-10
15.29075141091553	-1.850957497051323e-10
15.31832739121008	-1.79979590084156e-10
15.34590337150463	-1.750048854219342e-10
15.37347935179918	-1.701677236056755e-10
15.40105533209373	-1.654643007381572e-10
15.42863131238828	-1.608909183233163e-10
15.45620729268283	-1.564439796129285e-10
15.48378327297738	-1.521199879181545e-10
15.51135925327193	-1.479155430879273e-10
15.53893523356648	-1.438273390245189e-10
15.56651121386103	-1.398521610817368e-10
15.59408719415558	-1.3598688353507e-10
15.62166317445013	-1.322284671217992e-10
15.64923915474468	-1.285739566491358e-10
15.67681513503923	-1.250204786685114e-10
15.70439111533378	-1.215652389365429e-10
15.73196709562833	-1.182055215064413e-10
15.75954307592288	-1.149386842741917e-10
15.78711905621743	-1.117621588405219e-10
15.81469503651198	-1.086734478016646e-10
15.84227101680653	-1.056701228233711e-10
15.86984699710108	-1.02749822737205e-10
15.89742297739563	-9.991025168437822e-11
15.92499895769018	-9.714917730963961e-11
15.95257493798473	-9.446442900470579e-11
15.98015091827928	-9.185389628142048e-11
16.00772689857383	-8.931552677812655e-11
16.03530287886838	-8.684732514794023e-11
16.06287885916293	-8.444735115563546e-11
16.09045483945748	-8.211371823189499e-11
16.11803081975203	-7.984459198857364e-11
16.14560680004658	-7.763818877504214e-11
16.17318278034113	-7.549277427447665e-11
16.20075876063568	-7.340666213898787e-11
16.22833474093023	-7.137821266251615e-11
16.25591072122478	-6.940583164889787e-11
16.28348670151933	-6.748796849958557e-11
16.31106268181388	-6.562311600752189e-11
16.33863866210843	-6.380980848429361e-11
16.36621464240298	-6.204662077885205e-11
16.39379062269753	-6.033216715606076e-11
16.42136660299208	-5.866510020625432e-11
16.44894258328663	-5.70441097849614e-11
16.47651856358118	-5.546792198196159e-11
16.50409454387573	-5.393529811886754e-11
16.53167052417028	-5.244503387368686e-11
16.55924650446483	-5.099595792405995e-11
16.58682248475938	-4.958693165042561e-11
16.61439846505393	-4.821684782244306e-11
16.64197444534848	-4.688462983073634e-11
16.66955042564303	-4.558923083976081e-11
16.69712640593758	-4.432963296411505e-11
16.72470238623213	-4.310484646764888e-11
16.75227836652668	-4.191390898473621e-11
16.77985434682123	-4.075588476309903e-11
16.80743032711578	-3.962986405689955e-11
16.83500630741033	-3.853496186860735e-11
16.86258228770488	-3.747031810010764e-11
16.89015826799943	-3.643509629342299e-11
16.91773424829398	-3.542848312062419e-11
16.94531022858853	-3.444968774409431e-11
16.97288620888308	-3.349794119446006e-11
17.00046218917763	-3.257249576571628e-11
17.02803816947218	-3.167262442707634e-11
17.05561414976673	-3.079762025108962e-11
17.08319013006128	-2.994679588021929e-11
17.11076611035583	-2.91194828927758e-11
17.13834209065038	-2.831503141996294e-11
17.16591807094493	-2.753280953910847e-11
17.19349405123948	-2.677220280024153e-11
17.22107003153403	-2.603261374280771e-11
17.24864601182858	-2.531346142575669e-11
17.27622199212313	-2.461418097063218e-11
17.30379797241768	-2.393422311730451e-11
17.33137395271223	-2.327305379199583e-11
17.35894993300678	-2.263015379181624e-11
17.38652591330133	-2.2005017993744e-11
17.41410189359588	-2.139715550946139e-11
17.44167787389043	-2.080608919768964e-11
17.46925385418498	-2.023135347111821e-11
17.49682983447953	-1.96724988938348e-11
17.52440581477408	-1.912908561826096e-11
17.55198179506863	-1.860068738481119e-11
17.57955777536318	-1.808688724532909e-11
17.60713375565773	-1.758728442229652e-11
17.63470973595228	-1.710148527376805e-11
17.66228571624683	-1.662910836394543e-11
17.68986169654139	-1.616978280785726e-11
17.71743767683594	-1.572314791143715e-11
17.74501365713049	-1.528885295189184e-11
17.77258963742504	-1.486655690195445e-11
17.80016561771959	-1.445592816176443e-11
17.82774159801414	-1.405664429816302e-11
17.85531757830869	-1.366839179119887e-11
17.88289355860324	-1.329086578764397e-11
17.91046953889779	-1.292376988846219e-11
17.93804551919234	-1.256681580567042e-11
17.96562149948689	-1.221972330064235e-11
17.99319747978144	-1.188221985568846e-11
18.02077346007599	-1.155404048608974e-11
18.04834944037054	-1.123492753180206e-11
18.07592542066509	-1.092463045492233e-11
18.10350140095964	-1.062290564275696e-11
18.13107738125419	-1.032951621633811e-11
18.15865336154874	-1.004423184423727e-11
18.18622934184329	-9.766828580176682e-12
18.21380532213784	-9.497088611011434e-12
18.24138130243239	-9.234800200232427e-12
18.26895728272694	-8.979757445619587e-12
18.29653326302149	-8.731760136030107e-12
18.32410924331604	-8.490613594051806e-12
18.35168522361059	-8.256128523007567e-12
18.37926120390514	-8.028120858190828e-12
18.40683718419969	-7.806411622215173e-12
18.43441316449424	-7.590826784364282e-12
18.46198914478879	-7.381197127002706e-12
18.48956512508334	-7.177358099626746e-12
18.51714110537789	-6.979149709185174e-12
18.54471708567244	-6.786416381368118e-12
18.57229306596699	-6.599006841537296e-12
18.59986904626154	-6.416773995859097e-12
18.62744502655609	-6.239574815724897e-12
18.65502100685064	-6.067270225367741e-12
18.68259698714519	-5.899724992586973e-12
18.71017296743974	-5.736807622494878e-12
18.73774894773429	-5.578390246922453e-12
18.76532492802884	-5.424348551099464e-12
18.79290090832339	-5.274561637637798e-12
18.82047688861794	-5.128911954541389e-12
18.84805286891249	-4.987285093537184e-12
18.87562884920704	-4.849570253191586e-12
18.90320482950159	-4.715659001228612e-12
18.93078080979614	-4.585446380809469e-12
18.95835679009069	-4.458830208719674e-12
18.98593277038524	-4.335711126803518e-12
19.01350875067979	-4.215992534902929e-12
19.04108473097434	-4.099580466203118e-12
19.06866071126889	-3.986383586423566e-12
19.09623669156344	-3.876313073712516e-12
19.12381267185799	-3.769282570032828e-12
19.15138865215254	-3.665208054112928e-12
19.17896463244709	-3.564007914295586e-12
19.20654061274164	-3.46560272510868e-12
19.23411659303619	-3.369915277515511e-12
19.26169257333074	-3.276870494970303e-12
19.28926855362529	-3.186395362851651e-12
19.31684453391984	-3.098418918526055e-12
19.34442051421439	-3.012872121180462e-12
19.37199649450894	-2.929687930318937e-12
19.39957247480349	-2.848800922840213e-12
19.42714845509804	-2.770147761021847e-12
19.45472443539259	-2.693666712944794e-12
19.48230041568714	-2.619297776318862e-12
19.50987639598169	-2.54698260797821e-12
19.53745237627624	-2.47666447701096e-12
19.56502835657079	-2.408288221594822e-12
19.59260433686534	-2.341800198984462e-12
19.62018031715989	-2.277148253860395e-12
19.64775629745444	-2.21428167004229e-12
19.67533227774899	-2.153151132560666e-12
19.70290825804354	-2.093708688933235e-12
19.73048423833809	-2.035907711511668e-12
19.75806021863264	-1.979702860869198e-12
19.78563619892719	-1.925050050200269e-12
19.81321217922174	-1.871906410704295e-12
19.84078815951629	-1.820230258347487e-12
19.86836413981084	-1.769981059419576e-12
19.89594012010539	-1.7211194012885e-12
19.92351610039994	-1.673606959756456e-12
19.95109208069449	-1.627406469384606e-12
19.97866806098904	-1.582481694234662e-12
20.00624404128359	-1.538797399417912e-12
20.03382002157814	-1.496319323426775e-12
20.06139600187269	-1.455014151216335e-12
20.08897198216724	-1.414849487946644e-12
20.11654796246179	-1.375793836234908e-12
20.14412394275634	-1.337816562893608e-12
20.17169992305089	-1.300887886003127e-12
20.19927590334544	-1.264978844887763e-12
20.22685188363999	-1.230061278894116e-12
20.25442786393454	-1.196107805285561e-12
20.2820038442291	-1.163091797747737e-12
20.30957982452365	-1.130987365488168e-12
20.3371558048182	-1.099769332913581e-12
20.36473178511275	-1.069413219868955e-12
20.3923077654073	-1.039895222404372e-12
20.41988374570185	-1.01119219414346e-12
20.4474597259964	-9.832816280761029e-13
20.47503570629095	-9.561416389001689e-13
20.5026116865855	-9.297509458486496e-13
20.53018766688005	-9.040888559911458e-13
20.5577636471746	-8.791352480025287e-13
20.58533962746915	-8.548705563997703e-13
20.6129156077637	-8.312757563091153e-13
20.64049158805825	-8.083323495624669e-13
20.6680675683528	-7.86022340249057e-13
20.69564354864735	-7.643282457142716e-13
20.7232195289419	-7.432330581142689e-13
20.75079550923645	-7.227202189327436e-13
20.778371489531	-7.027736739650693e-13
20.80594746982555	-6.833777715532954e-13
20.8335234501201	-6.645173071782736e-13
20.86109943041465	-6.461774952286908e-13
20.8886754107092	-6.283439583681964e-13
20.91625139100375	-6.110027163505923e-13
20.9438273712983	-5.941401756488324e-13
20.97140335159285	-5.777431164507561e-13
20.9989793318874	-5.617986857959817e-13
21.02655531218195	-5.462943852102637e-13
21.0541312924765	-5.31218061445443e-13
21.08170727277105	-5.16557896943673e-13
21.1092832530656	-5.023024005651035e-13
21.13685923336015	-4.884403985717227e-13
21.1644352136547	-4.749610258602699e-13
21.19201119394925	-4.618537174373204e-13
21.2195871742438	-4.491082011289964e-13
21.24716315453835	-4.367144854101863e-13
21.2747391348329	-4.246628578274135e-13
21.30231511512745	-4.129438732049187e-13
21.329891095422	-4.015483472593896e-13
21.35746707571655	-3.904673493930104e-13
21.3850430560111	-3.796921956854831e-13
21.41261903630565	-3.692144420795168e-13
21.4401950166002	-3.590258777544337e-13
21.46777099689475	-3.491185186826843e-13
21.4953469771893	-3.394846019935063e-13
21.52292295748385	-3.301165772938231e-13
21.5504989377784	-3.210071046814678e-13
21.57807491807295	-3.121490463575022e-13
21.6056508983675	-3.035354616678341e-13
21.63322687866205	-2.951596016491802e-13
21.6608028589566	-2.870149037082776e-13
21.68837883925115	-2.790949863306838e-13
21.7159548195457	-2.713936398448892e-13
21.74353079984025	-2.639048492536855e-13
21.7711067801348	-2.566227252588842e-13
21.79868276042935	-2.495415714767774e-13
21.8262587407239	-2.426558403008642e-13
21.85383472101845	-2.359601375020807e-13
21.881410701313	-2.294492178185286e-13
21.90898668160755	-2.231179808370264e-13
21.9365626619021	-2.169614669887798e-13
21.96413864219665	-2.109748536559076e-13
21.9917146224912	-2.05153451385724e-13
22.01929060278575	-1.994927002097939e-13
22.0468665830803	-1.939881716505802e-13
22.07444256337485	-1.8863554194188e-13
22.1020185436694	-1.834306247668734e-13
22.12959452396395	-1.783693434058822e-13
22.1571705042585	-1.734477336779684e-13
22.18474648455305	-1.686619408291525e-13
22.2123224648476	-1.640082165077116e-13
22.23989844514215	-1.594829158239167e-13
22.2674744254367	-1.55082494491689e-13
22.29505040573125	-1.508035060497628e-13
22.3226263860258	-1.466425984156293e-13
22.35020236632035	-1.425965143944066e-13
22.3777783466149	-1.386620842247731e-13
22.40535432690945	-1.348362264407918e-13
22.432930307204	-1.311159445978048e-13
22.46050628749855	-1.27498323985202e-13
22.4880822677931	-1.239805349078393e-13
22.51565824808765	-1.205598181519253e-13
22.5432342283822	-1.172334962822045e-13
22.57081020867675	-1.139989641226535e-13
22.5983861889713	-1.108536887497127e-13
22.62596216926585	-1.077952062122092e-13
22.6535381495604	-1.048211214960897e-13
22.68111412985495	-1.019291053999383e-13
22.7086901101495	-9.911689300719845e-14
22.73626609044405	-9.638228191169371e-14
22.7638420707386	-9.372313049218359e-14
22.79141805103315	-9.113735623459156e-14
22.8189940313277	-8.862293410058212e-14
22.84657001162225	-8.617789494120023e-14
22.87414599191681	-8.380032395118247e-14
22.90172197221136	-8.148835917791565e-14
22.92929795250591	-7.924019005675515e-14
22.95687393280046	-7.705405599183175e-14
22.98444991309501	-7.492824497815851e-14
23.01202589338956	-7.286109226060325e-14
23.03960187368411	-7.085097902989738e-14
23.06717785397866	-6.889633115466976e-14
23.09475383427321	-6.699561794854192e-14
23.12232981456776	-6.514735097140832e-14
23.14990579486231	-6.335008215656939e-14
23.17748177515686	-6.160240565633523e-14
23.20505775545141	-5.990295195006229e-14
23.23263373574596	-5.825039029075817e-14
23.26020971604051	-5.664342662442901e-14
23.28778569633506	-5.508080260293442e-14
23.31536167662961	-5.356129460450089e-14
23.34293765692416	-5.20837127772177e-14
23.37051363721871	-5.064690010776586e-14
23.39808961751326	-4.924973151543531e-14
23.42566559780781	-4.789111293953133e-14
23.45324157810236	-4.656998061370106e-14
23.48081755839691	-4.528530002890194e-14
23.50839353869146	-4.403606526202223e-14
23.53596951898601	-4.282129815294991e-14
23.56354549928056	-4.164004753831583e-14
23.59112147957511	-4.049138850638116e-14
23.61869745986966	-3.93744216724858e-14
23.64627344016421	-3.828827247449084e-14
23.67384942045876	-3.723209048766333e-14
23.70142540075331	-3.620504872551778e-14
23.72900138104786	-3.520634312408485e-14
23.75657736134241	-3.423519171666428e-14
23.78415334163696	-3.329083414814139e-14
23.81172932193151	-3.237253104890109e-14
23.83930530222606	-3.147956345589964e-14
23.86688128252061	-3.061123225011306e-14
23.89445726281516	-2.976685761071999e-14
23.92203324310971	-2.894577848901706e-14
23.94960922340426	-2.814735212423611e-14
23.97718520369881	-2.737095272137562e-14
24.00476118399336	-2.661597355602144e-14
24.03233716428791	-2.588182310616853e-14
24.05991314458246	-2.516792663127568e-14
24.08748912487701	-2.447372525287606e-14
24.11506510517156	-2.37986755166964e-14
24.14264108546611	-2.314224896688779e-14
24.17021706576066	-2.250393173202225e-14
24.19779304605521	-2.18832241225239e-14
24.22536902634976	-2.127964023921649e-14
24.25294500664431	-2.069270758778171e-14
24.28052098693886	-2.012196672901654e-14
24.30809696723341	-1.956697088735388e-14
24.33567294752796	-1.902728562230974e-14
24.36324892782251	-1.850248848280373e-14
24.39082490811706	-1.799216867623164e-14
24.41840088841161	-1.749592674667265e-14
24.44597686870616	-1.70133742619794e-14
24.47355284900071	-1.65441335095054e-14
24.50112882929526	-1.608783720023171e-14
24.52870480958981	-1.564412817949486e-14
24.55628078988436	-1.521265915364764e-14
24.58385677017891	-1.47930924082623e-14
24.61143275047346	-1.438509955007998e-14
24.63900873076801	-1.398836124819067e-14
24.66658471106256	-1.360256698390429e-14
24.69416069135711	-1.322741480752658e-14
24.72173667165166	-1.286261110184881e-14
24.74931265194621	-1.250787035216631e-14
24.77688863224076	-1.216291492264529e-14
24.80446461253531	-1.182747482715743e-14
24.83204059282986	-1.150128756408975e-14
24.85961657312441	-1.118409784327739e-14
24.88719255341896	-1.087565742954833e-14
24.91476853371351	-1.057572493825636e-14
24.94234451400806	-1.028406564734825e-14
24.96992049430261	-1.000045131917079e-14
24.99749647459716	-9.724660096166066e-15
25.02507245489171	-9.456475521626297e-15
25.05264843518626	-9.195688770354689e-15
25.08022441548081	-8.942095177462333e-15
25.10780039577536	-8.695496298661447e-15
25.13537637606991	-8.455699227501817e-15
25.16295235636446	-8.222516317294023e-15
25.19052833665901	-7.995765099115619e-15
25.21810431695356	-7.775268138910494e-15
25.24568029724811	-7.560852898533524e-15
25.27325627754266	-7.352351600631371e-15
25.30083225783721	-7.149601097253255e-15
25.32840823813176	-6.952442742088759e-15
25.35598421842631	-6.760722265743594e-15
25.38356019872086	-6.574289656946725e-15
25.41113617901541	-6.392999042005869e-15
25.43871215930996	-6.216708572633583e-15
25.46628813960452	-6.045280314364241e-15
25.49386411989907	-5.878580138544153e-15
25.52144010019362	-5.71647761730293e-15
25.54901608048817	-5.558845921423862e-15
25.57659206078272	-5.40556172103317e-15
25.60416804107727	-5.256505089030356e-15
25.63174402137182	-5.111559394045568e-15
25.65932000166637	-4.970611258756221e-15
25.68689598196092	-4.833550400768902e-15
25.71447196225547	-4.700269590075541e-15
25.74204794255002	-4.570664548324903e-15
25.76962392284457	-4.444633917812968e-15
25.79719990313912	-4.32207905109989e-15
25.82477588343367	-4.202904096907541e-15
25.85235186372822	-4.087015821696936e-15
25.87992784402277	-3.974323566037476e-15
25.90750382431732	-3.864739177240451e-15
25.93507980461187	-3.758176917318269e-15
25.96265578490642	-3.654553432815299e-15
25.99023176520097	-3.553787662863489e-15
26.01780774549552	-3.455800782949647e-15
26.04538372579007	-3.360516143204115e-15
26.07295970608462	-3.267859208393141e-15
26.10053568637917	-3.177757499567695e-15
26.12811166667372	-3.090140537322952e-15
26.15568764696827	-3.004939786623863e-15
26.18326362726282	-2.922088603014065e-15
26.21083960755737	-2.84152218102522e-15
26.23841558785192	-2.763177502550213e-15
26.26599156814647	-2.68699328811899e-15
26.29356754844102	-2.612909948778014e-15
26.32114352873557	-2.540869539444839e-15
26.34871950903012	-2.47081571354999e-15
26.37629548932467	-2.402693678930641e-15
26.40387146961922	-2.336450154941503e-15
26.43144744991377	-2.272033330749358e-15
26.45902343020832	-2.209392824657108e-15
26.48659941050287	-2.14847964515995e-15
26.51417539079742	-2.089246151864074e-15
26.54175137109197	-2.031646018678358e-15
26.56932735138652	-1.975634197438052e-15
26.59690333168107	-1.921166882645609e-15
26.62447931197562	-1.868201477184503e-15
26.65205529227017	-1.816696558979126e-15
26.67963127256472	-1.766611848574597e-15
26.70720725285927	-1.717908177610971e-15
26.73478323315382	-1.670547435113006e-15
26.76235921344837	-1.624492646614366e-15
26.78993519374292	-1.579707742809707e-15
26.81751117403747	-1.536157713994285e-15
26.84508715433202	-1.493808505052071e-15
26.87266313462657	-1.452626999504761e-15
26.90023911492112	-1.412580994191887e-15
26.92781509521567	-1.373639174178891e-15
26.95539107551022	-1.335771088281619e-15
26.98296705580477	-1.298947125247172e-15
27.01054303609932	-1.263138490284889e-15
27.03811901639387	-1.228317183799138e-15
27.06569499668842	-1.194455977501546e-15
27.09327097698297	-1.161528394466706e-15
27.12084695727752	-1.129508688067311e-15
27.14842293757207	-1.098371821826841e-15
27.17599891786662	-1.068093449828176e-15
27.20357489816117	-1.038649897662795e-15
27.23115087845572	-1.01001814390564e-15
27.25872685875027	-9.821758021011429e-16
27.28630283904482	-9.551011025702493e-16
27.31387881933937	-9.287728780704993e-16
27.34145479963392	-9.031705432734779e-16
27.36903077992847	-8.782740812232565e-16
27.39660676022302	-8.540640270680039e-16
27.42418274051757	-8.305214528552183e-16
27.45175872081212	-8.076279528077997e-16
27.47933470110667	-7.853656293537445e-16
27.50691068140122	-7.637170848026591e-16
27.53448666169577	-7.426653462659939e-16
27.56206264199032	-7.221940390240476e-16
27.58963862228487	-7.022871028070212e-16
27.61721460257942	-6.829289881877911e-16
27.64479058287397	-6.641045617801615e-16
27.67236656316852	-6.457991075665701e-16
27.69994254346307	-6.279983153858632e-16
27.72751852375762	-6.106882697382925e-16
27.75509450405217	-5.938554388992105e-16
27.78267048434672	-5.774866643330371e-16
27.81024646464127	-5.615691503992516e-16
27.83782244493582	-5.46090454405778e-16
27.86539842523037	-5.310384766126064e-16
27.89297440552492	-5.164014511697062e-16
27.92055038581947	-5.021679366412145e-16
27.94812636611402	-4.883268071226932e-16
27.97570234640857	-4.74867243537788e-16
28.00327832670312	-4.617787251749904e-16
28.03085430699767	-4.490510214578855e-16
28.05843028729223	-4.366741839424396e-16
28.08600626758678	-4.246385385350644e-16
28.11358224788133	-4.129346778785709e-16
28.14115822817588	-4.01553454186332e-16
28.16873420847043	-3.904859717931084e-16
28.19631018876498	-3.797235803928911e-16
28.22388616905953	-3.692578682245704e-16
28.25146214935408	-3.590806554924943e-16
28.27903812964863	-3.491839879685293e-16
28.30661410994318	-3.395601307706242e-16
28.33419009023773	-3.30201562313001e-16
28.36176607053228	-3.2110096842324e-16
28.38934205082683	-3.122512362877281e-16
28.41691803112138	-3.036454500466951e-16
28.44449401141593	-2.952768834020083e-16
28.47206999171048	-2.871389996294272e-16
28.49964597200503	-2.792254328174965e-16
28.52722195229958	-2.715300023826326e-16
28.55479793259413	-2.640466937841463e-16
28.58237391288868	-2.567696588727771e-16
28.60994989318323	-2.496932108028117e-16
28.63752587347778	-2.428118195491259e-16
28.66510185377233	-2.361201077253991e-16
28.69267783406688	-2.296128457696243e-16
28.72025381436143	-2.2328494875812e-16
28.74782979465598	-2.171314718460727e-16
28.77540577495053	-2.11147606536069e-16
28.80298175524508	-2.053286769178532e-16
28.83055773553963	-1.996701360117524e-16
28.85813371583418	-1.941675622129434e-16
28.88570969612873	-1.888166558337941e-16
28.91328567642328	-1.836132357415779e-16
28.94086165671783	-1.785532358809181e-16
28.96843763701238	-1.73632702951055e-16
28.99601361730693	-1.68847792007492e-16
29.02358959760148	-1.641947643281374e-16
29.05116557789603	-1.596699842749585e-16
29.07874155819058	-1.552699164512593e-16
29.10631753848513	-1.509911229373646e-16
29.13389351877968	-1.468302606025447e-16
29.16146949907423	-1.427840784910799e-16
29.18904547936878	-1.388494152804173e-16
29.21662145966333	-1.350231967712793e-16
29.24419743995788	-1.313024336287601e-16
29.27177342025243	-1.276842188446827e-16
29.29934940054698	-1.241657255884421e-16
29.32692538084153	-1.207442049700604e-16
29.35450136113608	-1.174169838950282e-16
29.38207734143063	-1.141814629879749e-16
29.40965332172518	-1.110351146273751e-16
29.43722930201973	-1.07975481801118e-16
29.46480528231428	-1.050001665013192e-16
29.49238126260883	-1.021068574985371e-16
29.51995724290338	-9.929328656734212e-17
29.54753322319793	-9.655725673141864e-17
29.57510920349248	-9.389663078510493e-17
29.60268518378703	-9.130933031155419e-17
29.63026116408158	-8.879333416739463e-17
29.65783714437613	-8.634667692197462e-17
29.68541312467068	-8.39674473262048e-17
29.71298910496523	-8.165378682033784e-17
29.74056508525978	-7.940388808185587e-17
29.76814106555433	-7.721599355393065e-17
29.79571704584888	-7.508839431809295e-17
29.82329302614343	-7.301942837644405e-17
29.85086900643798	-7.10074796126749e-17
29.87844498673253	-6.905097646347388e-17
29.90602096702708	-6.714839069007024e-17
29.93359694732163	-6.529823618365631e-17
29.96117292761618	-6.349906780375367e-17
29.98874890791073	-6.17494802486144e-17
30.01632488820528	-6.004810695677434e-17
30.04390086849983	-5.839361900741107e-17
30.07147684879438	-5.678472420821402e-17
30.09905282908893	-5.522016589755368e-17
30.12662880938348	-5.369872208471889e-17
30.15420478967803	-5.221920446540096e-17
30.18178076997258	-5.078045749331286e-17
30.20935675026713	-4.938135747805867e-17
30.23693273056168	-4.802081171021783e-17
30.26450871085623	-4.669775762262368e-17
30.29208469115078	-4.541116211188927e-17
30.31966067144533	-4.416001919736159e-17
30.34723665173988	-4.294335323956273e-17
30.37481263203443	-4.176021348273034e-17
30.40238861232898	-4.060967593128576e-17
30.42996459262353	-3.949084205967407e-17
30.45754057291808	-3.84028381101626e-17
30.48511655321263	-3.734481441000127e-17
30.51269253350718	-3.631594470741137e-17
30.54026851380173	-3.531542552588337e-17
30.56784449409628	-3.434247553627917e-17
30.59542047439083	-3.339633495299346e-17
30.62299645468539	-3.247626491269567e-17
30.65057243497994	-3.158154693843336e-17
30.67814841527449	-3.071148235077765e-17
30.70572439556904	-2.986539172854278e-17
30.73330037586359	-2.904261437786621e-17
30.76087635615814	-2.824250781592954e-17
30.78845233645269	-2.746444726891742e-17
30.81602831674724	-2.670782518382425e-17
30.84360429704179	-2.59720507537309e-17
30.87118027733634	-2.525654945877823e-17
30.89875625763089	-2.456076260760697e-17
30.92633223792544	-2.388414691459805e-17
30.95390821821999	-2.322617406729145e-17
30.98148419851454	-2.258633031692658e-17
31.00906017880909	-2.196411608310348e-17
31.03663615910364	-2.135904561997495e-17
31.06421213939819	-2.077064546686578e-17
31.09178811969274	-2.019845840708822e-17
31.11936409998729	-1.964203603091059e-17
31.14694008028184	-1.910094412888159e-17
31.17451606057639	-1.857476063523776e-17
31.20209204087094	-1.806307444159565e-17
31.22966802116549	-1.756548610252761e-17
31.25724400146004	-1.708160714330721e-17
31.28481998175459	-1.661105978930093e-17
31.31239596204914	-1.615347667572737e-17
31.33997194234369	-1.570850056189828e-17
31.36754792263824	-1.527578405254427e-17
31.39512390293279	-1.485498932658375e-17
31.42269988322734	-1.444578786803274e-17
31.45027586352189	-1.404786023152423e-17
31.47785184381644	-1.366089575798985e-17
31.50542782411099	-1.328459235606473e-17
31.53300380440554	-1.291865625994616e-17
31.56057978470009	-1.256280179990261e-17
31.58815576499464	-1.221675117910986e-17
31.61573174528919	-1.188023425663986e-17
31.64330772558374	-1.155298833643257e-17
31.67088370587829	-1.123475796208571e-17
31.69845968617284	-1.092529471730205e-17
31.72603566646739	-1.06243570318382e-17
31.75361164676194	-1.033170999280319e-17
31.78118762705649	-1.004712516115915e-17
31.80876360735104	-9.770380393281037e-18
31.83633958764559	-9.501259667435411e-18
31.86391556794014	-9.239552915043002e-18
31.89149154823469	-8.985055856592991e-18
31.91906752852924	-8.737569842080718e-18
31.94664350882379	-8.496901695844217e-18
31.97421948911834	-8.262863565678129e-18
32.00179546941289	-8.035272776107197e-18
32.02937144970744	-7.813951685704564e-18
32.05694743000199	-7.598727548343364e-18
32.08452341029654	-7.389432378273181e-18
32.11209939059109	-7.185902818915897e-18
32.13967537088564	-6.987980015278394e-18
32.16725135118019	-6.795509489882339e-18
32.19482733147474	-6.608341022114178e-18
32.22240331176929	-6.426328530900914e-18
