0
1000	105.6583745	100000000000000.1
5	0	0	1
5	0	0	0
4.673998997513734	19.20920530146341
4.701574977808284	19.19353955478526
4.729150958102834	19.17606143657234
4.756726938397384	19.1566498673586
4.784302918691934	19.13610717979802
4.811878898986484	19.11414532724174
4.839454879281035	19.09094260982925
4.867030859575585	19.06673216520645
4.894606839870135	19.04152690042129
4.922182820164685	19.01545465941006
4.949758800459235	18.98864130787837
4.977334780753785	18.96115329617171
5.004910761048335	18.93245810212237
5.032486741342885	18.90404642148518
5.060062721637435	18.87502909363949
5.087638701931986	18.84559679156404
5.115214682226536	18.81578558411065
5.142790662521086	18.78539278199249
5.170366642815636	18.75500478600686
5.197942623110186	18.72433793522037
5.225518603404736	18.69346670915652
5.253094583699286	18.66240274774674
5.280670563993836	18.63117369952147
5.308246544288386	18.59975168904863
5.335822524582936	18.56829125825868
5.363398504877487	18.53663060134095
5.390974485172037	18.50391584062746
5.418550465466587	18.47236570874134
5.446126445761137	18.44058107785423
5.473702426055687	18.40875387626733
5.501278406350237	18.37667591968739
5.528854386644787	18.34480113045851
5.556430366939337	18.31284328757566
5.584006347233887	18.2809198707897
5.611582327528438	18.24901190371174
5.639158307822988	18.21711456378505
5.666734288117538	18.18520799986892
5.694310268412088	18.15331452410502
5.721886248706638	18.12148007773051
5.749462229001188	18.08853182174033
5.777038209295738	18.05717245116425
5.804614189590288	18.02566485521761
5.832190169884838	17.99418961474291
5.859766150179389	17.96241797830988
5.887342130473939	17.93111617161491
5.914918110768489	17.89979460573121
5.942494091063039	17.86858391054841
5.970070071357589	17.8374507524277
5.997646051652139	17.80643644241921
6.025222031946689	17.77542855169088
6.052798012241239	17.74450542449581
6.080373992535789	17.71369877278688
6.107949972830339	17.68223680353373
6.13552595312489	17.6518752976416
6.16310193341944	17.62144567324901
6.19067791371399	17.59110339856359
6.21825389400854	17.56059166729644
6.24582987430309	17.53049581327118
6.27340585459764	17.50045215854877
6.30098183489219	17.47053707528293
6.32855781518674	17.44071449527474
6.35613379548129	17.41098349096271
6.383709775775841	17.38137184020959
6.411285756070391	17.35181718468655
6.438861736364941	17.32236710739609
6.466437716659491	17.29202194515786
6.494013696954041	17.26309572423559
6.521589677248591	17.23413991973363
6.549165657543141	17.20505838556725
6.576741637837691	17.17629113666497
6.604317618132241	17.14755703840299
6.631893598426791	17.11896971090022
6.659469578721342	17.0904705542183
6.687045559015892	17.06207013904583
6.714621539310442	17.03379485061055
6.742197519604992	17.00557812291397
6.769773499899542	16.97745187615859
6.797349480194092	16.9482303769944
6.824925460488642	16.92078604949658
6.852501440783192	16.89318241439456
6.880077421077742	16.86536280554668
6.907653401372293	16.83796076271447
6.935229381666843	16.81058181844773
6.962805361961393	16.78333929505393
6.990381342255943	16.75618117107412
7.017957322550493	16.72911872806855
7.045533302845043	16.70214964848062
7.073109283139593	16.67529764578303
7.100685263434143	16.64848847643554
7.128261243728693	16.62100402063849
7.155837224023244	16.59472186923577
7.183413204317794	16.56833600671064
7.210989184612344	16.54179187420158
7.238565164906894	16.51560959291031
7.266141145201444	16.48953636033445
7.293717125495994	16.4635357256321
7.321293105790544	16.43761910841453
7.348869086085094	16.41178759256493
7.376445066379644	16.38604257762063
7.404021046674194	16.36040403621526
7.431597026968745	16.33480166233858
7.459173007263295	16.30824243757469
7.486748987557845	16.28317032340798
7.514324967852395	16.25787191671434
7.541900948146945	16.23277631791195
7.569476928441495	16.20777290586656
7.597052908736045	16.1828364561541
7.624628889030595	16.15797385733289
7.652204869325145	16.13318882883511
7.679780849619696	16.10848234308932
7.707356829914246	16.08385562993224
7.734932810208796	16.05931763903473
7.762508790503346	16.03482185427696
7.790084770797896	16.00962829922895
7.817660751092446	15.9855427805116
7.845236731386996	15.96126291789108
7.872812711681546	15.93729209315566
7.900388691976096	15.91336875247171
7.927964672270646	15.88950315722418
7.955540652565197	15.86569934970792
7.983116632859747	15.84195850089974
8.010692613154298	15.81828176022101
8.038268593448848	15.79469563191862
8.065844573743398	15.77110907071351
8.093420554037948	15.74708563416089
8.120996534332498	15.72379186235097
8.148572514627048	15.70053006844556
8.176148494921598	15.67730266406061
8.203724475216148	15.65412180293602
8.231300455510699	15.63099174282967
8.258876435805249	15.60791343039317
8.286452416099799	15.58488693103627
8.314028396394349	15.56191128363755
8.341604376688899	15.53902158434887
8.369180356983449	15.51611232031838
8.396756337277999	15.49249032886846
8.424332317572549	15.46996329133051
8.451908297867099	15.44738832113893
8.47948427816165	15.42482257307583
8.5070602584562	15.40228476682521
8.53463623875075	15.37978228364843
8.5622122190453	15.35731833241391
8.58978819933985	15.33489416492473
8.6173641796344	15.31251023903269
8.64494015992895	15.29018712514287
8.6725161402235	15.26785664265574
8.70009212051805	15.24559140073733
8.7276681008126	15.22336618902404
8.755244081107151	15.20118002896756
8.782820061401701	15.17903113102015
8.810396041696251	15.15691872879107
8.837972021990801	15.13484190143591
8.865548002285351	15.11279985018921
8.893123982579901	15.09079181966416
8.920699962874451	15.06881803712164
8.948275943169001	15.04689716688902
8.975851923463551	15.02497639741907
9.003427903758102	15.00309307894251
9.031003884052652	14.98124275086449
9.058579864347202	14.95942365624172
9.086155844641752	14.9376344494153
9.113731824936302	14.91587525540491
9.141307805230852	14.8941451486756
9.168883785525402	14.87244362909616
9.196459765819952	14.8507700711549
9.224035746114502	14.82912543062937
9.251611726409052	14.80750644781497
9.279187706703603	14.78591427803673
9.306763686998153	14.76434813983719
9.334339667292703	14.74280794518879
9.361915647587253	14.72129316534583
9.389491627881803	14.69980369956415
9.417067608176353	14.67833838690385
9.444643588470903	14.65689767788098
9.472219568765453	14.63548106427217
9.499795549060003	14.61408801665571
9.527371529354554	14.59271859448585
9.554947509649104	14.57137220606815
9.582523489943654	14.55004863740898
9.610099470238204	14.52874749278404
9.637675450532754	14.5074685740504
9.665251430827304	14.48621152223042
9.692827411121854	14.46497607588997
9.720403391416404	14.443762072478
9.747979371710954	14.42256875764902
9.775555352005505	14.40139651143238
9.803131332300055	14.38024505921413
9.830707312594605	14.35911398468642
9.858283292889155	14.33800302996839
9.885859273183705	14.31691195489446
9.913435253478255	14.29584054218751
9.941011233772805	14.27478857808924
9.968587214067355	14.2537558404706
9.996163194361905	14.23274212082137
10.02373917465646	14.21174723181729
10.05131515495101	14.19077075887051
10.07889113524556	14.16981290249688
10.10646711554011	14.14887333439286
10.13404309583466	14.12795186339051
10.16161907612921	14.10704819106396
10.18919505642376	14.0861623709569
10.21677103671831	14.06529397331364
10.24434701701286	14.04444293614559
10.27192299730741	14.02360914317523
10.29949897760196	14.00279224255293
10.32707495789651	13.98199245163005
10.35465093819106	13.96120884137344
10.38222691848561	13.94044182511207
10.40980289878016	13.9196919026648
10.43737887907471	13.89895797337578
10.46495485936926	13.87824027015613
10.49253083966381	13.85753843019419
10.52010681995836	13.83685249575271
10.54768280025291	13.81618223924041
10.57525878054746	13.79552753450755
10.60283476084201	13.77488828867862
10.63041074113656	13.7542642802538
10.65798672143111	13.73365544711151
10.68556270172566	13.7130614565777
10.71313868202021	13.69248299278385
10.74071466231476	13.67191942484032
10.76829064260931	13.65137033847339
10.79586662290386	13.63083589792573
10.82344260319841	13.61031597282896
10.85101858349296	13.58981036073166
10.87859456378751	13.56931907233015
10.90617054408206	13.54884182327583
10.93374652437661	13.52837865528737
10.96132250467116	13.50792940597857
10.98889848496571	13.48749386790292
11.01647446526026	13.46706968942365
11.04405044555481	13.44666495553631
11.07162642584936	13.42627069015728
11.09920240614391	13.40588986474886
11.12677838643846	13.38552238818881
11.15435436673301	13.3651681497717
11.18193034702756	13.34482699927229
11.20950632732211	13.32449898770836
11.23708230761666	13.30418392135075
11.26465828791121	13.28388150985392
11.29223426820576	13.26359246372631
11.31981024850031	13.24331603211829
11.34738622879486	13.22305237583157
11.37496220908941	13.202801102386
11.40253818938396	13.18256233272698
11.43011416967851	13.16233578913386
11.45769014997306	13.1421215817697
11.48526613026761	13.12191949870408
11.51284211056216	13.10172962604629
11.54041809085671	13.08155153609592
11.56799407115126	13.06138609067761
11.59557005144581	13.04123208911457
11.62314603174036	13.02109066055386
11.65072201203491	13.00095994475555
11.67829799232946	12.98084137329376
11.70587397262401	12.96073429030699
11.73344995291856	12.94063872131832
11.76102593321311	12.92055457538811
11.78860191350766	12.90048181045972
11.81617789380221	12.88041962196607
11.84375387409676	12.86037001557891
11.87132985439131	12.84033125544612
11.89890583468586	12.82030328049855
11.92648181498041	12.80028645278706
11.95405779527496	12.7802806149577
11.98163377556951	12.76028550007864
12.00920975586406	12.74029981329472
12.03678573615861	12.72032757334345
12.06436171645316	12.70036436875649
12.09193769674771	12.68041218390333
12.11951367704226	12.66047067686789
12.14708965733681	12.64053956234867
12.17466563763136	12.62061892938209
12.20224161792591	12.60070858543111
12.22981759822046	12.58080866319341
12.25739357851501	12.56091878089303
12.28496955880956	12.54103899140246
12.31254553910411	12.52116946303965
12.34012151939866	12.50130963576755
12.36769749969321	12.48146027001614
12.39527347998776	12.46162073867219
12.42284946028231	12.44179119301516
12.45042544057686	12.42197148098449
12.47800142087141	12.40216146539181
12.50557740116597	12.38236118277098
12.53315338146052	12.36257064679843
12.56072936175507	12.34278953762357
12.58830534204962	12.32301794799193
12.61588132234417	12.30325599364911
12.64345730263872	12.28350368957636
12.67103328293327	12.26376063045531
12.69860926322782	12.24402702167017
12.72618524352237	12.22430265602527
12.75376122381692	12.20458777217852
12.78133720411147	12.18488190725431
12.80891318440602	12.16518522788554
12.83648916470057	12.14549748056955
12.86406514499512	12.12581903715868
12.89164112528967	12.10614980070208
12.91921710558422	12.08648949195827
12.94679308587877	12.06683817831145
12.97436906617332	12.04719575629483
13.00194504646787	12.02756219845266
13.02952102676242	12.00793757222824
13.05709700705697	11.98832165877777
13.08467298735152	11.96871448805101
13.11224896764607	11.94911600838875
13.13982494794062	11.92952629213128
13.16740092823517	11.90994523651732
13.19497690852972	11.89037283290614
13.22255288882427	11.87080902848031
13.25012886911882	11.85125374062221
13.27770484941337	11.83170702851121
13.30528082970792	11.81216881327204
13.33285681000247	11.79263903041027
13.36043279029702	11.77311762774775
13.38800877059157	11.75360481519134
13.41558475088612	11.73410036765972
13.44316073118067	11.71460417667848
13.47073671147522	11.69511678103638
13.49831269176977	11.67563680225344
13.52588867206432	11.65616565895925
13.55346465235887	11.63670265691064
13.58104063265342	11.61724783220651
13.60861661294797	11.59780127424836
13.63619259324252	11.57836287167583
13.66376857353707	11.55893267770834
13.69134455383162	11.53951059488261
13.71892053412617	11.52009664850896
13.74649651442072	11.50069088920857
13.77407249471527	11.48129309321493
13.80164847500982	11.46190338455202
13.82922445530437	11.44252167092673
13.85680043559892	11.42314803650802
13.88437641589347	11.40378237832936
13.91195239618802	11.38442473290716
13.93952837648257	11.36507512359684
13.96710435677712	11.34573346533999
13.99468033707167	11.32639975341626
14.02225631736622	11.307073957703
14.04983229766077	11.2877561011497
14.07740827795532	11.26844613013056
14.10498425824987	11.24914407490119
14.13256023854442	11.22984986879734
14.16013621883897	11.21056361380968
14.18771219913352	11.19128521399283
14.21528817942807	11.17201475448722
14.24286415972262	11.15275206804894
14.27044014001717	11.13349721312502
14.29801612031172	11.11425019840441
14.32559210060627	11.09501098816868
14.35316808090082	11.0757798598117
14.38074406119537	11.05655602993161
14.40832004148992	11.03734028287965
14.43589602178447	11.01813229262003
14.46347200207902	10.99893211919234
14.49104798237357	10.97973972523685
14.51862396266812	10.960555105998
14.54619994296267	10.9413782557583
14.57377592325722	10.92220917960585
14.60135190355177	10.90304784825163
14.62892788384632	10.88389427075164
14.65650386414087	10.86474844756835
14.68407984443542	10.84561035454424
14.71165582472997	10.82647999617057
14.73923180502452	10.80735740099675
14.76680778531907	10.78824244262941
14.79438376561362	10.76913522200207
14.82195974590817	10.75003576867705
14.84953572620272	10.73094400110825
14.87711170649727	10.71185991976617
14.90468768679182	10.6927835193367
14.93226366708637	10.67371486977278
14.95983964738092	10.65465376972121
14.98741562767547	10.6356004013703
15.01499160797002	10.61655470117341
15.04256758826457	10.59751665491657
15.07014356855912	10.57848635568616
15.09771954885368	10.55946360528911
15.12529552914823	10.54044841880891
15.15287150944278	10.5214409425905
15.18044748973733	10.50244113261109
15.20802347003188	10.48344884602844
15.23559945032643	10.46446424367406
15.26317543062098	10.44548721423513
15.29075141091553	10.42651780612118
15.31832739121008	10.40755582389712
15.34590337150463	10.38860172629314
15.37347935179918	10.3696550865559
15.40105533209373	10.35071600996988
15.42863131238828	10.33178447388817
15.45620729268283	10.31286052317435
15.48378327297738	10.29394413123458
15.51135925327193	10.27503526713549
15.53893523356648	10.25613390085596
15.56651121386103	10.23724015619452
15.59408719415558	10.21835390826839
15.62166317445013	10.19947517818672
15.64923915474468	10.1806039504826
15.67681513503923	10.16174023193735
15.70439111533378	10.14288399915073
15.73196709562833	10.12403530321126
15.75954307592288	10.10519407293801
15.78711905621743	10.08636032809602
15.81469503651198	10.06753392155135
15.84227101680653	10.04871524374551
15.86984699710108	10.02990389810487
15.89742297739563	10.01110000174875
15.92499895769018	9.992303570087245
15.95257493798473	9.973514576903352
15.98015091827928	9.95473301940001
16.00772689857383	9.935958886726969
16.03530287886838	9.917192192359449
16.06287885916293	9.898432908668026
16.09045483945748	9.879681027857865
16.11803081975203	9.860936544002653
16.14560680004658	9.842199478799607
16.17318278034113	9.823469782316582
16.20075876063568	9.804747498602163
16.22833474093023	9.786032578972044
16.25591072122478	9.7673250601931
16.28348670151933	9.748624807959045
16.31106268181388	9.729931974426488
16.33863866210843	9.711246534561029
16.36621464240298	9.692568391659107
16.39379062269753	9.67389762735972
16.42136660299208	9.655234175714087
16.44894258328663	9.63657807348965
16.47651856358118	9.61792927543936
16.50409454387573	9.599287805884796
16.53167052417028	9.580653646237691
16.55924650446483	9.562026773065027
16.58682248475938	9.543407203248261
16.61439846505393	9.524794931851885
16.64197444534848	9.506189934584473
16.66955042564303	9.487592218046824
16.69712640593758	9.469001837706919
16.72470238623213	9.450418612948761
16.75227836652668	9.431842837671681
16.77985434682123	9.413274048328537
16.80743032711578	9.394712639088654
16.83500630741033	9.37615840261555
16.86258228770488	9.357611594429041
16.89015826799943	9.339071834170566
16.91773424829398	9.320539365585692
16.94531022858853	9.302014082476351
16.97288620888308	9.28349606456746
17.00046218917763	9.264985232561967
17.02803816947218	9.246481584060851
17.05561414976673	9.227985142312756
17.08319013006128	9.209495888500571
17.11076611035583	9.191013835484325
17.13834209065038	9.172538815392
17.16591807094493	9.154071187726965
17.19349405123948	9.135610662221159
17.22107003153403	9.117157238529151
17.24864601182858	9.098711001646445
17.27622199212313	9.080271943343027
17.30379797241768	9.061839945717171
17.33137395271223	9.043415103632643
17.35894993300678	9.024997426807401
17.38652591330133	9.006586858085592
17.41410189359588	8.988183407036775
17.44167787389043	8.969787068117725
17.46925385418498	8.951397831373836
17.49682983447953	8.933015714925155
17.52440581477408	8.914640674400106
17.55198179506863	8.896272735234415
17.57955777536318	8.877911869399393
17.60713375565773	8.859558086880551
17.63470973595228	8.841211374293183
17.66228571624683	8.822871726394338
17.68986169654139	8.804539177545584
17.71743767683594	8.786213609877676
17.74501365713049	8.767895143965674
17.77258963742504	8.749583718324329
17.80016561771959	8.731279319141855
17.82774159801414	8.712981951452358
17.85531757830869	8.694691689640626
17.88289355860324	8.676408305381068
17.91046953889779	8.658132014017857
17.93804551919234	8.639862729272838
17.96562149948689	8.621600455916056
17.99319747978144	8.603345156042243
18.02077346007599	8.585096862786621
18.04834944037054	8.566855575924366
18.07592542066509	8.548621257899217
18.10350140095964	8.530393879417399
18.13107738125419	8.512173545802183
18.15865336154874	8.493960151426291
18.18622934184329	8.475753702442312
18.21380532213784	8.457554189777444
18.24138130243239	8.439361677863136
18.26895728272694	8.421176083160875
18.29653326302149	8.402997437112223
18.32410924331604	8.384825742113939
18.35168522361059	8.366660952544114
18.37926120390514	8.348503013753708
18.40683718419969	8.330352097470694
18.43441316449424	8.312208055183707
18.46198914478879	8.29407092535004
18.48956512508334	8.275940702114143
18.51714110537789	8.257817341680775
18.54471708567244	8.23970090127551
18.57229306596699	8.221591344227612
18.59986904626154	8.203488663837989
18.62744502655609	8.18539284823261
18.65502100685064	8.167303920598995
18.68259698714519	8.149221843510341
18.71017296743974	8.13114662972216
18.73774894773429	8.113078202830833
18.76532492802884	8.095016711228547
18.79290090832339	8.076962049628085
18.82047688861794	8.058914211937164
18.84805286891249	8.040873186682839
18.87562884920704	8.022839010901208
18.90320482950159	8.004811642758963
18.93078080979614	7.986791111878683
18.95835679009069	7.968777376657846
18.98593277038524	7.950770413117781
19.01350875067979	7.932770315609001
19.04108473097434	7.914776986125603
19.06866071126889	7.896790444345975
19.09623669156344	7.878810681503701
19.12381267185799	7.860837706087872
19.15138865215254	7.842871499742475
19.17896463244709	7.824912039846399
19.20654061274164	7.806959376720794
19.23411659303619	7.789013467452805
19.26169257333074	7.771074303034955
19.28926855362529	7.753141891944766
19.31684453391984	7.73521621867239
19.34442051421439	7.717297286199863
19.37199649450894	7.699385081510208
19.39957247480349	7.681479600661548
19.42714845509804	7.663580852018992
19.45472443539259	7.645688826392637
19.48230041568714	7.6278035044907
19.50987639598169	7.609924879591122
19.53745237627624	7.592052964789228
19.56502835657079	7.574187739739896
19.59260433686534	7.556329219925124
19.62018031715989	7.538477394919701
19.64775629745444	7.520632235658421
19.67533227774899	7.502793755376536
19.70290825804354	7.484961944933992
19.73048423833809	7.467136815410064
19.75806021863264	7.449318320566706
19.78563619892719	7.431506499879351
19.81321217922174	7.413701307069777
19.84078815951629	7.395902785543644
19.86836413981084	7.37811090177579
19.89594012010539	7.360325649232352
19.92351610039994	7.342547021579416
19.95109208069449	7.324775035685784
19.97866806098904	7.307009662055659
20.00624404128359	7.28925090227296
20.03382002157814	7.271498809586913
20.06139600187269	7.253753210500399
20.08897198216724	7.236014283257744
20.11654796246179	7.218281923623145
20.14412394275634	7.200556170623733
20.17169992305089	7.182837001401269
20.19927590334544	7.165124414170571
20.22685188363999	7.147418403628893
20.25442786393454	7.12971894585004
20.2820038442291	7.112026101776878
20.30957982452365	7.094339789375361
20.3371558048182	7.0766600267098
20.36473178511275	7.058986829886608
20.3923077654073	7.041320160200789
20.41988374570185	7.023660050367571
20.4474597259964	7.006006474312359
20.47503570629095	6.988359427538365
20.5026116865855	6.97071891709917
20.53018766688005	6.95308487278673
20.5577636471746	6.93545742649748
20.58533962746915	6.917836454080723
20.6129156077637	6.900222000699054
20.64049158805825	6.882613881747656
20.6680675683528	6.865012577705135
20.69564354864735	6.847417616444365
20.7232195289419	6.829829137454834
20.75079550923645	6.812247144205203
20.778371489531	6.794671624602783
20.80594746982555	6.777102577809283
20.8335234501201	6.759540003001137
20.86109943041465	6.741983867780402
20.8886754107092	6.724434245309237
20.91625139100375	6.706891032501608
20.9438273712983	6.689354284581795
20.97140335159285	6.671823983272002
20.9989793318874	6.654300117398707
21.02655531218195	6.636782683668059
21.0541312924765	6.619271690194531
21.08170727277105	6.601767113458309
21.1092832530656	6.584268930880435
21.13685923336015	6.566777238125939
21.1644352136547	6.54929188238899
21.19201119394925	6.531812966857881
21.2195871742438	6.514340422178416
21.24716315453835	6.496874321861372
21.2747391348329	6.479414587645448
21.30231511512745	6.461961240862301
21.329891095422	6.444514280066333
21.35746707571655	6.427073687675902
21.3850430560111	6.409639455328168
21.41261903630565	6.392211625486277
21.4401950166002	6.374790143046522
21.46777099689475	6.357375019635775
21.4953469771893	6.339966246057497
21.52292295748385	6.322563821705131
21.5504989377784	6.305167739110389
21.57807491807295	6.287777983412147
21.6056508983675	6.270394584403477
21.63322687866205	6.253017513993826
21.6608028589566	6.23564676406851
21.68837883925115	6.218282330849611
21.7159548195457	6.200924197151671
21.74353079984025	6.183572411232997
21.7711067801348	6.166226912353828
21.79868276042935	6.148887701335206
21.8262587407239	6.13155480418047
21.85383472101845	6.114228193065339
21.881410701313	6.096907881831237
21.90898668160755	6.079593787052975
21.9365626619021	6.062286054195309
21.96413864219665	6.044984564536405
21.9917146224912	6.027689344118559
22.01929060278575	6.010400329120957
22.0468665830803	5.993117673443119
22.07444256337485	5.975841225873308
22.1020185436694	5.958571024927756
22.12959452396395	5.941307067231083
22.1571705042585	5.924049348860351
22.18474648455305	5.906797874743127
22.2123224648476	5.889552619309593
22.23989844514215	5.872313581584138
22.2674744254367	5.855080777488054
22.29505040573125	5.837854185189033
22.3226263860258	5.820633794264098
22.35020236632035	5.803419631908515
22.3777783466149	5.786211661982777
22.40535432690945	5.769009880613981
22.432930307204	5.751814294846608
22.46050628749855	5.734624900718584
22.4880822677931	5.71744168863293
22.51565824808765	5.70026465233713
22.5432342283822	5.683093791372548
22.57081020867675	5.665929098260067
22.5983861889713	5.648770548667165
22.62596216926585	5.631618190321859
22.6535381495604	5.614471974135619
22.68111412985495	5.597331905221094
22.7086901101495	5.580197982028134
22.73626609044405	5.563070206124898
22.7638420707386	5.545948567919377
22.79141805103315	5.528833024947683
22.8189940313277	5.511723636044005
22.84657001162225	5.494620135801468
22.87414599191681	5.477523214400859
22.90172197221136	5.460432170769722
22.92929795250591	5.443347238019457
22.95687393280046	5.426268392442348
22.98444991309501	5.409195677041857
23.01202589338956	5.392129003396777
23.03960187368411	5.375068449840034
23.06717785397866	5.358013975601243
23.09475383427321	5.340965586488095
23.12232981456776	5.323923247403917
23.14990579486231	5.306886996491147
23.17748177515686	5.289856806607969
23.20505775545141	5.272832672439996
23.23263373574596	5.25581460350075
23.26020971604051	5.238802605037757
23.28778569633506	5.221796576909131
23.31536167662961	5.204796637176499
23.34293765692416	5.187802726773652
23.37051363721871	5.170814851698759
23.39808961751326	5.153832999317824
23.42566559780781	5.136857166558329
23.45324157810236	5.119887345370618
23.48081755839691	5.102923542638831
23.50839353869146	5.085965744161028
23.53596951898601	5.069013947037257
23.56354549928056	5.052067891561619
23.59112147957511	5.035128335877591
23.61869745986966	5.01819451812477
23.64627344016421	5.001266679468699
23.67384942045876	4.984344817335793
23.70142540075331	4.96742894180944
23.72900138104786	4.950519002781972
23.75657736134241	4.933615057906362
23.78415334163696	4.916717061913323
23.81172932193151	4.899825018411694
23.83930530222606	4.882938933277134
23.86688128252061	4.866058684388228
23.89445726281516	4.849184562792847
23.92203324310971	4.832316292131257
23.94960922340426	4.815453950513715
23.97718520369881	4.798597551770854
24.00476118399336	4.78174702641692
24.03233716428791	4.764902456246827
24.05991314458246	4.748063788492875
24.08748912487701	4.731231030480004
24.11506510517156	4.714404160552489
24.14264108546611	4.697583203595079
24.17021706576066	4.680768140800291
24.19779304605521	4.663958962991376
24.22536902634976	4.647155672601614
24.25294500664431	4.630358256320792
24.28052098693886	4.61356671495613
24.30809696723341	4.596781047392003
24.33567294752796	4.580001247191547
24.36324892782251	4.56322729764731
24.39082490811706	4.546459217628971
24.41840088841161	4.529696990900463
24.44597686870616	4.512940612526592
24.47355284900071	4.496190091020862
24.50112882929526	4.47944538291262
24.52870480958981	4.462706518456845
24.55628078988436	4.445973493368497
24.58385677017891	4.429246300012664
24.61143275047346	4.412524902026542
24.63900873076801	4.395809348992842
24.66658471106256	4.379099606131904
24.69416069135711	4.362395678814413
24.72173667165166	4.345697548903396
24.74931265194621	4.329005230058149
24.77688863224076	4.312318709125166
24.80446461253531	4.295637987224707
24.83204059282986	4.278963046314305
24.85961657312441	4.26229390017732
24.88719255341896	4.245630538626197
24.91476853371351	4.228972966496459
24.94234451400806	4.212321151248852
24.96992049430261	4.195675117050296
24.99749647459716	4.179034856055983
25.02507245489171	4.162400352448228
25.05264843518626	4.145771636097934
25.08022441548081	4.129148650374621
25.10780039577536	4.112531434377979
25.13537637606991	4.095919964365881
25.16295235636446	4.079314244857173
25.19052833665901	4.062714277165183
25.21810431695356	4.046120022177332
25.24568029724811	4.029531548814828
25.27325627754266	4.012948790774469
25.30083225783721	3.996371771555099
25.32840823813176	3.979800471373912
25.35598421842631	3.963234902307771
25.38356019872086	3.946675056605561
25.41113617901541	3.930120924952319
25.43871215930996	3.913572541375252
25.46628813960452	3.897029818869034
25.49386411989907	3.880492824804151
25.52144010019362	3.86396155174885
25.54901608048817	3.847435971801018
25.57659206078272	3.830916120406664
25.60416804107727	3.814401913901466
25.63174402137182	3.797893429627973
25.65932000166637	3.781390644542591
25.68689598196092	3.76489352909127
25.71447196225547	3.748402108908907
25.74204794255002	3.731916366850601
25.76962392284457	3.715436301435549
25.79719990313912	3.698961913911222
25.82477588343367	3.6824932250501
25.85235186372822	3.666030151172034
25.87992784402277	3.649572769141511
25.90750382431732	3.633121049776859
25.93507980461187	3.616674989063658
25.96265578490642	3.600234579252428
25.99023176520097	3.58379982568135
26.01780774549552	3.567370720001402
26.04538372579007	3.550947259274477
26.07295970608462	3.534529440353018
26.10053568637917	3.518117260791851
26.12811166667372	3.501710714683413
26.15568764696827	3.485309803103312
26.18326362726282	3.468914497105544
26.21083960755737	3.452524851800564
26.23841558785192	3.436140813434026
26.26599156814647	3.419762392440977
26.29356754844102	3.403389585110013
26.32114352873557	3.387022389487332
26.34871950903012	3.370660801193174
26.37629548932467	3.35430481700801
26.40387146961922	3.337954433239297
26.43144744991377	3.321609646351441
26.45902343020832	3.305270452223688
26.48659941050287	3.288936849769904
26.51417539079742	3.272608833205998
26.54175137109197	3.256286400300516
26.56932735138652	3.239969651950238
26.59690333168107	3.223658260649872
26.62447931197562	3.207352555278839
26.65205529227017	3.191052417347243
26.67963127256472	3.174757844137327
26.70720725285927	3.158468832306456
26.73478323315382	3.142185377420222
26.76235921344837	3.125907477684037
26.78993519374292	3.109635128364643
26.81751117403747	3.093368325885148
26.84508715433202	3.077107067271478
26.87266313462657	3.060851347263029
26.90023911492112	3.044601165894647
26.92781509521567	3.028356510106518
26.95539107551022	3.012117389503793
26.98296705580477	2.995883791619756
27.01054303609932	2.979655716968548
27.03811901639387	2.963433159575545
27.06569499668842	2.947216116504756
27.09327097698297	2.93100458382894
27.12084695727752	2.914798557715734
27.14842293757207	2.898598036097949
27.17599891786662	2.882403013830413
27.20357489816117	2.866213489665505
27.23115087845572	2.850029447085127
27.25872685875027	2.833850904164803
27.28630283904482	2.8176778440553
27.31387881933937	2.801510265011606
27.34145479963392	2.78534816285638
27.36903077992847	2.769191535840581
27.39660676022302	2.753040378978159
27.42418274051757	2.736894689560511
27.45175872081212	2.720754462698742
27.47933470110667	2.704619698960578
27.50691068140122	2.688490380143234
27.53448666169577	2.672366521054083
27.56206264199032	2.656248111298055
27.58963862228487	2.640135145731364
27.61721460257942	2.624027621380075
27.64479058287397	2.607925533784402
27.67236656316852	2.59182888167917
27.69994254346307	2.575737659720806
27.72751852375762	2.559651867995647
27.75509450405217	2.543571489309504
27.78267048434672	2.527496536921274
27.81024646464127	2.511426999920262
27.83782244493582	2.495362874526704
27.86539842523037	2.479304158461086
27.89297440552492	2.463250847872298
27.92055038581947	2.44720293793861
27.94812636611402	2.431160434459849
27.97570234640857	2.415123305487517
28.00327832670312	2.399091578638406
28.03085430699767	2.383065238520561
28.05843028729223	2.36704428166426
28.08600626758678	2.351028704363345
28.11358224788133	2.335018503762829
28.14115822817588	2.319013676729184
28.16873420847043	2.303014212389246
28.19631018876498	2.287020119390174
28.22388616905953	2.271031386849891
28.25146214935408	2.255048012893227
28.27903812964863	2.239069993667016
28.30661410994318	2.223097325005402
28.33419009023773	2.20712998986736
28.36176607053228	2.191168024800712
28.38934205082683	2.175211388494942
28.41691803112138	2.159260088567426
28.44449401141593	2.14331412192149
28.47206999171048	2.12737348530377
28.49964597200503	2.111438137525623
28.52722195229958	2.095508183149488
28.55479793259413	2.079583513426776
28.58237391288868	2.063664159646359
28.60994989318323	2.047750117607567
28.63752587347778	2.031841385184404
28.66510185377233	2.015937951579604
28.69267783406688	2.000039825421535
28.72025381436143	1.98414699484315
28.74782979465598	1.968259459938124
28.77540577495053	1.952377215090312
28.80298175524508	1.936500255255892
28.83055773553963	1.920628581313861
28.85813371583418	1.904762187861912
28.88570969612873	1.888901070621826
28.91328567642328	1.873045228665761
28.94086165671783	1.857194650220855
28.96843763701238	1.841349342681793
28.99601361730693	1.825509297179618
29.02358959760148	1.809674510694365
29.05116557789603	1.793844976965894
29.07874155819058	1.778020699868787
29.10631753848513	1.76220167054053
29.13389351877968	1.746387885902526
29.16146949907423	1.730579340202458
29.18904547936878	1.714776037172668
29.21662145966333	1.698977967618934
29.24419743995788	1.683185129438733
29.27177342025243	1.667397516452324
29.29934940054698	1.651615130854307
29.32692538084153	1.63583796601446
29.35450136113608	1.620066024848666
29.38207734143063	1.60429928317307
29.40965332172518	1.588537760241406
29.43722930201973	1.57278144482831
29.46480528231428	1.557030330527553
29.49238126260883	1.541284419579449
29.51995724290338	1.525543705185343
29.54753322319793	1.509808181276048
29.57510920349248	1.494077850474014
29.60268518378703	1.478352706145221
29.63026116408158	1.462632742035168
29.65783714437613	1.446917960391393
29.68541312467068	1.431208355749805
29.71298910496523	1.415503920632595
29.74056508525978	1.399804657738021
29.76814106555433	1.384110557567883
29.79571704584888	1.368421624727838
29.82329302614343	1.352737850692717
29.85086900643798	1.337059228818829
29.87844498673253	1.321385762462358
29.90602096702708	1.305717443552601
29.93359694732163	1.290054272232244
29.96117292761618	1.274396240324702
29.98874890791073	1.258743351251291
30.01632488820528	1.243095593009599
30.04390086849983	1.227452972751678
30.07147684879438	1.211815477051897
30.09905282908893	1.196183110358287
30.12662880938348	1.180555862380018
30.15420478967803	1.164933736476365
30.18178076997258	1.149316723292352
30.20935675026713	1.133704824533557
30.23693273056168	1.118098032872547
30.26450871085623	1.102496343104058
30.29208469115078	1.086899763716467
30.31966067144533	1.071308278070311
30.34723665173988	1.055721911509362
30.37481263203443	1.040140591961877
30.40238861232898	1.024564382769157
30.42996459262353	1.00899325826111
30.45754057291808	0.9934272194197307
30.48511655321263	0.9778662567567667
30.51269253350718	0.9623103696048806
30.54026851380173	0.9467595545833015
30.56784449409628	0.9312138087410621
30.59542047439083	0.9156731230232046
30.62299645468539	0.900137514349628
30.65057243497994	0.8846069533789166
30.67814841527449	0.8690814506009409
30.70572439556904	0.8535609999510685
30.73330037586359	0.8380455985591595
30.76087635615814	0.8225352355737329
30.78845233645269	0.8070299267115547
30.81602831674724	0.7915296535508485
30.84360429704179	0.7760344157053829
30.87118027733634	0.7605442107588493
30.89875625763089	0.7450590334923992
30.92633223792544	0.7295788845743219
30.95390821821999	0.714103782567622
30.98148419851454	0.6986336506042471
31.00906017880909	0.6831685577312571
31.03663615910364	0.6677084826525973
31.06421213939819	0.6522534147742833
31.09178811969274	0.6368033535885955
31.11936409998729	0.6213582951349794
31.14694008028184	0.6059182375806502
31.17451606057639	0.5904831785912019
31.20209204087094	0.5750531119867848
31.22966802116549	0.5596280357993936
31.25724400146004	0.5442079468403811
31.28481998175459	0.5287928418865209
31.31239596204914	0.5133827177226259
31.33997194234369	0.4979775711369657
31.36754792263824	0.4825773989124928
31.39512390293279	0.4671821978352976
31.42269988322734	0.4517919647032881
31.45027586352189	0.4364066963081467
31.47785184381644	0.4210263894444185
31.50542782411099	0.4056510409124305
31.53300380440554	0.3902806475156345
31.56057978470009	0.3749152060605991
31.58815576499464	0.3595547133570025
31.61573174528919	0.3441991662176238
31.64330772558374	0.3288485614583376
31.67088370587829	0.3135028958981083
31.69845968617284	0.2981621663589829
31.72603566646739	0.2828263696660868
31.75361164676194	0.2674955026476173
31.78118762705649	0.2521695621348401
31.80876360735104	0.2368485449620829
31.83633958764559	0.2215324479667312
31.86391556794014	0.206221267989224
31.89149154823469	0.1909150018730487
31.91906752852924	0.1756136464647371
31.94664350882379	0.1603171986138597
31.97421948911834	0.1450256551730231
32.00179546941289	0.1297390129978646
32.02937144970744	0.1144572689470479
32.05694743000199	0.09918041988225912
32.08452341029654	0.08390846266820248
32.11209939059109	0.06864139417259607
32.13967537088564	0.05337921126616766
32.16725135118019	0.03812191082265055
32.19482733147474	0.02286948971877945
32.22240331176929	0.007621944834286304
0
1000	105.6583745	100000000000000.1
5	0	0	1
5	0	0	0
4.673998997513734	-0.007462528184349062
4.701574977808284	-0.006037807649624769
4.729150958102834	-0.006041367543161131
4.756726938397384	-0.006232754109092387
4.784302918691934	-0.006440933230702482
4.811878898986484	-0.006621340758983145
4.839454879281035	-0.006761885905584611
4.867030859575585	-0.006861414792482448
4.894606839870135	-0.006922789577530642
4.922182820164685	-0.006950238083446774
4.949758800459235	-0.00694824833419637
4.977334780753785	-0.006921100021593929
5.004910761048335	-0.006872679692495047
5.032486741342885	-0.006806427110499288
5.060062721637435	-0.006725342188598722
5.087638701931986	-0.006632018402029134
5.115214682226536	-0.00652868590230163
5.142790662521086	-0.006417256118446966
5.170366642815636	-0.006299363982476989
5.197942623110186	-0.006176406151364873
5.225518603404736	-0.006049574739764858
5.253094583699286	-0.005919886644202617
5.280670563993836	-0.005788208800878486
5.308246544288386	-0.005655279819627844
5.335822524582936	-0.005521728453824902
5.363398504877487	-0.005388089342397184
5.390974485172037	-0.005254816418537314
5.418550465466587	-0.005122294332358789
5.446126445761137	-0.004990848187918584
5.473702426055687	-0.004860751851721113
5.501278406350237	-0.004733070847486731
5.528854386644787	-0.004606185466019748
5.556430366939337	-0.004481185556436292
5.584006347233887	-0.004358219378979937
5.611582327528438	-0.004237409357064339
5.639158307822988	-0.004118855124044501
5.666734288117538	-0.004002636236285315
5.694310268412088	-0.003888814586774731
5.721886248706638	-0.003777436550758127
5.749462229001188	-0.003668534892055109
5.777038209295738	-0.003562197987199991
5.804614189590288	-0.003458290680835802
5.832190169884838	-0.00335688861116348
5.859766150179389	-0.0032579866626238
5.887342130473939	-0.003161572793300569
5.914918110768489	-0.003067628935570718
5.942494091063039	-0.00297613180321911
5.970070071357589	-0.002887053613565091
5.997646051652139	-0.002800362732631394
6.025222031946689	-0.002716024250738914
6.052798012241239	-0.00263400623431205
6.080373992535789	-0.002554257562825925
6.107949972830339	-0.002476736608154716
6.13552595312489	-0.002401409791226633
6.16310193341944	-0.002328227062067738
6.19067791371399	-0.00225714362459052
6.21825389400854	-0.002188113462084175
6.24582987430309	-0.002121090030923026
6.27340585459764	-0.002056026504861056
6.30098183489219	-0.001992875957703558
6.32855781518674	-0.001931587434421042
6.35613379548129	-0.001872122704699486
6.383709775775841	-0.001814431155418156
6.411285756070391	-0.001758466725605554
6.438861736364941	-0.00170418384117273
6.466437716659491	-0.001651537488162609
6.494013696954041	-0.001600483272733127
6.521589677248591	-0.001550977467525862
6.549165657543141	-0.001502977042277778
6.576741637837691	-0.001456439672531791
6.604317618132241	-0.001411280798609269
6.631893598426791	-0.001367546290193174
6.659469578721342	-0.001325120413654913
6.687045559015892	-0.001284041781450342
6.714621539310442	-0.001244216758729195
6.742197519604992	-0.001205619580753418
6.769773499899542	-0.001168214887496874
6.797349480194092	-0.001131967540341348
6.824925460488642	-0.001096843130600567
6.852501440783192	-0.001062808071025204
6.880077421077742	-0.00102983554572839
6.907653401372293	-0.0009978826369165207
6.935229381666843	-0.0009669233185889698
6.962805361961393	-0.0009369275864080814
6.990381342255943	-0.0009078691083548881
7.017957322550493	-0.0008797049164261121
7.045533302845043	-0.0008524267196548939
7.073109283139593	-0.0008259981633547811
7.100685263434143	-0.00080039380054696
7.128261243728693	-0.0007755882942113128
7.155837224023244	-0.0007515547534315391
7.183413204317794	-0.0007282742285005311
7.210989184612344	-0.0007057205813727023
7.238565164906894	-0.0006838712238439163
7.266141145201444	-0.0006627042392896605
7.293717125495994	-0.0006421983663515362
7.321293105790544	-0.0006223329825834359
7.348869086085094	-0.0006030880881273015
7.376445066379644	-0.0005844442894753435
7.404021046674194	-0.0005663827833655054
7.431597026968745	-0.0005488993545381757
7.459173007263295	-0.0005319468458167604
7.486748987557845	-0.000515522516086282
7.514324967852395	-0.0004996099193314177
7.541900948146945	-0.0004841931660334006
7.569476928441495	-0.0004692569059286845
7.597052908736045	-0.0004547863126611601
7.624628889030595	-0.0004407670701016032
7.652204869325145	-0.0004271853603926402
7.679780849619696	-0.0004140278539078145
7.707356829914246	-0.0004012234311503266
7.734932810208796	-0.0003888810208299386
7.762508790503346	-0.0003769307124153224
7.790084770797896	-0.0003653607509634601
7.817660751092446	-0.0003541596430446642
7.845236731386996	-0.0003433161555168172
7.872812711681546	-0.0003328193143593843
7.900388691976096	-0.0003226584035154315
7.927964672270646	-0.0003128229636951621
7.955540652565197	-0.0003033027910997103
7.983116632859747	-0.0002938500182704404
8.010692613154298	-0.0002850064545346646
8.038268593448848	-0.0002764325398186382
8.065844573743398	-0.0002681242848426931
8.093420554037948	-0.0002600750632434165
8.120996534332498	-0.0002522773407033223
8.148572514627048	-0.0002447233178567637
8.176148494921598	-0.0002374052020896969
8.203724475216148	-0.0002303153319776513
8.231300455510699	-0.0002234462364262475
8.258876435805249	-0.0002167625663611798
8.286452416099799	-0.0002103175347071611
8.314028396394349	-0.0002040737738863283
8.341604376688899	-0.0001980243465036592
8.369180356983449	-0.0001921625695433122
8.396756337277999	-0.0001864819959684018
8.424332317572549	-0.0001809763942445239
8.451908297867099	-0.0001756397239940317
8.47948427816165	-0.0001704661046333032
8.5070602584562	-0.0001654497711697048
8.53463623875075	-0.0001600437178286283
8.5622122190453	-0.0001555279221187681
8.58978819933985	-0.0001510659033333802
8.6173641796344	-0.000146710015658203
8.64494015992895	-0.0001424728641641069
8.6725161402235	-0.0001383569530360411
8.70009212051805	-0.0001343613349185198
8.7276681008126	-0.0001304836733750439
8.755244081107151	-0.0001267210399795885
8.782820061401701	-0.0001230702566007262
8.810396041696251	-0.0001195206166190465
8.837972021990801	-0.000116085543629092
8.865548002285351	-0.0001127525825881998
8.893123982579901	-0.0001095184533970223
8.920699962874451	-0.0001063800066784146
8.948275943169001	-0.000103334214214935
8.975851923463551	-0.0001003781611681993
9.003427903758102	-9.750903944885876e-05
9.031003884052652	-9.472414192343539e-05
9.058579864347202	-9.202085726436681e-05
9.086155844641752	-8.94055276342477e-05
9.113731824936302	-8.685307764513914e-05
9.141307805230852	-8.437791633040983e-05
9.168883785525402	-8.197565569411485e-05
9.196459765819952	-7.964363379617168e-05
9.224035746114502	-7.737956433552517e-05
9.251611726409052	-7.518132118239207e-05
9.279187706703603	-7.304688014720541e-05
9.306763686998153	-7.097429745141058e-05
9.334339667292703	-6.896169959900375e-05
9.361915647587253	-6.700764471259442e-05
9.389491627881803	-6.510957868885503e-05
9.417067608176353	-6.326623732720032e-05
9.444643588470903	-6.147599133339722e-05
9.472219568765453	-5.973726276976844e-05
9.499795549060003	-5.804852328388776e-05
9.527371529354554	-5.640829240724569e-05
9.554947509649104	-5.4815135920617e-05
9.582523489943654	-5.326766428304079e-05
9.610099470238204	-5.176453112149548e-05
9.637675450532754	-5.030440517002757e-05
9.665251430827304	-4.888607816967883e-05
9.692827411121854	-4.75082973328363e-05
9.720403391416404	-4.616987463824162e-05
9.747979371710954	-4.486965842045755e-05
9.775555352005505	-4.360653217856051e-05
9.803131332300055	-4.237941342803509e-05
9.830707312594605	-4.118725259407399e-05
9.858283292889155	-4.002903194456821e-05
9.885859273183705	-3.890376456115958e-05
9.913435253478255	-3.781048208964797e-05
9.941011233772805	-3.674828007421289e-05
9.968587214067355	-3.571624654796292e-05
9.996163194361905	-3.471350811165213e-05
10.02373917465646	-3.373921752375101e-05
10.05131515495101	-3.27925528740772e-05
10.07889113524556	-3.187271678558701e-05
10.10646711554011	-3.097893564326413e-05
10.13404309583466	-3.01104588490858e-05
10.16161907612921	-2.926655810209228e-05
10.18919505642376	-2.844652083234766e-05
10.21677103671831	-2.764967367536433e-05
10.24434701701286	-2.687534504163176e-05
10.27192299730741	-2.61228890066619e-05
10.29949897760196	-2.53916786730799e-05
10.32707495789651	-2.468110558547941e-05
10.35465093819106	-2.39905791643775e-05
10.38222691848561	-2.331952615859915e-05
10.40980289878016	-2.266739011544533e-05
10.43737887907471	-2.203363086802525e-05
10.46495485936926	-2.141772077718459e-05
10.49253083966381	-2.081915767575129e-05
10.52010681995836	-2.023744394383729e-05
10.54768280025291	-1.967209970645035e-05
10.57525878054746	-1.912265904020139e-05
10.60283476084201	-1.858866955335074e-05
10.63041074113656	-1.806969197914338e-05
10.65798672143111	-1.75652997819882e-05
10.68556270172566	-1.707507877605119e-05
10.71313868202021	-1.65986267558491e-05
10.74071466231476	-1.613555139657546e-05
10.76829064260931	-1.568547708320164e-05
10.79586662290386	-1.524803362457844e-05
10.82344260319841	-1.482286324203081e-05
10.85101858349296	-1.440961845286231e-05
10.87859456378751	-1.400796176591346e-05
10.90617054408206	-1.361756538650195e-05
10.93374652437661	-1.323811093044091e-05
10.96132250467116	-1.286928914684208e-05
10.98889848496571	-1.251079964942082e-05
11.01647446526026	-1.216234970602672e-05
11.04405044555481	-1.182365790324678e-05
11.07162642584936	-1.149444791730849e-05
11.09920240614391	-1.117445227871245e-05
11.12677838643846	-1.086341115553291e-05
11.15435436673301	-1.0561072130802e-05
11.18193034702756	-1.02671899865948e-05
11.20950632732211	-9.981526494605246e-06
11.23708230761666	-9.703850213009744e-06
11.26465828791121	-9.433936289422171e-06
11.29223426820576	-9.171565479921864e-06
11.31981024850031	-8.916527220911138e-06
11.34738622879486	-8.66861447178815e-06
11.37496220908941	-8.427626869911759e-06
11.40253818938396	-8.193369740324352e-06
11.43011416967851	-7.965653931899942e-06
11.45769014997306	-7.744295658317707e-06
11.48526613026761	-7.529116343715199e-06
11.51284211056216	-7.319942472879703e-06
11.54041809085671	-7.116605445840501e-06
11.56799407115126	-6.918940649313187e-06
11.59557005144581	-6.726790567917195e-06
11.62314603174036	-6.539999685929143e-06
11.65072201203491	-6.358417680749413e-06
11.67829799232946	-6.181898478114492e-06
11.70587397262401	-6.010300130883197e-06
11.73344995291856	-5.843484701316272e-06
11.76102593321311	-5.681318146748557e-06
11.78860191350766	-5.523670208555325e-06
11.81617789380221	-5.370414304317455e-06
11.84375387409676	-5.221426671389177e-06
11.87132985439131	-5.076589368813857e-06
11.89890583468586	-4.935785429039555e-06
11.92648181498041	-4.798901944052663e-06
11.95405779527496	-4.665829186625537e-06
11.98163377556951	-4.536460520249026e-06
12.00920975586406	-4.410692311602543e-06
12.03678573615861	-4.288423845493224e-06
12.06436171645316	-4.169557242197413e-06
12.09193769674771	-4.053997377139022e-06
12.11951367704226	-3.941651075729676e-06
12.14708965733681	-3.832430044118259e-06
12.17466563763136	-3.726246185776294e-06
12.20224161792591	-3.623014624917263e-06
12.22981759822046	-3.522652871528399e-06
12.25739357851501	-3.42508075419457e-06
12.28496955880956	-3.330220354766289e-06
12.31254553910411	-3.23799594482895e-06
12.34012151939866	-3.148333923930163e-06
12.36769749969321	-3.061162759522366e-06
12.39527347998776	-2.976412066565197e-06
12.42284946028231	-2.894016130139552e-06
12.45042544057686	-2.813908332576853e-06
12.47800142087141	-2.73602482829431e-06
12.50557740116597	-2.660303564173805e-06
12.53315338146052	-2.586684229196764e-06
12.56072936175507	-2.515108205425457e-06
12.58830534204962	-2.445518520310219e-06
12.61588132234417	-2.377859800298813e-06
12.64345730263872	-2.312078225721772e-06
12.67103328293327	-2.24812099632072e-06
12.69860926322782	-2.18593833078631e-06
12.72618524352237	-2.125480268365834e-06
12.75376122381692	-2.06669876699852e-06
12.78133720411147	-2.009547131609565e-06
12.80891318440602	-1.953979976363314e-06
12.83648916470057	-1.899953187928563e-06
12.86406514499512	-1.847423889757474e-06
12.89164112528967	-1.796350407388262e-06
12.91921710558422	-1.74669223480221e-06
12.94679308587877	-1.698407495811012e-06
12.97436906617332	-1.651463778014407e-06
13.00194504646787	-1.605820408911995e-06
13.02952102676242	-1.561441223399542e-06
13.05709700705697	-1.518291070133673e-06
13.08467298735152	-1.47633578290646e-06
13.11224896764607	-1.435542152655605e-06
13.13982494794062	-1.395877900218044e-06
13.16740092823517	-1.357311649853615e-06
13.19497690852972	-1.319812903535723e-06
13.22255288882427	-1.283351720233202e-06
13.25012886911882	-1.247899924518431e-06
13.27770484941337	-1.213429172700166e-06
13.30528082970792	-1.179912229663391e-06
13.33285681000247	-1.1473226209731e-06
13.36043279029702	-1.115634611284504e-06
13.38800877059157	-1.084823183381563e-06
13.41558475088612	-1.054864017821993e-06
13.44316073118067	-1.025733473167129e-06
13.47073671147522	-9.974085667751812e-07
13.49831269176977	-9.698673778791422e-07
13.52588867206432	-9.430873428286826e-07
13.55346465235887	-9.170476877052237e-07
13.58104063265342	-8.917279287020678e-07
13.60861661294797	-8.671081074512193e-07
13.63619259324252	-8.431688238731318e-07
13.66376857353707	-8.198912183711912e-07
13.69134455383162	-7.972569563772282e-07
13.71892053412617	-7.752482135199418e-07
13.74649651442072	-7.538476612557407e-07
13.77407249471527	-7.330386232469429e-07
13.80164847500982	-7.128043622557946e-07
13.82922445530437	-6.931291306129064e-07
13.85680043559892	-6.73997449711515e-07
13.88437641589347	-6.55394271441514e-07
13.91195239618802	-6.373049660843425e-07
13.93952837648257	-6.197153105580031e-07
13.96710435677712	-6.026114770012948e-07
13.99468033707167	-5.859800216866908e-07
14.02225631736622	-5.698078742517677e-07
14.04983229766077	-5.5408247389495e-07
14.07740827795532	-5.38791154699622e-07
14.10498425824987	-5.239220589857262e-07
14.13256023854442	-5.094635104902087e-07
14.16013621883897	-4.954041572019756e-07
14.18771219913352	-4.817329622433189e-07
14.21528817942807	-4.68439195018364e-07
14.24286415972262	-4.555124226196377e-07
14.27044014001717	-4.429425014843085e-07
14.29801612031172	-4.30719569291973e-07
14.32559210060627	-4.188342623752883e-07
14.35316808090082	-4.072767724022991e-07
14.38074406119537	-3.960382818150585e-07
14.40832004148992	-3.851099812405358e-07
14.43589602178447	-3.744833052109736e-07
14.46347200207902	-3.641499252956556e-07
14.49104798237357	-3.541017434494208e-07
14.51862396266812	-3.443308855660066e-07
14.54619994296267	-3.348296952260433e-07
14.57377592325722	-3.255907276308584e-07
14.60135190355177	-3.166067834051883e-07
14.62892788384632	-3.078707366973553e-07
14.65650386414087	-2.993757885799719e-07
14.68407984443542	-2.911152843647004e-07
14.71165582472997	-2.830827530482349e-07
14.73923180502452	-2.752719022389237e-07
14.76680778531907	-2.676766132249502e-07
14.79438376561362	-2.6029093617965e-07
14.82195974590817	-2.531090854998244e-07
14.84953572620272	-2.461254352731583e-07
14.87711170649727	-2.393345140891707e-07
14.90468768679182	-2.327310040042475e-07
14.93226366708637	-2.263097313571026e-07
14.95983964738092	-2.200656661111534e-07
14.98741562767547	-2.139939170692196e-07
15.01499160797002	-2.080897280422471e-07
15.04256758826457	-2.0234847412356e-07
15.07014356855912	-1.96765658065623e-07
15.09771954885368	-1.913369067561753e-07
15.12529552914823	-1.860579677899947e-07
15.15287150944278	-1.809247069326367e-07
15.18044748973733	-1.759331018640317e-07
15.20802347003188	-1.71079243363465e-07
15.23559945032643	-1.663593294737946e-07
15.26317543062098	-1.61769663186048e-07
15.29075141091553	-1.573066495429254e-07
15.31832739121008	-1.529667928221721e-07
15.34590337150463	-1.487466937976293e-07
15.37347935179918	-1.446430470758297e-07
15.40105533209373	-1.406526385060618e-07
15.42863131238828	-1.367723427532999e-07
15.45620729268283	-1.32999120472635e-07
15.48378327297738	-1.293300165023858e-07
15.51135925327193	-1.257621571646139e-07
15.53893523356648	-1.222927481078044e-07
15.56651121386103	-1.189190721171109e-07
15.59408719415558	-1.156384869850282e-07
15.62166317445013	-1.124484234408251e-07
15.64923915474468	-1.093463831371148e-07
15.67681513503923	-1.063299366919937e-07
15.70439111533378	-1.033967218582574e-07
15.73196709562833	-1.005444413710493e-07
15.75954307592288	-9.777086160735298e-08
15.78711905621743	-9.507381052829386e-08
15.81469503651198	-9.245117605262926e-08
15.84227101680653	-8.990090440149529e-08
15.86984699710108	-8.742099848884539e-08
15.89742297739563	-8.500951635631753e-08
15.92499895769018	-8.266456965130668e-08
15.95257493798473	-8.038432214704936e-08
15.98015091827928	-7.816698838891887e-08
16.00772689857383	-7.601083194477528e-08
16.03530287886838	-7.391416457645875e-08
16.06287885916293	-7.187534456267749e-08
16.09045483945748	-6.989277549929644e-08
16.11803081975203	-6.7964905048205e-08
16.14560680004658	-6.609022372072487e-08
16.17318278034113	-6.426726369460643e-08
16.20075876063568	-6.249459766368086e-08
16.22833474093023	-6.077083771926212e-08
16.25591072122478	-5.909463446568683e-08
16.28348670151933	-5.7464675155427e-08
16.31106268181388	-5.587968385633316e-08
16.33863866210843	-5.433841967031057e-08
16.36621464240298	-5.28396759505143e-08
16.39379062269753	-5.138227935574e-08
16.42136660299208	-4.996508893092157e-08
16.44894258328663	-4.858699521301673e-08
16.47651856358118	-4.724691936157961e-08
16.50409454387573	-4.59438123133395e-08
16.53167052417028	-4.467665398818497e-08
16.55924650446483	-4.344445237421775e-08
16.58682248475938	-4.224624292674567e-08
16.61439846505393	-4.108108769472182e-08
16.64197444534848	-3.99480746147617e-08
16.66955042564303	-3.884631679645213e-08
16.69712640593758	-3.777495182739634e-08
16.72470238623213	-3.673314109744854e-08
16.75227836652668	-3.572006914160979e-08
16.77985434682123	-3.473494300106856e-08
16.80743032711578	-3.377699160616703e-08
16.83500630741033	-3.28454651543768e-08
16.86258228770488	-3.193963455049693e-08
16.89015826799943	-3.105879081665887e-08
16.91773424829398	-3.020224454150648e-08
16.94531022858853	-2.936932534004841e-08
16.97288620888308	-2.855938132842669e-08
17.00046218917763	-2.777177861318756e-08
17.02803816947218	-2.700590079465524e-08
17.05561414976673	-2.62611484840188e-08
17.08319013006128	-2.553693884296034e-08
17.11076611035583	-2.483270508923048e-08
17.13834209065038	-2.414789611013391e-08
17.16591807094493	-2.348197599252117e-08
17.19349405123948	-2.283442361236583e-08
17.22107003153403	-2.22047322265306e-08
17.24864601182858	-2.159240907580624e-08
17.27622199212313	-2.099697499891242e-08
17.30379797241768	-2.041796405715862e-08
17.33137395271223	-1.985492316947145e-08
17.35894993300678	-1.930741175901893e-08
17.38652591330133	-1.877500140168421e-08
17.41410189359588	-1.825727550068996e-08
17.44167787389043	-1.775382895344491e-08
17.46925385418498	-1.726426783620839e-08
17.49682983447953	-1.678820909612303e-08
17.52440581477408	-1.632528025296491e-08
17.55198179506863	-1.587511911485292e-08
17.57955777536318	-1.543737355317562e-08
17.60713375565773	-1.501169850593754e-08
17.63470973595228	-1.459776753982636e-08
17.66228571624683	-1.41952508677218e-08
17.68986169654139	-1.380383531784837e-08
17.71743767683594	-1.342321468505579e-08
17.74501365713049	-1.305309119642818e-08
17.77258963742504	-1.269317529123241e-08
17.80016561771959	-1.234318539684395e-08
17.82774159801414	-1.200284770904624e-08
17.85531757830869	-1.167189597791511e-08
17.88289355860324	-1.13500712994537e-08
17.91046953889779	-1.10371218207143e-08
17.93804551919234	-1.073280255416869e-08
17.96562149948689	-1.043687659378938e-08
17.99319747978144	-1.014911096657478e-08
18.02077346007599	-9.869281202249105e-09
18.04834944037054	-9.597168372526312e-09
18.07592542066509	-9.332559616239377e-09
18.10350140095964	-9.075247948593769e-09
18.13107738125419	-8.825032096276036e-09
18.15865336154874	-8.581716339214629e-09
18.18622934184329	-8.345110370834565e-09
18.21380532213784	-8.115029093229548e-09
18.24138130243239	-7.891292556436988e-09
18.26895728272694	-7.673725761302727e-09
18.29653326302149	-7.462158536088448e-09
18.32410924331604	-7.256425402139746e-09
18.35168522361059	-7.056365435974215e-09
18.37926120390514	-6.861822741111069e-09
18.40683718419969	-6.672643610906483e-09
18.43441316449424	-6.488681514968613e-09
18.46198914478879	-6.309792018186282e-09
18.48956512508334	-6.135835677632497e-09
18.51714110537789	-5.966675843998714e-09
18.54471708567244	-5.802180526824658e-09
18.57229306596699	-5.642221042740969e-09
18.59986904626154	-5.486672290545339e-09
18.62744502655609	-5.335412623235415e-09
18.65502100685064	-5.188323750245161e-09
18.68259698714519	-5.045290644331751e-09
18.71017296743974	-4.906201451385699e-09
18.73774894773429	-4.770947408138314e-09
18.76532492802884	-4.63942273520285e-09
18.79290090832339	-4.51152458746575e-09
18.82047688861794	-4.387152951337284e-09
18.84805286891249	-4.266210571975567e-09
18.87562884920704	-4.148602877131687e-09
18.90320482950159	-4.034237903030306e-09
18.93078080979614	-3.923026222050135e-09
18.95835679009069	-3.814880871065958e-09
18.98593277038524	-3.709717264128046e-09
19.01350875067979	-3.607453289161923e-09
19.04108473097434	-3.508008845586527e-09
19.06866071126889	-3.411306226504494e-09
19.09623669156344	-3.317269738262635e-09
19.12381267185799	-3.225826154214909e-09
19.15138865215254	-3.136903637326361e-09
19.17896463244709	-3.050432796246657e-09
19.20654061274164	-2.966346018999577e-09
19.23411659303619	-2.884577562014091e-09
19.26169257333074	-2.805063495544979e-09
19.28926855362529	-2.727741661084187e-09
19.31684453391984	-2.652551591085348e-09
19.34442051421439	-2.5794345090029e-09
19.37199649450894	-2.508333251703104e-09
19.39957247480349	-2.439192231955362e-09
19.42714845509804	-2.371957416253566e-09
19.45472443539259	-2.306576193670313e-09
19.48230041568714	-2.242997492598976e-09
19.50987639598169	-2.181171598959362e-09
19.53745237627624	-2.121050179990814e-09
19.56502835657079	-2.06258623119094e-09
19.59260433686534	-2.005734060228041e-09
19.62018031715989	-1.950449218728988e-09
19.64775629745444	-1.896688489784381e-09
19.67533227774899	-1.844409848471269e-09
19.70290825804354	-1.793572429215779e-09
19.73048423833809	-1.744136495249274e-09
19.75806021863264	-1.696063448790179e-09
19.78563619892719	-1.649315526709574e-09
19.81321217922174	-1.60385641830194e-09
19.84078815951629	-1.559650487087195e-09
19.86836413981084	-1.516663192510581e-09
19.89594012010539	-1.4748609290503e-09
19.92351610039994	-1.434211023950854e-09
19.95109208069449	-1.394681704720522e-09
19.97866806098904	-1.356242074870148e-09
20.00624404128359	-1.318862089878562e-09
20.03382002157814	-1.282512533732992e-09
20.06139600187269	-1.247164996091961e-09
20.08897198216724	-1.212791850069635e-09
20.11654796246179	-1.179366232373452e-09
20.14412394275634	-1.146862015049436e-09
20.17169992305089	-1.115253796222967e-09
20.19927590334544	-1.084516872664622e-09
20.22685188363999	-1.054627222358856e-09
20.25442786393454	-1.025561485715224e-09
20.2820038442291	-9.972969472977651e-10
20.30957982452365	-9.69811518058387e-10
20.3371558048182	-9.430837180603624e-10
20.36473178511275	-9.170926596784341e-10
20.3923077654073	-8.918180260173745e-10
20.41988374570185	-8.672400741085634e-10
20.4474597259964	-8.433395903392251e-10
20.47503570629095	-8.200979543776969e-10
20.5026116865855	-7.974968678571425e-10
20.53018766688005	-7.755187828972672e-10
20.5577636471746	-7.541464957432271e-10
20.58533962746915	-7.333633042241489e-10
20.6129156077637	-7.131529676488584e-10
20.64049158805825	-6.934996933170586e-10
20.6680675683528	-6.743881252354475e-10
20.69564354864735	-6.558033270201071e-10
20.7232195289419	-6.377307781864183e-10
20.75079550923645	-6.20156357222127e-10
20.778371489531	-6.030663319832641e-10
20.80594746982555	-5.864473489562921e-10
20.8335234501201	-5.702864228164055e-10
20.86109943041465	-5.545709262738587e-10
20.8886754107092	-5.392885802003552e-10
20.91625139100375	-5.244274440277895e-10
20.9438273712983	-5.099759066804655e-10
20.97140335159285	-4.959226764071905e-10
20.9989793318874	-4.822567735830006e-10
21.02655531218195	-4.689675210558635e-10
21.0541312924765	-4.560445360590437e-10
21.08170727277105	-4.434777220953883e-10
21.1092832530656	-4.312572610493886e-10
21.13685923336015	-4.193736055321024e-10
21.1644352136547	-4.078174715306966e-10
21.19201119394925	-3.965798332174996e-10
21.2195871742438	-3.856519032582042e-10
21.24716315453835	-3.750251520383151e-10
21.2747391348329	-3.646912752224288e-10
21.30231511512745	-3.546421997711236e-10
21.329891095422	-3.448700752152507e-10
21.35746707571655	-3.353672675174911e-10
21.3850430560111	-3.261263531018711e-10
21.41261903630565	-3.171401130440252e-10
21.4401950166002	-3.084015274070454e-10
21.46777099689475	-2.999037696528039e-10
21.4953469771893	-2.916402021002662e-10
21.52292295748385	-2.836044277697842e-10
21.5504989377784	-2.757899984061821e-10
21.57807491807295	-2.681909761674131e-10
21.6056508983675	-2.608013720906147e-10
21.63322687866205	-2.53615413530098e-10
21.6608028589566	-2.466274873035193e-10
21.68837883925115	-2.398321350268204e-10
21.7159548195457	-2.332240488068328e-10
21.74353079984025	-2.267980670819556e-10
21.7711067801348	-2.20549170767634e-10
21.79868276042935	-2.144724785741527e-10
21.8262587407239	-2.085632443505314e-10
21.85383472101845	-2.028168525948475e-10
21.881410701313	-1.972288150405103e-10
21.90898668160755	-1.917947671481206e-10
21.9365626619021	-1.86510464694081e-10
21.96413864219665	-1.813717804532789e-10
21.9917146224912	-1.763747009732552e-10
22.01929060278575	-1.715153234373281e-10
22.0468665830803	-1.667898526467105e-10
22.07444256337485	-1.621945979214191e-10
22.1020185436694	-1.577259704166512e-10
22.12959452396395	-1.53380480185057e-10
22.1571705042585	-1.491547334816512e-10
22.18474648455305	-1.450454301114614e-10
22.2123224648476	-1.410493608503162e-10
22.23989844514215	-1.371634049367583e-10
22.2674744254367	-1.333845276331152e-10
22.29505040573125	-1.297097778538267e-10
22.3226263860258	-1.261362858515188e-10
22.35020236632035	-1.226612610056258e-10
22.3777783466149	-1.192819895941738e-10
22.40535432690945	-1.159958327044596e-10
22.432930307204	-1.128002241631404e-10
22.46050628749855	-1.096926685308709e-10
22.4880822677931	-1.066707391522349e-10
22.51565824808765	-1.037320762594469e-10
22.5432342283822	-1.008743851283385e-10
22.57081020867675	-9.809543428518656e-11
22.5983861889713	-9.539305375551457e-11
22.62596216926585	-9.276513339828294e-11
22.6535381495604	-9.020962121282668e-11
22.68111412985495	-8.772452176409309e-11
22.7086901101495	-8.530789461640556e-11
22.73626609044405	-8.295785281705145e-11
22.7638420707386	-8.06725614214303e-11
22.79141805103315	-7.845023605817107e-11
22.8189940313277	-7.628914153142481e-11
22.84657001162225	-7.418759045042862e-11
22.87414599191681	-7.214394250204933e-11
22.90172197221136	-7.015660117027411e-11
22.92929795250591	-6.822401519254822e-11
22.95687393280046	-6.634467568377645e-11
22.98444991309501	-6.45171153455635e-11
23.01202589338956	-6.273990731987771e-11
23.03960187368411	-6.101166407429541e-11
23.06717785397866	-5.933103631796804e-11
23.09475383427321	-5.769671194746973e-11
23.12232981456776	-5.610741502170406e-11
23.14990579486231	-5.456190478053275e-11
23.17748177515686	-5.305897461181324e-11
23.20505775545141	-5.159745120570489e-11
23.23263373574596	-5.017619357334458e-11
23.26020971604051	-4.879409217141579e-11
23.28778569633506	-4.745006803535584e-11
23.31536167662961	-4.614307193645941e-11
23.34293765692416	-4.487208356222137e-11
23.37051363721871	-4.363611071927789e-11
23.39808961751326	-4.243418855832177e-11
23.42566559780781	-4.126537885726795e-11
23.45324157810236	-4.012876914273157e-11
23.48081755839691	-3.902347218966302e-11
23.50839353869146	-3.794862519095865e-11
23.53596951898601	-3.690338911424623e-11
23.56354549928056	-3.588694803547995e-11
23.59112147957511	-3.489850828759595e-11
23.61869745986966	-3.39372995304876e-11
23.64627344016421	-3.300256978359671e-11
23.67384942045876	-3.209359026692972e-11
23.70142540075331	-3.120965114656034e-11
23.72900138104786	-3.035006098534138e-11
23.75657736134241	-2.951415488439699e-11
23.78415334163696	-2.870127359576339e-11
23.81172932193151	-2.791078517952089e-11
23.83930530222606	-2.714207258904091e-11
23.86688128252061	-2.639453582594632e-11
23.89445726281516	-2.566759143275221e-11
23.92203324310971	-2.49606720320623e-11
23.94960922340426	-2.427322588220951e-11
23.97718520369881	-2.360471645654918e-11
24.00476118399336	-2.295462198013664e-11
24.03233716428791	-2.232243509052013e-11
24.05991314458246	-2.170766239490921e-11
24.08748912487701	-2.110982409659686e-11
24.11506510517156	-2.052845362026383e-11
24.14264108546611	-1.996309724761358e-11
24.17021706576066	-1.941331376305285e-11
24.19779304605521	-1.887867410914049e-11
24.22536902634976	-1.835876105153552e-11
24.25294500664431	-1.785316886421317e-11
24.28052098693886	-1.736150296738378e-11
24.30809696723341	-1.68833796880711e-11
24.33567294752796	-1.641842591491023e-11
24.36324892782251	-1.596627881798191e-11
24.39082490811706	-1.552658556549475e-11
24.41840088841161	-1.509900304827722e-11
24.44597686870616	-1.468319761186391e-11
24.47355284900071	-1.427884479596633e-11
24.50112882929526	-1.38856290811245e-11
24.52870480958981	-1.350324366137939e-11
24.55628078988436	-1.313139012645043e-11
24.58385677017891	-1.276977834780322e-11
24.61143275047346	-1.241812617286581e-11
24.63900873076801	-1.20761592241746e-11
24.66658471106256	-1.174361068511867e-11
24.69416069135711	-1.142022109157895e-11
24.72173667165166	-1.110573812928794e-11
24.74931265194621	-1.079991643671861e-11
24.77688863224076	-1.050251741323276e-11
24.80446461253531	-1.021330909745315e-11
24.83204059282986	-9.932065737368308e-12
24.85961657312441	-9.658567976443387e-12
24.88719255341896	-9.392602447880129e-12
24.91476853371351	-9.133961664560842e-12
24.94234451400806	-8.882443857009462e-12
24.96992049430261	-8.63785281581238e-12
24.99749647459716	-8.399997738377329e-12
25.02507245489171	-8.168693079911211e-12
25.05264843518626	-7.943758408501223e-12
25.08022441548081	-7.725018268368263e-12
25.10780039577536	-7.512302025555667e-12
25.13537637606991	-7.305443761067207e-12
25.16295235636446	-7.104282123572563e-12
25.19052833665901	-6.908660207739594e-12
25.21810431695356	-6.718425431668332e-12
25.24568029724811	-6.533429417701184e-12
25.27325627754266	-6.353527876516426e-12
25.30083225783721	-6.178580494414902e-12
25.32840823813176	-6.008450823712223e-12
25.35598421842631	-5.843006311277703e-12
25.38356019872086	-5.682117633989319e-12
25.41113617901541	-5.525659462066434e-12
25.43871215930996	-5.373509777769566e-12
25.46628813960452	-5.225549924928168e-12
25.49386411989907	-5.081664516169881e-12
25.52144010019362	-4.941741342728317e-12
25.54901608048817	-4.80567128675451e-12
25.57659206078272	-4.673348236058525e-12
25.60416804107727	-4.544669001205691e-12
25.63174402137182	-4.419533231929326e-12
25.65932000166637	-4.297843355972825e-12
25.68689598196092	-4.179504470902708e-12
25.71447196225547	-4.064424294549119e-12
25.74204794255002	-3.952513086475071e-12
25.76962392284457	-3.843683578167678e-12
25.79719990313912	-3.737850905701438e-12
25.82477588343367	-3.634932547379675e-12
25.85235186372822	-3.534848312146447e-12
25.87992784402277	-3.437519728491565e-12
25.90750382431732	-3.34287165023205e-12
25.93507980461187	-3.250829739214435e-12
25.96265578490642	-3.16132237141564e-12
25.99023176520097	-3.074279507825146e-12
26.01780774549552	-2.989633841865017e-12
26.04538372579007	-2.907318900675699e-12
26.07295970608462	-2.827270614118164e-12
26.10053568637917	-2.749426567456869e-12
26.12811166667372	-2.673726060724459e-12
26.15568764696827	-2.600110064782384e-12
26.18326362726282	-2.528521181512024e-12
26.21083960755737	-2.458903575328642e-12
26.23841558785192	-2.391202967267931e-12
26.26599156814647	-2.3253665665466e-12
26.29356754844102	-2.261343036173192e-12
26.32114352873557	-2.199082452911172e-12
26.34871950903012	-2.138536268345356e-12
26.37629548932467	-2.079657271021172e-12
26.40387146961922	-2.022399549627083e-12
26.43144744991377	-1.966718457191372e-12
26.45902343020832	-1.912570577269499e-12
26.48659941050287	-1.859913685905035e-12
26.51417539079742	-1.808706725172101e-12
26.54175137109197	-1.758909766767373e-12
26.56932735138652	-1.710483981970185e-12
26.59690333168107	-1.663391611363169e-12
26.62447931197562	-1.617595935386761e-12
26.65205529227017	-1.573061245704519e-12
26.67963127256472	-1.52975281735692e-12
26.70720725285927	-1.487636881681897e-12
26.73478323315382	-1.446680599259692e-12
26.76235921344837	-1.406852037293976e-12
26.78993519374292	-1.368120140108313e-12
26.81751117403747	-1.330454708030259e-12
26.84508715433202	-1.293826373069104e-12
26.87266313462657	-1.258206576013103e-12
26.90023911492112	-1.223567544157242e-12
26.92781509521567	-1.18988226964419e-12
26.95539107551022	-1.157124488401565e-12
26.98296705580477	-1.12526865965908e-12
27.01054303609932	-1.094289946176438e-12
27.03811901639387	-1.064164194268226e-12
27.06569499668842	-1.034867915889396e-12
27.09327097698297	-1.006378269700208e-12
27.12084695727752	-9.786730434040574e-13
27.14842293757207	-9.517306364237801e-13
27.17599891786662	-9.255300430549748e-13
27.20357489816117	-9.000508360831919e-13
27.23115087845572	-8.752731508522616e-13
27.25872685875027	-8.511776697713156e-13
27.28630283904482	-8.27745608924422e-13
27.31387881933937	-8.049586964649467e-13
27.34145479963392	-7.827991691001725e-13
27.36903077992847	-7.61249750937182e-13
27.39660676022302	-7.40293641849304e-13
27.42418274051757	-7.19914504374009e-13
27.45175872081212	-7.000964509712051e-13
27.47933470110667	-6.808240316322077e-13
27.50691068140122	-6.620822218298297e-13
27.53448666169577	-6.438564108002423e-13
27.56206264199032	-6.261323902374803e-13
27.58963862228487	-6.088963428376515e-13
27.61721460257942	-5.921348321003469e-13
27.64479058287397	-5.758347914573559e-13
27.67236656316852	-5.599835141792835e-13
27.69994254346307	-5.445686434651055e-13
27.72751852375762	-5.295781628046715e-13
27.75509450405217	-5.150003866066345e-13
27.78267048434672	-5.008239510844979e-13
27.81024646464127	-4.870378053936803e-13
27.83782244493582	-4.736312029290013e-13
27.86539842523037	-4.605936932930637e-13
27.89297440552492	-4.479151136014647e-13
27.92055038581947	-4.355855809284568e-13
27.94812636611402	-4.235954845055881e-13
27.97570234640857	-4.119354782261422e-13
28.00327832670312	-4.005964733560212e-13
28.03085430699767	-3.895696314453959e-13
28.05843028729223	-3.788463574355854e-13
28.08600626758678	-3.684182929557953e-13
28.11358224788133	-3.582773097624027e-13
28.14115822817588	-3.484155035730747e-13
28.16873420847043	-3.388251876382726e-13
28.19631018876498	-3.294988869226593e-13
28.22388616905953	-3.204293322321807e-13
28.25146214935408	-3.116094545450633e-13
28.27903812964863	-3.030323794989529e-13
28.30661410994318	-2.946914220298962e-13
28.33419009023773	-2.865800811589804e-13
28.36176607053228	-2.786920349225657e-13
28.38934205082683	-2.710211354658463e-13
28.41691803112138	-2.63561404150563e-13
28.44449401141593	-2.563070270431491e-13
28.47206999171048	-2.492523502791209e-13
28.49964597200503	-2.423918756795388e-13
28.52722195229958	-2.35720256463465e-13
28.55479793259413	-2.292322930785092e-13
28.58237391288868	-2.229229291462093e-13
28.60994989318323	-2.167872475190894e-13
28.63752587347778	-2.108204664463133e-13
28.66510185377233	-2.050179359988775e-13
28.69267783406688	-1.993751338098213e-13
28.72025381436143	-1.938876625144583e-13
28.74782979465598	-1.885512456763509e-13
28.77540577495053	-1.833617246114689e-13
28.80298175524508	-1.783150551453519e-13
28.83055773553963	-1.734073044595959e-13
28.85813371583418	-1.686346480251977e-13
28.88570969612873	-1.639933666203689e-13
28.91328567642328	-1.594798434304898e-13
28.94086165671783	-1.550905611044869e-13
28.96843763701238	-1.508220995229235e-13
28.99601361730693	-1.466711323484498e-13
29.02358959760148	-1.426344249569782e-13
29.05116557789603	-1.387088317860342e-13
29.07874155819058	-1.348912938822259e-13
29.10631753848513	-1.311788365162559e-13
29.13389351877968	-1.275685668636167e-13
29.16146949907423	-1.240576717491635e-13
29.18904547936878	-1.206434154537994e-13
29.21662145966333	-1.173231375725226e-13
29.24419743995788	-1.140942509743014e-13
29.27177342025243	-1.109542397387229e-13
29.29934940054698	-1.079006572220989e-13
29.32692538084153	-1.049311241438426e-13
29.35450136113608	-1.020433267315711e-13
29.38207734143063	-9.923501491734706e-14
29.40965332172518	-9.650400058370689e-14
29.43722930201973	-9.384815585827747e-14
29.46480528231428	-9.126541145614986e-14
29.49238126260883	-8.875375356894879e-14
29.51995724290338	-8.631122886697993e-14
29.54753322319793	-8.393593175769848e-14
29.57510920349248	-8.162601194918925e-14
29.60268518378703	-7.937966981358564e-14
29.63026116408158	-7.71951552289461e-14
29.65783714437613	-7.507076624587565e-14
29.68541312467068	-7.300484776810107e-14
29.71298910496523	-7.099579026460832e-14
29.74056508525978	-6.904202851586534e-14
29.76814106555433	-6.714204035573043e-14
29.79571704584888	-6.529434564544469e-14
29.82329302614343	-6.349750487040297e-14
29.85086900643798	-6.175011818879287e-14
29.87844498673253	-6.005082429732536e-14
29.90602096702708	-5.839829937008574e-14
29.93359694732163	-5.67912560266082e-14
29.96117292761618	-5.522844232836994e-14
29.98874890791073	-5.370864080292067e-14
30.01632488820528	-5.223066749488683e-14
30.04390086849983	-5.079337110859129e-14
30.07147684879438	-4.939563181238749e-14
30.09905282908893	-4.803636088986933e-14
30.12662880938348	-4.671449945999924e-14
30.15420478967803	-4.542901780437953e-14
30.18178076997258	-4.417891455424604e-14
30.20935675026713	-4.29632159083908e-14
30.23693273056168	-4.178097487375167e-14
30.26450871085623	-4.063127052717132e-14
30.29208469115078	-3.951320729756288e-14
30.31966067144533	-3.842591427321104e-14
30.34723665173988	-3.736854450100753e-14
30.37481263203443	-3.6340274359841e-14
30.40238861232898	-3.534030289621066e-14
30.42996459262353	-3.436785120554166e-14
30.45754057291808	-3.342216182512056e-14
30.48511655321263	-3.250249814373768e-14
30.51269253350718	-3.160814382756691e-14
30.54026851380173	-3.073840226179779e-14
30.56784449409628	-2.989259600744694e-14
30.59542047439083	-2.907006631067824e-14
30.62299645468539	-2.827017244967826e-14
30.65057243497994	-2.749229143729299e-14
30.67814841527449	-2.673581740413251e-14
30.70572439556904	-2.600016115875888e-14
30.73330037586359	-2.528474972850634e-14
30.76087635615814	-2.458902591295448e-14
30.78845233645269	-2.39124478497003e-14
30.81602831674724	-2.325448859208814e-14
30.84360429704179	-2.261463569856797e-14
30.87118027733634	-2.199239083480073e-14
30.89875625763089	-2.13872693793569e-14
30.92633223792544	-2.079880005523095e-14
30.95390821821999	-2.022652455641999e-14
30.98148419851454	-1.966999719232312e-14
31.00906017880909	-1.912878454043926e-14
31.03663615910364	-1.860246510862791e-14
31.06421213939819	-1.809062900666903e-14
31.09178811969274	-1.75928776268665e-14
31.11936409998729	-1.71088233334457e-14
31.14694008028184	-1.663809007210221e-14
31.17451606057639	-1.6180308330125e-14
31.20209204087094	-1.573512483639682e-14
31.22966802116549	-1.53021916100102e-14
31.25724400146004	-1.488117156785327e-14
31.28481998175459	-1.447173685608583e-14
31.31239596204914	-1.407356863814967e-14
31.33997194234369	-1.368635685156567e-14
31.36754792263824	-1.330979996756012e-14
31.39512390293279	-1.294360475651483e-14
31.42269988322734	-1.258748605523385e-14
31.45027586352189	-1.224116656351254e-14
31.47785184381644	-1.190437659857682e-14
31.50542782411099	-1.157685390558912e-14
31.53300380440554	-1.125834344801358e-14
31.56057978470009	-1.094859720891084e-14
31.58815576499464	-1.064737399770381e-14
31.61573174528919	-1.035443926226356e-14
31.64330772558374	-1.006956490616921e-14
31.67088370587829	-9.792529110998778e-15
31.69845968617284	-9.523116163512784e-15
31.72603566646739	-9.261116287595725e-15
31.75361164676194	-9.006325480824506e-15
31.78118762705649	-8.758545355536248e-15
31.80876360735104	-8.517582984271713e-15
31.83633958764559	-8.283250749473829e-15
31.86391556794014	-8.055366197324015e-15
31.89149154823469	-7.833751895602668e-15
31.91906752852924	-7.618235295462635e-15
31.94664350882379	-7.408648597008187e-15
31.97421948911834	-7.20482861857468e-15
32.00179546941289	-7.006616669606843e-15
32.02937144970744	-6.813858427036839e-15
32.05694743000199	-6.626403815065535e-15
32.08452341029654	-6.444106888253392e-15
32.11209939059109	-6.266825717829856e-15
32.13967537088564	-6.094422281132499e-15
32.16725135118019	-5.926762354089924e-15
32.19482733147474	-5.763715406664504e-15
32.22240331176929	-5.605154501173459e-15
