0
1000	105.6583745	100000000000000.1
5	0	0	1
5	0	0	0
4.673998997513734	0.006833689641055441
4.701574977808284	0.006828461668830401
4.729150958102834	0.006822695876216629
4.756726938397384	0.006816404117049518
4.784302918691934	0.006809676254504373
4.811878898986484	0.006802541089675381
4.839454879281035	0.006795015041237987
4.867030859575585	0.006787173336946365
4.894606839870135	0.006779036449905536
4.922182820164685	0.006770633168631961
4.949758800459235	0.006761990111534294
4.977334780753785	0.006753134575360275
5.004910761048335	0.00674410538793788
5.032486741342885	0.006734890129612988
5.060062721637435	0.006725523818376967
5.087638701931986	0.006716018070864548
5.115214682226536	0.006706395930063698
5.142790662521086	0.006696627401942275
5.170366642815636	0.006686802334493133
5.197942623110186	0.006676882511940425
5.225518603404736	0.006666901439211278
5.253094583699286	0.006656855913661794
5.280670563993836	0.006646750521800361
5.308246544288386	0.006636592376997823
5.335822524582936	0.006626413405191026
5.363398504877487	0.006616166275468578
5.390974485172037	0.006605883187593017
5.418550465466587	0.006595568157707551
5.446126445761137	0.006585224445201189
5.473702426055687	0.006574805614138013
5.501278406350237	0.006564452443112654
5.528854386644787	0.006554055421446939
5.556430366939337	0.006543629618840749
5.584006347233887	0.00653321513156865
5.611582327528438	0.006522801832880155
5.639158307822988	0.006512381506631778
5.666734288117538	0.006501962415460015
5.694310268412088	0.00649154701332446
5.721886248706638	0.006481137949695894
5.749462229001188	0.006470735289888321
5.777038209295738	0.006460338458672549
5.804614189590288	0.006449959221718838
5.832190169884838	0.00643958086409919
5.859766150179389	0.006429190267946145
5.887342130473939	0.006418854467136121
5.914918110768489	0.006408514155974171
5.942494091063039	0.006398212222071827
5.970070071357589	0.006387933261221843
5.997646051652139	0.006377673294895776
6.025222031946689	0.006367435530735223
6.052798012241239	0.006357220820322255
6.080373992535789	0.006347030293086149
6.107949972830339	0.006336860499865317
6.13552595312489	0.006326718145089647
6.16310193341944	0.006316595938317382
6.19067791371399	0.006306514702042835
6.21825389400854	0.006296401249601812
6.24582987430309	0.006286361218604577
6.27340585459764	0.006276335833429869
6.30098183489219	0.006266353951772809
6.32855781518674	0.006256396615397519
6.35613379548129	0.006246441631996986
6.383709775775841	0.006236563506999349
6.411285756070391	0.006226688662050207
6.438861736364941	0.006216836899578093
6.466437716659491	0.006207022571911833
6.494013696954041	0.006197215167125396
6.521589677248591	0.006187444867987614
6.549165657543141	0.00617768429325639
6.576741637837691	0.006167969206884134
6.604317618132241	0.006158262215062616
6.631893598426791	0.006148604885829442
6.659469578721342	0.006138972521048463
6.687045559015892	0.006129367686014451
6.714621539310442	0.006119791021356962
6.742197519604992	0.006110240973210388
6.769773499899542	0.006100717787618077
6.797349480194092	0.006091221285315983
6.824925460488642	0.006081751838401477
6.852501440783192	0.006072307625935524
6.880077421077742	0.006062860217370819
6.907653401372293	0.006053472268070828
6.935229381666843	0.006044093146964896
6.962805361961393	0.006034762978798579
6.990381342255943	0.006025458758747819
7.017957322550493	0.00601618278067549
7.045533302845043	0.006006935135560054
7.073109283139593	0.005997711679766289
7.100685263434143	0.005988516261516271
7.128261243728693	0.005979346795686542
7.155837224023244	0.005970203096272111
7.183413204317794	0.005961086077262645
7.210989184612344	0.005951963613242936
7.238565164906894	0.005942887585055548
7.266141145201444	0.005933852329727722
7.293717125495994	0.005924840314122711
7.321293105790544	0.005915853929879085
7.348869086085094	0.005906892542054078
7.376445066379644	0.005897956046052174
7.404021046674194	0.005889041738605342
7.431597026968745	0.005880151505597026
7.459173007263295	0.005871283905649395
7.486748987557845	0.005862439893214459
7.514324967852395	0.005853597558930993
7.541900948146945	0.005844779215829595
7.569476928441495	0.005836001215937144
7.597052908736045	0.005827246437349358
7.624628889030595	0.005818514545728468
7.652204869325145	0.005809805079804083
7.679780849619696	0.005801117753097038
7.707356829914246	0.005792454346806301
7.734932810208796	0.005783807441897445
7.762508790503346	0.005775183956014659
7.790084770797896	0.005766581032236822
7.817660751092446	0.005757999191005784
7.845236731386996	0.005749409638007037
7.872812711681546	0.005740871314839074
7.900388691976096	0.005732353643346785
7.927964672270646	0.005723855670751114
7.955540652565197	0.005715376547371444
7.983116632859747	0.005706915620151685
8.010692613154298	0.005698472273479772
8.038268593448848	0.005690044764597493
8.065844573743398	0.005681633435842963
8.093420554037948	0.005673237271330807
8.120996534332498	0.005664856780168247
8.148572514627048	0.005656488786259647
8.176148494921598	0.005648133955853248
8.203724475216148	0.005639791799857736
8.231300455510699	0.005631461827729647
8.258876435805249	0.005623143442253858
8.286452416099799	0.005614836211797694
8.314028396394349	0.005606539958573559
8.341604376688899	0.005598253577746844
8.369180356983449	0.005589977533918605
8.396756337277999	0.005581711054114687
8.424332317572549	0.005573453745017577
8.451908297867099	0.005565205266334985
8.47948427816165	0.005556965611444542
8.5070602584562	0.005548734185429921
8.53463623875075	0.005540510764755289
8.5622122190453	0.005532294086571274
8.58978819933985	0.005524086840341076
8.6173641796344	0.005515885908479824
8.64494015992895	0.005507691658646696
8.6725161402235	0.005499504407222811
8.70009212051805	0.005491323744180667
8.7276681008126	0.005483149504112514
8.755244081107151	0.005474981420433549
8.782820061401701	0.005466819332723831
8.810396041696251	0.005458663051745475
8.837972021990801	0.005450512517500057
8.865548002285351	0.005442367548907373
8.893123982579901	0.005434227827573726
8.920699962874451	0.005426093999960025
8.948275943169001	0.005417963814883229
8.975851923463551	0.005409839453313859
9.003427903758102	0.005401719965237277
9.031003884052652	0.00539360451652437
9.058579864347202	0.005385495154077433
9.086155844641752	0.005377389674119193
9.113731824936302	0.005369288574602145
9.141307805230852	0.005361191923604483
9.168883785525402	0.00535309956541019
9.196459765819952	0.005345011304490018
9.224035746114502	0.005336926976220034
9.251611726409052	0.005328847253764205
9.279187706703603	0.005320771287629015
9.306763686998153	0.00531269927336135
9.334339667292703	0.005304631153773166
9.361915647587253	0.005296566870191535
9.389491627881803	0.005288506382095842
9.417067608176353	0.00528044969471064
9.444643588470903	0.005272396671391993
9.472219568765453	0.005264347405507045
9.499795549060003	0.005256301558249839
9.527371529354554	0.005248259427991468
9.554947509649104	0.005240220891110454
9.582523489943654	0.005232185873286857
9.610099470238204	0.005224154338503752
9.637675450532754	0.005216126407739391
9.665251430827304	0.005208101856486345
9.692827411121854	0.005200080816574819
9.720403391416404	0.005192063227349008
9.747979371710954	0.005184049104351219
9.775555352005505	0.005176038445765658
9.803131332300055	0.005168031166410777
9.830707312594605	0.005160027309746578
9.858283292889155	0.005152026867012564
9.885859273183705	0.005144029840098402
9.913435253478255	0.00513603622711244
9.941011233772805	0.005128046029691682
9.968587214067355	0.005120059264478123
9.996163194361905	0.005112075917318934
10.02373917465646	0.005104096012524379
10.05131515495101	0.005096119644349243
10.07889113524556	0.005088146668051831
10.10646711554011	0.005080177029051689
10.13404309583466	0.005072211024654788
10.16161907612921	0.005064248488365138
10.18919505642376	0.005056289423242093
10.21677103671831	0.005048333894520429
10.24434701701286	0.005040381895532678
10.27192299730741	0.005032433454666752
10.29949897760196	0.005024488602986087
10.32707495789651	0.00501654742743282
10.35465093819106	0.005008609842575151
10.38222691848561	0.005000675911406514
10.40980289878016	0.004992745599130527
10.43737887907471	0.004984818975598071
10.46495485936926	0.004976896006756388
10.49253083966381	0.0049689768544572
10.52010681995836	0.004961061437056148
10.54768280025291	0.004953149795615897
10.57525878054746	0.004945241963947469
10.60283476084201	0.004937337996078785
10.63041074113656	0.004929437906828825
10.65798672143111	0.004921541630769655
10.68556270172566	0.004913649360678275
10.71313868202021	0.004905760992243508
10.74071466231476	0.004897876563968997
10.76829064260931	0.004889996117956834
10.79586662290386	0.004882119703796196
10.82344260319841	0.004874247341703633
10.85101858349296	0.004866379061357502
10.87859456378751	0.004858514891199688
10.90617054408206	0.004850654882398857
10.93374652437661	0.004842798963760884
10.96132250467116	0.004834947211402941
10.98889848496571	0.004827099788174126
11.01647446526026	0.004819256535226283
11.04405044555481	0.004811417551062408
11.07162642584936	0.004803582845938544
11.09920240614391	0.004795752489185123
11.12677838643846	0.004787926442146832
11.15435436673301	0.004780104802734614
11.18193034702756	0.004772287558675571
11.20950632732211	0.004764474686911529
11.23708230761666	0.004756666301204808
11.26465828791121	0.004748862405183934
11.29223426820576	0.004741063025969327
11.31981024850031	0.004733268141192467
11.34738622879486	0.004725477843287499
11.37496220908941	0.004717692011170858
11.40253818938396	0.004709910826132797
11.43011416967851	0.0047021343741368
11.45769014997306	0.00469436235898188
11.48526613026761	0.004686595037781858
11.51284211056216	0.004678832451569058
11.54041809085671	0.004671074612588432
11.56799407115126	0.00466332146292119
11.59557005144581	0.004655573039304937
11.62314603174036	0.004647829378746094
11.65072201203491	0.004640090496416745
11.67829799232946	0.004632356402984092
11.70587397262401	0.004624627142864637
11.73344995291856	0.00461690269864149
11.76102593321311	0.004609182068870723
11.78860191350766	0.004601468386609698
11.81617789380221	0.004593758592197423
11.84375387409676	0.004586053653632508
11.87132985439131	0.004578353645838758
11.89890583468586	0.004570658551058885
11.92648181498041	0.004562968400708067
11.95405779527496	0.004555283176860231
11.98163377556951	0.004547602883604842
12.00920975586406	0.004539927621898
12.03678573615861	0.004532257335366187
12.06436171645316	0.004524592085141569
12.09193769674771	0.004516931802896757
12.11951367704226	0.004509276522277211
12.14708965733681	0.004501626292165362
12.17466563763136	0.004493981053650484
12.20224161792591	0.00448634087886329
12.22981759822046	0.004478705715746343
12.25739357851501	0.004471075650580291
12.28496955880956	0.004463450595028937
12.31254553910411	0.00445583065167008
12.34012151939866	0.004448215804160992
12.36769749969321	0.004440605982471146
12.39527347998776	0.004433001273894122
12.42284946028231	0.004425401594328428
12.45042544057686	0.004417806903506584
12.47800142087141	0.004410217555413104
12.50557740116597	0.004402633166892994
12.53315338146052	0.004395053866606147
12.56072936175507	0.004387479697472368
12.58830534204962	0.004379910561238054
12.61588132234417	0.004372346648713631
12.64345730263872	0.004364787753763733
12.67103328293327	0.004357233957992888
12.69860926322782	0.004349685284673208
12.72618524352237	0.004342141705435673
12.75376122381692	0.004334603221078665
12.78133720411147	0.004327069862005885
12.80891318440602	0.004319541587430641
12.83648916470057	0.004312018497930717
12.86406514499512	0.004304500412732726
12.89164112528967	0.004296987470271972
12.91921710558422	0.004289479629795723
12.94679308587877	0.004281976843865404
12.97436906617332	0.004274479190205206
13.00194504646787	0.004266986627766494
13.02952102676242	0.004259499141818088
13.05709700705697	0.004252016750235367
13.08467298735152	0.004244539451609198
13.11224896764607	0.004237067304207785
13.13982494794062	0.004229600090563623
13.16740092823517	0.004222138042649212
13.19497690852972	0.004214681048786474
13.22255288882427	0.004207229128256923
13.25012886911882	0.004199782274039898
13.27770484941337	0.004192340485209543
13.30528082970792	0.004184904767017666
13.33285681000247	0.004177472065509695
13.36043279029702	0.004170045454737705
13.38800877059157	0.004162623850861442
13.41558475088612	0.004155207329333215
13.44316073118067	0.004147795831095268
13.47073671147522	0.004140389361400289
13.49831269176977	0.004132987921331701
13.52588867206432	0.004125591510791992
13.55346465235887	0.004118200102589914
13.58104063265342	0.004110813720541005
13.60861661294797	0.004103432340285845
13.63619259324252	0.004096055936927406
13.66376857353707	0.004088684576054213
13.69134455383162	0.004081318204669632
13.71892053412617	0.004073955993597769
13.74649651442072	0.004066600402694515
13.77407249471527	0.004059248948784713
13.80164847500982	0.004051902485812226
13.82922445530437	0.004044560984721636
13.85680043559892	0.004037224449692503
13.88437641589347	0.004029892857799011
13.91195239618802	0.004022566197300078
13.93952837648257	0.004015244523877794
13.96710435677712	0.00400792776099312
13.99468033707167	0.004000615932651334
14.02225631736622	0.003993309024357444
14.04983229766077	0.00398600704676674
14.07740827795532	0.003978709934960779
14.10498425824987	0.003971417810812246
14.13256023854442	0.003964130572540405
14.16013621883897	0.003956848110470775
14.18771219913352	0.003949570701970817
14.21528817942807	0.003942298099715791
14.24286415972262	0.003935030385620539
14.27044014001717	0.003927767538749565
14.29801612031172	0.003920509562386384
14.32559210060627	0.003913256424331208
14.35316808090082	0.003906008146938795
14.38074406119537	0.003898764723535692
14.40832004148992	0.003891526141692163
14.43589602178447	0.003884292380182694
14.46347200207902	0.003877063457430175
14.49104798237357	0.003869839348207252
14.51862396266812	0.003862620059017934
14.54619994296267	0.003855405586587744
14.57377592325722	0.003848195905593083
14.60135190355177	0.003840991011408572
14.62892788384632	0.003833790917090501
14.65650386414087	0.003826595065301177
14.68407984443542	0.003819405066566919
14.71165582472997	0.003812219301296895
14.73923180502452	0.003805038296230495
14.76680778531907	0.003797862060580217
14.79438376561362	0.003790690563285078
14.82195974590817	0.003783523815201339
14.84953572620272	0.003776361806509635
14.87711170649727	0.003769204538944875
14.90468768679182	0.003762051975615524
14.93226366708637	0.003754904145548209
14.95983964738092	0.00374776102104929
14.98741562767547	0.003740622619198829
15.01499160797002	0.003733488913085885
15.04256758826457	0.003726359891946677
15.07014356855912	0.003719235558707979
15.09771954885368	0.003712115921613681
15.12529552914823	0.003705000866595796
15.15287150944278	0.003697890645015036
15.18044748973733	0.003690785052251624
15.20802347003188	0.00368368402973248
15.23559945032643	0.003676587694508054
15.26317543062098	0.003669496011747593
15.29075141091553	0.003662408957016079
15.31832739121008	0.003655326539514365
15.34590337150463	0.003648248744703009
15.37347935179918	0.003641175566898942
15.40105533209373	0.003634107006654811
15.42863131238828	0.003627043057740262
15.45620729268283	0.003619983733387312
15.48378327297738	0.003612928941968648
15.51135925327193	0.003605878749294468
15.53893523356648	0.003598833171963014
15.56651121386103	0.003591792155803159
15.59408719415558	0.003584755706922147
15.62166317445013	0.003577723819988951
15.64923915474468	0.003570696498959642
15.67681513503923	0.003563673724859488
15.70439111533378	0.003556655490607824
15.73196709562833	0.003549641800907677
15.75954307592288	0.003542632638269485
15.78711905621743	0.003535628011136438
15.81469503651198	0.003528627897926075
15.84227101680653	0.003521632299000471
15.86984699710108	0.003514641216228184
15.89742297739563	0.003507654627858098
15.92499895769018	0.003500672534710847
15.95257493798473	0.003493694942849139
15.98015091827928	0.003486721834480386
16.00772689857383	0.003479753182305386
16.03530287886838	0.003472789030915343
16.06287885916293	0.003465829315483995
16.09045483945748	0.003458874080764533
16.11803081975203	0.003451923297210565
16.14560680004658	0.00344497696404077
16.17318278034113	0.003438035071884625
16.20075876063568	0.003431097616254018
16.22833474093023	0.003424164591661821
16.25591072122478	0.00341723599341017
16.28348670151933	0.003410311827970026
16.31106268181388	0.00340339205049247
16.33863866210843	0.003396476695852901
16.36621464240298	0.003389565720445844
16.39379062269753	0.003382659176270935
16.42136660299208	0.003375757012534519
16.44894258328663	0.003368859227331935
16.47651856358118	0.003361965821771193
16.50409454387573	0.003355076776888267
16.53167052417028	0.0033481921245279
16.55924650446483	0.003341311830880188
16.58682248475938	0.003334435901902275
16.61439846505393	0.003327564277444036
16.64197444534848	0.003320697032505318
16.66955042564303	0.003313834104757308
16.69712640593758	0.003306975524424756
16.72470238623213	0.003300121275577423
16.75227836652668	0.00329327134496034
16.77985434682123	0.003286425898074948
16.80743032711578	0.003279584428793588
16.83500630741033	0.003272747523666259
16.86258228770488	0.003265914730901519
16.89015826799943	0.003259086328211197
16.91773424829398	0.003252262212232798
16.94531022858853	0.003245442381376877
16.97288620888308	0.003238626825455878
17.00046218917763	0.003231815531859136
17.02803816947218	0.00322500850867503
17.05561414976673	0.003218205759763084
17.08319013006128	0.003211407256455385
17.11076611035583	0.00320461301097386
17.13834209065038	0.00319782299897433
17.16591807094493	0.003191037227211316
17.19349405123948	0.003184255695944437
17.22107003153403	0.003177478390958203
17.24864601182858	0.003170705305497395
17.27622199212313	0.003163936448394212
17.30379797241768	0.003157171782494843
17.33137395271223	0.003150411336588949
17.35894993300678	0.003143655075358011
17.38652591330133	0.003136903034443049
17.41410189359588	0.003130155164920199
17.44167787389043	0.003123411489579083
17.46925385418498	0.003116671993255837
17.49682983447953	0.00310993666782257
17.52440581477408	0.003103205517505377
17.55198179506863	0.003096478454651016
17.57955777536318	0.003089755685714742
17.60713375565773	0.003083037002535614
17.63470973595228	0.003076322473809052
17.66228571624683	0.003069612056636464
17.68986169654139	0.003062905817588846
17.71743767683594	0.003056203692654779
17.74501365713049	0.003049505705058857
17.77258963742504	0.003042811826152285
17.80016561771959	0.003036122069194513
17.82774159801414	0.003029436401289685
17.85531757830869	0.003022754883475008
17.88289355860324	0.003016077425288389
17.91046953889779	0.003009404078233377
17.93804551919234	0.003002734818437825
17.96562149948689	0.002996069649858199
17.99319747978144	0.00298940855057022
18.02077346007599	0.002982751532469068
18.04834944037054	0.002976098580192949
18.07592542066509	0.002969449692350507
18.10350140095964	0.002962804861390195
18.13107738125419	0.002956164084066375
18.15865336154874	0.002949527354575892
18.18622934184329	0.00294289467860612
18.21380532213784	0.002936266052608499
18.24138130243239	0.002929641416596878
18.26895728272694	0.002923020828561095
18.29653326302149	0.002916404265652197
18.32410924331604	0.002909791727280081
18.35168522361059	0.002903183186250805
18.37926120390514	0.002896578654367793
18.40683718419969	0.002889978142054275
18.43441316449424	0.002883381617663998
18.46198914478879	0.002876789084869628
18.48956512508334	0.002870200539288248
18.51714110537789	0.002863615973393124
18.54471708567244	0.002857035377539142
18.57229306596699	0.002850458806719333
18.59986904626154	0.002843886123464571
18.62744502655609	0.002837317440848736
18.65502100685064	0.002830752712652966
18.68259698714519	0.002824191936357113
18.71017296743974	0.002817635120863909
18.73774894773429	0.002811082211886654
18.76532492802884	0.002804533269084384
18.79290090832339	0.002797988254864179
18.82047688861794	0.002791447159081253
18.84805286891249	0.002784909989522752
18.87562884920704	0.002778376736223368
18.90320482950159	0.002771847395965019
18.93078080979614	0.002765321973375286
18.95835679009069	0.002758800427421379
18.98593277038524	0.002752282793808526
19.01350875067979	0.002745769044542646
19.04108473097434	0.002739259191401227
19.06866071126889	0.002732753219588936
19.09623669156344	0.002726251122803211
19.12381267185799	0.002719752898534683
19.15138865215254	0.002713258519453603
19.17896463244709	0.002706768069003905
19.20654061274164	0.002700281417653764
19.23411659303619	0.002693798633548917
19.26169257333074	0.002687319697211808
19.28926855362529	0.002680844596980877
19.31684453391984	0.002674373352938025
19.34442051421439	0.002667905516121141
19.37199649450894	0.002661442327339843
19.39957247480349	0.002654982558856774
19.42714845509804	0.002648526607575297
19.45472443539259	0.00264207447022952
19.48230041568714	0.00263562613698044
19.50987639598169	0.002629181607758437
19.53745237627624	0.002622740889950079
19.56502835657079	0.002616303946405091
19.59260433686534	0.002609870811720417
19.62018031715989	0.002603441441443968
19.64775629745444	0.002597015866959555
19.67533227774899	0.002590594057017499
19.70290825804354	0.00258417602605737
19.73048423833809	0.00257776175915835
19.75806021863264	0.002571351251169299
19.78563619892719	0.002564944495838797
19.81321217922174	0.002558541493092426
19.84078815951629	0.002552142235792268
19.86836413981084	0.002545746744693429
19.89594012010539	0.002539354953382078
19.92351610039994	0.002532966897103427
19.95109208069449	0.002526582577262744
19.97866806098904	0.002520201985911149
20.00624404128359	0.002513825107413545
20.03382002157814	0.002507451937638139
20.06139600187269	0.002501082474054674
20.08897198216724	0.002494716732676761
20.11654796246179	0.002488354678490133
20.14412394275634	0.002481996320903251
20.17169992305089	0.002475641666648718
20.19927590334544	0.002469290660446971
20.22685188363999	0.002462943367000879
20.25442786393454	0.002456599747822786
20.2820038442291	0.002450259796509367
20.30957982452365	0.002443923509303992
20.3371558048182	0.002437590896647194
20.36473178511275	0.002431261930626214
20.3923077654073	0.0024249366195196
20.41988374570185	0.002418614975915826
20.4474597259964	0.002412296954680255
20.47503570629095	0.002405982573045034
20.5026116865855	0.002399671849959118
20.53018766688005	0.002393364749778847
20.5577636471746	0.002387061293447724
20.58533962746915	0.002380761430270863
20.6129156077637	0.002374465200233992
20.64049158805825	0.00236817259446404
20.6680675683528	0.002361883572957944
20.69564354864735	0.002355598198936986
20.7232195289419	0.002349316416351782
20.75079550923645	0.00234303822120842
20.778371489531	0.002336763622440612
20.80594746982555	0.002330492627815708
20.8335234501201	0.002324225215215066
20.86109943041465	0.002317961029799636
20.8886754107092	0.002311701138970244
20.91625139100375	0.00230544446554669
20.9438273712983	0.002299191360828325
20.97140335159285	0.002292941831799425
20.9989793318874	0.00228669586029148
21.02655531218195	0.002280453455778023
21.0541312924765	0.002274214605492382
21.08170727277105	0.002267979309644352
21.1092832530656	0.002261747561320093
21.13685923336015	0.00225551936144199
21.1644352136547	0.00224929470814255
21.19201119394925	0.002243073589335006
21.2195871742438	0.00223685599720287
21.24716315453835	0.002230641961725368
21.2747391348329	0.002224431424212218
21.30231511512745	0.00221822437919321
21.329891095422	0.002212020950986745
21.35746707571655	0.002205820994666619
21.3850430560111	0.002199624545773379
21.41261903630565	0.002193431609333305
21.4401950166002	0.002187242184902904
21.46777099689475	0.00218105625068959
21.4953469771893	0.00217487383400355
21.52292295748385	0.00216869490743435
21.5504989377784	0.00216251947129905
21.57807491807295	0.002156347529542097
21.6056508983675	0.002150179074172841
21.63322687866205	0.002144014098836439
21.6608028589566	0.00213785260488706
21.68837883925115	0.002131694579222417
21.7159548195457	0.002125540037345953
21.74353079984025	0.002119388950623879
21.7711067801348	0.002113241340392573
21.79868276042935	0.002107097183563817
21.8262587407239	0.002100956497089122
21.85383472101845	0.002094819253580249
21.881410701313	0.002088685469905611
21.90898668160755	0.002082555127030245
21.9365626619021	0.002076428230450646
21.96413864219665	0.002070304778698376
21.9917146224912	0.00206418475873422
22.01929060278575	0.002058068169282672
22.0468665830803	0.002051955015022244
22.07444256337485	0.002045845288237292
22.1020185436694	0.002039738999903428
22.12959452396395	0.002033636087304114
22.1571705042585	0.002027536622676305
22.18474648455305	0.002021440565933757
22.2123224648476	0.002015347912010419
22.23989844514215	0.00200925866735142
22.2674744254367	0.002003172823566347
22.29505040573125	0.00199709038405829
22.3226263860258	0.001991011324587831
22.35020236632035	0.001984935667222723
22.3777783466149	0.001978863389914119
22.40535432690945	0.001972794501573229
22.432930307204	0.00196672899264371
22.46050628749855	0.001960666860315349
22.4880822677931	0.001954608112573668
22.51565824808765	0.00194855270619382
22.5432342283822	0.001942500681936862
22.57081020867675	0.001936452018135051
22.5983861889713	0.001930406712839339
22.62596216926585	0.001924364757488565
22.6535381495604	0.001918326163950837
22.68111412985495	0.00191229090809377
22.7086901101495	0.001906259002501442
22.73626609044405	0.001900230437373193
22.7638420707386	0.001894205207658614
22.79141805103315	0.001888183304940602
22.8189940313277	0.001882164744914991
22.84657001162225	0.001876149604817133
22.87414599191681	0.001870137584101099
22.90172197221136	0.001864128985159719
22.92929795250591	0.001858123701863422
22.95687393280046	0.001852121729923909
22.98444991309501	0.001846123063164725
23.01202589338956	0.001840127767102846
23.03960187368411	0.001834135644713798
23.06717785397866	0.001828146886873261
23.09475383427321	0.001822161419843171
23.12232981456776	0.001816179238323305
23.14990579486231	0.001810200352813553
23.17748177515686	0.001804224759348113
23.20505775545141	0.001798252417037967
23.23263373574596	0.001792283366108538
23.26020971604051	0.001786317586403
23.28778569633506	0.001780355078687339
23.31536167662961	0.001774395835987913
23.34293765692416	0.001768439847324706
23.37051363721871	0.001762487132622561
23.39808961751326	0.001756537657619683
23.42566559780781	0.001750591439290939
23.45324157810236	0.00174464846872111
23.48081755839691	0.001738708746523226
23.50839353869146	0.00173277225764371
23.53596951898601	0.001726839009951259
23.56354549928056	0.001720908992321914
23.59112147957511	0.001714982212395331
23.61869745986966	0.001709058656167784
23.64627344016421	0.00170313831702439
23.67384942045876	0.001697221206259703
23.70142540075331	0.001691307311456154
23.72900138104786	0.001685396620743172
23.75657736134241	0.001679489146022799
23.78415334163696	0.001673584871217165
23.81172932193151	0.001667683806274771
23.83930530222606	0.001661785940018188
23.86688128252061	0.00165589126424108
23.89445726281516	0.001649999783695657
23.92203324310971	0.001644111487673702
23.94960922340426	0.001638226381330027
23.97718520369881	0.001632344456269805
24.00476118399336	0.001626465705425396
24.03233716428791	0.001620590132678031
24.05991314458246	0.00161471772869111
24.08748912487701	0.001608848496021932
24.11506510517156	0.001602982427536981
24.14264108546611	0.001597119518173652
24.17021706576066	0.001591259771562636
24.19779304605521	0.001585403171630256
24.22536902634976	0.001579549727125277
24.25294500664431	0.001573699438072167
24.28052098693886	0.001567852268673885
24.30809696723341	0.001562008242029325
24.33567294752796	0.001556167391715436
24.36324892782251	0.001550329645460684
24.39082490811706	0.00154449503617649
24.41840088841161	0.001538663557260976
24.44597686870616	0.001532835193893939
24.47355284900071	0.00152700995639587
24.50112882929526	0.00152118783618232
24.52870480958981	0.001515368831148772
24.55628078988436	0.001509552932357427
24.58385677017891	0.001503740139981851
24.61143275047346	0.001497930457726285
24.63900873076801	0.001492123876029718
24.66658471106256	0.001486320387710953
24.69416069135711	0.001480519996035362
24.72173667165166	0.001474722693894455
24.74931265194621	0.0014689284809552
24.77688863224076	0.001463137725160327
24.80446461253531	0.001457349302227254
24.83204059282986	0.001451564325698161
24.85961657312441	0.001445782434456706
24.88719255341896	0.001440003607722364
24.91476853371351	0.00143422785707605
24.94234451400806	0.001428455157441829
24.96992049430261	0.001422685527059784
24.99749647459716	0.001416918951858801
25.02507245489171	0.001411155431764124
25.05264843518626	0.00140539496907794
25.08022441548081	0.00139963752830406
25.10780039577536	0.001393883174418111
25.13537637606991	0.001388131843569937
25.16295235636446	0.001382383552341358
25.19052833665901	0.001376638293865516
25.21810431695356	0.001370896069819286
25.24568029724811	0.001365156875299721
25.27325627754266	0.001359420718405374
25.30083225783721	0.001353687559307601
25.32840823813176	0.001347957431843324
25.35598421842631	0.001342230323019872
25.38356019872086	0.001336506224138401
25.41113617901541	0.001330785135810208
25.43871215930996	0.001325067058287991
25.46628813960452	0.001319351979162395
25.49386411989907	0.001313639898271128
25.52144010019362	0.001307930824877106
25.54901608048817	0.001302224737226707
25.57659206078272	0.001296521649443224
25.60416804107727	0.001290821543940096
25.63174402137182	0.001285124431456519
25.65932000166637	0.001279430286089834
25.68689598196092	0.001273739111805634
25.71447196225547	0.001268050945479287
25.74204794255002	0.001262365729057245
25.76962392284457	0.001256683488335514
25.79719990313912	0.001251004215840792
25.82477588343367	0.001245327899552749
25.85235186372822	0.001239654550716189
25.87992784402277	0.001233984116354584
25.90750382431732	0.001228316706968296
25.93507980461187	0.001222652216006394
25.96265578490642	0.001216990673346919
25.99023176520097	0.001211332074244612
26.01780774549552	0.001205676417130394
26.04538372579007	0.001200023651284181
26.07295970608462	0.001194373913909784
26.10053568637917	0.001188727063153722
26.12811166667372	0.001183083141770779
26.15568764696827	0.001177442147548137
26.18326362726282	0.001171804075144292
26.21083960755737	0.001166168909930574
26.23841558785192	0.001160536689893846
26.26599156814647	0.001154907368858159
26.29356754844102	0.001149280959665028
26.32114352873557	0.001143657458077525
26.34871950903012	0.001138036864326814
26.37629548932467	0.001132419169092831
26.40387146961922	0.001126804374856946
26.43144744991377	0.001121192478167266
26.45902343020832	0.001115583473733664
26.48659941050287	0.001109977358584772
26.51417539079742	0.001104374144619668
26.54175137109197	0.001098773788641481
26.56932735138652	0.001093176321433876
26.59690333168107	0.00108758174412243
26.62447931197562	0.001081990036334601
26.65205529227017	0.001076401201198783
26.67963127256472	0.001070815234837676
26.70720725285927	0.001065232135518015
26.73478323315382	0.001059651901681599
26.76235921344837	0.001054074525243032
26.78993519374292	0.001048500019503933
26.81751117403747	0.001042928345142271
26.84508715433202	0.001037359534042857
26.87266313462657	0.001031793574043708
26.90023911492112	0.001026230458056876
26.92781509521567	0.001020670183115331
26.95539107551022	0.001015112753244534
26.98296705580477	0.001009558158083
27.01054303609932	0.001004006397178113
27.03811901639387	0.0009984574708677603
27.06569499668842	0.0009929113680175131
27.09327097698297	0.0009873680942539937
27.12084695727752	0.0009818276425556831
27.14842293757207	0.0009762900123496341
27.17599891786662	0.0009707551957882719
27.20357489816117	0.000965223195952718
27.23115087845572	0.0009596940084677392
27.25872685875027	0.0009541676280660922
27.28630283904482	0.0009486440528298733
27.31387881933937	0.0009431232809897305
27.34145479963392	0.0009376053099515384
27.36903077992847	0.0009320901364520125
27.39660676022302	0.0009265777569812256
27.42418274051757	0.0009210681667620471
27.45175872081212	0.0009155613670040728
27.47933470110667	0.000910057336131336
27.50691068140122	0.00090455612211898
27.53448666169577	0.0008990576713828861
27.56206264199032	0.0008935619986416377
27.58963862228487	0.0008880690985791102
27.61721460257942	0.0008825789727361739
27.64479058287397	0.0008770916144095456
27.67236656316852	0.0008716070188972843
27.69994254346307	0.000866125193716242
27.72751852375762	0.0008606461273334078
27.75509450405217	0.0008551698191635679
27.78267048434672	0.0008496962625765442
27.81024646464127	0.0008442254609724804
27.83782244493582	0.0008387574084857665
27.86539842523037	0.0008332921017602318
27.89297440552492	0.0008278295400633141
27.92055038581947	0.0008223697201921189
27.94812636611402	0.0008169126373444379
27.97570234640857	0.0008114582917125986
28.00327832670312	0.0008060066790473029
28.03085430699767	0.0008005577946634645
28.05843028729223	0.000795111639812548
28.08600626758678	0.000789668211194814
28.11358224788133	0.0007842275007018101
28.14115822817588	0.0007787895121792682
28.16873420847043	0.0007733542387501541
28.19631018876498	0.0007679216810166775
28.22388616905953	0.0007624918346021349
28.25146214935408	0.0007570646951713897
28.27903812964863	0.000751640262888097
28.30661410994318	0.0007462185194169677
28.33419009023773	0.0007407995040394087
28.36176607053228	0.0007353831730348828
28.38934205082683	0.0007299695362608867
28.41691803112138	0.0007245585927364937
28.44449401141593	0.0007191503375095376
28.47206999171048	0.0007137447713146936
28.49964597200503	0.0007083418923617184
28.52722195229958	0.0007029416872390106
28.55479793259413	0.0006975441659169434
28.58237391288868	0.0006921493197286075
28.60994989318323	0.0006867571485002485
28.63752587347778	0.0006813676466849957
28.66510185377233	0.0006759808151262856
28.69267783406688	0.0006705966478591809
28.72025381436143	0.0006652151450581442
28.74782979465598	0.0006598363019010607
28.77540577495053	0.0006544601173731021
28.80298175524508	0.0006490865870304556
28.83055773553963	0.000643715710854144
28.85813371583418	0.0006383474831172912
28.88570969612873	0.000632981904673243
28.91328567642328	0.00062761896889503
28.94086165671783	0.0006222586751214365
28.96843763701238	0.0006169010235464043
28.99601361730693	0.0006115460070083796
29.02358959760148	0.0006061936262919052
29.05116557789603	0.0006008438762429011
29.07874155819058	0.0005954967545239068
29.10631753848513	0.0005901522620361676
29.13389351877968	0.0005848103919397098
29.16146949907423	0.0005794711559670747
29.18904547936878	0.0005741345144290611
29.21662145966333	0.0005688005012911405
29.24419743995788	0.0005634690988694461
29.27177342025243	0.0005581403146088205
29.29934940054698	0.0005528141348459152
29.32692538084153	0.0005474905611614138
29.35450136113608	0.0005421695931531146
29.38207734143063	0.0005368512232456525
29.40965332172518	0.0005315354530094555
29.43722930201973	0.0005262222784667617
29.46480528231428	0.000520911697766823
29.49238126260883	0.0005156037078086204
29.51995724290338	0.0005102983052670805
29.54753322319793	0.0005049954902083834
29.57510920349248	0.0004996952576927836
29.60268518378703	0.0004943976058392551
29.63026116408158	0.0004891025323581077
29.65783714437613	0.0004838100349505902
29.68541312467068	0.0004785201100393685
29.71298910496523	0.000473232756339334
29.74056508525978	0.0004679479707273856
29.76814106555433	0.0004626657510300188
29.79571704584888	0.0004573860944855841
29.82329302614343	0.0004521089988431258
29.85086900643798	0.0004468344612579452
29.87844498673253	0.0004415624798180174
29.90602096702708	0.0004362930513504123
29.93359694732163	0.0004310261741467576
29.96117292761618	0.0004257618450710478
29.98874890791073	0.0004205000621050327
30.01632488820528	0.0004152408224209687
30.04390086849983	0.0004099841239205504
30.07147684879438	0.0004047299638111991
30.09905282908893	0.0003994783399980574
30.12662880938348	0.0003942292496441016
30.15420478967803	0.0003889826904908949
30.18178076997258	0.0003837386603166555
30.20935675026713	0.0003784971562925908
30.23693273056168	0.0003732581761814382
30.26450871085623	0.0003680217177024447
30.29208469115078	0.0003627877781027319
30.31966067144533	0.0003575563551226509
30.34723665173988	0.0003523274452008056
30.37481263203443	0.0003471010495275455
30.40238861232898	0.0003418771619076024
30.42996459262353	0.0003366557812564193
30.45754057291808	0.000331436905192517
30.48511655321263	0.0003262205312268441
30.51269253350718	0.0003210066568973346
30.54026851380173	0.0003157952808056321
30.56784449409628	0.0003105863987829336
30.59542047439083	0.0003053800095259007
30.62299645468539	0.00030017611066204
30.65057243497994	0.0002949746987841532
30.67814841527449	0.0002897757731460278
30.70572439556904	0.0002845793304748321
30.73330037586359	0.000279385368442897
30.76087635615814	0.0002741938847443459
30.78845233645269	0.0002690048754644875
30.81602831674724	0.0002638183427665577
30.84360429704179	0.0002586342799064064
30.87118027733634	0.0002534526857538381
30.89875625763089	0.0002482735583612354
30.92633223792544	0.0002430968949700463
30.95390821821999	0.000237922693636796
30.98148419851454	0.0002327509515869025
31.00906017880909	0.0002275816667593191
31.03663615910364	0.0002224148368394162
31.06421213939819	0.0002172504593956635
31.09178811969274	0.0002120885321206581
31.11936409998729	0.0002069290526949473
31.14694008028184	0.0002017720187947731
31.17451606057639	0.0001966174281032393
31.20209204087094	0.0001914652783123496
31.22966802116549	0.0001863155671112649
31.25724400146004	0.0001811682921928589
31.28481998175459	0.0001760234512517782
31.31239596204914	0.0001708810419870462
31.33997194234369	0.0001657410621011526
31.36754792263824	0.0001606035092989928
31.39512390293279	0.0001554683812887297
31.42269988322734	0.0001503356757827276
31.45027586352189	0.000145205390495587
31.47785184381644	0.0001400775231450413
31.50542782411099	0.0001349520714523132
31.53300380440554	0.0001298290331418314
31.56057978470009	0.0001247084059412266
31.58815576499464	0.0001195901875813269
31.61573174528919	0.0001144743757961529
31.64330772558374	0.0001093609683229137
31.67088370587829	0.0001042499629020011
31.69845968617284	9.914135727698476e-05
31.72603566646739	9.403514919460731e-05
31.75361164676194	8.89313364047785e-05
31.78118762705649	8.38299166605702e-05
31.80876360735104	7.873088771821094e-05
31.83633958764559	7.363424733708025e-05
31.86391556794014	6.853999327970321e-05
31.89149154823469	6.344812331174511e-05
31.91906752852924	5.835863520200553e-05
31.94664350882379	5.327152672241273e-05
31.97421948911834	4.818679564801837e-05
32.00179546941289	4.310443975699142e-05
32.02937144970744	3.802445683061268e-05
32.05694743000199	3.294684465326926e-05
32.08452341029654	2.787160101244846e-05
32.11209939059109	2.279872369873252e-05
32.13967537088564	1.772821050579267e-05
32.16725135118019	1.26600592303834e-05
32.19482733147474	7.594267672336909e-06
32.22240331176929	2.530833634557308e-06
0
1000	105.6583745	100000000000000.1
5	0	0	1
5	0	0	0
4.673998997513734	-2.514378683162532e-06
4.701574977808284	-2.003591119284648e-06
4.729150958102834	-1.985134094360737e-06
4.756726938397384	-2.034571268175888e-06
4.784302918691934	-2.093051510405345e-06
4.811878898986484	-2.144927997033899e-06
4.839454879281035	-2.185651402171125e-06
4.867030859575585	-2.214438048935229e-06
4.894606839870135	-2.231919445291047e-06
4.922182820164685	-2.239240601444218e-06
4.949758800459235	-2.237680433436375e-06
4.977334780753785	-2.228487176153947e-06
5.004910761048335	-2.212809904726486e-06
5.032486741342885	-2.191674945624994e-06
5.060062721637435	-2.165983458462535e-06
5.087638701931986	-2.136518681227103e-06
5.115214682226536	-2.103957115459191e-06
5.142790662521086	-2.068880794922757e-06
5.170366642815636	-2.031789245922837e-06
5.197942623110186	-1.993110507760717e-06
5.225518603404736	-1.953210977131087e-06
5.253094583699286	-1.912404042303656e-06
5.280670563993836	-1.870957571437503e-06
5.308246544288386	-1.829100362360685e-06
5.335822524582936	-1.787027674715567e-06
5.363398504877487	-1.744905963846661e-06
5.390974485172037	-1.702876927062919e-06
5.418550465466587	-1.661060961228218e-06
5.446126445761137	-1.619560118306572e-06
5.473702426055687	-1.578460633673649e-06
5.501278406350237	-1.538105663176833e-06
5.528854386644787	-1.497971215638128e-06
5.556430366939337	-1.458408052361265e-06
5.584006347233887	-1.419463627384392e-06
5.611582327528438	-1.381177319978935e-06
5.639158307822988	-1.343581372154297e-06
5.666734288117538	-1.306701726371137e-06
5.694310268412088	-1.270558773055585e-06
5.721886248706638	-1.235168016896126e-06
5.749462229001188	-1.200540670225415e-06
5.777038209295738	-1.166695079426858e-06
5.804614189590288	-1.133606464749729e-06
5.832190169884838	-1.101292705088138e-06
5.859766150179389	-1.069753177192422e-06
5.887342130473939	-1.038985046536572e-06
5.914918110768489	-1.008983546095978e-06
5.942494091063039	-9.797422277448798e-07
5.970070071357589	-9.512531883493878e-07
5.997646051652139	-9.235072726273036e-07
6.025222031946689	-8.964942547466267e-07
6.052798012241239	-8.702082592688222e-07
6.080373992535789	-8.446259532886717e-07
6.107949972830339	-8.197407139145475e-07
6.13552595312489	-7.955396242521754e-07
6.16310193341944	-7.720093488076039e-07
6.19067791371399	-7.491362225618011e-07
6.21825389400854	-7.269063304168045e-07
6.24582987430309	-7.053055778988253e-07
6.27340585459764	-6.843197539305644e-07
6.30098183489219	-6.639345864180059e-07
6.32855781518674	-6.441360206356692e-07
6.35613379548129	-6.249091682391464e-07
6.383709775775841	-6.062402126649156e-07
6.411285756070391	-5.881150819555051e-07
6.438861736364941	-5.705198322152237e-07
6.466437716659491	-5.53440671101976e-07
6.494013696954041	-5.368639772269212e-07
6.521589677248591	-5.207763152211773e-07
6.549165657543141	-5.051644456008783e-07
6.576741637837691	-4.900153271431787e-07
6.604317618132241	-4.753047729408543e-07
6.631893598426791	-4.609728263402197e-07
6.659469578721342	-4.471913713501954e-07
6.687045559015892	-4.3376924963981e-07
6.714621539310442	-4.207475238395011e-07
6.742197519604992	-4.081159023871222e-07
6.769773499899542	-3.958634254662514e-07
6.797349480194092	-3.839792245042896e-07
6.824925460488642	-3.724526398816592e-07
6.852501440783192	-3.612732517234786e-07
6.880077421077742	-3.504335277251112e-07
6.907653401372293	-3.399185885003608e-07
6.935229381666843	-3.297210756261928e-07
6.962805361961393	-3.198317447535581e-07
6.990381342255943	-3.102452235418643e-07
7.017957322550493	-3.009379522142593e-07
7.045533302845043	-2.919188058599446e-07
7.073109283139593	-2.831720285046596e-07
7.100685263434143	-2.746897756119449e-07
7.128261243728693	-2.664641476115455e-07
7.155837224023244	-2.584867633377939e-07
7.183413204317794	-2.507516483527335e-07
7.210989184612344	-2.43250619934142e-07
7.238565164906894	-2.359765968611498e-07
7.266141145201444	-2.289227034237091e-07
7.293717125495994	-2.220822645676189e-07
7.321293105790544	-2.154488010251148e-07
7.348869086085094	-2.090160244511437e-07
7.376445066379644	-2.02777832581653e-07
7.404021046674194	-1.967283044273448e-07
7.431597026968745	-1.908664732204304e-07
7.459173007263295	-1.851766955040627e-07
7.486748987557845	-1.796585106398126e-07
7.514324967852395	-1.743067092817398e-07
7.541900948146945	-1.691162672173759e-07
7.569476928441495	-1.640823306023673e-07
7.597052908736045	-1.592002099658843e-07
7.624628889030595	-1.544653760296009e-07
7.652204869325145	-1.49873456480976e-07
7.679780849619696	-1.454202336147607e-07
7.707356829914246	-1.41078034966155e-07
7.734932810208796	-1.368918473954336e-07
7.762508790503346	-1.328347410604086e-07
7.790084770797896	-1.289030549456413e-07
7.817660751092446	-1.250931989261117e-07
7.845236731386996	-1.214016525925947e-07
7.872812711681546	-1.178249643359005e-07
7.900388691976096	-1.143597506645998e-07
7.927964672270646	-1.110026957296019e-07
7.955540652565197	-1.077505510280571e-07
7.983116632859747	-1.045719657440765e-07
8.010692613154298	-1.015249507615979e-07
8.038268593448848	-9.857484245485979e-08
8.065844573743398	-9.571803890960257e-08
8.093420554037948	-9.295107648445942e-08
8.120996534332498	-9.02706331121839e-08
8.148572514627048	-8.767352839298278e-08
8.176148494921598	-8.515672129703858e-08
8.203724475216148	-8.271730622937218e-08
8.231300455510699	-8.03525080426991e-08
8.258876435805249	-7.806062976890998e-08
8.286452416099799	-7.583706287538873e-08
8.314028396394349	-7.36804723752193e-08
8.341604376688899	-7.158856793136237e-08
8.369180356983449	-6.95591573147425e-08
8.396756337277999	-6.759014090454356e-08
8.424332317572549	-6.567950656266164e-08
8.451908297867099	-6.382532485567586e-08
8.47948427816165	-6.202574459925352e-08
8.5070602584562	-6.027898870146968e-08
8.53463623875075	-5.858331452405761e-08
8.5622122190453	-5.693715832559134e-08
8.58978819933985	-5.533890432928677e-08
8.6173641796344	-5.378703497374153e-08
8.64494015992895	-5.228008975476145e-08
8.6725161402235	-5.081666244019692e-08
8.70009212051805	-4.939539846285717e-08
8.7276681008126	-4.801499247732629e-08
8.755244081107151	-4.667418606778894e-08
8.782820061401701	-4.537176559476842e-08
8.810396041696251	-4.410655642635837e-08
8.837972021990801	-4.287743619799488e-08
8.865548002285351	-4.168331057660261e-08
8.893123982579901	-4.052312614944641e-08
8.920699962874451	-3.939586536880886e-08
8.948275943169001	-3.830054514329464e-08
8.975851923463551	-3.723621567603432e-08
9.003427903758102	-3.620196000798896e-08
9.031003884052652	-3.51968972417373e-08
9.058579864347202	-3.422024264432946e-08
9.086155844641752	-3.327081070716674e-08
9.113731824936302	-3.234821845579306e-08
9.141307805230852	-3.145153095953981e-08
9.168883785525402	-3.057999375007733e-08
9.196459765819952	-2.973287623652087e-08
9.224035746114502	-2.890947082003141e-08
9.251611726409052	-2.810909205039944e-08
9.279187706703603	-2.733107582206236e-08
9.306763686998153	-2.657477860719647e-08
9.334339667292703	-2.583957672369979e-08
9.361915647587253	-2.512486023496683e-08
9.389491627881803	-2.44300544725988e-08
9.417067608176353	-2.375458563558611e-08
9.444643588470903	-2.309790267483285e-08
9.472219568765453	-2.245947117275992e-08
9.499795549060003	-2.183877278239428e-08
9.527371529354554	-2.123530468921872e-08
9.554947509649104	-2.064857909463223e-08
9.582523489943654	-2.007812271993922e-08
9.610099470238204	-1.95234763298508e-08
9.637675450532754	-1.898418784050636e-08
9.665251430827304	-1.845983849264621e-08
9.692827411121854	-1.795000160046495e-08
9.720403391416404	-1.74542695848613e-08
9.747979371710954	-1.697224678576732e-08
9.775555352005505	-1.650354908632115e-08
9.803131332300055	-1.604780355015211e-08
9.830707312594605	-1.560464807131206e-08
9.858283292889155	-1.517373103639189e-08
9.885859273183705	-1.475471099837024e-08
9.913435253478255	-1.434724276492942e-08
9.941011233772805	-1.395103403603469e-08
9.968587214067355	-1.356575634526381e-08
9.996163194361905	-1.31911055966822e-08
10.02373917465646	-1.282678644066961e-08
10.05131515495101	-1.247251200040886e-08
10.07889113524556	-1.21280036086355e-08
10.10646711554011	-1.179299055409719e-08
10.13404309583466	-1.146720983722325e-08
10.16161907612921	-1.115040593454787e-08
10.18919505642376	-1.084232933333323e-08
10.21677103671831	-1.054274138683397e-08
10.24434701701286	-1.025140640784697e-08
10.27192299730741	-9.968096569059721e-09
10.29949897760196	-9.69259045435659e-09
10.32707495789651	-9.424672868150749e-09
10.35465093819106	-9.1641346510727e-09
10.38222691848561	-8.910772501753666e-09
10.40980289878016	-8.664388804455496e-09
10.43737887907471	-8.424791462311414e-09
10.46495485936926	-8.191798765507166e-09
10.49253083966381	-7.965218894631266e-09
10.52010681995836	-7.744880135955457e-09
10.54768280025291	-7.530610862711462e-09
10.57525878054746	-7.322244213002777e-09
10.60283476084201	-7.119617952047261e-09
10.63041074113656	-6.92257433877783e-09
10.65798672143111	-6.730959996636958e-09
10.68556270172566	-6.544625788408236e-09
10.71313868202021	-6.363426694935324e-09
10.74071466231476	-6.187222996406538e-09
10.76829064260931	-6.015874831488535e-09
10.79586662290386	-5.849250172001658e-09
10.82344260319841	-5.687219345190259e-09
10.85101858349296	-5.529656247624488e-09
10.87859456378751	-5.37643824431481e-09
10.90617054408206	-5.227446070905926e-09
10.93374652437661	-5.082563738840612e-09
10.96132250467116	-4.941678443388903e-09
10.98889848496571	-4.804680474442523e-09
11.01647446526026	-4.671463969714421e-09
11.04405044555481	-4.541923375234723e-09
11.07162642584936	-4.41595863010671e-09
11.09920240614391	-4.293471574613477e-09
11.12677838643846	-4.174366737943166e-09
11.15435436673301	-4.058551263375532e-09
11.18193034702756	-3.945934835686682e-09
11.20950632732211	-3.836429610695507e-09
11.23708230761666	-3.729950146878718e-09
11.26465828791121	-3.626413338984556e-09
11.29223426820576	-3.525739309919128e-09
11.31981024850031	-3.42784739997819e-09
11.34738622879486	-3.332662147537371e-09
11.37496220908941	-3.240109182292262e-09
11.40253818938396	-3.150116167343004e-09
11.43011416967851	-3.062612743003896e-09
11.45769014997306	-2.977530472278895e-09
11.48526613026761	-2.894802787941335e-09
11.51284211056216	-2.814364941159579e-09
11.54041809085671	-2.73615395161358e-09
11.56799407115126	-2.660109490192363e-09
11.59557005144581	-2.586169961021759e-09
11.62314603174036	-2.51427843144644e-09
11.65072201203491	-2.444378543533236e-09
11.67829799232946	-2.376415477974454e-09
11.70587397262401	-2.310335911826556e-09
11.73344995291856	-2.246087977546774e-09
11.76102593321311	-2.183621223259789e-09
11.78860191350766	-2.12288657419525e-09
11.81617789380221	-2.063836295243754e-09
11.84375387409676	-2.006423699736937e-09
11.87132985439131	-1.950604167007132e-09
11.89890583468586	-1.896333495393325e-09
11.92648181498041	-1.843568950390851e-09
11.95405779527496	-1.792268964919338e-09
11.98163377556951	-1.742393107874441e-09
12.00920975586406	-1.693902053520031e-09
12.03678573615861	-1.646757551696952e-09
12.06436171645316	-1.600922398825497e-09
12.09193769674771	-1.556360409679546e-09
12.11951367704226	-1.513036159404166e-09
12.14708965733681	-1.47091591030882e-09
12.17466563763136	-1.429966123068949e-09
12.20224161792591	-1.390154414124279e-09
12.22981759822046	-1.35144928783519e-09
12.25739357851501	-1.313820112591709e-09
12.28496955880956	-1.277237097535105e-09
12.31254553910411	-1.241671269879121e-09
12.34012151939866	-1.20709445281783e-09
12.36769749969321	-1.173479244007058e-09
12.39527347998776	-1.140798736893407e-09
12.42284946028231	-1.109027573416486e-09
12.45042544057686	-1.078140263920195e-09
12.47800142087141	-1.048112294443633e-09
12.50557740116597	-1.018919826501498e-09
12.53315338146052	-9.905396787681134e-10
12.56072936175507	-9.629493092242203e-10
12.58830534204962	-9.361267977617561e-10
12.61588132234417	-9.100508292399314e-10
12.64345730263872	-8.847006769847102e-10
12.67103328293327	-8.600562837322837e-10
12.69860926322782	-8.360978502117865e-10
12.72618524352237	-8.128064170764795e-10
12.75376122381692	-7.901634552895996e-10
12.78133720411147	-7.681509482344958e-10
12.80891318440602	-7.467513776759856e-10
12.83648916470057	-7.259477101128062e-10
12.86406514499512	-7.057233835200201e-10
12.89164112528967	-6.860622944905766e-10
12.91921710558422	-6.669487858102751e-10
12.94679308587877	-6.483680802160499e-10
12.97436906617332	-6.303045379464544e-10
13.00194504646787	-6.127441425237312e-10
13.02952102676242	-5.956728978856297e-10
13.05709700705697	-5.790771958853342e-10
13.08467298735152	-5.629438056094301e-10
13.11224896764607	-5.472598629864029e-10
13.13982494794062	-5.320128606778761e-10
13.16740092823517	-5.171906382449965e-10
13.19497690852972	-5.027813725825775e-10
13.22255288882427	-4.887736058970204e-10
13.25012886911882	-4.75156083997558e-10
13.27770484941337	-4.619179786942975e-10
13.30528082970792	-4.490487260284697e-10
13.33285681000247	-4.365380554596393e-10
13.36043279029702	-4.243759817582727e-10
13.38800877059157	-4.125527971201613e-10
13.41558475088612	-4.010590634967447e-10
13.44316073118067	-3.898856051354957e-10
13.47073671147522	-3.790235013247195e-10
13.49831269176977	-3.684640914989753e-10
13.52588867206432	-3.581989184205171e-10
13.55346465235887	-3.482197974615709e-10
13.58104063265342	-3.385187595781033e-10
13.60861661294797	-3.290880574072167e-10
13.63619259324252	-3.199201591231677e-10
13.66376857353707	-3.110077424623931e-10
13.69134455383162	-3.023436889129575e-10
13.71892053412617	-2.939210780639508e-10
13.74649651442072	-2.857331821104749e-10
13.77407249471527	-2.777734650379996e-10
13.80164847500982	-2.700355587010752e-10
13.82922445530437	-2.625132863990168e-10
13.85680043559892	-2.55200638823471e-10
13.88437641589347	-2.480917739874617e-10
13.91195239618802	-2.411810125525202e-10
13.93952837648257	-2.344628331974812e-10
13.96710435677712	-2.279318671531277e-10
13.99468033707167	-2.215829140020501e-10
14.02225631736622	-2.154108652162565e-10
14.04983229766077	-2.094108171498017e-10
14.07740827795532	-2.035779685423536e-10
14.10498425824987	-1.97907659232502e-10
14.13256023854442	-1.923953588234099e-10
14.16013621883897	-1.870366631506512e-10
14.18771219913352	-1.818272907704696e-10
14.21528817942807	-1.767630795452224e-10
14.24286415972262	-1.718399833234134e-10
14.27044014001717	-1.670540687117542e-10
14.29801612031172	-1.624015119367344e-10
14.32559210060627	-1.578785971206261e-10
14.35316808090082	-1.534817112743734e-10
14.38074406119537	-1.492073317869312e-10
14.40832004148992	-1.45052056115168e-10
14.43589602178447	-1.410125595700694e-10
14.46347200207902	-1.37085615087113e-10
14.49104798237357	-1.332680854210651e-10
14.51862396266812	-1.295569207599617e-10
14.54619994296267	-1.259491563040162e-10
14.57377592325722	-1.224419099007249e-10
14.60135190355177	-1.190323800358935e-10
14.62892788384632	-1.157178423937601e-10
14.65650386414087	-1.124956495079966e-10
14.68407984443542	-1.09363227431265e-10
14.71165582472997	-1.063180739759425e-10
14.73923180502452	-1.033577567141941e-10
14.76680778531907	-1.004799110336983e-10
14.79438376561362	-9.768223824748466e-11
14.82195974590817	-9.496250375638206e-11
14.84953572620272	-9.231853526261745e-11
14.87711170649727	-8.974822122641615e-11
14.90468768679182	-8.724950838195868e-11
14.93226366708637	-8.48204013095023e-11
14.95983964738092	-8.245896002991313e-11
14.98741562767547	-8.016329865285491e-11
15.01499160797002	-7.793158386873314e-11
15.04256758826457	-7.576203348265082e-11
15.07014356855912	-7.365291498920862e-11
15.09771954885368	-7.160254418701445e-11
15.12529552914823	-6.960928383179764e-11
15.15287150944278	-6.767154241911916e-11
15.18044748973733	-6.57877725315963e-11
15.20802347003188	-6.39564701823626e-11
15.23559945032643	-6.217617322359879e-11
15.26317543062098	-6.044546027296689e-11
15.29075141091553	-5.876294957677955e-11
15.31832739121008	-5.712729790486238e-11
15.34590337150463	-5.553719947622643e-11
15.37347935179918	-5.399138491469327e-11
15.40105533209373	-5.248862023363836e-11
15.42863131238828	-5.102770589327293e-11
15.45620729268283	-4.960747564177768e-11
15.48378327297738	-4.822679590502157e-11
15.51135925327193	-4.688456465452595e-11
15.53893523356648	-4.557971058000889e-11
15.56651121386103	-4.431119222011897e-11
15.59408719415558	-4.307799702469856e-11
15.62166317445013	-4.187914370699944e-11
15.64923915474468	-4.07136687092598e-11
15.67681513503923	-3.95806475747522e-11
15.70439111533378	-3.847917409613573e-11
15.73196709562833	-3.740837542980392e-11
15.75954307592288	-3.636738276694239e-11
15.78711905621743	-3.535537805537717e-11
15.81469503651198	-3.437155019325361e-11
15.84227101680653	-3.341511412849346e-11
15.86984699710108	-3.248530676094654e-11
15.89742297739563	-3.158138627353129e-11
15.92499895769018	-3.070263152993773e-11
15.95257493798473	-2.984834149562283e-11
15.98015091827928	-2.901783470748971e-11
16.00772689857383	-2.82104486120972e-11
16.03530287886838	-2.742553918847248e-11
16.06287885916293	-2.666248035647285e-11
16.09045483945748	-2.592066348476537e-11
16.11803081975203	-2.519949690473772e-11
16.14560680004658	-2.44984054376419e-11
16.17318278034113	-2.381682993482154e-11
16.20075876063568	-2.315422683072523e-11
16.22833474093023	-2.251006770837305e-11
16.25591072122478	-2.188383903296733e-11
16.28348670151933	-2.127504108122857e-11
16.31106268181388	-2.068318858600717e-11
16.33863866210843	-2.010780961755883e-11
16.36621464240298	-1.954844539736916e-11
16.39379062269753	-1.900464993125552e-11
16.42136660299208	-1.847598965286021e-11
16.44894258328663	-1.796204307712718e-11
16.47651856358118	-1.74624004634555e-11
16.50409454387573	-1.697666348825175e-11
16.53167052417028	-1.650444495517444e-11
16.55924650446483	-1.604536836884677e-11
16.58682248475938	-1.559906781152281e-11
16.61439846505393	-1.516518753219701e-11
16.64197444534848	-1.474338169082278e-11
16.66955042564303	-1.43333140411265e-11
16.69712640593758	-1.393465789472929e-11
16.72470238623213	-1.354709535623915e-11
16.75227836652668	-1.31703176093726e-11
16.77985434682123	-1.280402437859138e-11
16.80743032711578	-1.244792380634625e-11
16.83500630741033	-1.210173201901133e-11
16.86258228770488	-1.176517318668513e-11
16.89015826799943	-1.1437979119917e-11
16.91773424829398	-1.111988909361046e-11
16.94531022858853	-1.081064960220773e-11
16.97288620888308	-1.051001597523138e-11
17.00046218917763	-1.02177442448551e-11
17.02803816947218	-9.933605495961283e-12
17.05561414976673	-9.657372242481415e-12
17.08319013006128	-9.38882429382502e-12
17.11076611035583	-9.127747914911799e-12
17.13834209065038	-8.873935007487827e-12
17.16591807094493	-8.627183386092594e-12
17.19349405123948	-8.387296496482233e-12
17.22107003153403	-8.154083258689997e-12
17.24864601182858	-7.927357914462515e-12
17.27622199212313	-7.706939878949641e-12
17.30379797241768	-7.492653596529032e-12
17.33137395271223	-7.284328400649953e-12
17.35894993300678	-7.081798396452685e-12
17.38652591330133	-6.884902251622851e-12
17.41410189359588	-6.693483182728099e-12
17.44167787389043	-6.507388754498761e-12
17.46925385418498	-6.326470776540216e-12
17.49682983447953	-6.150585185074278e-12
17.52440581477408	-5.979591927998161e-12
17.55198179506863	-5.813354853197052e-12
17.57955777536318	-5.651741600105478e-12
17.60713375565773	-5.494623494743074e-12
17.63470973595228	-5.341875354452403e-12
17.66228571624683	-5.193375731796869e-12
17.68986169654139	-5.049006326274237e-12
17.71743767683594	-4.908652205475677e-12
17.74501365713049	-4.772201636999594e-12
17.77258963742504	-4.639545999290346e-12
17.80016561771959	-4.510579694969038e-12
17.82774159801414	-4.385200066583328e-12
17.85531757830869	-4.263307314707247e-12
17.88289355860324	-4.144804418324764e-12
17.91046953889779	-4.029597057932473e-12
17.93804551919234	-3.917593538403276e-12
17.96562149948689	-3.808704718426613e-12
17.99319747978144	-3.7028439379198e-12
18.02077346007599	-3.599926949221681e-12
18.04834944037054	-3.49987184989739e-12
18.07592542066509	-3.402599017415955e-12
18.10350140095964	-3.308031045648479e-12
18.13107738125419	-3.216092683136139e-12
18.15865336154874	-3.126710773078615e-12
18.18622934184329	-3.039814194563676e-12
18.21380532213784	-2.955333807634618e-12
18.24138130243239	-2.87320239543277e-12
18.26895728272694	-2.793354612426264e-12
18.29653326302149	-2.715726931856717e-12
18.32410924331604	-2.640257595088571e-12
18.35168522361059	-2.566886562369837e-12
18.37926120390514	-2.495555464964868e-12
18.40683718419969	-2.426207558620917e-12
18.43441316449424	-2.35878767833129e-12
18.46198914478879	-2.293242194041129e-12
18.48956512508334	-2.229518969198031e-12
18.51714110537789	-2.167567317219919e-12
18.54471708567244	-2.107337962400032e-12
18.57229306596699	-2.048783000310511e-12
18.59986904626154	-1.991855859620351e-12
18.62744502655609	-1.936511264977117e-12
18.65502100685064	-1.882705200922772e-12
18.68259698714519	-1.830394876814774e-12
18.71017296743974	-1.77953869272443e-12
18.73774894773429	-1.730096206032254e-12
18.76532492802884	-1.682028100233645e-12
18.79290090832339	-1.635296152045689e-12
18.82047688861794	-1.58986320198517e-12
18.84805286891249	-1.545693124505871e-12
18.87562884920704	-1.502750799214302e-12
18.90320482950159	-1.461002082887147e-12
18.93078080979614	-1.42041378226807e-12
18.95835679009069	-1.380953627622082e-12
18.98593277038524	-1.342590247026169e-12
19.01350875067979	-1.30529314249394e-12
19.04108473097434	-1.26903266169292e-12
19.06866071126889	-1.233779980097443e-12
19.09623669156344	-1.199507077663628e-12
19.12381267185799	-1.166186689269049e-12
19.15138865215254	-1.133792360379308e-12
19.17896463244709	-1.102298324522453e-12
19.20654061274164	-1.0716795505752e-12
19.23411659303619	-1.041911702120236e-12
19.26169257333074	-1.012971119557587e-12
19.28926855362529	-9.848347959371753e-13
19.31684453391984	-9.574803587634225e-13
19.34442051421439	-9.308861382496501e-13
19.37199649450894	-9.05030910685938e-13
19.39957247480349	-8.798941665966307e-13
19.42714845509804	-8.55455928584107e-13
19.45472443539259	-8.316967764263235e-13
19.48230041568714	-8.085978302758849e-13
19.50987639598169	-7.861407354687963e-13
19.53745237627624	-7.643076478741238e-13
19.56502835657079	-7.430812200258836e-13
19.59260433686534	-7.224445858473917e-13
19.62018031715989	-7.023813494886079e-13
19.64775629745444	-6.828755707248803e-13
19.67533227774899	-6.639117526591546e-13
19.70290825804354	-6.454748293862531e-13
19.73048423833809	-6.275501540006115e-13
19.75806021863264	-6.101234869379249e-13
19.78563619892719	-5.931809846413873e-13
19.81321217922174	-5.767091885435012e-13
19.84078815951629	-5.606950145069848e-13
19.86836413981084	-5.451257417881043e-13
19.89594012010539	-5.299890038572789e-13
19.92351610039994	-5.152727779326364e-13
19.95109208069449	-5.009653755656081e-13
19.97866806098904	-4.870554333398957e-13
20.00624404128359	-4.735319038293921e-13
20.03382002157814	-4.603840468078481e-13
20.06139600187269	-4.476014207032731e-13
20.08897198216724	-4.351738742902574e-13
20.11654796246179	-4.230915388457308e-13
20.14412394275634	-4.113448193348599e-13
20.17169992305089	-3.999243882558494e-13
20.19927590334544	-3.888211772304488e-13
20.22685188363999	-3.780263700354074e-13
20.25442786393454	-3.67531395591671e-13
20.2820038442291	-3.573279211518895e-13
20.30957982452365	-3.474078456868394e-13
20.3371558048182	-3.377632934901487e-13
20.36473178511275	-3.283866081451508e-13
20.3923077654073	-3.192703417670464e-13
20.41988374570185	-3.104072625955159e-13
20.4474597259964	-3.017903328655901e-13
20.47503570629095	-2.934127124097916e-13
20.5026116865855	-2.852677511402528e-13
20.53018766688005	-2.773489829735351e-13
20.5577636471746	-2.696501342214584e-13
20.58533962746915	-2.62165071055172e-13
20.6129156077637	-2.548878695462205e-13
20.64049158805825	-2.478127508679982e-13
20.6680675683528	-2.409340942758845e-13
20.69564354864735	-2.342464828495826e-13
20.7232195289419	-2.277445199107016e-13
20.75079550923645	-2.214231203875639e-13
20.778371489531	-2.152772482246061e-13
20.80594746982555	-2.093020261691066e-13
20.8335234501201	-2.034927131141633e-13
20.86109943041465	-1.978446998699305e-13
20.8886754107092	-1.923535054239801e-13
20.91625139100375	-1.870147733577518e-13
20.9438273712983	-1.818242692392658e-13
20.97140335159285	-1.76777873668631e-13
20.9989793318874	-1.718715845126505e-13
21.02655531218195	-1.671015100027795e-13
21.0541312924765	-1.624638665639029e-13
21.08170727277105	-1.579549758040696e-13
21.1092832530656	-1.535712615878628e-13
21.13685923336015	-1.493092471910882e-13
21.1644352136547	-1.451655525345296e-13
21.19201119394925	-1.411368914945852e-13
21.2195871742438	-1.372200767622297e-13
21.24716315453835	-1.334119862501657e-13
21.2747391348329	-1.297096085162205e-13
21.30231511512745	-1.261100079872078e-13
21.329891095422	-1.226103306726017e-13
21.35746707571655	-1.192078018897273e-13
21.3850430560111	-1.158997240534251e-13
21.41261903630565	-1.126834745282285e-13
21.4401950166002	-1.095565035411823e-13
21.46777099689475	-1.065163321535322e-13
21.4953469771893	-1.035605764541525e-13
21.52292295748385	-1.006868158074312e-13
21.5504989377784	-9.789284791440857e-14
21.57807491807295	-9.517643428129348e-14
21.6056508983675	-9.25354211432456e-14
21.63322687866205	-8.996771491540726e-14
21.6608028589566	-8.747128022319651e-14
21.68837883925115	-8.504413823954634e-14
21.7159548195457	-8.26843651019859e-14
21.74353079984025	-8.039009038141183e-14
21.7711067801348	-7.815949609917881e-14
21.79868276042935	-7.599081319147879e-14
21.8262587407239	-7.388232333224473e-14
21.85383472101845	-7.183235538660965e-14
21.881410701313	-6.983928462798868e-14
21.90898668160755	-6.790153144842201e-14
21.9365626619021	-6.601756010483978e-14
21.96413864219665	-6.418587750024232e-14
21.9917146224912	-6.240503199881815e-14
22.01929060278575	-6.067361227404978e-14
22.0468665830803	-5.899024630693114e-14
22.07444256337485	-5.735359980602445e-14
22.1020185436694	-5.576237590849281e-14
22.12959452396395	-5.42153136365682e-14
22.1571705042585	-5.271118702548399e-14
22.18474648455305	-5.124880415094581e-14
22.2123224648476	-4.982700618367095e-14
22.23989844514215	-4.844466647023656e-14
22.2674744254367	-4.710068963949831e-14
22.29505040573125	-4.579401073386444e-14
22.3226263860258	-4.452359435684864e-14
22.35020236632035	-4.328843387888174e-14
22.3777783466149	-4.208755060696107e-14
22.40535432690945	-4.091999302576807e-14
22.432930307204	-3.978483604138909e-14
22.46050628749855	-3.868118025233716e-14
22.4880822677931	-3.760815125650158e-14
22.51565824808765	-3.656489913378016e-14
22.5432342283822	-3.555059324157326e-14
22.57081020867675	-3.456443922944351e-14
22.5983861889713	-3.360564862250293e-14
22.62596216926585	-3.267346307244925e-14
22.6535381495604	-3.176714450955126e-14
22.68111412985495	-3.088597492306481e-14
22.7086901101495	-3.002925623759905e-14
22.73626609044405	-2.91963097595322e-14
22.7638420707386	-2.838647563881866e-14
22.79141805103315	-2.759911234575009e-14
22.8189940313277	-2.683359616224998e-14
22.84657001162225	-2.608932068729499e-14
22.87414599191681	-2.53656963493173e-14
22.90172197221136	-2.466214996660624e-14
22.92929795250591	-2.397812425005422e-14
22.95687393280046	-2.331307738995316e-14
22.98444991309501	-2.26664826192618e-14
23.01202589338956	-2.203782779590604e-14
23.03960187368411	-2.142661499667592e-14
23.06717785397866	-2.083236012239729e-14
23.09475383427321	-2.025459251406503e-14
23.12232981456776	-1.969285457963391e-14
23.14990579486231	-1.914670158076507e-14
23.17748177515686	-1.861570061684704e-14
23.20505775545141	-1.809943140405951e-14
23.23263373574596	-1.759748507003103e-14
23.26020971604051	-1.710946410679373e-14
23.28778569633506	-1.663498204526784e-14
23.31536167662961	-1.617366314661363e-14
23.34293765692416	-1.572514210362703e-14
23.37051363721871	-1.528906375082752e-14
23.39808961751326	-1.486508278273262e-14
23.42566559780781	-1.445286348609519e-14
23.45324157810236	-1.405207944810804e-14
23.48081755839691	-1.366241333764333e-14
23.50839353869146	-1.328355662602636e-14
23.53596951898601	-1.29152093494186e-14
23.56354549928056	-1.255707987098788e-14
23.59112147957511	-1.220888464968327e-14
23.61869745986966	-1.18703480154313e-14
23.64627344016421	-1.154120195057528e-14
23.67384942045876	-1.122118587738441e-14
23.70142540075331	-1.091004645264537e-14
23.72900138104786	-1.060753736195649e-14
23.75657736134241	-1.03134191318371e-14
23.78415334163696	-1.002745893496059e-14
23.81172932193151	-9.749430406784512e-15
23.83930530222606	-9.47911346609832e-15
23.86688128252061	-9.216294140555114e-15
23.89445726281516	-8.960764397048916e-15
23.92203324310971	-8.712321976802977e-15
23.94960922340426	-8.470770235038244e-15
23.97718520369881	-8.23591798997966e-15
24.00476118399336	-8.007579351808881e-15
24.03233716428791	-7.785573604007285e-15
24.05991314458246	-7.569725041549173e-15
24.08748912487701	-7.359862836063135e-15
24.11506510517156	-7.155820900379118e-15
24.14264108546611	-6.957437756768308e-15
24.17021706576066	-6.764556408636412e-15
24.19779304605521	-6.577024215004626e-15
24.22536902634976	-6.39469276413517e-15
24.25294500664431	-6.217417907596086e-15
24.28052098693886	-6.045059150026858e-15
24.30809696723341	-5.877480201465063e-15
24.33567294752796	-5.714548460978576e-15
24.36324892782251	-5.556135007636957e-15
24.39082490811706	-5.402114498329933e-15
24.41840088841161	-5.252365068432132e-15
24.44597686870616	-5.10676823523002e-15
24.47355284900071	-4.965208804032441e-15
24.50112882929526	-4.827574776889387e-15
24.52870480958981	-4.69375701980938e-15
24.55628078988436	-4.563650376283124e-15
24.58385677017891	-4.437151236969791e-15
24.61143275047346	-4.314159731219203e-15
24.63900873076801	-4.194578567417768e-15
24.66658471106256	-4.078313149522586e-15
24.69416069135711	-3.965271505651278e-15
24.72173667165166	-3.855364215768644e-15
24.74931265194621	-3.748504340987788e-15
24.77688863224076	-3.644607354743686e-15
24.80446461253531	-3.54359108252433e-15
24.83204059282986	-3.445375606716809e-15
24.85961657312441	-3.349883255224267e-15
24.88719255341896	-3.257038498486535e-15
24.91476853371351	-3.16676790335731e-15
24.94234451400806	-3.079000074345819e-15
24.96992049430261	-2.993665596938699e-15
24.99749647459716	-2.910696982579407e-15
25.02507245489171	-2.830028615198056e-15
25.05264843518626	-2.751596699233592e-15
25.08022441548081	-2.675339222864492e-15
25.10780039577536	-2.601195832977774e-15
25.13537637606991	-2.529107958501529e-15
25.16295235636446	-2.45901856462776e-15
25.19052833665901	-2.390872231046166e-15
25.21810431695356	-2.324615072305455e-15
25.24568029724811	-2.26019469759043e-15
25.27325627754266	-2.19756016946064e-15
25.30083225783721	-2.136661963561372e-15
25.32840823813176	-2.077451929420902e-15
25.35598421842631	-2.019883251987262e-15
25.38356019872086	-1.963910415980033e-15
25.41113617901541	-1.909489167646635e-15
25.43871215930996	-1.85657648122749e-15
25.46628813960452	-1.805130524509167e-15
25.49386411989907	-1.755110625702584e-15
25.52144010019362	-1.70647724124072e-15
25.54901608048817	-1.659191924470272e-15
25.57659206078272	-1.613217295212466e-15
25.60416804107727	-1.568517010168843e-15
25.63174402137182	-1.525055733917825e-15
25.65932000166637	-1.48279911186777e-15
25.68689598196092	-1.441713741686334e-15
25.71447196225547	-1.4017671477504e-15
25.74204794255002	-1.362927755222287e-15
25.76962392284457	-1.325164865054768e-15
25.79719990313912	-1.288448629689723e-15
25.82477588343367	-1.25275002943104e-15
25.85235186372822	-1.218040849472749e-15
25.87992784402277	-1.184293657563567e-15
25.90750382431732	-1.151481849407389e-15
25.93507980461187	-1.119579242256028e-15
25.96265578490642	-1.088560955602559e-15
25.99023176520097	-1.058402305124944e-15
26.01780774549552	-1.029079476960305e-15
26.04538372579007	-1.000569301284523e-15
26.07295970608462	-9.728492491357953e-16
26.10053568637917	-9.4589741594546e-16
26.12811166667372	-9.196925044882585e-16
26.15568764696827	-8.942138081144971e-16
26.18326362726282	-8.694411931900785e-16
26.21083960755737	-8.453550882634091e-16
26.23841558785192	-8.219364605870259e-16
26.26599156814647	-7.99166806603941e-16
26.29356754844102	-7.770281358891848e-16
26.32114352873557	-7.555029569144726e-16
26.34871950903012	-7.345742632079563e-16
26.37629548932467	-7.142255198980961e-16
26.40387146961922	-6.944406506309799e-16
26.43144744991377	-6.752040248507245e-16
26.45902343020832	-6.565004449968297e-16
26.48659941050287	-6.383151362498071e-16
26.51417539079742	-6.206337321899334e-16
26.54175137109197	-6.034422651740634e-16
26.56932735138652	-5.867271548620706e-16
26.59690333168107	-5.704751974739147e-16
26.62447931197562	-5.546735553450878e-16
26.65205529227017	-5.393097467724512e-16
26.67963127256472	-5.243716361431657e-16
26.70720725285927	-5.098474243410629e-16
26.73478323315382	-4.957256356269833e-16
26.76235921344837	-4.819951231926469e-16
26.78993519374292	-4.686450390638098e-16
26.81751117403747	-4.556648392570503e-16
26.84508715433202	-4.43044272129686e-16
26.87266313462657	-4.307733702709936e-16
26.90023911492112	-4.188424426186106e-16
26.92781509521567	-4.072420667937892e-16
26.95539107551022	-3.959630816493827e-16
26.98296705580477	-3.849965800246321e-16
27.01054303609932	-3.743339016712215e-16
27.03811901639387	-3.639666265285474e-16
27.06569499668842	-3.538865678731778e-16
27.09327097698297	-3.440857659752592e-16
27.12084695727752	-3.345564817715651e-16
27.14842293757207	-3.252911907457862e-16
27.17599891786662	-3.162825769785993e-16
27.20357489816117	-3.075235273628026e-16
27.23115087845572	-2.990071259789356e-16
27.25872685875027	-2.90726648626931e-16
27.28630283904482	-2.826755542985902e-16
27.31387881933937	-2.748475109034292e-16
27.34145479963392	-2.6723628562009e-16
27.36903077992847	-2.598359126801666e-16
27.39660676022302	-2.526405381922813e-16
27.42418274051757	-2.45644481196208e-16
27.45175872081212	-2.388422185414602e-16
27.47933470110667	-2.32228380238044e-16
27.50691068140122	-2.257977451653259e-16
27.53448666169577	-2.195452369324501e-16
27.56206264199032	-2.134659203236252e-16
27.58963862228487	-2.075549955565487e-16
27.61721460257942	-2.018077972167104e-16
27.64479058287397	-1.962197887766161e-16
27.67236656316852	-1.907865594335738e-16
27.69994254346307	-1.855038207937477e-16
27.72751852375762	-1.803674029476855e-16
27.75509450405217	-1.753732519495025e-16
27.78267048434672	-1.705174260399415e-16
27.81024646464127	-1.657960927304477e-16
27.83782244493582	-1.612055254023434e-16
27.86539842523037	-1.567421018042354e-16
27.89297440552492	-1.524022989777072e-16
27.92055038581947	-1.481826919787094e-16
27.94812636611402	-1.440799507999121e-16
27.97570234640857	-1.400908378096955e-16
28.00327832670312	-1.362122091574294e-16
28.03085430699767	-1.324409895627407e-16
28.05843028729223	-1.287742192647426e-16
28.08600626758678	-1.252089985869613e-16
28.11358224788133	-1.217425144309268e-16
28.14115822817588	-1.183720314724842e-16
28.16873420847043	-1.150948902345551e-16
28.19631018876498	-1.119085049013561e-16
28.22388616905953	-1.088103613139741e-16
28.25146214935408	-1.057980149843613e-16
28.27903812964863	-1.028690891641688e-16
28.30661410994318	-1.000212729670401e-16
28.33419009023773	-9.725231954293539e-17
28.36176607053228	-9.456004430306001e-17
28.38934205082683	-9.194232316284072e-17
28.41691803112138	-8.939709099319848e-17
28.44449401141593	-8.692233979000485e-17
28.47206999171048	-8.451611722225709e-17
28.49964597200503	-8.217652505636071e-17
28.52722195229958	-7.990171765663529e-17
28.55479793259413	-7.768990052739813e-17
28.58237391288868	-7.553932889547256e-17
28.60994989318323	-7.344830633199914e-17
28.63752587347778	-7.141518341246037e-17
28.66510185377233	-6.943835650869187e-17
28.69267783406688	-6.751626613143016e-17
28.72025381436143	-6.564739629519986e-17
28.74782979465598	-6.383027292233056e-17
28.77540577495053	-6.206346277692705e-17
28.80298175524508	-6.03455723328716e-17
28.83055773553963	-5.867524667321467e-17
28.85813371583418	-5.705116842008386e-17
28.88570969612873	-5.547205669426358e-17
28.91328567642328	-5.393666610362251e-17
28.94086165671783	-5.244378567756871e-17
28.96843763701238	-5.099223824837938e-17
28.99601361730693	-4.958087900686813e-17
29.02358959760148	-4.820859494172414e-17
29.05116557789603	-4.687430387612815e-17
29.07874155819058	-4.557695361325452e-17
29.10631753848513	-4.431552110546085e-17
29.13389351877968	-4.308901164650756e-17
29.16146949907423	-4.189645808616934e-17
29.18904547936878	-4.073692006661701e-17
29.21662145966333	-3.960948326487379e-17
29.24419743995788	-3.8513258727884e-17
29.27177342025243	-3.744738209224047e-17
29.29934940054698	-3.641101294998259e-17
29.32692538084153	-3.54033341748231e-17
29.35450136113608	-3.442355127899492e-17
29.38207734143063	-3.347089179299776e-17
29.40965332172518	-3.254460469414309e-17
29.43722930201973	-3.164396054821386e-17
29.46480528231428	-3.07682450816455e-17
29.49238126260883	-2.99167740948084e-17
29.51995724290338	-2.908887267312137e-17
29.54753322319793	-2.828388889554882e-17
29.57510920349248	-2.750118817227795e-17
29.60268518378703	-2.67401534908209e-17
29.63026116408158	-2.600018492899035e-17
29.65783714437613	-2.528069918137281e-17
29.68541312467068	-2.458112909892544e-17
29.71298910496523	-2.390092324133317e-17
29.74056508525978	-2.323954544177202e-17
29.76814106555433	-2.25964743606191e-17
29.79571704584888	-2.197120317191794e-17
29.82329302614343	-2.136323900815474e-17
29.85086900643798	-2.077210268038318e-17
29.87844498673253	-2.019732827128893e-17
29.90602096702708	-1.963846276752734e-17
29.93359694732163	-1.909506570223443e-17
29.96117292761618	-1.856670880743867e-17
29.98874890791073	-1.805297567610295e-17
30.01632488820528	-1.755346143353102e-17
30.04390086849983	-1.70677724157635e-17
30.07147684879438	-1.659552586773296e-17
30.09905282908893	-1.613634962767979e-17
30.12662880938348	-1.568988184267144e-17
30.15420478967803	-1.525577068079465e-17
30.18178076997258	-1.483367405354872e-17
30.20935675026713	-1.44232593459317e-17
30.23693273056168	-1.402420315400628e-17
30.26450871085623	-1.363619102973784e-17
30.29208469115078	-1.325891723290342e-17
30.31966067144533	-1.289208449198431e-17
30.34723665173988	-1.253540376096234e-17
30.37481263203443	-1.218859400448787e-17
30.40238861232898	-1.18513819673671e-17
30.42996459262353	-1.152350196115489e-17
30.45754057291808	-1.120469565455633e-17
30.48511655321263	-1.08947118696361e-17
30.51269253350718	-1.059330638367476e-17
30.54026851380173	-1.030024173651519e-17
30.56784449409628	-1.001528704324727e-17
30.59542047439083	-9.7382178113413e-18
30.62299645468539	-9.468815766610651e-18
30.65057243497994	-9.20686867642065e-18
30.67814841527449	-8.952170185356186e-18
30.70572439556904	-8.704519651704239e-18
30.73330037586359	-8.463721989199675e-18
30.76087635615814	-8.229587513155641e-18
30.78845233645269	-8.001931790856946e-18
30.81602831674724	-7.780575496098408e-18
30.84360429704179	-7.565344267753125e-18
30.87118027733634	-7.356068561854471e-18
30.89875625763089	-7.152583557915127e-18
30.92633223792544	-6.954728971776688e-18
30.95390821821999	-6.762348965693045e-18
30.98148419851454	-6.575292018604116e-18
31.00906017880909	-6.393410916096567e-18
31.03663615910364	-6.216562016724898e-18
31.06421213939819	-6.044606468086086e-18
31.09178811969274	-5.877408679490867e-18
31.11936409998729	-5.71483697655423e-18
31.14694008028184	-5.556763337465374e-18
31.17451606057639	-5.403063250433635e-18
31.20209204087094	-5.253615687086376e-18
31.22966802116549	-5.108302956350396e-18
31.25724400146004	-4.967010625279749e-18
31.28481998175459	-4.829627428831591e-18
31.31239596204914	-4.696045182141228e-18
31.33997194234369	-4.566158695227157e-18
31.36754792263824	-4.439865690058785e-18
31.39512390293279	-4.317066719921305e-18
31.42269988322734	-4.197665090506136e-18
31.45027586352189	-4.081566785791412e-18
31.47785184381644	-3.968680390668546e-18
31.50542782411099	-3.858917021077611e-18
31.53300380440554	-3.752190253390337e-18
31.56057978470009	-3.648416056281767e-18
31.58815576499464	-3.547512724488882e-18
31.61573174528919	-3.449400814403921e-18
31.64330772558374	-3.354003081451587e-18
31.67088370587829	-3.261244419200706e-18
31.69845968617284	-3.171051800162327e-18
31.72603566646739	-3.083354218227492e-18
31.75361164676194	-2.99808263269929e-18
31.78118762705649	-2.91516991387502e-18
31.80876360735104	-2.834550790135512e-18
31.83633958764559	-2.756161796499859e-18
31.86391556794014	-2.679941224604957e-18
31.89149154823469	-2.60582907407039e-18
31.91906752852924	-2.533767005210272e-18
31.94664350882379	-2.463698293054735e-18
31.97421948911834	-2.395567782644782e-18
32.00179546941289	-2.329321845565227e-18
32.02937144970744	-2.264908337681421e-18
32.05694743000199	-2.20227655804643e-18
32.08452341029654	-2.141377208946212e-18
32.11209939059109	-2.082162357051306e-18
32.13967537088564	-2.024585395644342e-18
32.16725135118019	-1.968601007893598e-18
32.19482733147474	-1.914165131143615e-18
32.22240331176929	-1.861234922194688e-18
