0
1000	105.6583745	100000000000000.1
5	0	0	1
5	0	0	0
4.673998997513734	0.01805026088798154
4.701574977808284	0.01803829005170016
4.729150958102834	0.01802458763880927
4.756726938397384	0.01800933226340525
4.784302918691934	0.01799287187991564
4.811878898986484	0.01797530398845021
4.839454879281035	0.01795672857295524
4.867030859575585	0.01793740733457432
4.894606839870135	0.01791732812304309
4.922182820164685	0.01789659442018935
4.949758800459235	0.0178754039177562
4.977334780753785	0.01785369205249505
5.004910761048335	0.01783167885817901
5.032486741342885	0.0178091482876943
5.060062721637435	0.0177863018670288
5.087638701931986	0.01776313618814528
5.115214682226536	0.01773971284952155
5.142790662521086	0.01771598148188583
5.170366642815636	0.01769212165103689
5.197942623110186	0.01766804673259445
5.225518603404736	0.01764389648793096
5.253094583699286	0.01761950903095645
5.280670563993836	0.01759502442181395
5.308246544288386	0.01757042465841042
5.335822524582936	0.01754592753543574
5.363398504877487	0.01752110042135886
5.390974485172037	0.01749617093210168
5.418550465466587	0.01747116036648217
5.446126445761137	0.01744605826012671
5.473702426055687	0.01742089665936592
5.501278406350237	0.01739563177640156
5.528854386644787	0.01737036689540729
5.556430366939337	0.01734501677277688
5.584006347233887	0.01731969825390222
5.611582327528438	0.01729434111512524
5.639158307822988	0.01726897210822029
5.666734288117538	0.01724357857646884
5.694310268412088	0.01721820861802677
5.721886248706638	0.01719299491676979
5.749462229001188	0.01716746383739169
5.777038209295738	0.01714209205469434
5.804614189590288	0.01711674882793572
5.832190169884838	0.0170914211938538
5.859766150179389	0.01706604525146736
5.887342130473939	0.01704077693135357
5.914918110768489	0.01701547304674227
5.942494091063039	0.01699030921732087
5.970070071357589	0.01696515380228508
5.997646051652139	0.01694003943595751
6.025222031946689	0.01691496827099616
6.052798012241239	0.01688994536246144
6.080373992535789	0.01686496535394918
6.107949972830339	0.01684005042443296
6.13552595312489	0.01681516215218073
6.16310193341944	0.01679033919218269
6.19067791371399	0.01676556358052398
6.21825389400854	0.01674076981124633
6.24582987430309	0.01671610043042365
6.27340585459764	0.01669149359865582
6.30098183489219	0.01666695628169864
6.32855781518674	0.01664247435841692
6.35613379548129	0.01661805082412816
6.383709775775841	0.01659368852353007
6.411285756070391	0.01656938296452009
6.438861736364941	0.0165451252982738
6.466437716659491	0.01652093085405759
6.494013696954041	0.0164968069689074
6.521589677248591	0.01647273477158157
6.549165657543141	0.01644867084342446
6.576741637837691	0.01642470081278843
6.604317618132241	0.01640078007993949
6.631893598426791	0.01637695097429936
6.659469578721342	0.01635317709078108
6.687045559015892	0.01632946306682304
6.714621539310442	0.01630572409633093
6.742197519604992	0.016282217889765
6.769773499899542	0.01625868667290684
6.797349480194092	0.01623521293964777
6.824925460488642	0.01621179336322022
6.852501440783192	0.0161884500165238
6.880077421077742	0.01616507713649046
6.907653401372293	0.01614186811277674
6.935229381666843	0.01611863936772282
6.962805361961393	0.01609553590825572
6.990381342255943	0.01607249083999334
7.017957322550493	0.01604950992111809
7.045533302845043	0.01602659035194942
7.073109283139593	0.0160037309726801
7.100685263434143	0.01598093105037057
7.128261243728693	0.01595818962273979
7.155837224023244	0.01593550543918525
7.183413204317794	0.01591281281645261
7.210989184612344	0.01589025081988807
7.238565164906894	0.01586771773557717
7.266141145201444	0.01584527976651441
7.293717125495994	0.01582289213594311
7.321293105790544	0.01580056449702314
7.348869086085094	0.01577829281647931
7.376445066379644	0.01575607595843688
7.404021046674194	0.01573391262026339
7.431597026968745	0.01571180187320048
7.459173007263295	0.01568974203017688
7.486748987557845	0.01566773632900239
7.514324967852395	0.01564573080939503
7.541900948146945	0.01562378693794419
7.569476928441495	0.01560192843806001
7.597052908736045	0.01558012396300642
7.624628889030595	0.01555837091027028
7.652204869325145	0.01553667023756137
7.679780849619696	0.01551501915260614
7.707356829914246	0.01549341701126626
7.734932810208796	0.01547186344816833
7.762508790503346	0.01545035691744139
7.790084770797896	0.01542889788683554
7.817660751092446	0.01540748639409468
7.845236731386996	0.01538605305632379
7.872812711681546	0.01536474953852408
7.900388691976096	0.01534348183446574
7.927964672270646	0.01532226099997415
7.955540652565197	0.01530108239035097
7.983116632859747	0.01527994686923586
8.010692613154298	0.01525884997278365
8.038268593448848	0.01523779053580763
8.065844573743398	0.01521676681792321
8.093420554037948	0.0151957770934434
8.120996534332498	0.0151748233228938
8.148572514627048	0.01515389604458159
8.176148494921598	0.01513298479928763
8.203724475216148	0.01511213474087944
8.231300455510699	0.01509129186839175
8.258876435805249	0.015070475756029
8.286452416099799	0.01504968351654883
8.314028396394349	0.01502891661564688
8.341604376688899	0.01500817179304227
8.369180356983449	0.0149874491635682
8.396756337277999	0.01496674719279443
8.424332317572549	0.01494606554999789
8.451908297867099	0.01492540305997391
8.47948427816165	0.01490475790252016
8.5070602584562	0.01488413745204719
8.53463623875075	0.01486352722242245
8.5622122190453	0.01484293501627365
8.58978819933985	0.01482235835680261
8.6173641796344	0.0148017983751909
8.64494015992895	0.01478125234266591
8.6725161402235	0.01476072084199917
8.70009212051805	0.01474020314220485
8.7276681008126	0.01471969877869804
8.755244081107151	0.01469920692483546
8.782820061401701	0.01467872604889177
8.810396041696251	0.01465826774534488
8.837972021990801	0.01463780842185488
8.865548002285351	0.01461736396045627
8.893123982579901	0.01459692973748808
8.920699962874451	0.01457650782719057
8.948275943169001	0.01455609572995838
8.975851923463551	0.01453569371791569
9.003427903758102	0.01451530139213087
9.031003884052652	0.01449491838741914
9.058579864347202	0.01447454430195014
9.086155844641752	0.01445417696162727
9.113731824936302	0.01443382882120782
9.141307805230852	0.01441347906030207
9.168883785525402	0.01439313981722623
9.196459765819952	0.01437280778722078
9.224035746114502	0.01435248512133568
9.251611726409052	0.01433217010640779
9.279187706703603	0.01431186269094858
9.306763686998153	0.01429156270297189
9.334339667292703	0.01427126994318397
9.361915647587253	0.01425098400078381
9.389491627881803	0.01423065374109101
9.417067608176353	0.01421043683964399
9.444643588470903	0.01419017169672755
9.472219568765453	0.01416991394291125
9.499795549060003	0.01414966292696238
9.527371529354554	0.01412941855482309
9.554947509649104	0.01410918055084477
9.582523489943654	0.01408894892080416
9.610099470238204	0.01406872351250271
9.637675450532754	0.01404850401633513
9.665251430827304	0.01402828687557952
9.692827411121854	0.01400808891740824
9.720403391416404	0.01398788695512819
9.747979371710954	0.01396769232746752
9.775555352005505	0.01394750331188999
9.803131332300055	0.01392732128121766
9.830707312594605	0.01390714532086121
9.858283292889155	0.0138869752032644
9.885859273183705	0.01386681112133881
9.913435253478255	0.01384665299746506
9.941011233772805	0.01382650082109208
9.968587214067355	0.01380635459308474
9.996163194361905	0.01378621430880017
10.02373917465646	0.01376607999788457
10.05131515495101	0.01374595186694337
10.07889113524556	0.01372582947861024
10.10646711554011	0.01370571301434835
10.13404309583466	0.01368560252419722
10.16161907612921	0.01366549801423591
10.18919505642376	0.01364539952023428
10.21677103671831	0.01362530705271321
10.24434701701286	0.01360522066107446
10.27192299730741	0.0135851403551174
10.29949897760196	0.01356506614963928
10.32707495789651	0.01354499827430461
10.35465093819106	0.0135249363305498
10.38222691848561	0.01350488074022232
10.40980289878016	0.01348483133034518
10.43737887907471	0.01346478820115403
10.46495485936926	0.01344475136648972
10.49253083966381	0.01342472092957254
10.52010681995836	0.01340469688791735
10.54768280025291	0.01338467929535618
10.57525878054746	0.01336466819805371
10.60283476084201	0.01334466374198783
10.63041074113656	0.01332466574742329
10.65798672143111	0.01330467434472283
10.68556270172566	0.01328468979099748
10.71313868202021	0.01326471328411642
10.74071466231476	0.01324474071475329
10.76829064260931	0.01322477639009616
10.79586662290386	0.01320481890504891
10.82344260319841	0.01318486842956452
10.85101858349296	0.01316492489088547
10.87859456378751	0.01314498844811266
10.90617054408206	0.01312505898545412
10.93374652437661	0.01310513665109874
10.96132250467116	0.0130852215060065
10.98889848496571	0.01306531368237275
11.01647446526026	0.01304541308812714
11.04405044555481	0.01302551982145288
11.07162642584936	0.01300563393636085
11.09920240614391	0.01298575549404337
11.12677838643846	0.01296588450945606
11.15435436673301	0.01294602105015962
11.18193034702756	0.01292616518179668
11.20950632732211	0.01290631692996604
11.23708230761666	0.01288647636803305
11.26465828791121	0.01286664363355228
11.29223426820576	0.01284681859849054
11.31981024850031	0.01282700136584281
11.34738622879486	0.01280719199608153
11.37496220908941	0.01278739048177831
11.40253818938396	0.01276759697704712
11.43011416967851	0.01274781136220251
11.45769014997306	0.01272803385165197
11.48526613026761	0.01270826435795073
11.51284211056216	0.01268850296928405
11.54041809085671	0.01266874982584272
11.56799407115126	0.01264900479003531
11.59557005144581	0.01262926796428578
11.62314603174036	0.01260953937834381
11.65072201203491	0.01258981906861185
11.67829799232946	0.01257010709729703
11.70587397262401	0.01255040340436813
11.73344995291856	0.01253070800834975
11.76102593321311	0.01251102117860941
11.78860191350766	0.01249134275782284
11.81617789380221	0.01247167281766014
11.84375387409676	0.01245201134475143
11.87132985439131	0.01243235837821835
11.89890583468586	0.01241271395115699
11.92648181498041	0.01239307807261807
11.95405779527496	0.01237345078661712
11.98163377556951	0.0123538320877646
12.00920975586406	0.01233422201276422
12.03678573615861	0.01231462062547548
12.06436171645316	0.0122950279819188
12.09193769674771	0.01227544396962166
12.11951367704226	0.0122558686584823
12.14708965733681	0.01223630200025371
12.17466563763136	0.01221674423994726
12.20224161792591	0.0121971951508336
12.22981759822046	0.01217765485080518
12.25739357851501	0.01215812330458901
12.28496955880956	0.01213860058254846
12.31254553910411	0.01211908671170563
12.34012151939866	0.01209958169921532
12.36769749969321	0.01208008548439021
12.39527347998776	0.01206059811864816
12.42284946028231	0.01204111960679473
12.45042544057686	0.01202164996882002
12.47800142087141	0.01200218921528454
12.50557740116597	0.01198273734043356
12.53315338146052	0.01196329435989425
12.56072936175507	0.01194386031459943
12.58830534204962	0.01192443519968669
12.61588132234417	0.01190501894700488
12.64345730263872	0.01188561162727137
12.67103328293327	0.01186621323350049
12.69860926322782	0.01184682376732567
12.72618524352237	0.01182744322285047
12.75376122381692	0.01180807164830017
12.78133720411147	0.01178870900208025
12.80891318440602	0.01176935529800581
12.83648916470057	0.01175001062277675
12.86406514499512	0.0117306745200817
12.89164112528967	0.01171134799689783
12.91921710558422	0.01169203012034809
12.94679308587877	0.01167272118572171
12.97436906617332	0.01165342121824936
13.00194504646787	0.01163413018521851
13.02952102676242	0.0116148481388569
13.05709700705697	0.01159557501660847
13.08467298735152	0.0115763108667652
13.11224896764607	0.01155705567256247
13.13982494794062	0.01153780941481638
13.16740092823517	0.01151857213019258
13.19497690852972	0.01149934376955124
13.22255288882427	0.01148012436947471
13.25012886911882	0.01146091390344742
13.27770484941337	0.01144171236658524
13.30528082970792	0.0114225197822149
13.33285681000247	0.01140333616613062
13.36043279029702	0.01138416142114628
13.38800877059157	0.01136499560750447
13.41558475088612	0.01134583875281487
13.44316073118067	0.01132669080325814
13.47073671147522	0.01130755177739793
13.49831269176977	0.01128842165588097
13.52588867206432	0.01126930043501758
13.55346465235887	0.01125018813382323
13.58104063265342	0.01123108472064278
13.60861661294797	0.01121199024510345
13.63619259324252	0.01119290460473161
13.66376857353707	0.01117382782736966
13.69134455383162	0.01115475995791433
13.71892053412617	0.01113570096260932
13.74649651442072	0.01111665070435796
13.77407249471527	0.01109760957033264
13.80164847500982	0.01107857714996747
13.82922445530437	0.01105955358424011
13.85680043559892	0.01104053886736502
13.88437641589347	0.01102153297442959
13.91195239618802	0.01100253593366304
13.93952837648257	0.01098354769977675
13.96710435677712	0.01096456829727069
13.99468033707167	0.01094559768330259
14.02225631736622	0.01092663588647503
14.04983229766077	0.01090768289864301
14.07740827795532	0.01088873864989286
14.10498425824987	0.01086980327643917
14.13256023854442	0.01085087668066764
14.16013621883897	0.01083195875205652
14.18771219913352	0.01081304964961978
14.21528817942807	0.01079414929672879
14.24286415972262	0.01077525769286626
14.27044014001717	0.01075637490017988
14.29801612031172	0.01073750070954555
14.32559210060627	0.01071863530208747
14.35316808090082	0.01069977862229401
14.38074406119537	0.01068093065774084
14.40832004148992	0.01066209103361776
14.43589602178447	0.01064326084137714
14.46347200207902	0.01062443896421172
14.49104798237357	0.01060562577192647
14.51862396266812	0.01058682125394412
14.54619994296267	0.0105680254009548
14.57377592325722	0.0105492382030851
14.60135190355177	0.01053045967261709
14.62892788384632	0.0105116897732691
14.65650386414087	0.01049292851081044
14.68407984443542	0.01047417588257088
14.71165582472997	0.01045543186737913
14.73923180502452	0.01043669646430555
14.76680778531907	0.01041796966532071
14.79438376561362	0.01039925145299749
14.82195974590817	0.0103805418503723
14.84953572620272	0.01036184081148303
14.87711170649727	0.01034314834939154
14.90468768679182	0.01032446444710588
14.93226366708637	0.01030578911020016
14.95983964738092	0.01028712229670251
14.98741562767547	0.01026846405361027
15.01499160797002	0.01024981448933456
15.04256758826457	0.01023117312083535
15.07014356855912	0.01021254043473589
15.09771954885368	0.01019391625581281
15.12529552914823	0.01017530056654336
15.15287150944278	0.01015669336814292
15.18044748973733	0.01013809467118055
15.20802347003188	0.01011950443232525
15.23559945032643	0.01010092266066685
15.26317543062098	0.01008234934691169
15.29075141091553	0.01006378448001765
15.31832739121008	0.01004522806843237
15.34590337150463	0.01002668007510298
15.37347935179918	0.01000814050849657
15.40105533209373	0.009989609364436979
15.42863131238828	0.009971086623871269
15.45620729268283	0.009952572279442158
15.48378327297738	0.009934066331914846
15.51135925327193	0.009915568773952334
15.53893523356648	0.009897079578208104
15.56651121386103	0.009878598768768638
15.59408719415558	0.009860126306287856
15.62166317445013	0.009841662201411678
15.64923915474468	0.00982320643125166
15.67681513503923	0.009804758999814533
15.70439111533378	0.009786319893513317
15.73196709562833	0.009767889110340775
15.75954307592288	0.009749466704263037
15.78711905621743	0.009731052464532115
15.81469503651198	0.009712646578300847
15.84227101680653	0.009694248998519162
15.86984699710108	0.009675859679336452
15.89742297739563	0.009657478631738728
15.92499895769018	0.009639105853232825
15.95257493798473	0.009620741319516004
15.98015091827928	0.009602384932872004
16.00772689857383	0.009584037006552342
16.03530287886838	0.009565697131322725
16.06287885916293	0.009547365604748018
16.09045483945748	0.009529042227982671
16.11803081975203	0.00951072705461839
16.14560680004658	0.009492420089844352
16.17318278034113	0.009474121301584414
16.20075876063568	0.009455830714538295
16.22833474093023	0.009437548282734503
16.25591072122478	0.009419274028058016
16.28348670151933	0.009401007928548713
16.31106268181388	0.00938274997946488
16.33863866210843	0.009364500175991186
16.36621464240298	0.009346258510850844
16.39379062269753	0.009328024972017138
16.42136660299208	0.009309799549954631
16.44894258328663	0.009291582252360377
16.47651856358118	0.009273373039620923
16.50409454387573	0.009255171929802681
16.53167052417028	0.009236978911293024
16.55924650446483	0.009218793973957761
16.58682248475938	0.009200617108014036
16.61439846505393	0.009182448319543292
16.64197444534848	0.009164287590087541
16.66955042564303	0.009146134890404115
16.69712640593758	0.009127990244626905
16.72470238623213	0.009109853633129187
16.75227836652668	0.009091725057768296
16.77985434682123	0.009073604491137435
16.80743032711578	0.009055491926651343
16.83500630741033	0.009037387404973523
16.86258228770488	0.009019290863128752
16.89015826799943	0.009001202308237128
16.91773424829398	0.008983121736908153
16.94531022858853	0.008965049143568108
16.97288620888308	0.008946984515875934
17.00046218917763	0.008928927841954553
17.02803816947218	0.008910879154444549
17.05561414976673	0.008892838375363253
17.08319013006128	0.008874805544135451
17.11076611035583	0.008856780646049844
17.13834209065038	0.008838763672753628
17.16591807094493	0.008820754615581796
17.19349405123948	0.008802753489016183
17.22107003153403	0.008784760224881512
17.24864601182858	0.008766774847861626
17.27622199212313	0.008748797410380609
17.30379797241768	0.008730827833673301
17.33137395271223	0.008712866119133141
17.35894993300678	0.008694912278668811
17.38652591330133	0.008676966289117894
17.41410189359588	0.008659028154882543
17.44167787389043	0.008641097863361879
17.46925385418498	0.008623175412718042
17.49682983447953	0.008605260789806399
17.52440581477408	0.008587353989622961
17.55198179506863	0.00856945500350836
17.57955777536318	0.008551563833072578
17.60713375565773	0.008533680457523176
17.63470973595228	0.008515804867327273
17.66228571624683	0.008497937086247354
17.68986169654139	0.00848007707499277
17.71743767683594	0.008462224837200941
17.74501365713049	0.008444380365719749
17.77258963742504	0.008426543655524515
17.80016561771959	0.008408714693718502
17.82774159801414	0.008390893490328994
17.85531757830869	0.008373080007904371
17.88289355860324	0.008355274263742401
17.91046953889779	0.00833747624497661
17.93804551919234	0.008319685944372532
17.96562149948689	0.008301903354474251
17.99319747978144	0.00828412846804987
18.02077346007599	0.008266361281160022
18.04834944037054	0.008248601780539468
18.07592542066509	0.008230849969102561
18.10350140095964	0.008213105829420132
18.13107738125419	0.008195369360359271
18.15865336154874	0.008177640556189308
18.18622934184329	0.008159919410487999
18.21380532213784	0.008142205904592652
18.24138130243239	0.008124500051253208
18.26895728272694	0.008106801830707217
18.29653326302149	0.008089111236131184
18.32410924331604	0.008071428272730915
18.35168522361059	0.008053752918384737
18.37926120390514	0.008036085175648761
18.40683718419969	0.008018425032721856
18.43441316449424	0.008000772486847921
18.46198914478879	0.007983127530339862
18.48956512508334	0.007965490156207854
18.51714110537789	0.007947860364512765
18.54471708567244	0.007930238132745782
18.57229306596699	0.007912623462529019
18.59986904626154	0.007895016351249753
18.62744502655609	0.007877416789483595
18.65502100685064	0.007859824770889298
18.68259698714519	0.007842240288333094
18.71017296743974	0.007824663335426859
18.73774894773429	0.007807093901626226
18.76532492802884	0.007789531993833173
18.79290090832339	0.007771977588643915
18.82047688861794	0.007754430687020401
18.84805286891249	0.007736891283279538
18.87562884920704	0.007719359371928325
18.90320482950159	0.007701834942196627
18.93078080979614	0.007684317990471664
18.95835679009069	0.007666808507984894
18.98593277038524	0.007649306496040741
19.01350875067979	0.007631811934968729
19.04108473097434	0.007614324828122128
19.06866071126889	0.007596845166743088
19.09623669156344	0.007579372943977349
19.12381267185799	0.007561908153467185
19.15138865215254	0.007544450787943318
19.17896463244709	0.007527000830679736
19.20654061274164	0.007509558313454962
19.23411659303619	0.007492123186995031
19.26169257333074	0.007474695462384748
19.28926855362529	0.00745727513221115
19.31684453391984	0.007439862189549665
19.34442051421439	0.007422456627153845
19.37199649450894	0.007405058439880661
19.39957247480349	0.007387667624891052
19.42714845509804	0.007370284168530718
19.45472443539259	0.007352908070044496
19.48230041568714	0.00733553932056
19.50987639598169	0.007318177919479259
19.53745237627624	0.007300823846649891
19.56502835657079	0.007283477108318062
19.59260433686534	0.007266137700095866
19.62018031715989	0.007248805604427701
19.64775629745444	0.007231480823283946
19.67533227774899	0.007214163348227154
19.70290825804354	0.007196853172169729
19.73048423833809	0.007179550290404986
19.75806021863264	0.007162254695223664
19.78563619892719	0.007144966386435654
19.81321217922174	0.007127685349286353
19.84078815951629	0.00711041158011694
19.86836413981084	0.00709314507416674
19.89594012010539	0.007075885825086855
19.92351610039994	0.007058633826583546
19.95109208069449	0.007041389069342611
19.97866806098904	0.007024151559124767
20.00624404128359	0.007006921274926136
20.03382002157814	0.00698969821793947
20.06139600187269	0.006972482380182977
20.08897198216724	0.0069552737555374
20.11654796246179	0.006938072340943993
20.14412394275634	0.006920878131060511
20.17169992305089	0.006903691110588862
20.19927590334544	0.00688651128244645
20.22685188363999	0.006869338637507114
20.25442786393454	0.006852173170442553
20.2820038442291	0.006835014874545734
20.30957982452365	0.006817863762862695
20.3371558048182	0.00680071977527518
20.36473178511275	0.006783582950034631
20.3923077654073	0.006766453288447404
20.41988374570185	0.006749330760414953
20.4474597259964	0.006732215367919106
20.47503570629095	0.006715107099538834
20.5026116865855	0.006698005966789662
20.53018766688005	0.006680911944832463
20.5577636471746	0.006663825034522935
20.58533962746915	0.00664674523013007
20.6129156077637	0.006629672525335637
20.64049158805825	0.006612606901151647
20.6680675683528	0.006595548395082241
20.69564354864735	0.006578496954032701
20.7232195289419	0.006561452589630324
20.75079550923645	0.006544415295776358
20.778371489531	0.006527385065743509
20.80594746982555	0.006510361901208865
20.8335234501201	0.006493345778245212
20.86109943041465	0.006476336706000354
20.8886754107092	0.006459334676007157
20.91625139100375	0.006442339680411266
20.9438273712983	0.006425351713737432
20.97140335159285	0.0064083707728181
20.9989793318874	0.006391396846346824
21.02655531218195	0.00637442993303739
21.0541312924765	0.006357470025629888
21.08170727277105	0.006340517118089311
21.1092832530656	0.006323571246524955
21.13685923336015	0.006306632283323301
21.1644352136547	0.006289700340312155
21.19201119394925	0.006272775375789559
21.2195871742438	0.006255857382512647
21.24716315453835	0.006238946353370678
21.2747391348329	0.006222042288728542
21.30231511512745	0.006205145173659912
21.329891095422	0.006188255007845418
21.35746707571655	0.006171371785766151
21.3850430560111	0.006154495498850076
21.41261903630565	0.006137626145878241
21.4401950166002	0.006120763715098066
21.46777099689475	0.006103908205266589
21.4953469771893	0.006087059609590472
21.52292295748385	0.006070217921390377
21.5504989377784	0.006053383139362181
21.57807491807295	0.006036555250710851
21.6056508983675	0.006019734254219173
21.63322687866205	0.00600292014338248
21.6608028589566	0.005986112912275905
21.68837883925115	0.005969312559080672
21.7159548195457	0.005952519070420281
21.74353079984025	0.005935732446265769
21.7711067801348	0.005918952678638226
21.79868276042935	0.005902179764908233
21.8262587407239	0.00588541369847211
21.85383472101845	0.00586865447034792
21.881410701313	0.005851902077900244
21.90898668160755	0.005835156514648874
21.9365626619021	0.005818417765304643
21.96413864219665	0.005801685856511593
21.9917146224912	0.005784960749259008
22.01929060278575	0.005768242448845396
22.0468665830803	0.00575153095004526
22.07444256337485	0.005734826247818984
22.1020185436694	0.005718128336244944
22.12959452396395	0.005701437209651075
22.1571705042585	0.005684752862689419
22.18474648455305	0.00566807529035613
22.2123224648476	0.005651404485935864
22.23989844514215	0.005634740444507035
22.2674744254367	0.005618083161108295
22.29505040573125	0.005601432629721936
22.3226263860258	0.005584788844642614
22.35020236632035	0.005568151800634455
22.3777783466149	0.005551521493592422
22.40535432690945	0.0055348979156197
22.432930307204	0.005518281062695823
22.46050628749855	0.0055016709289703
22.4880822677931	0.005485067509306854
22.51565824808765	0.005468470797736978
22.5432342283822	0.00545188078048625
22.57081020867675	0.005435297479058394
22.5983861889713	0.005418720860598274
22.62596216926585	0.005402150929055957
22.6535381495604	0.005385587678896505
22.68111412985495	0.005369031104777064
22.7086901101495	0.005352481200910434
22.73626609044405	0.005335937963297224
22.7638420707386	0.005319401384800624
22.79141805103315	0.005302871460842523
22.8189940313277	0.005286348185842613
22.84657001162225	0.005269831554815067
22.87414599191681	0.005253321562210024
22.90172197221136	0.005236818203551514
22.92929795250591	0.005220321471669907
22.95687393280046	0.00520383136258794
22.98444991309501	0.005187347870671143
23.01202589338956	0.005170870990363444
23.03960187368411	0.005154400716542954
23.06717785397866	0.005137937044586643
23.09475383427321	0.005121479967964336
23.12232981456776	0.005105029482102157
23.14990579486231	0.005088585581698639
23.17748177515686	0.005072148261081618
23.20505775545141	0.005055717513692996
23.23263373574596	0.005039293339568868
23.26020971604051	0.005022875727709228
23.28778569633506	0.005006464675015226
23.31536167662961	0.004990060175943578
23.34293765692416	0.004973662225421898
23.37051363721871	0.004957270818976282
23.39808961751326	0.004940885949726593
23.42566559780781	0.004924507613566292
23.45324157810236	0.004908135805107239
23.48081755839691	0.004891770519171545
23.50839353869146	0.004875411751909503
23.53596951898601	0.004859059494115002
23.56354549928056	0.004842713744189681
23.59112147957511	0.004826374496062563
23.61869745986966	0.004810041744568045
23.64627344016421	0.004793715481155718
23.67384942045876	0.004777395710628026
23.70142540075331	0.004761082417664869
23.72900138104786	0.004744775600703285
23.75657736134241	0.004728475254377407
23.78415334163696	0.004712181359438124
23.81172932193151	0.004695893953942112
23.83930530222606	0.004679612989256062
23.86688128252061	0.004663338474757184
23.89445726281516	0.004647070405316747
23.92203324310971	0.00463080877706684
23.94960922340426	0.004614553582061315
23.97718520369881	0.004598304817387535
24.00476118399336	0.004582062477431746
24.03233716428791	0.004565826557329098
24.05991314458246	0.004549597052259837
24.08748912487701	0.004533373956296906
24.11506510517156	0.004517157264617672
24.14264108546611	0.00450094697258312
24.17021706576066	0.004484743072246247
24.19779304605521	0.004468545566597886
24.22536902634976	0.004452354442517879
24.25294500664431	0.004436169697585954
24.28052098693886	0.004419991326804936
24.30809696723341	0.004403819326018523
24.33567294752796	0.004387653688748302
24.36324892782251	0.004371494410614722
24.39082490811706	0.004355341486648898
24.41840088841161	0.004339194912399005
24.44597686870616	0.004323054681800111
24.47355284900071	0.004306920790449864
24.50112882929526	0.004290793233356583
24.52870480958981	0.004274672006503009
24.55628078988436	0.004258557102175344
24.58385677017891	0.004242448517763653
24.61143275047346	0.004226346247863364
24.63900873076801	0.004210250288485578
24.66658471106256	0.004194160631692439
24.69416069135711	0.004178077275195583
24.72173667165166	0.004162000213088929
24.74931265194621	0.004145929441238161
24.77688863224076	0.004129864953461759
24.80446461253531	0.004113806745731904
24.83204059282986	0.004097754812838524
24.85961657312441	0.004081709150472776
24.88719255341896	0.004065669752466092
24.91476853371351	0.004049636614901394
24.94234451400806	0.004033609732444051
24.96992049430261	0.004017589101157502
24.99749647459716	0.004001574714731759
25.02507245489171	0.003985566569174086
25.05264843518626	0.003969564659908123
25.08022441548081	0.003953568980681301
25.10780039577536	0.003937579528002222
25.13537637606991	0.003921596296503861
25.16295235636446	0.003905619281969473
25.19052833665901	0.00388964847833463
25.21810431695356	0.003873683881643801
25.24568029724811	0.003857725487548656
25.27325627754266	0.003841773289594302
25.30083225783721	0.003825827284223805
25.32840823813176	0.003809887465718218
25.35598421842631	0.003793953831283902
25.38356019872086	0.003778026373835673
25.41113617901541	0.003762105089477372
25.43871215930996	0.003746189974071079
25.46628813960452	0.003730281021589455
25.49386411989907	0.003714378227774229
25.52144010019362	0.003698481588617657
25.54901608048817	0.003682591098192185
25.57659206078272	0.003666706752324479
25.60416804107727	0.003650828546225945
25.63174402137182	0.003634956474980919
25.65932000166637	0.003619090533912584
25.68689598196092	0.003603230718886917
25.71447196225547	0.003587377024076227
25.74204794255002	0.003571529445352955
25.76962392284457	0.003555687978165812
25.79719990313912	0.003539852617510465
25.82477588343367	0.003524023358822136
25.85235186372822	0.003508200197385141
25.87992784402277	0.003492383128424184
25.90750382431732	0.003476572147287082
25.93507980461187	0.003460767249279401
25.96265578490642	0.003444968429863523
25.99023176520097	0.003429175684038311
26.01780774549552	0.003413389007375723
26.04538372579007	0.003397608395275671
26.07295970608462	0.003381833842953319
26.10053568637917	0.003366065345667002
26.12811166667372	0.003350302899079697
26.15568764696827	0.003334546498274631
26.18326362726282	0.003318796138751495
26.21083960755737	0.003303051815675831
26.23841558785192	0.003287313524631462
26.26599156814647	0.003271581261049188
26.29356754844102	0.003255855020053609
26.32114352873557	0.003240134797170747
26.34871950903012	0.003224420587800511
26.37629548932467	0.003208712387432627
26.40387146961922	0.003193010191378834
26.43144744991377	0.003177313994913444
26.45902343020832	0.003161623793723078
26.48659941050287	0.0031459395830738
26.51417539079742	0.003130261358268677
26.54175137109197	0.003114589114867256
26.56932735138652	0.00309892284843294
26.59690333168107	0.00308326255426216
26.62447931197562	0.003067608227770126
26.65205529227017	0.003051959864532646
26.67963127256472	0.003036317459943376
26.70720725285927	0.003020681009370846
26.73478323315382	0.003005050508421674
26.76235921344837	0.002989425952571186
26.78993519374292	0.0029738073369686
26.81751117403747	0.002958194657623071
26.84508715433202	0.002942587909753417
26.87266313462657	0.002926987088899138
26.90023911492112	0.002911392190393565
26.92781509521567	0.002895803210019247
26.95539107551022	0.00288022014304723
26.98296705580477	0.002864642984952571
27.01054303609932	0.002849071731570092
27.03811901639387	0.002833506378161079
27.06569499668842	0.002817946920296798
27.09327097698297	0.002802393353630426
27.12084695727752	0.002786845673668131
27.14842293757207	0.002771303875720971
27.17599891786662	0.002755767955674266
27.20357489816117	0.002740237908742999
27.23115087845572	0.002724713730819008
27.25872685875027	0.002709195417328896
27.28630283904482	0.002693682963799101
27.31387881933937	0.002678176365882213
27.34145479963392	0.002662675619146218
27.36903077992847	0.002647180718956464
27.39660676022302	0.002631691661263836
27.42418274051757	0.00261620844138412
27.45175872081212	0.002600731055165892
27.47933470110667	0.002585259498066447
27.50691068140122	0.002569793765540768
27.53448666169577	0.002554333853486093
27.56206264199032	0.002538879757354342
27.58963862228487	0.002523431472847251
27.61721460257942	0.002507988995583936
27.64479058287397	0.00249255232124065
27.67236656316852	0.002477121445369726
27.69994254346307	0.00246169636344944
27.72751852375762	0.002446277071535434
27.75509450405217	0.002430863564948787
27.78267048434672	0.002415455839587066
27.81024646464127	0.002400053890899756
27.83782244493582	0.002384657714762895
27.86539842523037	0.002369267306536364
27.89297440552492	0.002353882662319159
27.92055038581947	0.00233850377751813
27.94812636611402	0.002323130647914427
27.97570234640857	0.00230776326911953
28.00327832670312	0.002292401636923653
28.03085430699767	0.002277045746900843
28.05843028729223	0.002261695595022023
28.08600626758678	0.002246351176703334
28.11358224788133	0.002231012487775669
28.14115822817588	0.002215679524114595
28.16873420847043	0.00220035228123251
28.19631018876498	0.002185030754984847
28.22388616905953	0.002169714941044412
28.25146214935408	0.002154404835131075
28.27903812964863	0.002139100433038388
28.30661410994318	0.002123801730599147
28.33419009023773	0.002108508723397114
28.36176607053228	0.002093221407297677
28.38934205082683	0.002077939778040939
28.41691803112138	0.00206266383146874
28.44449401141593	0.002047393563251906
28.47206999171048	0.002032128969061731
28.49964597200503	0.002016870044965962
28.52722195229958	0.002001616786591001
28.55479793259413	0.001986369189770455
28.58237391288868	0.001971127250127234
28.60994989318323	0.001955890963749817
28.63752587347778	0.001940660326342268
28.66510185377233	0.001925435333584442
28.69267783406688	0.001910215981397611
28.72025381436143	0.001895002265697556
28.74782979465598	0.001879794182150777
28.77540577495053	0.001864591726625381
28.80298175524508	0.001849394894992341
28.83055773553963	0.001834203683128083
28.85813371583418	0.001819018086778739
28.88570969612873	0.00180383810191016
28.91328567642328	0.001788663724292822
28.94086165671783	0.001773494949816487
28.96843763701238	0.001758331774387764
28.99601361730693	0.001743174193834182
29.02358959760148	0.001728022203903666
29.05116557789603	0.001712875800675895
29.07874155819058	0.001697734979949909
29.10631753848513	0.001682599737481488
29.13389351877968	0.00166747006939695
29.16146949907423	0.001652345971399298
29.18904547936878	0.001637227439464777
29.21662145966333	0.001622114469497249
29.24419743995788	0.001607007057336215
29.27177342025243	0.001591905198975896
29.29934940054698	0.001576808890263553
29.32692538084153	0.001561718127189329
29.35450136113608	0.001546632905597114
29.38207734143063	0.001531553221513019
29.40965332172518	0.001516479070814572
29.43722930201973	0.001501410449381518
29.46480528231428	0.001486347353288305
29.49238126260883	0.001471289778319135
29.51995724290338	0.001456237720611354
29.54753322319793	0.001441191175950965
29.57510920349248	0.001426150140450854
29.60268518378703	0.001411114609947877
29.63026116408158	0.001396084580514378
29.65783714437613	0.00138106004802175
29.68541312467068	0.001366041008540125
29.71298910496523	0.001351027458081641
29.74056508525978	0.001336019392486291
29.76814106555433	0.001321016807926047
29.79571704584888	0.001306019700233065
29.82329302614343	0.001291028065544375
29.85086900643798	0.001276041899824026
29.87844498673253	0.001261061199033935
29.90602096702708	0.001246085959206745
29.93359694732163	0.001231116176426983
29.96117292761618	0.001216151846661783
29.98874890791073	0.001201192965925805
30.01632488820528	0.00118623953033215
30.04390086849983	0.001171291535800368
30.07147684879438	0.001156348978436495
30.09905282908893	0.001141411854286802
30.12662880938348	0.001126480159394998
30.15420478967803	0.001111553889849835
30.18178076997258	0.001096633041680554
30.20935675026713	0.001081717610906622
30.23693273056168	0.001066807593653686
30.26450871085623	0.001051902985981458
30.29208469115078	0.00103700378397034
30.31966067144533	0.00102210998368246
30.34723665173988	0.001007221581241102
30.37481263203443	0.0009923385726966201
30.40238861232898	0.0009774609541577783
30.42996459262353	0.0009625887217363591
30.45754057291808	0.0009477218715045397
30.48511655321263	0.0009328603995504248
30.51269253350718	0.0009180043020582078
30.54026851380173	0.0009031535750942236
30.56784449409628	0.0008883082147889361
30.59542047439083	0.0008734682172516671
30.62299645468539	0.0008586335786599027
30.65057243497994	0.0008438042951021388
30.67814841527449	0.0008289803627201596
30.70572439556904	0.0008141617776617678
30.73330037586359	0.0007993485360714787
30.76087635615814	0.0007845406340633653
30.78845233645269	0.0007697380678393126
30.81602831674724	0.0007549408335117348
30.84360429704179	0.0007401489272780905
30.87118027733634	0.0007253623452779949
30.89875625763089	0.0007105810836904017
30.92633223792544	0.0006958051386801317
30.95390821821999	0.0006810345064190107
30.98148419851454	0.0006662691830876056
31.00906017880909	0.0006515091648768436
31.03663615910364	0.0006367544479617469
31.06421213939819	0.000622005028543467
31.09178811969274	0.000607260902820006
31.11936409998729	0.0005925220669853706
31.14694008028184	0.0005777885172509582
31.17451606057639	0.0005630602498193768
31.20209204087094	0.0005483372609088413
31.22966802116549	0.0005336195467353832
31.25724400146004	0.0005189071035115983
31.28481998175459	0.0005041999274746064
31.31239596204914	0.0004894980148507801
31.33997194234369	0.0004748013618656859
31.36754792263824	0.0004601099647612889
31.39512390293279	0.0004454238197825388
31.42269988322734	0.0004307429231658635
31.45027586352189	0.0004160672711662848
31.47785184381644	0.000401396860038912
31.50542782411099	0.000386731686040336
31.53300380440554	0.0003720717454316604
31.56057978470009	0.0003574170344781453
31.58815576499464	0.000342767549449112
31.61573174528919	0.000328123286617904
31.64330772558374	0.0003134842422618687
31.67088370587829	0.0002988504126623449
31.69845968617284	0.000284221794104652
31.72603566646739	0.0002695983828780843
31.75361164676194	0.0002549801752759028
31.78118762705649	0.0002403671675953281
31.80876360735104	0.0002257593561375357
31.83633958764559	0.0002111567372076489
31.86391556794014	0.000196559307114733
31.89149154823469	0.0001819670621717895
31.91906752852924	0.0001673799986957506
31.94664350882379	0.0001527981130074725
31.97421948911834	0.0001382214014317309
32.00179546941289	0.0001236498602972141
32.02937144970744	0.0001090834859365179
32.05694743000199	9.452227468613981e-05
32.08452341029654	7.996622288647313e-05
32.11209939059109	6.541532688180157e-05
32.13967537088564	5.086958302029334e-05
32.16725135118019	3.632898765399541e-05
32.19482733147474	2.179353713882817e-05
32.22240331176929	7.263227834579403e-06
0
1000	105.6583745	100000000000000.1
5	0	0	1
5	0	0	0
4.673998997513734	-4.825637898557328e-06
4.701574977808284	-4.288880321668079e-06
4.729150958102834	-4.510936270196831e-06
4.756726938397384	-4.782172925481191e-06
4.784302918691934	-5.015746045481496e-06
4.811878898986484	-5.196759910832865e-06
4.839454879281035	-5.327151293460632e-06
4.867030859575585	-5.413241330150983e-06
4.894606839870135	-5.462017676627328e-06
4.922182820164685	-5.479939945962696e-06
4.949758800459235	-5.472605428662767e-06
4.977334780753785	-5.444726357564046e-06
5.004910761048335	-5.40021551364904e-06
5.032486741342885	-5.342300872793579e-06
5.060062721637435	-5.273638503888611e-06
5.087638701931986	-5.196412832518108e-06
5.115214682226536	-5.112421633560703e-06
5.142790662521086	-5.023146411295303e-06
5.170366642815636	-4.929809978701461e-06
5.197942623110186	-4.833423285368713e-06
5.225518603404736	-4.734823411975409e-06
5.253094583699286	-4.634704392083294e-06
5.280670563993836	-4.533642244735796e-06
5.308246544288386	-4.432115346671672e-06
5.335822524582936	-4.330521054916068e-06
5.363398504877487	-4.229189310789988e-06
5.390974485172037	-4.128393812291132e-06
5.418550465466587	-4.028361231352572e-06
5.446126445761137	-3.929278883731467e-06
5.473702426055687	-3.831300956368729e-06
5.501278406350237	-3.736766830538788e-06
5.528854386644787	-3.64100775506618e-06
5.556430366939337	-3.546536529732314e-06
5.584006347233887	-3.45346262252881e-06
5.611582327528438	-3.361879497241256e-06
5.639158307822988	-3.271865969692732e-06
5.666734288117538	-3.183487513520345e-06
5.694310268412088	-3.09679750184456e-06
5.721886248706638	-3.011838376652611e-06
5.749462229001188	-2.928642741691727e-06
5.777038209295738	-2.847218671350413e-06
5.804614189590288	-2.767625824823971e-06
5.832190169884838	-2.689751744411925e-06
5.859766150179389	-2.613841317265921e-06
5.887342130473939	-2.539686328849664e-06
5.914918110768489	-2.467331993971643e-06
5.942494091063039	-2.396768221961418e-06
5.970070071357589	-2.327979500704273e-06
5.997646051652139	-2.260946820123875e-06
6.025222031946689	-2.195648344670165e-06
6.052798012241239	-2.132069034978227e-06
6.080373992535789	-2.070163152367876e-06
6.107949972830339	-2.009913188121378e-06
6.13552595312489	-1.951286495756587e-06
6.16310193341944	-1.894259454562604e-06
6.19067791371399	-1.838796772725993e-06
6.21825389400854	-1.784867354285759e-06
6.24582987430309	-1.732438950186184e-06
6.27340585459764	-1.681478880039858e-06
6.30098183489219	-1.631954211122661e-06
6.32855781518674	-1.58383332192337e-06
6.35613379548129	-1.537079459091563e-06
6.383709775775841	-1.491661762603413e-06
6.411285756070391	-1.447547425991633e-06
6.438861736364941	-1.404703879239541e-06
6.466437716659491	-1.363098846167664e-06
6.494013696954041	-1.322700391704733e-06
6.521589677248591	-1.283476957330739e-06
6.549165657543141	-1.245397381246381e-06
6.576741637837691	-1.208430895430688e-06
6.604317618132241	-1.172495939881284e-06
6.631893598426791	-1.137660189783591e-06
6.659469578721342	-1.103850658828813e-06
6.687045559015892	-1.071039056288749e-06
6.714621539310442	-1.039197638073597e-06
6.742197519604992	-1.008299223059115e-06
6.769773499899542	-9.783172062096603e-07
6.797349480194092	-9.492255685081186e-07
6.824925460488642	-9.209988838310413e-07
6.852501440783192	-8.936123229948203e-07
6.880077421077742	-8.670204427019576e-07
6.907653401372293	-8.412616454507084e-07
6.935229381666843	-8.162550595473568e-07
6.962805361961393	-7.919932534303722e-07
6.990381342255943	-7.68455126568126e-07
7.017957322550493	-7.456183893719499e-07
7.045533302845043	-7.234486968396231e-07
7.073109283139593	-7.020053204158828e-07
7.100685263434143	-6.811483414584117e-07
7.128261243728693	-6.609242319426594e-07
7.155837224023244	-6.413033673261014e-07
7.183413204317794	-6.22275240494912e-07
7.210989184612344	-6.03816888917479e-07
7.238565164906894	-5.859113086183826e-07
7.266141145201444	-5.685419797887923e-07
7.293717125495994	-5.516928558069696e-07
7.321293105790544	-5.353483521925086e-07
7.348869086085094	-5.19493335539614e-07
7.376445066379644	-5.041131124679699e-07
7.404021046674194	-4.891934186241572e-07
7.431597026968745	-4.74732170908507e-07
7.459173007263295	-4.606912177596006e-07
7.486748987557845	-4.470695347744554e-07
7.514324967852395	-4.338545907089529e-07
7.541900948146945	-4.210342666567951e-07
7.569476928441495	-4.085968448394223e-07
7.597052908736045	-3.965309986032482e-07
7.624628889030595	-3.848257837630816e-07
7.652204869325145	-3.73470631490036e-07
7.679780849619696	-3.624553430237352e-07
7.707356829914246	-3.517150612319631e-07
7.734932810208796	-3.413542972908654e-07
7.762508790503346	-3.313099452573008e-07
7.790084770797896	-3.215731372379134e-07
7.817660751092446	-3.121351753794398e-07
7.845236731386996	-3.029875286187062e-07
7.872812711681546	-2.941218306018234e-07
7.900388691976096	-2.855298857194088e-07
7.927964672270646	-2.772035862075202e-07
7.955540652565197	-2.691351473904319e-07
7.983116632859747	-2.612518855757381e-07
8.010692613154298	-2.536867760091472e-07
8.038268593448848	-2.463600842732135e-07
8.065844573743398	-2.39263048492044e-07
8.093420554037948	-2.323872643496017e-07
8.120996534332498	-2.257246644938016e-07
8.148572514627048	-2.192675150940627e-07
8.176148494921598	-2.130084112816208e-07
8.203724475216148	-2.069402694766044e-07
8.231300455510699	-2.010563171005698e-07
8.258876435805249	-1.953528066354474e-07
8.286452416099799	-1.89817613112592e-07
8.314028396394349	-1.844479148237237e-07
8.341604376688899	-1.792381149884516e-07
8.369180356983449	-1.741828531835789e-07
8.396756337277999	-1.692769923079961e-07
8.424332317572549	-1.645156064142727e-07
8.451908297867099	-1.598939693477595e-07
8.47948427816165	-1.554075441370775e-07
8.5070602584562	-1.510519730830388e-07
8.53463623875075	-1.468229117596972e-07
8.5622122190453	-1.427166716584453e-07
8.58978819933985	-1.387292067946471e-07
8.6173641796344	-1.348567870367271e-07
8.64494015992895	-1.31095820924182e-07
8.6725161402235	-1.274428489920282e-07
8.70009212051805	-1.238945375150246e-07
8.7276681008126	-1.204476726381354e-07
8.755244081107151	-1.170991548637943e-07
8.782820061401701	-1.138459938695586e-07
8.810396041696251	-1.106852748021417e-07
8.837972021990801	-1.076142717324911e-07
8.865548002285351	-1.04630264991947e-07
8.893123982579901	-1.017306540718901e-07
8.920699962874451	-9.891292593093667e-08
8.948275943169001	-9.617465138791675e-08
8.975851923463551	-9.351348169982087e-08
9.003427903758102	-9.092714531602948e-08
9.031003884052652	-8.84134447991185e-08
9.058579864347202	-8.597025390251398e-08
9.086155844641752	-8.359547718305794e-08
9.113731824936302	-8.128720396333076e-08
9.141307805230852	-7.9043463643116e-08
9.168883785525402	-7.686238749908559e-08
9.196459765819952	-7.474216549070966e-08
9.224035746114502	-7.268104411702216e-08
9.251611726409052	-7.06773243683979e-08
9.279187706703603	-6.872935976895641e-08
9.306763686998153	-6.683555450531065e-08
9.334339667292703	-6.499436163751786e-08
9.361915647587253	-6.320422177759063e-08
9.389491627881803	-6.146380929337564e-08
9.417067608176353	-5.977164799686535e-08
9.444643588470903	-5.812636892849222e-08
9.472219568765453	-5.652664426184205e-08
9.499795549060003	-5.497118593032945e-08
9.527371529354554	-5.345874430305952e-08
9.554947509649104	-5.198810690946492e-08
9.582523489943654	-5.055809721180917e-08
9.610099470238204	-4.916757342430617e-08
9.637675450532754	-4.781553671608156e-08
9.665251430827304	-4.650069315097733e-08
9.692827411121854	-4.522209889065382e-08
9.720403391416404	-4.397873666224361e-08
9.747979371710954	-4.276961234293319e-08
9.775555352005505	-4.159373063557364e-08
9.803131332300055	-4.044968593959445e-08
9.830707312594605	-3.933910663121884e-08
9.858283292889155	-3.825746140267281e-08
9.885859273183705	-3.72057931051613e-08
9.913435253478255	-3.618295265675192e-08
9.941011233772805	-3.518842029326127e-08
9.968587214067355	-3.422122711805439e-08
9.996163194361905	-3.328061585134151e-08
10.02373917465646	-3.236585074511592e-08
10.05131515495101	-3.147621692690221e-08
10.07889113524556	-3.06110197666149e-08
10.10646711554011	-2.976958426539999e-08
10.13404309583466	-2.895125446540122e-08
10.16161907612921	-2.815539287945628e-08
10.18919505642376	-2.738139273706551e-08
10.21677103671831	-2.662862501685646e-08
10.24434701701286	-2.589651742227244e-08
10.27192299730741	-2.518450113402508e-08
10.29949897760196	-2.449202326023942e-08
10.32707495789651	-2.381854636792105e-08
10.35465093819106	-2.316354802983872e-08
10.38222691848561	-2.252652038618465e-08
10.40980289878016	-2.190696972041158e-08
10.43737887907471	-2.130441604868039e-08
10.46495485936926	-2.071839777531443e-08
10.49253083966381	-2.014845049505901e-08
10.52010681995836	-1.959413837732553e-08
10.54768280025291	-1.905503259264375e-08
10.57525878054746	-1.853071618841573e-08
10.60283476084201	-1.80207837477584e-08
10.63041074113656	-1.752484105910939e-08
10.65798672143111	-1.704250479618275e-08
10.68556270172566	-1.657340220788277e-08
10.71313868202021	-1.611717081780481e-08
10.74071466231476	-1.567346377584327e-08
10.76829064260931	-1.524192626416295e-08
10.79586662290386	-1.482223092462199e-08
10.82344260319841	-1.441405365154872e-08
10.85101858349296	-1.401707925006981e-08
10.87859456378751	-1.36310011834176e-08
10.90617054408206	-1.32555213282119e-08
10.93374652437661	-1.289034973738521e-08
10.96132250467116	-1.253520441044227e-08
10.98889848496571	-1.218981107076436e-08
11.01647446526026	-1.18539065978635e-08
11.04405044555481	-1.152722368412074e-08
11.07162642584936	-1.12095139309484e-08
11.09920240614391	-1.090053193354717e-08
11.12677838643846	-1.0600038992856e-08
11.15435436673301	-1.030780292830795e-08
11.18193034702756	-1.002359789648149e-08
11.20950632732211	-9.747204215363447e-09
11.23708230761666	-9.478408193967683e-09
11.26465828791121	-9.217001967077712e-09
11.29223426820576	-8.962782552932286e-09
11.31981024850031	-8.715554931922364e-09
11.34738622879486	-8.475126934645524e-09
11.37496220908941	-8.241312427771212e-09
11.40253818938396	-8.013930346867366e-09
11.43011416967851	-7.792804558338706e-09
11.45769014997306	-7.577763725212666e-09
11.48526613026761	-7.36864117665595e-09
11.51284211056216	-7.165274781109e-09
11.54041809085671	-6.967506822930023e-09
11.56799407115126	-6.775183474984754e-09
11.59557005144581	-6.588156361742318e-09
11.62314603174036	-6.406279880253091e-09
11.65072201203491	-6.22941280509338e-09
11.67829799232946	-6.057417758293215e-09
11.70587397262401	-5.890161105188317e-09
11.73344995291856	-5.727512853096928e-09
11.76102593321311	-5.569346552742201e-09
11.78860191350766	-5.415539202343373e-09
11.81617789380221	-5.2659711543014e-09
11.84375387409676	-5.120525688461848e-09
11.87132985439131	-4.979090309914962e-09
11.89890583468586	-4.841554543566393e-09
11.92648181498041	-4.707811269228302e-09
11.95405779527496	-4.577756290234848e-09
11.98163377556951	-4.451288254442768e-09
12.00920975586406	-4.328308577339289e-09
12.03678573615861	-4.20872136720177e-09
12.06436171645316	-4.092433352255037e-09
12.09193769674771	-3.979353809773686e-09
12.11951367704226	-3.869394174413676e-09
12.14708965733681	-3.762469305916241e-09
12.17466563763136	-3.658495375821482e-09
12.20224161792591	-3.557391179868179e-09
12.22981759822046	-3.459077735563058e-09
12.25739357851501	-3.363478222097034e-09
12.28496955880956	-3.270517921839562e-09
12.31254553910411	-3.180124163374042e-09
12.34012151939866	-3.092226266037522e-09
12.36769749969321	-3.006755485928279e-09
12.39527347998776	-2.923644526895552e-09
12.42284946028231	-2.842829307256258e-09
12.45042544057686	-2.764246096506316e-09
12.47800142087141	-2.687833377005044e-09
12.50557740116597	-2.613531319504901e-09
12.53315338146052	-2.541281737269383e-09
12.56072936175507	-2.471028041385367e-09
12.58830534204962	-2.402715197249855e-09
12.61588132234417	-2.336289682208258e-09
12.64345730263872	-2.271699444319723e-09
12.67103328293327	-2.20889399811035e-09
12.69860926322782	-2.147823830585894e-09
12.72618524352237	-2.088441201453698e-09
12.75376122381692	-2.03069955142365e-09
12.78133720411147	-1.974553601972911e-09
12.80891318440602	-1.919959320343926e-09
12.83648916470057	-1.866873885519344e-09
12.86406514499512	-1.815255655167596e-09
12.89164112528967	-1.765064133572665e-09
12.91921710558422	-1.716259940605157e-09
12.94679308587877	-1.668805407030253e-09
12.97436906617332	-1.622662091162564e-09
13.00194504646787	-1.577794316779638e-09
13.02952102676242	-1.534166859784268e-09
13.05709700705697	-1.491745466376628e-09
13.08467298735152	-1.450496826438985e-09
13.11224896764607	-1.410388547644969e-09
13.13982494794062	-1.371389130273843e-09
13.16740092823517	-1.333467942710698e-09
13.19497690852972	-1.296595197614037e-09
13.22255288882427	-1.260741987657465e-09
13.25012886911882	-1.225880021663287e-09
13.27770484941337	-1.191981968227507e-09
13.30528082970792	-1.15902119209321e-09
13.33285681000247	-1.126971792736598e-09
13.36043279029702	-1.095808584169979e-09
13.38800877059157	-1.065507075296507e-09
13.41558475088612	-1.036043450801773e-09
13.44316073118067	-1.007394552567691e-09
13.47073671147522	-9.795378615945628e-10
13.49831269176977	-9.524515022852012e-10
13.52588867206432	-9.261141352428454e-10
13.55346465235887	-9.005050782190463e-10
13.58104063265342	-8.756041978562707e-10
13.60861661294797	-8.513919167431949e-10
13.63619259324252	-8.27849198100736e-10
13.66376857353707	-8.049575308885874e-10
13.69134455383162	-7.826989153203887e-10
13.71892053412617	-7.61055848776245e-10
13.74649651442072	-7.400113121017256e-10
13.77407249471527	-7.195487640534426e-10
13.80164847500982	-6.996520963892733e-10
13.82922445530437	-6.803056699082501e-10
13.85680043559892	-6.614942697783596e-10
13.88437641589347	-6.432031015852403e-10
13.91195239618802	-6.254177797345365e-10
13.93952837648257	-6.081243161722074e-10
13.96710435677712	-5.913091094128949e-10
13.99468033707167	-5.749589338639661e-10
14.02225631736622	-5.590609294209518e-10
14.04983229766077	-5.436025962638224e-10
14.07740827795532	-5.285717664041978e-10
14.10498425824987	-5.139566212221973e-10
14.13256023854442	-4.997456647270919e-10
14.16013621883897	-4.85927718731594e-10
14.18771219913352	-4.724919140764693e-10
14.21528817942807	-4.594276820968406e-10
14.24286415972262	-4.467247463235535e-10
14.27044014001717	-4.343731144131678e-10
14.29801612031172	-4.223630703003017e-10
14.32559210060627	-4.10685167328217e-10
14.35316808090082	-3.993302176903658e-10
14.38074406119537	-3.882892899983958e-10
14.40832004148992	-3.775536990711257e-10
14.43589602178447	-3.671149998965605e-10
14.46347200207902	-3.569649809955905e-10
14.49104798237357	-3.470956579687265e-10
14.51862396266812	-3.374992672208443e-10
14.54619994296267	-3.281682598590439e-10
14.57377592325722	-3.190952957588663e-10
14.60135190355177	-3.102732378009706e-10
14.62892788384632	-3.016951462274448e-10
14.65650386414087	-2.933542732451049e-10
14.68407984443542	-2.852440576748749e-10
14.71165582472997	-2.773581198049819e-10
14.73923180502452	-2.696902563743633e-10
14.76680778531907	-2.622344356945614e-10
14.79438376561362	-2.549847929062813e-10
14.82195974590817	-2.479356253668834e-10
14.84953572620272	-2.410813881651551e-10
14.87711170649727	-2.344166932869168e-10
14.90468768679182	-2.279362781467341e-10
14.93226366708637	-2.216350824593567e-10
14.95983964738092	-2.155081229815529e-10
14.98741562767547	-2.095505862204254e-10
15.01499160797002	-2.037577865633556e-10
15.04256758826457	-1.98125167722672e-10
15.07014356855912	-1.926482993856492e-10
15.09771954885368	-1.873228737703789e-10
15.12529552914823	-1.821447022479468e-10
15.15287150944278	-1.771097119868657e-10
15.18044748973733	-1.72213943026352e-10
15.20802347003188	-1.674535447143319e-10
15.23559945032643	-1.62824772998182e-10
15.26317543062098	-1.583239873940989e-10
15.29075141091553	-1.539476481223808e-10
15.31832739121008	-1.496923133219044e-10
15.34590337150463	-1.455546363416099e-10
15.37347935179918	-1.415313631068681e-10
15.40105533209373	-1.376193295586627e-10
15.42863131238828	-1.338154592399621e-10
15.45620729268283	-1.301167605601466e-10
15.48378327297738	-1.265203249200594e-10
15.51135925327193	-1.230233241031557e-10
15.53893523356648	-1.196230081283561e-10
15.56651121386103	-1.163167030857406e-10
15.59408719415558	-1.131018090320982e-10
15.62166317445013	-1.099757979446766e-10
15.64923915474468	-1.069362117315262e-10
15.67681513503923	-1.039806602968728e-10
15.70439111533378	-1.011068197146897e-10
15.73196709562833	-9.831243017130029e-11
15.75954307592288	-9.559529454052292e-11
15.78711905621743	-9.295327641512871e-11
15.81469503651198	-9.038429848491286e-11
15.84227101680653	-8.788634090178858e-11
15.86984699710108	-8.54574396902013e-11
15.89742297739563	-8.309568520173413e-11
15.92499895769018	-8.079922061305156e-11
15.95257493798473	-7.85662404672946e-11
15.98015091827928	-7.639498796784722e-11
16.00772689857383	-7.428375918042462e-11
16.03530287886838	-7.223089217377935e-11
16.06287885916293	-7.023477342709963e-11
16.09045483945748	-6.829383379406218e-11
16.11803081975203	-6.640654749612981e-11
16.14560680004658	-6.457143094858216e-11
16.17318278034113	-6.278704159908242e-11
16.20075876063568	-6.105197679431815e-11
16.22833474093023	-5.936487267684684e-11
16.25591072122478	-5.772440305736754e-11
16.28348670151933	-5.612927858398409e-11
16.31106268181388	-5.457824541902203e-11
16.33863866210843	-5.30700844530164e-11
16.36621464240298	-5.16036103057745e-11
16.39379062269753	-5.017767084899238e-11
16.42136660299208	-4.879114366473543e-11
16.44894258328663	-4.744294091682305e-11
16.47651856358118	-4.613200227910361e-11
16.50409454387573	-4.485729748589347e-11
16.53167052417028	-4.361782486841286e-11
16.55924650446483	-4.241261008407772e-11
16.58682248475938	-4.124070612006651e-11
16.61439846505393	-4.010119202347387e-11
16.64197444534848	-3.899317230979117e-11
16.66955042564303	-3.791577625508447e-11
16.69712640593758	-3.686815719401702e-11
16.72470238623213	-3.584949158551206e-11
16.75227836652668	-3.485898078830934e-11
16.77985434682123	-3.389584375467714e-11
16.80743032711578	-3.295932496286667e-11
16.83500630741033	-3.204868877149554e-11
16.86258228770488	-3.116321933016672e-11
16.89015826799943	-3.030222181808884e-11
16.91773424829398	-2.94650179764577e-11
16.94531022858853	-2.865095125192557e-11
16.97288620888308	-2.785938181563745e-11
17.00046218917763	-2.708968774084775e-11
17.02803816947218	-2.634126431251545e-11
17.05561414976673	-2.561352354024763e-11
17.08319013006128	-2.490589374742567e-11
17.11076611035583	-2.421781890044512e-11
17.13834209065038	-2.354875850693203e-11
17.16591807094493	-2.289818696465757e-11
17.19349405123948	-2.22655932037121e-11
17.22107003153403	-2.165048028229228e-11
17.24864601182858	-2.105236498350917e-11
17.27622199212313	-2.047077718856014e-11
17.30379797241768	-1.990526142255963e-11
17.33137395271223	-1.935537158942108e-11
17.35894993300678	-1.882067665453713e-11
17.38652591330133	-1.830075661449826e-11
17.41410189359588	-1.779520303641063e-11
17.44167787389043	-1.730361883451178e-11
17.46925385418498	-1.682561790184503e-11
17.49682983447953	-1.636082480656485e-11
17.52440581477408	-1.590887449667128e-11
17.55198179506863	-1.546941201292422e-11
17.57955777536318	-1.504209220970554e-11
17.60713375565773	-1.462657948360628e-11
17.63470973595228	-1.422254751226395e-11
17.66228571624683	-1.382967898632745e-11
17.68986169654139	-1.344766537770408e-11
17.71743767683594	-1.307620668486395e-11
17.74501365713049	-1.271501119999157e-11
17.77258963742504	-1.236379527962638e-11
17.80016561771959	-1.202228312164833e-11
17.82774159801414	-1.169020654843295e-11
17.85531757830869	-1.136730479600523e-11
17.88289355860324	-1.105332430902628e-11
17.91046953889779	-1.074801854233452e-11
17.93804551919234	-1.045114776351774e-11
17.96562149948689	-1.016247886987301e-11
17.99319747978144	-9.881785201573809e-12
18.02077346007599	-9.608846364361339e-12
18.04834944037054	-9.343448056290626e-12
18.07592542066509	-9.085381899269318e-12
18.10350140095964	-8.834445275256772e-12
18.13107738125419	-8.590441166994703e-12
18.15865336154874	-8.353178003144451e-12
18.18622934184329	-8.122469491509788e-12
18.21380532213784	-7.898134529379254e-12
18.24138130243239	-7.679996975535798e-12
18.26895728272694	-7.467886093752908e-12
18.29653326302149	-7.261633953156245e-12
18.32410924331604	-7.061079952639751e-12
18.35168522361059	-6.866066253380659e-12
18.37926120390514	-6.67643975915998e-12
18.40683718419969	-6.4920516105552e-12
18.43441316449424	-6.312757063448389e-12
18.46198914478879	-6.138415380095883e-12
18.48956512508334	-5.968889695020027e-12
18.51714110537789	-5.804046944360625e-12
18.54471708567244	-5.643757735396325e-12
18.57229306596699	-5.48789625158069e-12
18.59986904626154	-5.336340153674361e-12
18.62744502655609	-5.188970483611439e-12
18.65502100685064	-5.045671571024435e-12
18.68259698714519	-4.906330942354214e-12
18.71017296743974	-4.770839232473464e-12
18.73774894773429	-4.639090107277049e-12
18.76532492802884	-4.510980149134315e-12
18.79290090832339	-4.38640882229447e-12
18.82047688861794	-4.26527822230488e-12
18.84805286891249	-4.147493641863045e-12
18.87562884920704	-4.032962321201601e-12
18.90320482950159	-3.921594468994614e-12
18.93078080979614	-3.813302687959589e-12
18.95835679009069	-3.708001994209293e-12
18.98593277038524	-3.60560975203759e-12
19.01350875067979	-3.506045609039323e-12
19.04108473097434	-3.409231433869527e-12
19.06866071126889	-3.315091253664813e-12
19.09623669156344	-3.223551195157552e-12
19.12381267185799	-3.134539426464557e-12
19.15138865215254	-3.047986100662456e-12
19.17896463244709	-2.963823300922306e-12
19.20654061274164	-2.881984987160748e-12
19.23411659303619	-2.802406944166e-12
19.26169257333074	-2.725026731157958e-12
19.28926855362529	-2.64978363280004e-12
19.31684453391984	-2.576618611266104e-12
19.34442051421439	-2.505474260257427e-12
19.37199649450894	-2.43629475964179e-12
19.39957247480349	-2.369025831681219e-12
19.42714845509804	-2.303614698401902e-12
19.45472443539259	-2.240010040142684e-12
19.48230041568714	-2.178161955249576e-12
19.50987639598169	-2.11802192088454e-12
19.53745237627624	-2.05954275491778e-12
19.56502835657079	-2.002678578959433e-12
19.59260433686534	-1.947384781994134e-12
19.62018031715989	-1.893617985826966e-12
19.64775629745444	-1.841336010717908e-12
19.67533227774899	-1.790497842328762e-12
19.70290825804354	-1.741063599515547e-12
19.73048423833809	-1.692994503011351e-12
19.75806021863264	-1.646252844975097e-12
19.78563619892719	-1.6008019593824e-12
19.81321217922174	-1.55660619323557e-12
19.84078815951629	-1.513630881244739e-12
19.86836413981084	-1.471842308031053e-12
19.89594012010539	-1.431207697150208e-12
19.92351610039994	-1.391695175360933e-12
19.95109208069449	-1.353273749997482e-12
19.97866806098904	-1.315913284635241e-12
20.00624404128359	-1.279584475429018e-12
20.03382002157814	-1.244258828105384e-12
20.06139600187269	-1.209908635591018e-12
20.08897198216724	-1.176506956259423e-12
20.11654796246179	-1.144027592131451e-12
20.14412394275634	-1.112445070934389e-12
20.17169992305089	-1.081734622167222e-12
20.19927590334544	-1.051872160240835e-12
20.22685188363999	-1.022834264940998e-12
20.25442786393454	-9.945981630436196e-13
20.2820038442291	-9.671417104391615e-13
20.30957982452365	-9.404433747534829e-13
20.3371558048182	-9.144822184552656e-13
20.36473178511275	-8.892378824499458e-13
20.3923077654073	-8.646905651009186e-13
20.41988374570185	-8.408210250580422e-13
20.4474597259964	-8.176105403566896e-13
20.47503570629095	-7.950409099029187e-13
20.5026116865855	-7.730944353784745e-13
20.53018766688005	-7.517539073491782e-13
20.5577636471746	-7.310025917572047e-13
20.58533962746915	-7.108242167866424e-13
20.6129156077637	-6.912029600920275e-13
20.64049158805825	-6.721234363798217e-13
20.6680675683528	-6.535706854414179e-13
20.69564354864735	-6.355301599725522e-13
20.7232195289419	-6.179877148132431e-13
20.75079550923645	-6.009295954146331e-13
20.778371489531	-5.843424271490011e-13
20.80594746982555	-5.682132048130497e-13
20.8335234501201	-5.525292824211019e-13
20.86109943041465	-5.372783632799631e-13
20.8886754107092	-5.22448490337043e-13
20.91625139100375	-5.080280367921e-13
20.9438273712983	-4.940056978170412e-13
20.97140335159285	-4.803704786151845e-13
20.9989793318874	-4.671116900536443e-13
21.02655531218195	-4.542189376318503e-13
21.0541312924765	-4.416821139415805e-13
21.08170727277105	-4.294913907356894e-13
21.1092832530656	-4.176372112160046e-13
21.13685923336015	-4.061102825343258e-13
21.1644352136547	-3.949015685006457e-13
21.19201119394925	-3.840022824928564e-13
21.2195871742438	-3.734038804052764e-13
21.24716315453835	-3.63098054579516e-13
21.2747391348329	-3.530767263391915e-13
21.30231511512745	-3.433320402705671e-13
21.329891095422	-3.338563579092579e-13
21.35746707571655	-3.246422517474107e-13
21.3850430560111	-3.15682499406682e-13
21.41261903630565	-3.069700779726953e-13
21.4401950166002	-2.98498158487223e-13
21.46777099689475	-2.902601005959894e-13
21.4953469771893	-2.822494459506244e-13
21.52292295748385	-2.744599183012142e-13
21.5504989377784	-2.668854112989593e-13
21.57807491807295	-2.595199882743655e-13
21.6056508983675	-2.523578765042488e-13
21.63322687866205	-2.453934626832121e-13
21.6608028589566	-2.386212885202334e-13
21.68837883925115	-2.320360464569083e-13
21.7159548195457	-2.25632575503985e-13
21.74353079984025	-2.194058571929252e-13
21.7711067801348	-2.133510117850826e-13
21.79868276042935	-2.074632938595339e-13
21.8262587407239	-2.017380894558429e-13
21.85383472101845	-1.961709118912044e-13
21.881410701313	-1.907573983754112e-13
21.90898668160755	-1.854933065840564e-13
21.9365626619021	-1.803745113142399e-13
21.96413864219665	-1.75397001158347e-13
21.9917146224912	-1.70556873769157e-13
22.01929060278575	-1.658503461762054e-13
22.0468665830803	-1.612737154220594e-13
22.07444256337485	-1.568234044266644e-13
22.1020185436694	-1.524959240350848e-13
22.12959452396395	-1.482878833465084e-13
22.1571705042585	-1.441959850909924e-13
22.18474648455305	-1.402170230435023e-13
22.2123224648476	-1.363478795093862e-13
22.23989844514215	-1.325855228793157e-13
22.2674744254367	-1.289270052517695e-13
22.29505040573125	-1.253694601211957e-13
22.3226263860258	-1.219101001401162e-13
22.35020236632035	-1.185462148914402e-13
22.3777783466149	-1.152751688273438e-13
22.40535432690945	-1.120943991590641e-13
22.432930307204	-1.090014138579972e-13
22.46050628749855	-1.059937897015206e-13
22.4880822677931	-1.030691703727995e-13
22.51565824808765	-1.002252646130821e-13
22.5432342283822	-9.74598444250355e-14
22.57081020867675	-9.477074332571036e-14
22.5983861889713	-9.215585463041477e-14
22.62596216926585	-8.961312987163501e-14
22.6535381495604	-8.714057708606312e-14
22.68111412985495	-8.473625932326073e-14
22.7086901101495	-8.239829310971056e-14
22.73626609044405	-8.012484697204842e-14
22.7638420707386	-7.791414000108204e-14
22.79141805103315	-7.576444045546637e-14
22.8189940313277	-7.367406440393561e-14
22.84657001162225	-7.16413744050149e-14
22.87414599191681	-6.966477808514084e-14
22.90172197221136	-6.774272744635043e-14
22.92929795250591	-6.587371682092373e-14
22.95687393280046	-6.405628223875059e-14
22.98444991309501	-6.228900014575827e-14
23.01202589338956	-6.057048628788005e-14
23.03960187368411	-5.889939462585378e-14
23.06717785397866	-5.72744162799963e-14
23.09475383427321	-5.569427850412461e-14
23.12232981456776	-5.415774368781756e-14
23.14990579486231	-5.266360838251697e-14
23.17748177515686	-5.12107023734799e-14
23.20505775545141	-4.979788773899626e-14
23.23263373574596	-4.842405797410228e-14
23.26020971604051	-4.708813711934015e-14
23.28778569633506	-4.578907891735379e-14
23.31536167662961	-4.452586599277719e-14
23.34293765692416	-4.329750905477217e-14
23.37051363721871	-4.210304612158941e-14
23.39808961751326	-4.094154176654476e-14
23.42566559780781	-3.981208639049674e-14
23.45324157810236	-3.8713795485783e-14
23.48081755839691	-3.764580897771378e-14
23.50839353869146	-3.660729052757745e-14
23.53596951898601	-3.559742688271434e-14
23.56354549928056	-3.461542723911878e-14
23.59112147957511	-3.366052262164338e-14
23.61869745986966	-3.273196528131931e-14
23.64627344016421	-3.182902810931974e-14
23.67384942045876	-3.095100406710697e-14
23.70142540075331	-3.009720563338368e-14
23.72900138104786	-2.926696426087724e-14
23.75657736134241	-2.845962985912553e-14
23.78415334163696	-2.767457028051676e-14
23.81172932193151	-2.691117082599838e-14
23.83930530222606	-2.616883376335794e-14
23.86688128252061	-2.544697785880627e-14
23.89445726281516	-2.474503792149546e-14
23.92203324310971	-2.406246436061444e-14
23.94960922340426	-2.339872275471468e-14
23.97718520369881	-2.275329342736639e-14
24.00476118399336	-2.212567106250613e-14
24.03233716428791	-2.151536427464557e-14
24.05991314458246	-2.092189524604079e-14
24.08748912487701	-2.034479934688484e-14
24.11506510517156	-1.978362477124026e-14
24.14264108546611	-1.923793218302532e-14
24.17021706576066	-1.870729437177681e-14
24.19779304605521	-1.819129591792133e-14
24.22536902634976	-1.76895328672975e-14
24.25294500664431	-1.720161237861932e-14
24.28052098693886	-1.672715255402554e-14
24.30809696723341	-1.626578194126058e-14
24.33567294752796	-1.581713936883584e-14
24.36324892782251	-1.538087363311198e-14
24.39082490811706	-1.49566432231427e-14
24.41840088841161	-1.454411605311551e-14
24.44597686870616	-1.414296920217991e-14
24.47355284900071	-1.375288866145878e-14
24.50112882929526	-1.337356908804483e-14
24.52870480958981	-1.300471355395297e-14
24.55628078988436	-1.264603336350925e-14
24.58385677017891	-1.229724774830103e-14
24.61143275047346	-1.195808370216507e-14
24.63900873076801	-1.162827575313386e-14
24.66658471106256	-1.130756575546034e-14
24.69416069135711	-1.099570268738931e-14
24.72173667165166	-1.069244245451426e-14
24.74931265194621	-1.03975476985648e-14
24.77688863224076	-1.011078761147349e-14
24.80446461253531	-9.831937753518663e-15
24.83204059282986	-9.560779881918231e-15
24.85961657312441	-9.297101773073691e-15
24.88719255341896	-9.040697060947686e-15
24.91476853371351	-8.791365074267913e-15
24.94234451400806	-8.548910679345016e-15
24.96992049430261	-8.313144127229863e-15
24.99749647459716	-8.083880905090283e-15
25.02507245489171	-7.860941591690835e-15
25.05264843518626	-7.64415171686223e-15
25.08022441548081	-7.433341624376636e-15
25.10780039577536	-7.228346341008184e-15
25.13537637606991	-7.029005444386281e-15
25.16295235636446	-6.835162939297836e-15
25.19052833665901	-6.646667135035832e-15
25.21810431695356	-6.46337052659705e-15
25.24568029724811	-6.285129679159356e-15
25.27325627754266	-6.111805115747975e-15
25.30083225783721	-5.94326120800266e-15
25.32840823813176	-5.779366069960177e-15
25.35598421842631	-5.619991458007078e-15
25.38356019872086	-5.465012657168672e-15
25.41113617901541	-5.314308403592038e-15
25.43871215930996	-5.167760776196574e-15
25.46628813960452	-5.025255107613567e-15
25.49386411989907	-4.886679894389998e-15
25.52144010019362	-4.751926709671158e-15
25.54901608048817	-4.620890118293625e-15
25.57659206078272	-4.493467594222042e-15
25.60416804107727	-4.369559440264939e-15
25.63174402137182	-4.249068705123855e-15
25.65932000166637	-4.131901125558916e-15
25.68689598196092	-4.01796502571331e-15
25.71447196225547	-3.907170692021641e-15
25.74204794255002	-3.799433184014864e-15
25.76962392284457	-3.694666451803332e-15
25.79719990313912	-3.592789125621271e-15
25.82477588343367	-3.493721500732001e-15
25.85235186372822	-3.397386072667607e-15
25.87992784402277	-3.303707475496949e-15
25.90750382431732	-3.212612424124558e-15
25.93507980461187	-3.124029650749426e-15
25.96265578490642	-3.03788985867414e-15
25.99023176520097	-2.954125661380287e-15
26.01780774549552	-2.872671531481653e-15
26.04538372579007	-2.793463749422331e-15
26.07295970608462	-2.716440353590793e-15
26.10053568637917	-2.641541091810823e-15
26.12811166667372	-2.568707374171305e-15
26.15568764696827	-2.497882227157921e-15
26.18326362726282	-2.429010246842843e-15
26.21083960755737	-2.362037564638953e-15
26.23841558785192	-2.29691179113686e-15
26.26599156814647	-2.233581984494947e-15
26.29356754844102	-2.171998608230749e-15
26.32114352873557	-2.112113492443096e-15
26.34871950903012	-2.053879796104395e-15
26.37629548932467	-1.997251970393573e-15
26.40387146961922	-1.942185723040913e-15
26.43144744991377	-1.888637983656909e-15
26.45902343020832	-1.836566870131609e-15
26.48659941050287	-1.785931655385219e-15
26.51417539079742	-1.736692736194495e-15
26.54175137109197	-1.688811601724964e-15
26.56932735138652	-1.642250803501967e-15
26.59690333168107	-1.59697392609867e-15
26.62447931197562	-1.552945558633003e-15
26.65205529227017	-1.510131267051248e-15
26.67963127256472	-1.46849756717653e-15
26.70720725285927	-1.428011898501208e-15
26.73478323315382	-1.388642599002296e-15
26.76235921344837	-1.350358879199392e-15
26.78993519374292	-1.313130799720688e-15
26.81751117403747	-1.27692924681858e-15
26.84508715433202	-1.241725909832369e-15
26.87266313462657	-1.207493259031246e-15
26.90023911492112	-1.174204524068717e-15
26.92781509521567	-1.141833673031563e-15
26.95539107551022	-1.110355392066965e-15
26.98296705580477	-1.079745065571796e-15
27.01054303609932	-1.049978757265199e-15
27.03811901639387	-1.021033190058161e-15
27.06569499668842	-9.928857299940844e-16
27.09327097698297	-9.655143670770546e-16
27.12084695727752	-9.388976984115907e-16
27.14842293757207	-9.130149114538098e-16
27.17599891786662	-8.878457677247458e-16
27.20357489816117	-8.633705869730687e-16
27.23115087845572	-8.395702317748035e-16
27.25872685875027	-8.164260925579941e-16
27.28630283904482	-7.939200730012961e-16
27.31387881933937	-7.720345760354178e-16
27.34145479963392	-7.507524898268568e-16
27.36903077992847	-7.300571745528427e-16
27.39660676022302	-7.09932449340643e-16
27.42418274051757	-6.903625796066507e-16
27.45175872081212	-6.713322647448129e-16
27.47933470110667	-6.528266261547611e-16
27.50691068140122	-6.348311956002717e-16
27.53448666169577	-6.17331903888939e-16
27.56206264199032	-6.00315069930322e-16
27.58963862228487	-5.837673897670182e-16
27.61721460257942	-5.676759265563602e-16
27.64479058287397	-5.520281001956551e-16
27.67236656316852	-5.368116775406028e-16
27.69994254346307	-5.220147628343897e-16
27.72751852375762	-5.076257884008505e-16
27.75509450405217	-4.936335055944072e-16
27.78267048434672	-4.800269759997017e-16
27.81024646464127	-4.66795562874032e-16
27.83782244493582	-4.539289227839897e-16
27.86539842523037	-4.414169976782569e-16
27.89297440552492	-4.29250006781551e-16
27.92055038581947	-4.174184390935438e-16
27.94812636611402	-4.059130459130146e-16
27.97570234640857	-3.947248336029067e-16
28.00327832670312	-3.838450565552213e-16
28.03085430699767	-3.732652103505599e-16
28.05843028729223	-3.629770251078765e-16
28.08600626758678	-3.529724590225755e-16
28.11358224788133	-3.432436910437992e-16
28.14115822817588	-3.337831185262517e-16
28.16873420847043	-3.24583346008421e-16
28.19631018876498	-3.156371827280079e-16
28.22388616905953	-3.069376362219039e-16
28.25146214935408	-2.984779068567214e-16
28.27903812964863	-2.902513825102047e-16
28.30661410994318	-2.82251633399361e-16
28.33419009023773	-2.744724070512641e-16
28.36176607053228	-2.669076234125935e-16
28.38934205082683	-2.595513700014081e-16
28.41691803112138	-2.523978976765534e-16
28.44449401141593	-2.454416155142524e-16
28.47206999171048	-2.386770868779494e-16
28.49964597200503	-2.320990250489073e-16
28.52722195229958	-2.25702289091487e-16
28.55479793259413	-2.194818798324313e-16
28.58237391288868	-2.134329359510406e-16
28.60994989318323	-2.075507301771921e-16
28.63752587347778	-2.018306655942332e-16
28.66510185377233	-1.962682721998193e-16
28.69267783406688	-1.908592027681195e-16
28.72025381436143	-1.855992304284693e-16
28.74782979465598	-1.804842447072618e-16
28.77540577495053	-1.755102484738519e-16
28.80298175524508	-1.706733548145877e-16
28.83055773553963	-1.659697839930752e-16
28.85813371583418	-1.613958604942973e-16
28.88570969612873	-1.569480101502727e-16
28.91328567642328	-1.526227573450045e-16
28.94086165671783	-1.484167221364819e-16
28.96843763701238	-1.443266182724662e-16
28.99601361730693	-1.403492496162357e-16
29.02358959760148	-1.364815083173486e-16
29.05116557789603	-1.327203722165498e-16
29.07874155819058	-1.290629024826467e-16
29.10631753848513	-1.255062413145642e-16
29.13389351877968	-1.220476097067799e-16
29.16146949907423	-1.186843052763927e-16
29.18904547936878	-1.154137001501229e-16
29.21662145966333	-1.122332389506451e-16
29.24419743995788	-1.091404366302684e-16
29.27177342025243	-1.061328767832165e-16
29.29934940054698	-1.032082095868243e-16
29.32692538084153	-1.003641500058453e-16
29.35450136113608	-9.759847600586692e-17
29.38207734143063	-9.490902681600247e-17
29.40965332172518	-9.229370123949908e-17
29.43722930201973	-8.975045601094046e-17
29.46480528231428	-8.727730419875884e-17
29.49238126260883	-8.487231369587923e-17
29.51995724290338	-8.25336055276564e-17
29.54753322319793	-8.025935265973822e-17
29.57510920349248	-7.804777838488868e-17
29.60268518378703	-7.589715497946417e-17
29.63026116408158	-7.380580235268691e-17
29.65783714437613	-7.177208673317331e-17
29.68541312467068	-6.979441939168781e-17
29.71298910496523	-6.787125539912455e-17
29.74056508525978	-6.600109241874328e-17
29.76814106555433	-6.418246951506139e-17
29.79571704584888	-6.241396608032403e-17
29.82329302614343	-6.069420061950369e-17
29.85086900643798	-5.902182974001841e-17
29.87844498673253	-5.739554708444224e-17
29.90602096702708	-5.581408230932254e-17
29.93359694732163	-5.427620009215978e-17
29.96117292761618	-5.278069916577299e-17
29.98874890791073	-5.13264113792951e-17
30.01632488820528	-4.991220078506384e-17
30.04390086849983	-4.853696276770723e-17
30.07147684879438	-4.719962311138623e-17
30.09905282908893	-4.589913726454104e-17
30.12662880938348	-4.463448945459173e-17
30.15420478967803	-4.340469191077079e-17
30.18178076997258	-4.220878409205784e-17
30.20935675026713	-4.104583193640584e-17
30.23693273056168	-3.99149271306714e-17
30.26450871085623	-3.8815186400678e-17
30.29208469115078	-3.774575082085722e-17
30.31966067144533	-3.670578513113899e-17
30.34723665173988	-3.569447713180997e-17
30.37481263203443	-3.471103697753464e-17
30.40238861232898	-3.375469660666664e-17
30.42996459262353	-3.282470912967753e-17
30.45754057291808	-3.192034824546112e-17
30.48511655321263	-3.104090767376283e-17
30.51269253350718	-3.018570060333124e-17
30.54026851380173	-2.935405915548485e-17
30.56784449409628	-2.854533386314408e-17
30.59542047439083	-2.775889305954054e-17
30.62299645468539	-2.699412275429518e-17
30.65057243497994	-2.625042564523026e-17
30.67814841527449	-2.552722096533076e-17
30.70572439556904	-2.482394395595538e-17
30.73330037586359	-2.414004542550218e-17
30.76087635615814	-2.347499132024352e-17
30.78845233645269	-2.282826230699459e-17
30.81602831674724	-2.219935336728932e-17
30.84360429704179	-2.158777340274625e-17
30.87118027733634	-2.099304482990139e-17
30.89875625763089	-2.04147032978797e-17
30.92633223792544	-1.985229718136277e-17
30.95390821821999	-1.930538732896195e-17
30.98148419851454	-1.877354669358433e-17
31.00906017880909	-1.825635999873488e-17
31.03663615910364	-1.775342341402505e-17
31.06421213939819	-1.726434423963062e-17
31.09178811969274	-1.678874059945119e-17
31.11936409998729	-1.632624114273042e-17
31.14694008028184	-1.58764847529704e-17
31.17451606057639	-1.543912026969072e-17
31.20209204087094	-1.501380620795369e-17
31.22966802116549	-1.460021049574124e-17
31.25724400146004	-1.419801021344697e-17
31.28481998175459	-1.380689134157769e-17
31.31239596204914	-1.342654851541127e-17
31.33997194234369	-1.305668478641888e-17
31.36754792263824	-1.269701139026507e-17
31.39512390293279	-1.234724752120431e-17
31.42269988322734	-1.200712011719173e-17
31.45027586352189	-1.167636362631099e-17
31.47785184381644	-1.135471983429801e-17
31.50542782411099	-1.104193763476919e-17
31.53300380440554	-1.073777284246655e-17
31.56057978470009	-1.044198800201258e-17
31.58815576499464	-1.015435220231729e-17
31.61573174528919	-9.874640896163365e-18
31.64330772558374	-9.602635724780762e-18
31.67088370587829	-9.338124347262595e-18
31.69845968617284	-9.080900274685878e-18
31.72603566646739	-8.830762708806118e-18
31.75361164676194	-8.587516385199392e-18
31.78118762705649	-8.350971420728946e-18
31.80876360735104	-8.12094316521705e-18
31.83633958764559	-7.897252057206118e-18
31.86391556794014	-7.67972348369624e-18
31.89149154823469	-7.468187643749583e-18
31.91906752852924	-7.262479415854894e-18
31.94664350882379	-7.062438228948568e-18
31.97421948911834	-6.867907936991327e-18
32.00179546941289	-6.678736697002559e-18
32.02937144970744	-6.494776850456939e-18
32.05694743000199	-6.315884807950626e-18
32.08452341029654	-6.141920937046911e-18
32.11209939059109	-5.972749453213616e-18
32.13967537088564	-5.808238313767026e-18
32.16725135118019	-5.648259114739439e-18
32.19482733147474	-5.492686990589748e-18
32.22240331176929	-5.341400516678637e-18
