0
1000	105.6583745	100000000000000.1
5	0	0	1
5	0	0	0
4.673998997513734	0.002545185421081266
4.701574977808284	0.002539960752346744
4.729150958102834	0.002534197680567589
4.756726938397384	0.002527938592224211
4.784302918691934	0.002521220445331625
4.811878898986484	0.002514087444409814
4.839454879281035	0.002506580926668129
4.867030859575585	0.002498740795087604
4.894606839870135	0.002490601016838706
4.922182820164685	0.002482195745532865
4.949758800459235	0.002473550079397403
4.977334780753785	0.002464691480027462
5.004910761048335	0.002455657641645041
5.032486741342885	0.002446438895709468
5.060062721637435	0.00243706739179175
5.087638701931986	0.002427557319054956
5.115214682226536	0.002417929140520827
5.142790662521086	0.00240819372528181
5.170366642815636	0.002398362730268913
5.197942623110186	0.002388446797379776
5.225518603404736	0.0023784564942001
5.253094583699286	0.002368398712616193
5.280670563993836	0.002358282859965477
5.308246544288386	0.002348114188322244
5.335822524582936	0.002337925223472476
5.363398504877487	0.002327668474569458
5.390974485172037	0.002317374497130245
5.418550465466587	0.002307052091842187
5.446126445761137	0.002296698712491658
5.473702426055687	0.002286328307779917
5.501278406350237	0.002275941233490739
5.528854386644787	0.002265540738015225
5.556430366939337	0.002255131102306762
5.584006347233887	0.002244714439112177
5.611582327528438	0.002234295681380174
5.639158307822988	0.002223874031233404
5.666734288117538	0.002213453908318621
5.694310268412088	0.002203037709863593
5.721886248706638	0.002192627638891284
5.749462229001188	0.002182221554250565
5.777038209295738	0.002171828470193658
5.804614189590288	0.002161447899130987
5.832190169884838	0.002151081225487409
5.859766150179389	0.002140728845412439
5.887342130473939	0.002130393239144987
5.914918110768489	0.002120073844835679
5.942494091063039	0.002109773011741435
5.970070071357589	0.002099491688240483
5.997646051652139	0.002089230757258856
6.025222031946689	0.002078991086063412
6.052798012241239	0.002068773508871544
6.080373992535789	0.002058578733316707
6.107949972830339	0.002048401021180776
6.13552595312489	0.002038256674557397
6.16310193341944	0.002028134058962947
6.19067791371399	0.002018036199704021
6.21825389400854	0.002007964122268033
6.24582987430309	0.001997917742124396
6.27340585459764	0.001987897834132891
6.30098183489219	0.001977904264563628
6.32855781518674	0.001967937525303981
6.35613379548129	0.001957997618335934
6.383709775775841	0.001948085258979505
6.411285756070391	0.001938200308249739
6.438861736364941	0.001928338463065488
6.466437716659491	0.001918506302098104
6.494013696954041	0.001908705096032698
6.521589677248591	0.001898930743062024
6.549165657543141	0.001889184349129315
6.576741637837691	0.001879465941874686
6.604317618132241	0.001869775370817954
6.631893598426791	0.001860112765745652
6.659469578721342	0.001850477932026904
6.687045559015892	0.001840871132814964
6.714621539310442	0.001831292489969727
6.742197519604992	0.001821741472491904
6.769773499899542	0.001812217906117696
6.797349480194092	0.001802692788327646
6.824925460488642	0.001793253686808278
6.852501440783192	0.001783813586959679
6.880077421077742	0.001774400773386752
6.907653401372293	0.001765014985820892
6.935229381666843	0.001755656592548096
6.962805361961393	0.00174632492866285
6.990381342255943	0.001737020175794587
7.017957322550493	0.00172774206269884
7.045533302845043	0.001718490610323365
7.073109283139593	0.001709265544032233
7.100685263434143	0.001700066481701344
7.128261243728693	0.001690906408171232
7.155837224023244	0.001681747004608962
7.183413204317794	0.001672626299103455
7.210989184612344	0.001663531348306538
7.238565164906894	0.001654461655315936
7.266141145201444	0.001645417228942584
7.293717125495994	0.001636398271636698
7.321293105790544	0.001627404002181073
7.348869086085094	0.001618434476180433
7.376445066379644	0.001609489496716827
7.404021046674194	0.001600568995955328
7.431597026968745	0.001591672770641215
7.459173007263295	0.001582797568381035
7.486748987557845	0.001573952036608525
7.514324967852395	0.001565127751071668
7.541900948146945	0.001556327167967366
7.569476928441495	0.001547549793257006
7.597052908736045	0.001538795405080134
7.624628889030595	0.001530064500865019
7.652204869325145	0.001521356333251411
7.679780849619696	0.001512670829538215
7.707356829914246	0.001504007800290932
7.734932810208796	0.001495367184424644
7.762508790503346	0.001486748741323075
7.790084770797896	0.001478151561645214
7.817660751092446	0.001469577640476575
7.845236731386996	0.001461025211506102
7.872812711681546	0.001452494119142364
7.900388691976096	0.001443984341991507
7.927964672270646	0.001435495609070703
7.955540652565197	0.001427028623252697
7.983116632859747	0.001418581844444928
8.010692613154298	0.001410155966218793
8.038268593448848	0.001401750665563688
8.065844573743398	0.001393365752298831
8.093420554037948	0.001385000524859687
8.120996534332498	0.001376656530026845
8.148572514627048	0.001368332209245244
8.176148494921598	0.001360027669566563
8.203724475216148	0.001351742807753988
8.231300455510699	0.001343477485364178
8.258876435805249	0.001335231590575046
8.286452416099799	0.001327005309650671
8.314028396394349	0.001318797656054788
8.341604376688899	0.001310609237177822
8.369180356983449	0.001302439663803882
8.396756337277999	0.001294287985522386
8.424332317572549	0.001286156310805206
8.451908297867099	0.001278042760088424
8.47948427816165	0.001269947502554146
8.5070602584562	0.001261870501281275
8.53463623875075	0.001253811614865784
8.5622122190453	0.001245770731912724
8.58978819933985	0.00123774796812665
8.6173641796344	0.001229742826586979
8.64494015992895	0.001221755267294225
8.6725161402235	0.001213785086712275
8.70009212051805	0.001205832778434753
8.7276681008126	0.001197897500118545
8.755244081107151	0.001189979694935318
8.782820061401701	0.001182079048743623
8.810396041696251	0.001174195497487439
8.837972021990801	0.001166328958626329
8.865548002285351	0.001158479326447885
8.893123982579901	0.001150646807224953
8.920699962874451	0.001142830760634326
8.948275943169001	0.001135031312769591
8.975851923463551	0.001127248443975342
9.003427903758102	0.001119482048832235
9.031003884052652	0.001111732104955258
9.058579864347202	0.001103998545842654
9.086155844641752	0.001096280959806261
9.113731824936302	0.001088579759377654
9.141307805230852	0.001080894704574345
9.168883785525402	0.001073225742313055
9.196459765819952	0.001065573152651495
9.224035746114502	0.001057936199424505
9.251611726409052	0.001050315170140699
9.279187706703603	0.00104270999549413
9.306763686998153	0.001035120623304516
9.334339667292703	0.001027547016016903
9.361915647587253	0.001019989124306374
9.389491627881803	0.00101244671209648
9.417067608176353	0.001004920294693213
9.444643588470903	0.0009974093616313667
9.472219568765453	0.0009899141081200944
9.499795549060003	0.000982434700529116
9.527371529354554	0.0009749705769048613
9.554947509649104	0.000967521988417628
9.582523489943654	0.0009600889219712374
9.610099470238204	0.0009526713683186479
9.637675450532754	0.000945269321925055
9.665251430827304	0.0009378827808559359
9.692827411121854	0.0009305117440740489
9.720403391416404	0.0009231561964427045
9.747979371710954	0.0009158159159815963
9.775555352005505	0.0009084919092050542
9.803131332300055	0.0009011831297828364
9.830707312594605	0.0008938899504923899
9.858283292889155	0.0008866123978789891
9.885859273183705	0.0008793505026473248
9.913435253478255	0.0008721042997371677
9.941011233772805	0.0008648738283992461
9.968587214067355	0.0008576591322891839
9.996163194361905	0.0008504602595049906
10.02373917465646	0.0008432772627238116
10.05131515495101	0.0008361102672380274
10.07889113524556	0.0008289590765439878
10.10646711554011	0.0008218240465078868
10.13404309583466	0.0008147051731417284
10.16161907612921	0.0008076025153721647
10.18919505642376	0.0008005161528760436
10.21677103671831	0.000793446171878327
10.24434701701286	0.0007863926640095019
10.27192299730741	0.0007793557263145538
10.29949897760196	0.000772335461207523
10.32707495789651	0.0007653320128455159
10.35465093819106	0.0007583454123532517
10.38222691848561	0.0007513759351542418
10.40980289878016	0.0007444232949656151
10.43737887907471	0.0007374880897902187
10.46495485936926	0.0007305703203919178
10.49253083966381	0.0007236701140665838
10.52010681995836	0.0007167876141594319
10.54768280025291	0.0007099229771631172
10.57525878054746	0.0007030763631183334
10.60283476084201	0.0006962479589737963
10.63041074113656	0.0006894379084113326
10.65798672143111	0.0006826463740356876
10.68556270172566	0.0006758734097975178
10.71313868202021	0.0006691194807847509
10.74071466231476	0.0006623847851458422
10.76829064260931	0.0006556694238796923
10.79586662290386	0.0006489736243248998
10.82344260319841	0.0006422976187781173
10.85101858349296	0.0006356416323211669
10.87859456378751	0.0006290059022386684
10.90617054408206	0.0006223906679548015
10.93374652437661	0.0006157961342595799
10.96132250467116	0.0006092226044403473
10.98889848496571	0.000602670150852632
11.01647446526026	0.0005961394913639531
11.04405044555481	0.0005896305837413013
11.07162642584936	0.0005831437176238877
11.09920240614391	0.0005766792270816242
11.12677838643846	0.000570237409948323
11.15435436673301	0.0005638185739933488
11.18193034702756	0.0005574229963903701
11.20950632732211	0.00055105102013406
11.23708230761666	0.0005447029662848652
11.26465828791121	0.000538379196063962
11.29223426820576	0.0005320800750139999
11.31981024850031	0.0005258055972997078
11.34738622879486	0.0005195566330933241
11.37496220908941	0.0005133332784877361
11.40253818938396	0.0005071359520682385
11.43011416967851	0.0005009650067680964
11.45769014997306	0.0004948208051971325
11.48526613026761	0.0004887037395364123
11.51284211056216	0.000482614226052554
11.54041809085671	0.0004765526678128725
11.56799407115126	0.0004705192191494785
11.59557005144581	0.000464514637959075
11.62314603174036	0.0004585393203895486
11.65072201203491	0.0004525935559827058
11.67829799232946	0.0004466777753715935
11.70587397262401	0.0004407924220324193
11.73344995291856	0.0004349379357936398
11.76102593321311	0.0004291147371689162
11.78860191350766	0.0004233232800776998
11.81617789380221	0.0004175640140580323
11.84375387409676	0.0004118371577523546
11.87132985439131	0.0004061437706158518
11.89890583468586	0.0004004835722363815
11.92648181498041	0.0003948574991387027
11.95405779527496	0.0003892658201787551
11.98163377556951	0.0003837089984659614
12.00920975586406	0.0003781875227105874
12.03678573615861	0.0003727018375556269
12.06436171645316	0.0003672524277538872
12.09193769674771	0.0003618395737080153
12.11951367704226	0.0003564642095496151
12.14708965733681	0.0003511262663296055
12.17466563763136	0.0003458261938024703
12.20224161792591	0.0003405648679193695
12.22981759822046	0.0003353425068218492
12.25739357851501	0.0003301595585369015
12.28496955880956	0.0003250164920590562
12.31254553910411	0.0003199137435523361
12.34012151939866	0.0003148517788493032
12.36769749969321	0.0003098307834966624
12.39527347998776	0.0003048517300354707
12.42284946028231	0.0002999143942882029
12.45042544057686	0.0002950197458781028
12.47800142087141	0.0002901679382418019
12.50557740116597	0.0002853594028947998
12.53315338146052	0.0002805945112302424
12.56072936175507	0.0002758736754541581
12.58830534204962	0.0002711972718512536
12.61588132234417	0.000266565442483276
12.64345730263872	0.0002619791344375797
12.67103328293327	0.0002574381126320813
12.69860926322782	0.0002529427669863563
12.72618524352237	0.000248493698593516
12.75376122381692	0.0002440910359534566
12.78133720411147	0.0002397350888446043
12.80891318440602	0.0002354261324709698
12.83648916470057	0.0002311644737604732
12.86406514499512	0.0002269501919397526
12.89164112528967	0.0002227839685446449
12.91921710558422	0.0002186655270085287
12.94679308587877	0.0002145950719491845
12.97436906617332	0.000210573195251886
13.00194504646787	0.0002065998507844853
13.02952102676242	0.0002026752159091331
13.05709700705697	0.0001987994065585856
13.08467298735152	0.0001949725870446169
13.11224896764607	0.0001911946645452074
13.13982494794062	0.0001874662189176586
13.16740092823517	0.0001837869074632972
13.19497690852972	0.0001801567018262142
13.22255288882427	0.000176576059692756
13.25012886911882	0.0001730447444907907
13.27770484941337	0.0001695627831174731
13.30528082970792	0.0001661301370675888
13.33285681000247	0.0001627467935462194
13.36043279029702	0.0001594126803696759
13.38800877059157	0.000156127899479332
13.41558475088612	0.0001528918496004334
13.44316073118067	0.0001497048399155896
13.47073671147522	0.0001465666614964829
13.49831269176977	0.0001434770981254571
13.52588867206432	0.0001404360189386261
13.55346465235887	0.0001374432181122858
13.58104063265342	0.0001344985214290504
13.60861661294797	0.000131601691285091
13.63619259324252	0.0001287525038358775
13.66376857353707	0.0001259505134363583
13.69134455383162	0.0001231958491067497
13.71892053412617	0.0001204880459068962
13.74649651442072	0.0001178267836639061
13.77407249471527	0.0001152117513173109
13.80164847500982	0.000112642615949115
13.82922445530437	0.0001101190577581099
13.85680043559892	0.0001076407107724096
13.88437641589347	0.0001052071999913473
13.91195239618802	0.0001028181392170342
13.93952837648257	0.0001004731653429992
13.96710435677712	9.817181001194332e-05
13.99468033707167	9.591368834037039e-05
14.02225631736622	9.369836407024977e-05
14.04983229766077	9.152538683483862e-05
14.07740827795532	8.939433322659355e-05
14.10498425824987	8.730473247265347e-05
14.13256023854442	8.525611600583822e-05
14.16013621883897	8.324800803388604e-05
14.18771219913352	8.127992898767221e-05
14.21528817942807	7.935138411531427e-05
14.24286415972262	7.746188207344989e-05
14.27044014001717	7.561090790649333e-05
14.29801612031172	7.37979794763011e-05
14.32559210060627	7.202256805381543e-05
14.35316808090082	7.028416522543153e-05
14.38074406119537	6.858223618694022e-05
14.40832004148992	6.691627870702128e-05
14.43589602178447	6.528575016793264e-05
14.46347200207902	6.369013416767204e-05
14.49104798237357	6.212887599376534e-05
14.51862396266812	6.060148183866399e-05
14.54619994296267	5.910740283065635e-05
14.57377592325722	5.764610218855494e-05
14.60135190355177	5.6217047452032e-05
14.62892788384632	5.481971216105108e-05
14.65650386414087	5.345355877888729e-05
14.68407984443542	5.211806331832146e-05
14.71165582472997	5.081269452937446e-05
14.73923180502452	4.953692127432122e-05
14.76680778531907	4.829022094120548e-05
14.79438376561362	4.707207167343253e-05
14.82195974590817	4.588195339632704e-05
14.84953572620272	4.471935174300133e-05
14.87711170649727	4.358375699662137e-05
14.90468768679182	4.24746501673768e-05
14.93226366708637	4.139153870454091e-05
14.95983964738092	4.033391312581858e-05
14.98741562767547	3.930128404210546e-05
15.01499160797002	3.829315682147718e-05
15.04256758826457	3.73090413555405e-05
15.07014356855912	3.63484658082682e-05
15.09771954885368	3.54109437085048e-05
15.12529552914823	3.449601583675729e-05
15.15287150944278	3.360320924808655e-05
15.18044748973733	3.273206513425752e-05
15.20802347003188	3.188213494688257e-05
15.23559945032643	3.105296482506348e-05
15.26317543062098	3.024412027193596e-05
15.29075141091553	2.94551613760388e-05
15.31832739121008	2.868565241706799e-05
15.34590337150463	2.793518608715808e-05
15.37347935179918	2.720333462143987e-05
15.40105533209373	2.648969225434308e-05
15.42863131238828	2.579385689399531e-05
15.45620729268283	2.511542317854502e-05
15.48378327297738	2.445401176199528e-05
15.51135925327193	2.380923271167794e-05
15.53893523356648	2.318070381224613e-05
15.56651121386103	2.256806298390169e-05
15.59408719415558	2.197093586133842e-05
15.62166317445013	2.138897296311603e-05
15.64923915474468	2.082182080574818e-05
15.67681513503923	2.026912911840461e-05
15.70439111533378	1.973056506523131e-05
15.73196709562833	1.920579450395649e-05
15.75954307592288	1.86944866982323e-05
15.78711905621743	1.81963288196606e-05
15.81469503651198	1.77110028975353e-05
15.84227101680653	1.723820383774093e-05
15.86984699710108	1.6777626716e-05
15.89742297739563	1.632898132461761e-05
15.92499895769018	1.589197698472194e-05
15.95257493798473	1.546632860768485e-05
15.98015091827928	1.50517613727536e-05
16.00772689857383	1.464800330165356e-05
16.03530287886838	1.425478696413822e-05
16.06287885916293	1.387185442474423e-05
16.09045483945748	1.349895146649668e-05
16.11803081975203	1.313582667445489e-05
16.14560680004658	1.278223706436919e-05
16.17318278034113	1.243794871544636e-05
16.20075876063568	1.210272584612758e-05
16.22833474093023	1.177633991086724e-05
16.25591072122478	1.145857129210778e-05
16.28348670151933	1.114919960540102e-05
16.31106268181388	1.08480127606932e-05
16.33863866210843	1.055480638830963e-05
16.36621464240298	1.026937458319643e-05
16.39379062269753	9.991519783712755e-06
16.42136660299208	9.721047587199825e-06
16.44894258328663	9.457771694927739e-06
16.47651856358118	9.20150543415369e-06
16.50409454387573	8.952068718267366e-06
16.53167052417028	8.709286988965576e-06
16.55924650446483	8.472987464390866e-06
16.58682248475938	8.243002410098185e-06
16.61439846505393	8.019169696697396e-06
16.64197444534848	7.801328308118798e-06
16.66955042564303	7.589322570953085e-06
16.69712640593758	7.383000251392974e-06
16.72470238623213	7.182213116138604e-06
16.75227836652668	6.986818897894253e-06
16.77985434682123	6.796674849230485e-06
16.80743032711578	6.611643319283344e-06
16.83500630741033	6.431590608454106e-06
16.86258228770488	6.256385563622219e-06
16.89015826799943	6.085900251522378e-06
16.91773424829398	5.920011767327844e-06
16.94531022858853	5.758597999279827e-06
16.97288620888308	5.601539996926493e-06
17.00046218917763	5.448723562418601e-06
17.02803816947218	5.30003715097623e-06
17.05561414976673	5.155369893545476e-06
17.08319013006128	5.014615636648272e-06
17.11076611035583	4.877671095072803e-06
17.13834209065038	4.744434181692569e-06
17.16591807094493	4.614805452594086e-06
17.19349405123948	4.488691121157245e-06
17.22107003153403	4.365996129132578e-06
17.24864601182858	4.246628655301786e-06
17.27622199212313	4.130499495355191e-06
17.30379797241768	4.017524572792901e-06
17.33137395271223	3.907617952643476e-06
17.35894993300678	3.800696381306188e-06
17.38652591330133	3.696681964265869e-06
17.41410189359588	3.595495665184769e-06
17.44167787389043	3.497061029204452e-06
17.46925385418498	3.401304570875291e-06
17.49682983447953	3.308154986975985e-06
17.52440581477408	3.217541546115544e-06
17.55198179506863	3.12939466113928e-06
17.57955777536318	3.043650281282212e-06
17.60713375565773	2.960242906261987e-06
17.63470973595228	2.879108939837233e-06
17.66228571624683	2.80018733514145e-06
17.68986169654139	2.723418622042849e-06
17.71743767683594	2.648744337795251e-06
17.74501365713049	2.576107219736857e-06
17.77258963742504	2.505453361671519e-06
17.80016561771959	2.436728595238073e-06
17.82774159801414	2.369880039359812e-06
17.85531757830869	2.304858193661076e-06
17.88289355860324	2.241612961893229e-06
17.91046953889779	2.180095894930624e-06
17.93804551919234	2.120260477482874e-06
17.96562149948689	2.062061008515255e-06
17.99319747978144	2.005453123834765e-06
18.02077346007599	1.95039325343253e-06
18.04834944037054	1.896839749607133e-06
18.07592542066509	1.844751563034721e-06
18.10350140095964	1.794088464344951e-06
18.13107738125419	1.744812255023777e-06
18.15865336154874	1.696885102866493e-06
18.18622934184329	1.650270297515636e-06
18.21380532213784	1.604931973566237e-06
18.24138130243239	1.56083545018605e-06
18.26895728272694	1.51794689990058e-06
18.29653326302149	1.476233178432649e-06
18.32410924331604	1.435662673526613e-06
18.35168522361059	1.396203891832883e-06
18.37926120390514	1.357826461301984e-06
18.40683718419969	1.320501271810343e-06
18.43441316449424	1.284199486837615e-06
18.46198914478879	1.24889305570543e-06
18.48956512508334	1.214554733480938e-06
18.51714110537789	1.181158229014709e-06
18.54471708567244	1.148677879654338e-06
18.57229306596699	1.117088526537246e-06
18.59986904626154	1.086365761763185e-06
18.62744502655609	1.056486001977644e-06
18.65502100685064	1.027426078466062e-06
18.68259698714519	9.991638264910671e-07
18.71017296743974	9.716772623881027e-07
18.73774894773429	9.4494535158817e-07
18.76532492802884	9.189471417353464e-07
18.79290090832339	8.936629174917179e-07
18.82047688861794	8.690728023421669e-07
18.84805286891249	8.451580750897687e-07
18.87562884920704	8.218999067828764e-07
18.90320482950159	7.992807150422406e-07
18.93078080979614	7.772826033000681e-07
18.95835679009069	7.558889724836405e-07
18.98593277038524	7.350830011307518e-07
19.01350875067979	7.148486427822747e-07
19.04108473097434	6.951702515313402e-07
19.06866071126889	6.760326162801638e-07
19.09623669156344	6.57420970192935e-07
19.12381267185799	6.393207162645708e-07
19.15138865215254	6.217179144274304e-07
19.17896463244709	6.045990134156257e-07
19.20654061274164	5.879505282035344e-07
19.23411659303619	5.717598453124635e-07
19.26169257333074	5.560143017576728e-07
19.28926855362529	5.407015991098706e-07
19.31684453391984	5.258099333393498e-07
19.34442051421439	5.113276951534135e-07
19.37199649450894	4.972438165692755e-07
19.39957247480349	4.835472111987838e-07
19.42714845509804	4.70227316977424e-07
19.45472443539259	4.572736681605307e-07
19.48230041568714	4.446762970864608e-07
19.50987639598169	4.324255485441289e-07
19.53745237627624	4.205117362875069e-07
19.56502835657079	4.0892567789877e-07
19.59260433686534	3.97658411837185e-07
19.62018031715989	3.867010574301414e-07
19.64775629745444	3.760451927296732e-07
19.67533227774899	3.656825971829524e-07
19.70290825804354	3.556051031383954e-07
19.73048423833809	3.458049075018612e-07
19.75806021863264	3.362743527509497e-07
19.78563619892719	3.270061698704712e-07
19.81321217922174	3.179930438243472e-07
19.84078815951629	3.092280313685477e-07
19.86836413981084	3.007042243900395e-07
19.89594012010539	2.924150470943293e-07
19.92351610039994	2.843540356025032e-07
19.95109208069449	2.765149502046732e-07
19.97866806098904	2.688916889394184e-07
20.00624404128359	2.614782554923567e-07
20.03382002157814	2.542689282053291e-07
20.06139600187269	2.472581224216057e-07
20.08897198216724	2.404403581980073e-07
20.11654796246179	2.33810310180328e-07
20.14412394275634	2.273628384968401e-07
20.17169992305089	2.21092906504668e-07
20.19927590334544	2.149956325721089e-07
20.22685188363999	2.090662972115875e-07
20.25442786393454	2.03300265298642e-07
20.2820038442291	1.976930285647695e-07
20.30957982452365	1.92240186576897e-07
20.3371558048182	1.869376182839723e-07
20.36473178511275	1.817811037180879e-07
20.3923077654073	1.767666295794388e-07
20.41988374570185	1.718902547139449e-07
20.4474597259964	1.671482769761713e-07
20.47503570629095	1.62536862016985e-07
20.5026116865855	1.580525766056927e-07
20.53018766688005	1.536918195695643e-07
20.5577636471746	1.494511897069362e-07
20.58533962746915	1.453273867636283e-07
20.6129156077637	1.41317266953332e-07
20.64049158805825	1.374176487986545e-07
20.6680675683528	1.336254861215455e-07
20.69564354864735	1.299378388613727e-07
20.7232195289419	1.263517529653161e-07
20.75079550923645	1.228645567544223e-07
20.778371489531	1.194734797512568e-07
20.80594746982555	1.161758642797042e-07
20.8335234501201	1.129691323037514e-07
20.86109943041465	1.098507438102621e-07
20.8886754107092	1.068183693606229e-07
20.91625139100375	1.038695893706933e-07
20.9438273712983	1.010020977247667e-07
20.97140335159285	9.821362185841077e-08
20.9989793318874	9.55020113196169e-08
21.02655531218195	9.286520687430117e-08
21.0541312924765	9.030110299808224e-08
21.08170727277105	8.780769928915937e-08
21.1092832530656	8.538304670644889e-08
21.13685923336015	8.302525069186052e-08
21.1644352136547	8.073241226120655e-08
21.19201119394925	7.850283169458909e-08
21.2195871742438	7.63347643898319e-08
21.24716315453835	7.422649340535085e-08
21.2747391348329	7.217636732958046e-08
21.30231511512745	7.018276103610165e-08
21.329891095422	6.824414686867453e-08
21.35746707571655	6.635902410406468e-08
21.3850430560111	6.452588715601175e-08
21.41261903630565	6.274331052920323e-08
21.4401950166002	6.100990511183327e-08
21.46777099689475	5.932432171118962e-08
21.4953469771893	5.768526432032866e-08
21.52292295748385	5.609139542725894e-08
21.5504989377784	5.45415175463192e-08
21.57807491807295	5.30343935528658e-08
21.6056508983675	5.156885313458301e-08
21.63322687866205	5.014373321373945e-08
21.6608028589566	4.87579506033883e-08
21.68837883925115	4.741041587794311e-08
21.7159548195457	4.61000615685519e-08
21.74353079984025	4.482587014458963e-08
21.7711067801348	4.358684572736731e-08
21.79868276042935	4.238202876915034e-08
21.8262587407239	4.121045565147071e-08
21.85383472101845	4.007118155652748e-08
21.881410701313	3.8963395586233e-08
21.90898668160755	3.788617616482408e-08
21.9365626619021	3.683870342502909e-08
21.96413864219665	3.582013593165641e-08
21.9917146224912	3.482969907670057e-08
22.01929060278575	3.386659820924216e-08
22.0468665830803	3.293006409113142e-08
22.07444256337485	3.201942093026928e-08
22.1020185436694	3.113391355994155e-08
22.12959452396395	3.027285252886857e-08
22.1571705042585	2.943556091780204e-08
22.18474648455305	2.862139780097157e-08
22.2123224648476	2.782972310383861e-08
22.23989844514215	2.705987052683387e-08
22.2674744254367	2.631132002663713e-08
22.29505040573125	2.558343325744026e-08
22.3226263860258	2.487564989930788e-08
22.35020236632035	2.418741701122706e-08
22.3777783466149	2.351820476834321e-08
22.40535432690945	2.286743370496373e-08
22.432930307204	2.223467402183754e-08
22.46050628749855	2.161939722616674e-08
22.4880822677931	2.102110694244447e-08
22.51565824808765	2.043935127252422e-08
22.5432342283822	1.987367708682959e-08
22.57081020867675	1.932362423326928e-08
22.5983861889713	1.878874840106216e-08
22.62596216926585	1.826867416007322e-08
22.6535381495604	1.776296779621599e-08
22.68111412985495	1.727123827024424e-08
22.7086901101495	1.679310084389985e-08
22.73626609044405	1.632817136149314e-08
22.7638420707386	1.587605993144672e-08
22.79141805103315	1.543647552968317e-08
22.8189940313277	1.500903999924092e-08
22.84657001162225	1.459341966348364e-08
22.87414599191681	1.418929808737812e-08
22.90172197221136	1.379633681651173e-08
22.92929795250591	1.341420753970092e-08
22.95687393280046	1.304266763914227e-08
22.98444991309501	1.268140894040468e-08
23.01202589338956	1.233014473734475e-08
23.03960187368411	1.198858270251162e-08
23.06717785397866	1.165646217854536e-08
23.09475383427321	1.133349951618553e-08
23.12232981456776	1.101949538843605e-08
23.14990579486231	1.071418004096279e-08
23.17748177515686	1.04173082678442e-08
23.20505775545141	1.012864151043983e-08
23.23263373574596	9.84792023614001e-09
23.26020971604051	9.574998556624238e-09
23.28778569633506	9.309629180212926e-09
23.31536167662961	9.051610243165183e-09
23.34293765692416	8.800718239030016e-09
23.37051363721871	8.556755889450989e-09
23.39808961751326	8.31952026793244e-09
23.42566559780781	8.088878772537504e-09
23.45324157810236	7.864627759735333e-09
23.48081755839691	7.646577015345016e-09
23.50839353869146	7.434549308380034e-09
23.53596951898601	7.228375650306178e-09
23.56354549928056	7.027923560594053e-09
23.59112147957511	6.833026154072826e-09
23.61869745986966	6.643522348759346e-09
23.64627344016421	6.459252878552962e-09
23.67384942045876	6.280057835828489e-09
23.70142540075331	6.105850015835632e-09
23.72900138104786	5.936475345607614e-09
23.75657736134241	5.771798360125582e-09
23.78415334163696	5.611644354772951e-09
23.81172932193151	5.455911769148109e-09
23.83930530222606	5.304527719499854e-09
23.86688128252061	5.157328563515425e-09
23.89445726281516	5.014201080894612e-09
23.92203324310971	4.875039207054999e-09
23.94960922340426	4.739714140556414e-09
23.97718520369881	4.608158802773387e-09
24.00476118399336	4.480235415629689e-09
24.03233716428791	4.355865459469255e-09
24.05991314458246	4.234906130185066e-09
24.08748912487701	4.117333058039344e-09
24.11506510517156	4.003000927019191e-09
24.14264108546611	3.891843972567133e-09
24.17021706576066	3.783769963174231e-09
24.19779304605521	3.678657419706518e-09
24.22536902634976	3.576493032108201e-09
24.25294500664431	3.477144566101469e-09
24.28052098693886	3.38055849972882e-09
24.30809696723341	3.28662890593588e-09
24.33567294752796	3.195319601369661e-09
24.36324892782251	3.106540179449271e-09
24.39082490811706	3.020218513915088e-09
24.41840088841161	2.93626767805505e-09
24.44597686870616	2.854667929417476e-09
24.47355284900071	2.77532785584771e-09
24.50112882929526	2.698185852196292e-09
24.52870480958981	2.623161045090036e-09
24.55628078988436	2.55023988309259e-09
24.58385677017891	2.479339803262464e-09
24.61143275047346	2.410405487972966e-09
24.63900873076801	2.343371390301642e-09
24.66658471106256	2.27820301605484e-09
24.69416069135711	2.21484553374801e-09
24.72173667165166	2.153244395788466e-09
24.74931265194621	2.093327368057684e-09
24.77688863224076	2.035095964358369e-09
24.80446461253531	1.978479241144769e-09
24.83204059282986	1.923433377858707e-09
24.85961657312441	1.86989102358444e-09
24.88719255341896	1.817857078927276e-09
24.91476853371351	1.767266853433414e-09
24.94234451400806	1.718080726390324e-09
24.96992049430261	1.670243834250804e-09
24.99749647459716	1.623748585447941e-09
25.02507245489171	1.57853699962275e-09
25.05264843518626	1.534571262261366e-09
25.08022441548081	1.491838111462257e-09
25.10780039577536	1.450292697985185e-09
25.13537637606991	1.409906336664785e-09
25.16295235636446	1.370613600788763e-09
25.19052833665901	1.332430137224004e-09
25.21810431695356	1.295312100150497e-09
25.24568029724811	1.259204145824459e-09
25.27325627754266	1.224115226699479e-09
25.30083225783721	1.190004984637548e-09
25.32840823813176	1.156810560424966e-09
25.35598421842631	1.12456564789933e-09
25.38356019872086	1.093210607347006e-09
25.41113617901541	1.062703997420912e-09
25.43871215930996	1.03307297678279e-09
25.46628813960452	1.004261045786946e-09
25.49386411989907	9.762372590094017e-10
25.52144010019362	9.490107484240086e-10
25.54901608048817	9.225401768169641e-10
25.57659206078272	8.968054673760226e-10
25.60416804107727	8.717665192876944e-10
25.63174402137182	8.474524306030844e-10
25.65932000166637	8.238115229782579e-10
25.68689598196092	8.008315935054407e-10
25.71447196225547	7.784957270478885e-10
25.74204794255002	7.567768691520663e-10
25.76962392284457	7.356646053956131e-10
25.79719990313912	7.151421892890838e-10
25.82477588343367	6.951878645211372e-10
25.85235186372822	6.757898101507042e-10
25.87992784402277	6.569343997951218e-10
25.90750382431732	6.38598119718653e-10
25.93507980461187	6.207732686352709e-10
25.96265578490642	6.034433749193425e-10
25.99023176520097	5.865942080150507e-10
26.01780774549552	5.702148405132452e-10
26.04538372579007	5.542906786629501e-10
26.07295970608462	5.388083438974858e-10
26.10053568637917	5.237574056477619e-10
26.12811166667372	5.091248179536825e-10
26.15568764696827	4.948978466326386e-10
26.18326362726282	4.810681361708715e-10
26.21083960755737	4.676231433269012e-10
26.23841558785192	4.545522728332085e-10
26.26599156814647	4.418449217527149e-10
26.29356754844102	4.294913100449685e-10
26.32114352873557	4.174814624735673e-10
26.34871950903012	4.058058473233394e-10
26.37629548932467	3.944551967888427e-10
26.40387146961922	3.834205123339952e-10
26.43144744991377	3.726927308685436e-10
26.45902343020832	3.622637959503101e-10
26.48659941050287	3.521251771756555e-10
26.51417539079742	3.42268841913555e-10
26.54175137109197	3.326869437074395e-10
26.56932735138652	3.233716542558223e-10
26.59690333168107	3.143160030194768e-10
26.62447931197562	3.055123437027972e-10
26.65205529227017	2.969540516995188e-10
26.67963127256472	2.886346434402091e-10
26.70720725285927	2.805457052551151e-10
26.73478323315382	2.726828256063057e-10
26.76235921344837	2.650389648680261e-10
26.78993519374292	2.576080478784561e-10
26.81751117403747	2.503840700747395e-10
26.84508715433202	2.433615049840132e-10
26.87266313462657	2.36534618520572e-10
26.90023911492112	2.298979909289329e-10
26.92781509521567	2.234459758899944e-10
26.95539107551022	2.171743901590866e-10
26.98296705580477	2.110773178122031e-10
27.01054303609932	2.05150275620168e-10
27.03811901639387	1.993889441488292e-10
27.06569499668842	1.937872670548696e-10
27.09327097698297	1.883422348487754e-10
27.12084695727752	1.830490416872557e-10
27.14842293757207	1.77915037755629e-10
27.17599891786662	1.729013467336939e-10
27.20357489816117	1.680387757110787e-10
27.23115087845572	1.633118859720273e-10
27.25872685875027	1.587166246680364e-10
27.28630283904482	1.54249859768468e-10
27.31387881933937	1.499076143240882e-10
27.34145479963392	1.456865259548569e-10
27.36903077992847	1.415831557103361e-10
27.39660676022302	1.375943662779672e-10
27.42418274051757	1.337168813840933e-10
27.45175872081212	1.299469660026741e-10
27.47933470110667	1.262834988670881e-10
27.50691068140122	1.227217141756002e-10
27.53448666169577	1.192593953207339e-10
27.56206264199032	1.158936222589185e-10
27.58963862228487	1.126219341678721e-10
27.61721460257942	1.094415975286945e-10
27.64479058287397	1.063499971155665e-10
27.67236656316852	1.033448222603358e-10
27.69994254346307	1.004235662585739e-10
27.72751852375762	9.758380879678412e-11
27.75509450405217	9.48234931959402e-11
27.78267048434672	9.21403062291763e-11
27.81024646464127	8.953191491223893e-11
27.83782244493582	8.699659269097849e-11
27.86539842523037	8.453207204190636e-11
27.89297440552492	8.213636314250365e-11
27.92055038581947	7.980768373675703e-11
27.94812636611402	7.754409464773905e-11
27.97570234640857	7.534367140104849e-11
28.00327832670312	7.320486218737325e-11
28.03085430699767	7.112601504352092e-11
28.05843028729223	6.910487808936447e-11
28.08600626758678	6.714049208793139e-11
28.11358224788133	6.523097750133772e-11
28.14115822817588	6.337495447688835e-11
28.16873420847043	6.157087710643292e-11
28.19631018876498	5.981709724038845e-11
28.22388616905953	5.811249296843205e-11
28.25146214935408	5.645549103824419e-11
28.27903812964863	5.484494992973851e-11
28.30661410994318	5.328503750732611e-11
28.33419009023773	5.175773076142298e-11
28.36176607053228	5.02786583164709e-11
28.38934205082683	4.884087624543751e-11
28.41691803112138	4.744344394119898e-11
28.44449401141593	4.608503801294789e-11
28.47206999171048	4.476475318957437e-11
28.49964597200503	4.348135889808115e-11
28.52722195229958	4.223398207318561e-11
28.55479793259413	4.10214264098637e-11
28.58237391288868	3.984295469729664e-11
28.60994989318323	3.869737554285423e-11
28.63752587347778	3.75839963110193e-11
28.66510185377233	3.650172771791096e-11
28.69267783406688	3.544984882615179e-11
28.72025381436143	3.442736469545287e-11
28.74782979465598	3.343361947002946e-11
28.77540577495053	3.246763789907088e-11
28.80298175524508	3.152882097856366e-11
28.83055773553963	3.061623176168176e-11
28.85813371583418	2.972908707800749e-11
28.88570969612873	2.886716067521351e-11
28.91328567642328	2.802918919540134e-11
28.94086165671783	2.721480283102224e-11
28.96843763701238	2.642318895234233e-11
28.99601361730693	2.565371165296124e-11
29.02358959760148	2.490598983787394e-11
29.05116557789603	2.417912544107977e-11
29.07874155819058	2.347257386307315e-11
29.10631753848513	2.278608309369662e-11
29.13389351877968	2.21186977437754e-11
29.16146949907423	2.147000066554321e-11
29.18904547936878	2.083966060475124e-11
29.21662145966333	2.022691318784009e-11
29.24419743995788	1.96313493363443e-11
29.27177342025243	1.905256241773122e-11
29.29934940054698	1.849000554541776e-11
29.32692538084153	1.794324207173724e-11
29.35450136113608	1.741183139944734e-11
29.38207734143063	1.689534825361066e-11
29.40965332172518	1.639337154332359e-11
29.43722930201973	1.59054921923465e-11
29.46480528231428	1.54313210291601e-11
29.49238126260883	1.497047246710173e-11
29.51995724290338	1.452257581664491e-11
29.54753322319793	1.408726441932707e-11
29.57510920349248	1.366418617169479e-11
29.60268518378703	1.325300260796388e-11
29.63026116408158	1.285337677358237e-11
29.65783714437613	1.246498473796597e-11
29.68541312467068	1.208751345776332e-11
29.71298910496523	1.172065992769979e-11
29.74056508525978	1.136411764849462e-11
29.76814106555433	1.101760918994847e-11
29.79571704584888	1.068084411819172e-11
29.82329302614343	1.035355666559059e-11
29.85086900643798	1.003547510952345e-11
29.87844498673253	9.726344006451441e-12
29.90602096702708	9.42591274783286e-12
29.93359694732163	9.133935629708782e-12
29.96117292761618	8.85017757591018e-12
29.98874890791073	8.574407976890854e-12
30.01632488820528	8.306403678684144e-12
30.04390086849983	8.045944612547702e-12
30.07147684879438	7.79281916099083e-12
30.09905282908893	7.546822451866926e-12
30.12662880938348	7.307756183584365e-12
30.15420478967803	7.075422695879025e-12
30.18178076997258	6.84963704739251e-12
30.20935675026713	6.630210312367724e-12
30.23693273056168	6.416968490381826e-12
30.26450871085623	6.209734717039362e-12
30.29208469115078	6.008342239943852e-12
30.31966067144533	5.812627174735778e-12
30.34723665173988	5.622430352613376e-12
30.37481263203443	5.437596344548765e-12
30.40238861232898	5.257974713821241e-12
30.42996459262353	5.083417633021503e-12
30.45754057291808	4.91378447417963e-12
30.48511655321263	4.748934956101285e-12
30.51269253350718	4.588737782647014e-12
30.54026851380173	4.433060843756573e-12
30.56784449409628	4.281774974513656e-12
30.59542047439083	4.134760304312662e-12
30.62299645468539	3.991895584288363e-12
30.65057243497994	3.853062176399915e-12
30.67814841527449	3.718149207479979e-12
30.70572439556904	3.587045360948127e-12
30.73330037586359	3.459644534378271e-12
30.76087635615814	3.335839218054801e-12
30.78845233645269	3.215532993704529e-12
30.81602831674724	3.098624421491943e-12
30.84360429704179	2.985019540947187e-12
30.87118027733634	2.874624651672837e-12
30.89875625763089	2.767348845674193e-12
30.92633223792544	2.663105846441115e-12
30.95390821821999	2.561808755984271e-12
30.98148419851454	2.463375586690177e-12
31.00906017880909	2.367726154379945e-12
31.03663615910364	2.274780401998459e-12
31.06421213939819	2.184463115039371e-12
31.09178811969274	2.096701026069899e-12
31.11936409998729	2.011420841256766e-12
31.14694008028184	1.928554088567023e-12
31.17451606057639	1.848031694092268e-12
31.20209204087094	1.769788407781667e-12
31.22966802116549	1.693759881008506e-12
31.25724400146004	1.619882090550188e-12
31.28481998175459	1.548096679607674e-12
31.31239596204914	1.478344231532542e-12
31.33997194234369	1.410565956312706e-12
31.36754792263824	1.344707108274298e-12
31.39512390293279	1.280714268275919e-12
31.42269988322734	1.218533200349502e-12
31.45027586352189	1.158113920546716e-12
31.47785184381644	1.099406943136155e-12
31.50542782411099	1.042363812359357e-12
31.53300380440554	9.869375392077663e-13
31.56057978470009	9.330824852412459e-13
31.58815576499464	8.807543073143768e-13
31.61573174528919	8.299099153209192e-13
31.64330772558374	7.805074344694509e-13
31.67088370587829	7.325061698183702e-13
31.69845968617284	6.858665722931277e-13
31.72603566646739	6.405502058688449e-13
31.75361164676194	5.965197157665058e-13
31.78118762705649	5.537387975811025e-13
31.80876360735104	5.121721672898123e-13
31.83633958764559	4.71785532103713e-13
31.86391556794014	4.325455621342523e-13
31.89149154823469	3.944198628500412e-13
31.91906752852924	3.573769483018514e-13
31.94664350882379	3.213862150953144e-13
31.97421948911834	2.864179170921209e-13
32.00179546941289	2.524431408205915e-13
32.02937144970744	2.194337815775762e-13
32.05694743000199	1.873625202042106e-13
32.08452341029654	1.562028005175066e-13
32.11209939059109	1.259288073816152e-13
32.13967537088564	9.651544540148213e-14
32.16725135118019	6.793831822293154e-14
32.19482733147474	4.017370842322319e-14
32.22240331176929	1.31985579763724e-14
0
1000	105.6583745	100000000000000.1
5	0	0	1
5	0	0	0
4.673998997513734	-2.514378683162532e-06
4.701574977808284	-2.003591119284648e-06
4.729150958102834	-1.985134094360737e-06
4.756726938397384	-2.034571268175888e-06
4.784302918691934	-2.093051510405345e-06
4.811878898986484	-2.144927997033899e-06
4.839454879281035	-2.185651402171125e-06
4.867030859575585	-2.214438048935229e-06
4.894606839870135	-2.231919445291047e-06
4.922182820164685	-2.239240601444218e-06
4.949758800459235	-2.237680433436375e-06
4.977334780753785	-2.228487176153947e-06
5.004910761048335	-2.212809904726486e-06
5.032486741342885	-2.191674945624994e-06
5.060062721637435	-2.165983458462535e-06
5.087638701931986	-2.136518681227103e-06
5.115214682226536	-2.103957115459191e-06
5.142790662521086	-2.068880794922757e-06
5.170366642815636	-2.031789245922837e-06
5.197942623110186	-1.993110507760717e-06
5.225518603404736	-1.953210977131087e-06
5.253094583699286	-1.912404042303656e-06
5.280670563993836	-1.870957571437503e-06
5.308246544288386	-1.829100362360685e-06
5.335822524582936	-1.787027674715567e-06
5.363398504877487	-1.744905963846661e-06
5.390974485172037	-1.702876927062919e-06
5.418550465466587	-1.661060961228218e-06
5.446126445761137	-1.619560118306572e-06
5.473702426055687	-1.578460633673649e-06
5.501278406350237	-1.538105663176833e-06
5.528854386644787	-1.497971215638128e-06
5.556430366939337	-1.458408052361265e-06
5.584006347233887	-1.419463627384392e-06
5.611582327528438	-1.381177319978935e-06
5.639158307822988	-1.343581372154297e-06
5.666734288117538	-1.306701726371137e-06
5.694310268412088	-1.270558773055585e-06
5.721886248706638	-1.235168016896126e-06
5.749462229001188	-1.200540670225415e-06
5.777038209295738	-1.166695079426858e-06
5.804614189590288	-1.133606464749729e-06
5.832190169884838	-1.101292705088138e-06
5.859766150179389	-1.069753177192422e-06
5.887342130473939	-1.038985046536572e-06
5.914918110768489	-1.008983546095978e-06
5.942494091063039	-9.797422277448798e-07
5.970070071357589	-9.512531883493878e-07
5.997646051652139	-9.235072726273036e-07
6.025222031946689	-8.964942547466267e-07
6.052798012241239	-8.702080133522313e-07
6.080373992535789	-8.44625756833153e-07
6.107949972830339	-8.197405733382362e-07
6.13552595312489	-7.955395414670666e-07
6.16310193341944	-7.720093222089189e-07
6.19067791371399	-7.49136247762999e-07
6.21825389400854	-7.269064008056563e-07
6.24582987430309	-7.053056850639156e-07
6.27340585459764	-6.843198879915734e-07
6.30098183489219	-6.639347362829232e-07
6.32855781518674	-6.441363950562218e-07
6.35613379548129	-6.249095222276954e-07
6.383709775775841	-6.062405117485713e-07
6.411285756070391	-5.88115289840886e-07
6.438861736364941	-5.705199111780794e-07
6.466437716659491	-5.534405823179814e-07
6.494013696954041	-5.368636810375128e-07
6.521589677248591	-5.207757713164253e-07
6.549165657543141	-5.051636130731593e-07
6.576741637837691	-4.900141642895194e-07
6.604317618132241	-4.752972394137887e-07
6.631893598426791	-4.610331682397176e-07
6.659469578721342	-4.471946599079689e-07
6.687045559015892	-4.337697102179756e-07
6.714621539310442	-4.207465737487173e-07
6.742197519604992	-4.081137668125192e-07
6.769773499899542	-3.958600692660473e-07
6.797349480194092	-3.839745253167299e-07
6.824925460488642	-3.72446443447423e-07
6.852501440783192	-3.612653955688139e-07
6.880077421077742	-3.504210716767656e-07
6.907653401372293	-3.399038747140894e-07
6.935229381666843	-3.29703998155722e-07
6.962805361961393	-3.198120441020792e-07
6.990381342255943	-3.102188654170864e-07
7.017957322550493	-3.009155620324667e-07
7.045533302845043	-2.918934769675683e-07
7.073109283139593	-2.831441921118707e-07
7.100685263434143	-2.746595238122542e-07
7.128261243728693	-2.664315183025082e-07
7.155837224023244	-2.584523924969355e-07
7.183413204317794	-2.5071475497992e-07
7.210989184612344	-2.432112542403376e-07
7.238565164906894	-2.359348072600469e-07
7.266141145201444	-2.288785367209902e-07
7.293717125495994	-2.220357660962977e-07
7.321293105790544	-2.154000147425054e-07
7.348869086085094	-2.089649930077108e-07
7.376445066379644	-2.027245973684656e-07
7.404021046674194	-1.966729056063586e-07
7.431597026968745	-1.908041311256791e-07
7.459173007263295	-1.851127833251543e-07
7.486748987557845	-1.795934170250047e-07
7.514324967852395	-1.742407885895735e-07
7.541900948146945	-1.6904981249976e-07
7.569476928441495	-1.640155569411515e-07
7.597052908736045	-1.591332394755736e-07
7.624628889030595	-1.543982227988851e-07
7.652204869325145	-1.498060105872196e-07
7.679780849619696	-1.45352243433329e-07
7.707356829914246	-1.410326916446707e-07
7.734932810208796	-1.368432639405831e-07
7.762508790503346	-1.327799858354996e-07
7.790084770797896	-1.288390069005229e-07
7.817660751092446	-1.250165946300128e-07
7.845236731386996	-1.213091309192835e-07
7.872812711681546	-1.177131086334307e-07
7.900388691976096	-1.142251282660541e-07
7.927964672270646	-1.108418946864609e-07
7.955540652565197	-1.075602139737635e-07
7.983116632859747	-1.043771481073475e-07
8.010692613154298	-1.012893535009006e-07
8.038268593448848	-9.829410129800161e-08
8.065844573743398	-9.538857383998331e-08
8.093420554037948	-9.257004009049823e-08
8.120996534332498	-8.983585304479135e-08
8.148572514627048	-8.71834471825638e-08
8.176148494921598	-8.461033598034487e-08
8.203724475216148	-8.21141094895003e-08
8.231300455510699	-7.969243198188958e-08
8.258876435805249	-7.734306055705838e-08
8.286452416099799	-7.506375662734248e-08
8.314028396394349	-7.285241591516709e-08
8.341604376688899	-7.070697769372853e-08
8.369180356983449	-6.862544470466045e-08
8.396756337277999	-6.660588119023673e-08
8.424332317572549	-6.464641098587545e-08
8.451908297867099	-6.274521567119853e-08
8.47948427816165	-6.090053277794195e-08
8.5070602584562	-5.911065405305183e-08
8.53463623875075	-5.737297124218388e-08
8.5622122190453	-5.568849373139196e-08
8.58978819933985	-5.40534228945548e-08
8.6173641796344	-5.246676594213513e-08
8.64494015992895	-5.092710609983769e-08
8.6725161402235	-4.943303793973545e-08
8.70009212051805	-4.798319222415617e-08
8.7276681008126	-4.657623947154276e-08
8.755244081107151	-4.521089004588938e-08
8.782820061401701	-4.388589339326624e-08
8.810396041696251	-4.260001369989037e-08
8.837972021990801	-4.135212602520353e-08
8.865548002285351	-4.014106454222364e-08
8.893123982579901	-3.896572401245901e-08
8.920699962874451	-3.782503295504593e-08
8.948275943169001	-3.671795260099812e-08
8.975851923463551	-3.564347587995155e-08
9.003427903758102	-3.460062643842797e-08
9.031003884052652	-3.358845768866608e-08
9.058579864347202	-3.260605188709395e-08
9.086155844641752	-3.165251310119789e-08
9.113731824936302	-3.072699175075147e-08
9.141307805230852	-2.982864478571238e-08
9.168883785525402	-2.895666107279307e-08
9.196459765819952	-2.811025412530569e-08
9.224035746114502	-2.72886613447887e-08
9.251611726409052	-2.64911432857567e-08
9.279187706703603	-2.571698294294161e-08
9.306763686998153	-2.496548506039991e-08
9.334339667292703	-2.423597546186961e-08
9.361915647587253	-2.352778771865551e-08
9.389491627881803	-2.284031523956204e-08
9.417067608176353	-2.217292928821025e-08
9.444643588470903	-2.152503345778707e-08
9.472219568765453	-2.089604938537361e-08
9.499795549060003	-2.028541620110205e-08
9.527371529354554	-1.969258999300046e-08
9.554947509649104	-1.911704328741211e-08
9.582523489943654	-1.85582645447901e-08
9.610099470238204	-1.801575767060723e-08
9.637675450532754	-1.748905174755365e-08
9.665251430827304	-1.697765903553331e-08
9.692827411121854	-1.648113703520381e-08
9.720403391416404	-1.59990468162715e-08
9.747979371710954	-1.55309626579379e-08
9.775555352005505	-1.507647163217616e-08
9.803131332300055	-1.463517319207999e-08
9.830707312594605	-1.420667875530353e-08
9.858283292889155	-1.379061125674888e-08
9.885859273183705	-1.33866045913095e-08
9.913435253478255	-1.299435945087298e-08
9.941011233772805	-1.261343541630448e-08
9.968587214067355	-1.224354135721631e-08
9.996163194361905	-1.188435360009927e-08
10.02373917465646	-1.15355581607634e-08
10.05131515495101	-1.119685044782163e-08
10.07889113524556	-1.086793497546414e-08
10.10646711554011	-1.05485250852102e-08
10.13404309583466	-1.023834267633295e-08
10.16161907612921	-9.937117944661408e-09
10.18919505642376	-9.644593375694764e-09
10.21677103671831	-9.360506139684878e-09
10.24434701701286	-9.084614097231019e-09
10.27192299730741	-8.81667820930429e-09
10.29949897760196	-8.55646656015635e-09
10.32707495789651	-8.303754141077879e-09
10.35465093819106	-8.058322640909169e-09
10.38222691848561	-7.819960243082953e-09
10.40980289878016	-7.58846142898714e-09
10.43737887907471	-7.363626787442138e-09
10.46495485936926	-7.14526461933489e-09
10.49253083966381	-6.933183412559128e-09
10.52010681995836	-6.727202832381856e-09
10.54768280025291	-6.527146129858963e-09
10.57525878054746	-6.332841801558776e-09
10.60283476084201	-6.144123431242744e-09
10.63041074113656	-5.960829536453806e-09
10.65798672143111	-5.782803419853204e-09
10.68556270172566	-5.609893025152033e-09
10.71313868202021	-5.441950797488684e-09
10.74071466231476	-5.278834536572209e-09
10.76829064260931	-5.120403197286973e-09
10.79586662290386	-4.966522963449866e-09
10.82344260319841	-4.817062988223844e-09
10.85101858349296	-4.671896292406863e-09
10.87859456378751	-4.530899648146524e-09
10.90617054408206	-4.393953466229759e-09
10.93374652437661	-4.260941686831293e-09
10.96132250467116	-4.131751673608416e-09
10.98889848496571	-4.006274111033458e-09
11.01647446526026	-3.884403318185261e-09
11.04405044555481	-3.766035442637497e-09
11.07162642584936	-3.651070988708183e-09
11.09920240614391	-3.539412966535122e-09
11.12677838643846	-3.430967239184258e-09
11.15435436673301	-3.325642436987425e-09
11.18193034702756	-3.223349874487682e-09
11.20950632732211	-3.124003469906991e-09
11.23708230761666	-3.027519667053773e-09
11.26465828791121	-2.93381735959079e-09
11.29223426820576	-2.842818413963272e-09
11.31981024850031	-2.754445135669743e-09
11.34738622879486	-2.66862396874632e-09
11.37496220908941	-2.585282903870961e-09
11.40253818938396	-2.504352036594722e-09
11.43011416967851	-2.425763503873097e-09
11.45769014997306	-2.349451422522141e-09
11.48526613026761	-2.275351829535008e-09
11.51284211056216	-2.20340262419701e-09
11.54041809085671	-2.13354351193963e-09
11.56799407115126	-2.065716109124518e-09
11.59557005144581	-1.999863224735398e-09
11.62314603174036	-1.935929842587965e-09
11.65072201203491	-1.873862368406706e-09
11.67829799232946	-1.813608757106514e-09
11.70587397262401	-1.755118465762174e-09
11.73344995291856	-1.698342407994673e-09
11.76102593321311	-1.64323290972703e-09
11.78860191350766	-1.589743666264386e-09
11.81617789380221	-1.537829700655108e-09
11.84375387409676	-1.4874469336716e-09
11.87132985439131	-1.43855374638224e-09
11.89890583468586	-1.391108503981299e-09
11.92648181498041	-1.345071143043849e-09
11.95405779527496	-1.300402736436024e-09
11.98163377556951	-1.257065458695146e-09
12.00920975586406	-1.215022552422106e-09
12.03678573615861	-1.174238295657445e-09
12.06436171645316	-1.134677970213758e-09
12.09193769674771	-1.096307830938142e-09
12.11951367704226	-1.059094929286534e-09
12.14708965733681	-1.023007685320906e-09
12.17466563763136	-9.880149481515685e-10
12.20224161792591	-9.540865734826487e-10
12.22981759822046	-9.211932489249726e-10
12.25739357851501	-8.893064683802325e-10
12.28496955880956	-8.583985071989205e-10
12.31254553910411	-8.284423980931563e-10
12.34012151939866	-7.994119077862548e-10
12.36769749969321	-7.712815143815499e-10
12.39527347998776	-7.440262623066065e-10
12.42284946028231	-7.176222457023037e-10
12.45042544057686	-6.920458227193663e-10
12.47800142087141	-6.67274103099838e-10
12.50557740116597	-6.432848045547596e-10
12.53315338146052	-6.200562341468161e-10
12.56072936175507	-5.975672702861642e-10
12.58830534204962	-5.757973453255711e-10
12.61588132234417	-5.547264287412856e-10
12.64345730263872	-5.34335010886307e-10
12.67103328293327	-5.146040862263009e-10
12.69860926322782	-4.955151397328784e-10
12.72618524352237	-4.770501355222855e-10
12.75376122381692	-4.591914964692644e-10
12.78133720411147	-4.419220929821336e-10
12.80891318440602	-4.252252299066466e-10
12.83648916470057	-4.090846339205892e-10
12.86406514499512	-3.934844414052061e-10
12.89164112528967	-3.784091867798161e-10
12.91921710558422	-3.638437912861416e-10
12.94679308587877	-3.497737531302364e-10
12.97436906617332	-3.361843118015639e-10
13.00194504646787	-3.230616929911561e-10
13.02952102676242	-3.10392264281048e-10
13.05709700705697	-2.981627309308265e-10
13.08467298735152	-2.863601269917473e-10
13.11224896764607	-2.749718067781555e-10
13.13982494794062	-2.639854366828196e-10
13.16740092823517	-2.533889873226301e-10
13.19497690852972	-2.431707260009559e-10
13.22255288882427	-2.333180018531091e-10
13.25012886911882	-2.238222146055397e-10
13.27770484941337	-2.146712138308623e-10
13.30528082970792	-2.058543647216498e-10
13.33285681000247	-1.973612928789439e-10
13.36043279029702	-1.891818791100097e-10
13.38800877059157	-1.81306254399436e-10
13.41558475088612	-1.737247950429639e-10
13.44316073118067	-1.66428117933677e-10
13.47073671147522	-1.594070759904675e-10
13.49831269176977	-1.52653706396666e-10
13.52588867206432	-1.46157305481877e-10
13.55346465235887	-1.399104003756951e-10
13.58104063265342	-1.339047589090935e-10
13.60861661294797	-1.281323662989393e-10
13.63619259324252	-1.225854207668895e-10
13.66376857353707	-1.172563292804857e-10
13.69134455383162	-1.121377034072628e-10
13.71892053412617	-1.072223552731014e-10
13.74649651442072	-1.025032936164744e-10
13.77407249471527	-9.797299874635175e-11
13.80164847500982	-9.3626385770862e-11
13.82922445530437	-8.945628083556847e-11
13.85680043559892	-8.545643088965258e-11
13.88437641589347	-8.162075901401243e-11
13.91195239618802	-7.794336125243246e-11
13.93952837648257	-7.441850346746858e-11
13.96710435677712	-7.104061821734124e-11
13.99468033707167	-6.780430165062116e-11
14.02225631736622	-6.470431041597593e-11
14.04983229766077	-6.17356344282843e-11
14.07740827795532	-5.889318118497684e-11
14.10498425824987	-5.617225009138513e-11
14.13256023854442	-5.356821033848976e-11
14.16013621883897	-5.107657648289145e-11
14.18771219913352	-4.869300537066956e-11
14.21528817942807	-4.641329307368798e-11
14.24286415972262	-4.423337183840314e-11
14.27044014001717	-4.214930704750455e-11
14.29801612031172	-4.01572941949666e-11
14.32559210060627	-3.825365790997822e-11
14.35316808090082	-3.643484007587609e-11
14.38074406119537	-3.469741138908854e-11
14.40832004148992	-3.303805794956567e-11
14.43589602178447	-3.14535810393472e-11
14.46347200207902	-2.994089420004625e-11
14.49104798237357	-2.849702033435718e-11
14.51862396266812	-2.711908883288707e-11
14.54619994296267	-2.580433272772425e-11
14.57377592325722	-2.455008587423882e-11
14.60135190355177	-2.335375305802272e-11
14.62892788384632	-2.221291911481311e-11
14.65650386414087	-2.112517506205763e-11
14.68407984443542	-2.008823002883878e-11
14.71165582472997	-1.909988031385402e-11
14.73923180502452	-1.815800678477643e-11
14.76680778531907	-1.726057231440657e-11
14.79438376561362	-1.640561925525654e-11
14.82195974590817	-1.559126695411077e-11
14.84953572620272	-1.481570930800468e-11
14.87711170649727	-1.407721050126789e-11
14.90468768679182	-1.337411047221043e-11
14.93226366708637	-1.27048103671119e-11
14.95983964738092	-1.206777865683707e-11
14.98741562767547	-1.146154681413554e-11
15.01499160797002	-1.088470714480588e-11
15.04256758826457	-1.033591066671228e-11
15.07014356855912	-9.813865037258932e-12
15.09771954885368	-9.317332529808742e-12
15.12529552914823	-8.845128059417551e-12
15.15287150944278	-8.396111134555461e-12
15.18044748973733	-7.96920927227562e-12
15.20802347003188	-7.563377457920155e-12
15.23559945032643	-7.17762231767737e-12
15.26317543062098	-6.810993985081286e-12
15.29075141091553	-6.462584428079675e-12
15.31832739121008	-6.131525824571145e-12
15.34590337150463	-5.816988986078368e-12
15.37347935179918	-5.518181829146042e-12
15.40105533209373	-5.234347893979552e-12
15.42863131238828	-4.964760645209857e-12
15.45620729268283	-4.708739704048032e-12
15.48378327297738	-4.465622514522417e-12
15.51135925327193	-4.23478114687606e-12
15.53893523356648	-4.015616570538573e-12
15.56651121386103	-3.807557445186065e-12
15.59408719415558	-3.610058953656379e-12
15.62166317445013	-3.422601675896087e-12
15.64923915474468	-3.244690503084177e-12
15.67681513503923	-3.075853591050382e-12
15.70439111533378	-2.915638843116981e-12
15.73196709562833	-2.763623308470955e-12
15.75954307592288	-2.619396360626765e-12
15.78711905621743	-2.482569457454561e-12
15.81469503651198	-2.352772643049902e-12
15.84227101680653	-2.229653718872952e-12
15.86984699710108	-2.112877447330848e-12
15.89742297739563	-2.002124786872391e-12
15.92499895769018	-1.897092157664547e-12
15.95257493798473	-1.797490736923063e-12
15.98015091827928	-1.703044459726139e-12
16.00772689857383	-1.613494838693888e-12
16.03530287886838	-1.528591966904251e-12
16.06287885916293	-1.448099540691873e-12
16.09045483945748	-1.371792901409279e-12
16.11803081975203	-1.299458490394056e-12
16.14560680004658	-1.230893327215203e-12
16.17318278034113	-1.165904510377053e-12
16.20075876063568	-1.104308739674482e-12
16.22833474093023	-1.045931859409327e-12
16.25591072122478	-9.906073828824014e-13
16.28348670151933	-9.381803706521753e-13
16.31106268181388	-8.885004454422349e-13
16.33863866210843	-8.414258334512519e-13
16.36621464240298	-7.968219070566784e-13
16.39379062269753	-7.545608382087649e-13
16.42136660299208	-7.145212675484766e-13
16.44894258328663	-6.765879886230879e-13
16.47651856358118	-6.406516465911255e-13
16.50409454387573	-6.066084508262207e-13
16.53167052417028	-5.743594209634983e-13
16.55924650446483	-5.438121090877341e-13
16.58682248475938	-5.148773111807323e-13
16.61439846505393	-4.874708692882508e-13
16.64197444534848	-4.615129412723471e-13
16.66955042564303	-4.369277856897748e-13
16.69712640593758	-4.13643556886121e-13
16.72470238623213	-3.915921098621195e-13
16.75227836652668	-3.707088144843925e-13
16.77985434682123	-3.50932378628407e-13
16.80743032711578	-3.322043034108457e-13
16.83500630741033	-3.144702799904327e-13
16.86258228770488	-2.976776493178997e-13
16.89015826799943	-2.817768609248115e-13
16.91773424829398	-2.667209383745454e-13
16.94531022858853	-2.524653483926146e-13
16.97288620888308	-2.389678764104338e-13
17.00046218917763	-2.26188508228578e-13
17.02803816947218	-2.140893175173211e-13
17.05561414976673	-2.026343588836596e-13
17.08319013006128	-1.917894139960736e-13
17.11076611035583	-1.815225241612226e-13
17.13834209065038	-1.718029347445738e-13
17.16591807094493	-1.626016545453862e-13
17.19349405123948	-1.538912132435661e-13
17.22107003153403	-1.456455828650146e-13
17.24864601182858	-1.378401031951481e-13
17.27622199212313	-1.304514109513066e-13
17.30379797241768	-1.234573725330459e-13
17.33137395271223	-1.168370201772997e-13
17.35894993300678	-1.105703525152087e-13
17.38652591330133	-1.046388514038025e-13
17.41410189359588	-9.902454622080158e-14
17.44167787389043	-9.371055401697078e-14
17.46925385418498	-8.86808838986965e-14
17.49682983447953	-8.392039047103844e-14
17.52440581477408	-7.941472965879652e-14
17.55198179506863	-7.515031678877911e-14
17.57955777536318	-7.111428682178141e-14
17.60713375565773	-6.72944566278976e-14
17.63470973595228	-6.367923025857458e-14
17.66228571624683	-6.025780870937251e-14
17.68986169654139	-5.701978416274052e-14
17.71743767683594	-5.395536023332636e-14
17.74501365713049	-5.105526102705493e-14
17.77258963742504	-4.831070373821026e-14
17.80016561771959	-4.571337266604737e-14
17.82774159801414	-4.325539457953321e-14
17.85531757830869	-4.09293153622138e-14
17.88289355860324	-3.872807787245527e-14
17.91046953889779	-3.664496108611742e-14
17.93804551919234	-3.467372509249656e-14
17.96562149948689	-3.280833939891348e-14
17.99319747978144	-3.104313485335248e-14
18.02077346007599	-2.937274472146114e-14
18.04834944037054	-2.779208866734559e-14
18.07592542066509	-2.629635757204928e-14
18.10350140095964	-2.488099914694492e-14
18.13107738125419	-2.354170430135601e-14
18.15865336154874	-2.227439422571782e-14
18.18622934184329	-2.107518200423689e-14
18.21380532213784	-1.994046918848842e-14
18.24138130243239	-1.886676889037685e-14
18.26895728272694	-1.785080683810785e-14
18.29653326302149	-1.688948394508201e-14
18.32410924331604	-1.597986698965649e-14
18.35168522361059	-1.511917978538422e-14
18.37926120390514	-1.430479481645492e-14
18.40683718419969	-1.353422531431315e-14
18.43441316449424	-1.280511775262163e-14
18.46198914478879	-1.211523226745521e-14
18.48956512508334	-1.146248748919427e-14
18.51714110537789	-1.084487511750291e-14
18.54471708567244	-1.026050695002316e-14
18.57229306596699	-9.707596042978713e-15
18.59986904626154	-9.184451304112569e-15
18.62744502655609	-8.689472371898562e-15
18.65502100685064	-8.221144766121877e-15
18.68259698714519	-7.778035295674712e-15
18.71017296743974	-7.358787710128876e-15
18.73774894773429	-6.962109165006316e-15
18.76532492802884	-6.5868052794144e-15
18.79290090832339	-6.23171668690906e-15
18.82047688861794	-5.895755685290079e-15
18.84805286891249	-5.577892996297271e-15
18.87562884920704	-5.277154639035407e-15
18.90320482950159	-4.992618969400772e-15
18.93078080979614	-4.723413876837215e-15
18.95835679009069	-4.468714130187855e-15
18.98593277038524	-4.227738864826721e-15
19.01350875067979	-3.999745859089889e-15
19.04108473097434	-3.784043087394039e-15
19.06866071126889	-3.57996546975313e-15
19.09623669156344	-3.386886995349106e-15
19.12381267185799	-3.204215322822635e-15
19.15138865215254	-3.031389974065108e-15
19.17896463244709	-2.867880624394372e-15
19.20654061274164	-2.713185484017576e-15
19.23411659303619	-2.566829765951203e-15
19.26169257333074	-2.428364235820963e-15
19.28926855362529	-2.29736056565291e-15
19.31684453391984	-2.173423578033972e-15
19.34442051421439	-2.056169237361743e-15
19.37199649450894	-1.945237447948276e-15
19.39957247480349	-1.84028749758177e-15
19.42714845509804	-1.740997016903111e-15
19.45472443539259	-1.647060994297516e-15
19.48230041568714	-1.55819084337991e-15
19.50987639598169	-1.474113520302087e-15
19.53745237627624	-1.394570688251943e-15
19.56502835657079	-1.319316504518848e-15
19.59260433686534	-1.248122753497397e-15
19.62018031715989	-1.180769118898942e-15
19.64775629745444	-1.117048570373509e-15
19.67533227774899	-1.056765230896712e-15
19.70290825804354	-9.997337771515955e-16
19.73048423833809	-9.457788719773421e-16
19.75806021863264	-8.947346271899495e-16
19.78563619892719	-8.464440951673859e-16
19.81321217922174	-8.007587876748563e-16
19.84078815951629	-7.575371583684072e-16
19.86836413981084	-7.166485653598548e-16
19.89594012010539	-6.77966123946807e-16
19.92351610039994	-6.413708480076714e-16
19.95109208069449	-6.067501647242138e-16
19.97866806098904	-5.739975696079964e-16
20.00624404128359	-5.430122999827063e-16
20.03382002157814	-5.136990259471553e-16
20.06139600187269	-4.859675578939205e-16
20.08897198216724	-4.597325697063249e-16
20.11654796246179	-4.34912909747824e-16
20.14412394275634	-4.114331137052105e-16
20.17169992305089	-3.892204806559201e-16
20.19927590334544	-3.682066484491546e-16
20.22685188363999	-3.483269410976841e-16
20.25442786393454	-3.295201703458489e-16
20.2820038442291	-3.117284478764413e-16
20.30957982452365	-2.948970075894984e-16
20.3371558048182	-2.789740374164542e-16
20.36473178511275	-2.639105201617093e-16
20.3923077654073	-2.496597249342261e-16
20.41988374570185	-2.361785452274002e-16
20.4474597259964	-2.234250930858983e-16
20.47503570629095	-2.113600969370021e-16
20.5026116865855	-1.999464034574724e-16
20.53018766688005	-1.89148863522499e-16
20.5577636471746	-1.789342242636878e-16
20.58533962746915	-1.692710269126854e-16
20.6129156077637	-1.601295101236932e-16
20.64049158805825	-1.514815184839622e-16
20.6680675683528	-1.433002579563925e-16
20.69564354864735	-1.355608684906958e-16
20.7232195289419	-1.282393405460196e-16
20.75079550923645	-1.213131187934068e-16
20.778371489531	-1.147608649718958e-16
20.80594746982555	-1.085623923184076e-16
20.8335234501201	-1.026986035138311e-16
20.86109943041465	-9.71514319588333e-17
20.8886754107092	-9.1903786202575e-17
20.91625139100375	-8.693949735669393e-17
20.9438273712983	-8.224315520197805e-17
20.97140335159285	-7.780053304982719e-17
20.9989793318874	-7.359781959721392e-17
21.02655531218195	-6.962206259137426e-17
21.0541312924765	-6.586100881076066e-17
21.08170727277105	-6.230306639646358e-17
21.1092832530656	-5.893726920424435e-17
21.13685923336015	-5.575324306991832e-17
21.1644352136547	-5.274117388640159e-17
21.19201119394925	-4.989177739603736e-17
21.2195871742438	-4.719619915644571e-17
21.24716315453835	-4.464628303853615e-17
21.2747391348329	-4.223409231373343e-17
21.30231511512745	-3.995218994651185e-17
21.329891095422	-3.779354035281657e-17
21.35746707571655	-3.575148776540975e-17
21.3850430560111	-3.381973575929522e-17
21.41261903630565	-3.199232787576357e-17
21.4401950166002	-3.026362928677091e-17
21.46777099689475	-2.86283094443793e-17
21.4953469771893	-2.708128645423811e-17
21.52292295748385	-2.561787373304354e-17
21.5504989377784	-2.423351650895135e-17
21.57807491807295	-2.292394505307311e-17
21.6056508983675	-2.168512016970823e-17
21.63322687866205	-2.051322076918932e-17
21.6608028589566	-1.940463210729924e-17
21.68837883925115	-1.83559346559364e-17
21.7159548195457	-1.736389357152858e-17
21.74353079984025	-1.642544872942818e-17
21.7711067801348	-1.553770364514799e-17
21.79868276042935	-1.469791555043994e-17
21.8262587407239	-1.390350704248936e-17
21.85383472101845	-1.315202343646249e-17
21.881410701313	-1.244114506847433e-17
21.90898668160755	-1.176867810432316e-17
21.9365626619021	-1.113254737994406e-17
21.96413864219665	-1.053078989214598e-17
21.9917146224912	-9.961548707864974e-18
22.01929060278575	-9.423067223398744e-18
22.0468665830803	-8.913671255352883e-18
22.07444256337485	-8.431815530246256e-18
22.1020185436694	-7.975999726883468e-18
22.12959452396395	-7.544816958138721e-18
22.1571705042585	-7.136936323635635e-18
22.18474648455305	-6.751098812726133e-18
22.2123224648476	-6.386113427336104e-18
22.23989844514215	-6.040853513115467e-18
22.2674744254367	-5.714253288011198e-18
22.29505040573125	-5.405304558146058e-18
22.3226263860258	-5.113051152645459e-18
22.35020236632035	-4.836596657200002e-18
22.3777783466149	-4.575084641761339e-18
22.40535432690945	-4.327707668427222e-18
22.432930307204	-4.093701911557574e-18
22.46050628749855	-3.872344807678289e-18
22.4880822677931	-3.662952830737658e-18
22.51565824808765	-3.464879386384431e-18
22.5432342283822	-3.27751281911985e-18
22.57081020867675	-3.10027452642127e-18
22.5983861889713	-2.932612829081086e-18
22.62596216926585	-2.774019326067076e-18
22.6535381495604	-2.623999520097553e-18
22.68111412985495	-2.482090007743027e-18
22.7086901101495	-2.347852374609068e-18
22.73626609044405	-2.220871102551801e-18
22.7638420707386	-2.100758098302385e-18
22.79141805103315	-1.987136555300479e-18
22.8189940313277	-1.879658300982277e-18
22.84657001162225	-1.777991057687072e-18
22.87414599191681	-1.681817613974204e-18
22.90172197221136	-1.590847497334434e-18
22.92929795250591	-1.504796274202996e-18
22.95687393280046	-1.423398038688172e-18
22.98444991309501	-1.346401254512476e-18
23.01202589338956	-1.273567979822932e-18
23.03960187368411	-1.204673133592876e-18
23.06717785397866	-1.139503801413291e-18
23.09475383427321	-1.077858578584815e-18
23.12232981456776	-1.01954694852939e-18
23.14990579486231	-9.643870202066966e-19
23.17748177515686	-9.122118975429137e-19
23.20505775545141	-8.62858529887347e-19
23.23263373574596	-8.161743493290396e-19
23.26020971604051	-7.720150342231893e-19
23.28778569633506	-7.302440642809302e-19
23.31536167662961	-6.907322995288745e-19
23.34293765692416	-6.533575818752718e-19
23.37051363721871	-6.180043580844292e-19
23.39808961751326	-5.845633230228247e-19
23.42566559780781	-5.529301212372104e-19
23.45324157810236	-5.230090015849007e-19
23.48081755839691	-4.947064203841086e-19
23.50839353869146	-4.679348487173262e-19
23.53596951898601	-4.426114894858183e-19
23.56354549928056	-4.186580220691878e-19
23.59112147957511	-3.960003606863766e-19
23.61869745986966	-3.745684257328022e-19
23.64627344016421	-3.542959274056368e-19
23.67384942045876	-3.351201609647132e-19
23.70142540075331	-3.169812377795717e-19
23.72900138104786	-2.998242813718835e-19
23.75657736134241	-2.835956045024467e-19
23.78415334163696	-2.68244996497067e-19
23.81172932193151	-2.537249615827594e-19
23.83930530222606	-2.399905723678822e-19
23.86688128252061	-2.269993311834979e-19
23.89445726281516	-2.147110388701823e-19
23.92203324310971	-2.030876706158304e-19
23.94960922340426	-1.920932584702628e-19
23.97718520369881	-1.816934429603613e-19
24.00476118399336	-1.718567627378218e-19
24.03233716428791	-1.625524156951298e-19
24.05991314458246	-1.53751601811966e-19
24.08748912487701	-1.45427078601622e-19
24.11506510517156	-1.375530770398107e-19
24.14264108546611	-1.301052220042269e-19
24.17021706576066	-1.230604569863714e-19
24.19779304605521	-1.163969728493482e-19
24.22536902634976	-1.100941404169707e-19
24.25294500664431	-1.041322527179775e-19
24.28052098693886	-9.849326689427359e-20
24.30809696723341	-9.315951672901877e-20
24.33567294752796	-8.811448495717937e-20
24.36324892782251	-8.334254776790603e-20
24.39082490811706	-7.882892656987871e-20
24.41840088841161	-7.45596423449682e-20
24.44597686870616	-7.052147245333395e-20
24.47355284900071	-6.670190976009648e-20
24.50112882929526	-6.308912396039901e-20
24.52870480958981	-5.967181090120313e-20
24.55628078988436	-5.64396293170618e-20
24.58385677017891	-5.338244630723854e-20
24.61143275047346	-5.049078986206585e-20
24.63900873076801	-4.775570053217094e-20
24.66658471106256	-4.516870368934814e-20
24.69416069135711	-4.272178332219306e-20
24.72173667165166	-4.040735725032164e-20
24.74931265194621	-3.821825367431844e-20
24.77688863224076	-3.614768898833368e-20
24.80446461253531	-3.418917895435624e-20
24.83204059282986	-3.23367994189844e-20
24.85961657312441	-3.05847371659988e-20
24.88719255341896	-2.892756120646443e-20
24.91476853371351	-2.736013445093743e-20
24.94234451400806	-2.587759783760443e-20
24.96992049430261	-2.447535531177698e-20
24.99749647459716	-2.314905961135509e-20
25.02507245489171	-2.189459881429679e-20
25.05264843518626	-2.070808360250209e-20
25.08022441548081	-1.958516726263947e-20
25.10780039577536	-1.852380462036938e-20
25.13537637606991	-1.751997806421184e-20
25.16295235636446	-1.657056149921617e-20
25.19052833665901	-1.56725975275891e-20
25.21810431695356	-1.482328867577743e-20
25.24568029724811	-1.401998901980923e-20
25.27325627754266	-1.326019619980892e-20
25.30083225783721	-1.25415438132955e-20
25.32840823813176	-1.186179417587914e-20
25.35598421842631	-1.121944533990517e-20
25.38356019872086	-1.061119168887132e-20
25.41113617901541	-1.003579066096111e-20
25.43871215930996	-9.491463750864297e-21
25.46628813960452	-8.976530956936212e-21
25.49386411989907	-8.489405233580598e-21
25.52144010019362	-8.028587278220082e-21
25.54901608048817	-7.592660632542272e-21
25.57659206078272	-7.180287079142814e-21
25.60416804107727	-6.790202316052662e-21
25.63174402137182	-6.419406229949064e-21
25.65932000166637	-6.070625010277521e-21
25.68689598196092	-5.7408599556219e-21
25.71447196225547	-5.429073485903615e-21
25.74204794255002	-5.134282772089535e-21
25.76962392284457	-4.855557352630246e-21
25.79719990313912	-4.592016742635274e-21
25.82477588343367	-4.342828063969994e-21
25.85235186372822	-4.10720371746691e-21
25.87992784402277	-3.884399112913325e-21
25.90750382431732	-3.673919434331512e-21
25.93507980461187	-3.474651217000163e-21
25.96265578490642	-3.286192927795754e-21
25.99023176520097	-3.107954810690561e-21
26.01780774549552	-2.939379891924115e-21
26.04538372579007	-2.779942103642665e-21
26.07295970608462	-2.629144519984302e-21
26.10053568637917	-2.48651769843235e-21
26.12811166667372	-2.351618119753169e-21
26.15568764696827	-2.224026720290338e-21
26.18326362726282	-2.103268168533428e-21
26.21083960755737	-1.989136903226306e-21
26.23841558785192	-1.881195446813462e-21
26.26599156814647	-1.779108236605751e-21
26.29356754844102	-1.682557892249768e-21
26.32114352873557	-1.591244232863204e-21
26.34871950903012	-1.504883346909152e-21
26.37629548932467	-1.423206712031628e-21
26.40387146961922	-1.345960362214148e-21
26.43144744991377	-1.272904099756942e-21
26.45902343020832	-1.203807961513389e-21
26.48659941050287	-1.138463046364267e-21
26.51417539079742	-1.076663158283463e-21
26.54175137109197	-1.018216057332993e-21
26.56932735138652	-9.629399229095069e-22
26.59690333168107	-9.106627903880903e-22
26.62447931197562	-8.612220179996968e-22
26.65205529227017	-8.144637823492727e-22
26.67963127256472	-7.702426010623203e-22
26.70720725285927	-7.284208811248806e-22
26.73478323315382	-6.888668686659189e-22
26.76235921344837	-6.514609580421234e-22
26.78993519374292	-6.160850114913995e-22
26.81751117403747	-5.82628914509685e-22
26.84508715433202	-5.509885224385589e-22
26.87266313462657	-5.210653376204767e-22
26.90023911492112	-4.927662038780869e-22
26.92781509521567	-4.660030174062122e-22
26.95539107551022	-4.406924532105797e-22
26.98296705580477	-4.167557062710649e-22
27.01054303609932	-3.941172862382738e-22
27.03811901639387	-3.727087583398986e-22
27.06569499668842	-3.524624308395678e-22
27.09327097698297	-3.333152406841194e-22
27.12084695727752	-3.152075447972303e-22
27.14842293757207	-2.980829350841909e-22
27.17599891786662	-2.818880633654844e-22
27.20357489816117	-2.665724757164967e-22
27.23115087845572	-2.520884557170269e-22
27.25872685875027	-2.383908761395347e-22
27.28630283904482	-2.254364944037943e-22
27.31387881933937	-2.131861535908369e-22
27.34145479963392	-2.016010773160987e-22
27.36903077992847	-1.9064515533525e-22
27.39660676022302	-1.802842364120085e-22
27.42418274051757	-1.704860225798923e-22
27.45175872081212	-1.612199704520279e-22
27.47933470110667	-1.524572949484964e-22
27.50691068140122	-1.441703209362407e-22
27.53448666169577	-1.363336030717492e-22
27.56206264199032	-1.289222333520647e-22
27.58963862228487	-1.219137998603666e-22
27.61721460257942	-1.15286103243201e-22
27.64479058287397	-1.090184701223722e-22
27.67236656316852	-1.030913489326001e-22
27.69994254346307	-9.748624917098526e-23
27.72751852375762	-9.218568381703899e-23
27.75509450405217	-8.717311436167352e-23
27.78267048434672	-8.243289252334213e-23
27.81024646464127	-7.795030280715502e-23
27.83782244493582	-7.371102303655607e-23
27.86539842523037	-6.970234151179671e-23
27.89297440552492	-6.591151644874542e-23
27.92055038581947	-6.232671428311254e-23
27.94812636611402	-5.893674388361521e-23
27.97570234640857	-5.57310217316198e-23
28.00327832670312	-5.269953899863882e-23
28.03085430699767	-4.983283040195629e-23
28.05843028729223	-4.712194473903936e-23
28.08600626758678	-4.455841701012991e-23
28.11358224788133	-4.213412746297595e-23
28.14115822817588	-3.984175074199221e-23
28.16873420847043	-3.767400475050657e-23
28.19631018876498	-3.56241173585821e-23
28.22388616905953	-3.368568416430763e-23
28.25146214935408	-3.185264858884852e-23
28.27903812964863	-3.011928303585999e-23
28.30661410994318	-2.848017106209438e-23
28.33419009023773	-2.693019050676444e-23
28.36176607053228	-2.546449752932247e-23
28.38934205082683	-2.407844453143511e-23
28.41691803112138	-2.276784291014948e-23
28.44449401141593	-2.152852459882595e-23
28.47206999171048	-2.035661473040829e-23
28.49964597200503	-1.924844892601094e-23
28.52722195229958	-1.820056189443653e-23
28.55479793259413	-1.720967664377122e-23
28.58237391288868	-1.627269427298502e-23
28.60994989318323	-1.538668431321125e-23
28.63752587347778	-1.454887559039467e-23
28.66510185377233	-1.375660801638543e-23
28.69267783406688	-1.300748789699737e-23
28.72025381436143	-1.229912959573601e-23
28.74782979465598	-1.162931646561289e-23
28.77540577495053	-1.09959523159596e-23
28.80298175524508	-1.039705488633532e-23
28.83055773553963	-9.830749670799862e-24
28.85813371583418	-9.295264074160539e-24
28.88570969612873	-8.788921882718801e-24
28.91328567642328	-8.310138032921386e-24
28.94086165671783	-7.857390325309108e-24
28.96843763701238	-7.429311227714072e-24
28.99601361730693	-7.02453552827622e-24
29.02358959760148	-6.641795462709284e-24
29.05116557789603	-6.279892191754474e-24
29.07874155819058	-5.937692069615156e-24
29.10631753848513	-5.614123116122259e-24
29.13389351877968	-5.30817168611689e-24
29.16146949907423	-5.018879337061832e-24
29.18904547936878	-4.745339920989417e-24
29.21662145966333	-4.486703984393848e-24
29.24419743995788	-4.242253389302916e-24
29.27177342025243	-4.010808812238392e-24
29.29934940054698	-3.792200307977893e-24
29.32692538084153	-3.58547305325339e-24
29.35450136113608	-3.390001218477013e-24
29.38207734143063	-3.205175162386505e-24
29.40965332172518	-3.030416272625015e-24
29.43722930201973	-2.865176889908635e-24
29.46480528231428	-2.708938976654451e-24
29.49238126260883	-2.561204916618406e-24
29.51995724290338	-2.421527829480463e-24
29.54753322319793	-2.289461442148349e-24
29.57510920349248	-2.164591360309415e-24
29.60268518378703	-2.046525729000646e-24
29.63026116408158	-1.934894013065303e-24
29.65783714437613	-1.829345841888434e-24
29.68541312467068	-1.72954991561432e-24
29.71298910496523	-1.635192969897274e-24
29.74056508525978	-1.545978796248694e-24
29.76814106555433	-1.461622641241141e-24
29.79571704584888	-1.381869665915173e-24
29.82329302614343	-1.306464450101012e-24
29.85086900643798	-1.235170140937389e-24
29.87844498673253	-1.16776277787477e-24
29.90602096702708	-1.104030593279673e-24
29.93359694732163	-1.043773350599891e-24
29.96117292761618	-9.868017181223992e-25
29.98874890791073	-9.329366764533869e-25
30.01632488820528	-8.82008957942966e-25
30.04390086849983	-8.33855791538388e-25
30.07147684879438	-7.883316723738832e-25
30.09905282908893	-7.452905980517195e-25
30.12662880938348	-7.045972338420045e-25
30.15420478967803	-6.661236148586759e-25
30.18178076997258	-6.297487461122289e-25
30.20935675026713	-5.953582240423498e-25
30.23693273056168	-5.628438784058419e-25
30.26450871085623	-5.321034334507061e-25
30.29208469115078	-5.030401873603322e-25
30.31966067144533	-4.755610930354977e-25
30.34723665173988	-4.495831554036122e-25
30.37481263203443	-4.250229075407035e-25
30.40238861232898	-4.018030409801448e-25
30.42996459262353	-3.798504591755353e-25
30.45754057291808	-3.590960488489071e-25
30.48511655321263	-3.394744636190195e-25
30.51269253350718	-3.209239192674864e-25
30.54026851380173	-3.033860000319971e-25
30.56784449409628	-2.868054753461465e-25
30.59542047439083	-2.711291956340647e-25
30.62299645468539	-2.5630977883201e-25
30.65057243497994	-2.422995487158977e-25
30.67814841527449	-2.290543560470762e-25
30.70572439556904	-2.165324581421815e-25
30.73330037586359	-2.04694388172657e-25
30.76087635615814	-1.935028314854628e-25
30.78845233645269	-1.82922508577833e-25
30.81602831674724	-1.729200643769864e-25
30.84360429704179	-1.634639634929714e-25
30.87118027733634	-1.545238306458489e-25
30.89875625763089	-1.46072674425451e-25
30.92633223792544	-1.380832454510484e-25
30.95390821821999	-1.305303383959406e-25
30.98148419851454	-1.233901226404646e-25
31.00906017880909	-1.166400676523005e-25
31.03663615910364	-1.102588724487531e-25
31.06421213939819	-1.042263990377758e-25
31.09178811969274	-9.852360998234066e-26
31.11936409998729	-9.313251130749488e-26
31.14694008028184	-8.803543364189551e-26
31.17451606057639	-8.321761572129278e-26
31.20209204087094	-7.866316353779944e-26
31.22966802116549	-7.435769837817713e-26
31.25724400146004	-7.028762219347047e-26
31.28481998175459	-6.644007775012578e-26
31.31239596204914	-6.280290913969916e-26
31.33997194234369	-5.936462392122178e-26
31.36754792263824	-5.611435713843581e-26
31.39512390293279	-5.304183721927108e-26
31.42269988322734	-5.013809338668502e-26
31.45027586352189	-4.739204133562908e-26
31.47785184381644	-4.479643444182203e-26
31.50542782411099	-4.234287906695497e-26
31.53300380440554	-4.00235736355548e-26
31.56057978470009	-3.783116744123101e-26
31.58815576499464	-3.575871864105873e-26
31.61573174528919	-3.379966742199068e-26
31.64330772558374	-3.194781363005696e-26
31.67088370587829	-3.019729653626485e-26
31.69845968617284	-2.8542576039094e-26
31.72603566646739	-2.697841502831638e-26
31.75361164676194	-2.549986277107789e-26
31.78118762705649	-2.410223923247056e-26
31.80876360735104	-2.278112026514485e-26
31.83633958764559	-2.153232361370581e-26
31.86391556794014	-2.035189568612773e-26
31.89149154823469	-1.923609904874186e-26
31.91906752852924	-1.818140060458115e-26
31.94664350882379	-1.718446041749373e-26
31.97421948911834	-1.624212114670819e-26
32.00179546941289	-1.535139805856754e-26
32.02937144970744	-1.450946958400923e-26
32.05694743000199	-1.371366839209776e-26
32.08452341029654	-1.296147295153247e-26
32.11209939059109	-1.2250499553574e-26
32.13967537088564	-1.157849477126636e-26
32.16725135118019	-1.094332833118666e-26
32.19482733147474	-1.034298637523571e-26
32.22240331176929	-9.775565091195631e-27
