0
1000	105.6583745	100000000000000.1
5	0	0	1
5	0	0	0
4.673998997513734	7.458660029594591
4.701574977808284	7.443013366727806
4.729150958102834	7.425551069638112
4.756726938397384	7.406447199896428
4.784302918691934	7.385795810125775
4.811878898986484	7.36381374888135
4.839454879281035	7.340621106823753
4.867030859575585	7.316349034271902
4.894606839870135	7.291120388352178
4.922182820164685	7.265027482100195
4.949758800459235	7.23819364676341
4.977334780753785	7.210687009103189
5.004910761048335	7.181942168521609
5.032486741342885	7.153573539489668
5.060062721637435	7.124611526088562
5.087638701931986	7.09517776103505
5.115214682226536	7.065362981626734
5.142790662521086	7.035216748831377
5.170366642815636	7.004833085514846
5.197942623110186	6.974034453070396
5.225518603404736	6.94310086408108
5.253094583699286	6.911861225291264
5.280670563993836	6.880668790225688
5.308246544288386	6.849205526222191
5.335822524582936	6.817706406020282
5.363398504877487	6.786011498883434
5.390974485172037	6.75324074834225
5.418550465466587	6.721740817135642
5.446126445761137	6.690007344818159
5.473702426055687	6.65817819088416
5.501278406350237	6.626287353444001
5.528854386644787	6.59436396138714
5.556430366939337	6.562456790827496
5.584006347233887	6.530434724076205
5.611582327528438	6.498487680376726
5.639158307822988	6.466545365693781
5.666734288117538	6.434626118472139
5.694310268412088	6.402718919236119
5.721886248706638	6.37087069689606
5.749462229001188	6.337809096035838
5.777038209295738	6.306578064987388
5.804614189590288	6.275138354664819
5.832190169884838	6.243673730251512
5.859766150179389	6.212239310720856
5.887342130473939	6.180857933504766
5.914918110768489	6.149543397590572
5.942494091063039	6.118278727126167
5.970070071357589	6.087105969514831
5.997646051652139	6.05601217922583
6.025222031946689	6.025004640835111
6.052798012241239	5.994066218366745
6.080373992535789	5.963239609705988
6.107949972830339	5.931684085258431
6.13552595312489	5.901401062698366
6.16310193341944	5.871023654806621
6.19067791371399	5.84068657965098
6.21825389400854	5.810424733815422
6.24582987430309	5.780252884715132
6.27340585459764	5.750179979105577
6.30098183489219	5.720233104217474
6.32855781518674	5.690296587732109
6.35613379548129	5.660513778296551
6.383709775775841	5.630832546724163
6.411285756070391	5.60124473674842
6.438861736364941	5.57176212881325
6.466437716659491	5.541335441096405
6.494013696954041	5.512505325189385
6.521589677248591	5.483577778321528
6.549165657543141	5.454686192557255
6.576741637837691	5.425870441987454
6.604317618132241	5.397146426505697
6.631893598426791	5.368523140372433
6.659469578721342	5.340031118324119
6.687045559015892	5.311546615328828
6.714621539310442	5.283220248847297
6.742197519604992	5.254998093146112
6.769773499899542	5.22686172733884
6.797349480194092	5.197478792405032
6.824925460488642	5.170204761386541
6.852501440783192	5.142676088406264
6.880077421077742	5.115151875184506
6.907653401372293	5.08769022968155
6.935229381666843	5.060312043314929
6.962805361961393	5.03302661108413
6.990381342255943	5.005840767767835
7.017957322550493	4.978730692154611
7.045533302845043	4.951732600878203
7.073109283139593	4.924830412142088
7.100685263434143	4.898009642596593
7.128261243728693	4.870399203979312
7.155837224023244	4.844229365303978
7.183413204317794	4.817904309446749
7.210989184612344	4.791608349787616
7.238565164906894	4.765381547767856
7.266141145201444	4.739237300912102
7.293717125495994	4.713182061637073
7.321293105790544	4.687220910298289
7.348869086085094	4.661395266860516
7.376445066379644	4.635535719993464
7.404021046674194	4.609835246775348
7.431597026968745	4.584215788249504
7.459173007263295	4.557550511143051
7.486748987557845	4.532629524060302
7.514324967852395	4.507531801469552
7.541900948146945	4.482445125635771
7.569476928441495	4.457413072587173
7.597052908736045	4.43245163402081
7.624628889030595	4.407570279702012
7.652204869325145	4.382774320705669
7.679780849619696	4.358115642760295
7.707356829914246	4.333394486663679
7.734932810208796	4.308835888368998
7.762508790503346	4.284345494813595
7.790084770797896	4.259158820849931
7.817660751092446	4.23516605921531
7.845236731386996	4.211128326795311
7.872812711681546	4.187125142204806
7.900388691976096	4.163180847746612
7.927964672270646	4.139304957526702
7.955540652565197	4.115504692039567
7.983116632859747	4.091783195406402
8.010692613154298	4.06811406146053
8.038268593448848	4.044534082335063
8.065844573743398	4.021015169564953
8.093420554037948	3.997054042547588
8.120996534332498	3.97392556263708
8.148572514627048	3.950775103013668
8.176148494921598	3.927665735279674
8.203724475216148	3.904615267293028
8.231300455510699	3.881630683556331
8.258876435805249	3.85871472880216
8.286452416099799	3.835872384177671
8.314028396394349	3.813157902749164
8.341604376688899	3.790358584647719
8.369180356983449	3.767704503631154
8.396756337277999	3.744342299784057
8.424332317572549	3.722154128773755
8.451908297867099	3.699904108496684
8.47948427816165	3.677675334669308
8.5070602584562	3.655493065040671
8.53463623875075	3.633367518805518
8.5622122190453	3.611303297862666
8.58978819933985	3.589305227554179
8.6173641796344	3.567416585304357
8.64494015992895	3.545466102735962
8.6725161402235	3.523633917300277
8.70009212051805	3.501884727430655
8.7276681008126	3.480197116193183
8.755244081107151	3.458572036115383
8.782820061401701	3.437008138522674
8.810396041696251	3.415504900542012
8.837972021990801	3.394061863592118
8.865548002285351	3.372679191713436
8.893123982579901	3.351358079511447
8.920699962874451	3.33007670395618
8.948275943169001	3.308862507927159
8.975851923463551	3.287706806675371
9.003427903758102	3.266607236822285
9.031003884052652	3.245563473651999
9.058579864347202	3.224574910362316
9.086155844641752	3.203640152176217
9.113731824936302	3.182760229208828
9.141307805230852	3.161934669304178
9.168883785525402	3.14116509471263
9.196459765819952	3.120464424777713
9.224035746114502	3.099757830973641
9.251611726409052	3.079137734435823
9.279187706703603	3.058568619189942
9.306763686998153	3.03805002642345
9.334339667292703	3.017581556687373
9.361915647587253	2.997162767210138
9.389491627881803	2.976792577136315
9.417067608176353	2.95647259150566
9.444643588470903	2.936200677783063
9.472219568765453	2.91597730484276
9.499795549060003	2.895801128311422
9.527371529354554	2.875672725053539
9.554947509649104	2.855591453087173
9.582523489943654	2.835556980076657
9.610099470238204	2.81556898496913
9.637675450532754	2.795627158065102
9.665251430827304	2.775731199460012
9.692827411121854	2.755880808968806
9.720403391416404	2.736075603876821
9.747979371710954	2.716314821721692
9.775555352005505	2.696599969998826
9.803131332300055	2.676929497448425
9.830707312594605	2.657303401908706
9.858283292889155	2.637721459810966
9.885859273183705	2.618183458450519
9.913435253478255	2.598689196222944
9.941011233772805	2.579238482870179
9.968587214067355	2.559831139746725
9.996163194361905	2.540467000120955
10.02373917465646	2.521145909536302
10.05131515495101	2.50186797811152
10.07889113524556	2.482632384295491
10.10646711554011	2.463439548121428
10.13404309583466	2.444289366334096
10.16161907612921	2.425181644672111
10.18919505642376	2.406116281811376
10.21677103671831	2.387093198643564
10.24434701701286	2.36811232946862
10.27192299730741	2.349173624584326
10.29949897760196	2.330277043638054
10.32707495789651	2.311422865678745
10.35465093819106	2.292610497515821
10.38222691848561	2.273840667812248
10.40980289878016	2.255111745319638
10.43737887907471	2.2364254807703
10.46495485936926	2.217781473298354
10.49253083966381	2.199179734094504
10.52010681995836	2.180620299827593
10.54768280025291	2.162103266423015
10.57525878054746	2.14362872298188
10.60283476084201	2.125197134590891
10.63041074113656	2.106807981565494
10.65798672143111	2.088461604461151
10.68556270172566	2.070157771115608
10.71313868202021	2.051897317928503
10.74071466231476	2.033680657035082
10.76829064260931	2.015507516434015
10.79586662290386	1.997378176248185
10.82344260319841	1.979292934879327
10.85101858349296	1.961252028216177
10.87859456378751	1.943255755873344
10.90617054408206	1.925304312610914
10.93374652437661	1.907397971718345
10.96132250467116	1.889537108857203
10.98889848496571	1.871721463551971
11.01647446526026	1.853952763039412
11.04405044555481	1.836230443488
11.07162642584936	1.818554781952546
11.09920240614391	1.800926382082029
11.12677838643846	1.783345662475185
11.15435436673301	1.765813038861211
11.18193034702756	1.748328945102982
11.20950632732211	1.730893831901523
11.23708230761666	1.713508218914973
11.26465828791121	1.696172653926219
11.29223426820576	1.678887847436672
11.31981024850031	1.661652931043873
11.34738622879486	1.644470469699036
11.37496220908941	1.627339986114633
11.40253818938396	1.610262324186236
11.43011416967851	1.593237992422711
11.45769014997306	1.576267648031381
11.48526613026761	1.559351911576385
11.51284211056216	1.54249156479546
11.54041809085671	1.525687296431208
11.56799407115126	1.508939059604039
11.59557005144581	1.492248576697247
11.62314603174036	1.475616723245915
11.65072201203491	1.459043774649135
11.67829799232946	1.44253051353966
11.70587397262401	1.426077884675209
11.73344995291856	1.409686636426323
11.76102593321311	1.393357582155743
11.78860191350766	1.377091682257364
11.81617789380221	1.360889775096881
11.84375387409676	1.344752084518789
11.87132985439131	1.328681469417488
11.89890583468586	1.312676358421473
11.92648181498041	1.296739460671776
11.95405779527496	1.280871055628488
11.98163377556951	1.265072112064943
12.00920975586406	1.249343751877523
12.03678573615861	1.233686945130609
12.06436171645316	1.218102775357269
12.09193769674771	1.202591733651158
12.11951367704226	1.187156429820593
12.14708965733681	1.171796151596042
12.17466563763136	1.156511905677996
12.20224161792591	1.141306356256655
12.22981759822046	1.126179774451137
12.25739357851501	1.111133211977933
12.28496955880956	1.09616793065484
12.31254553910411	1.081285031503016
12.34012151939866	1.066485764751382
12.36769749969321	1.051770509119038
12.39527347998776	1.03714216436651
12.42284946028231	1.022599684333438
12.45042544057686	1.008146298127197
12.47800142087141	0.9937822244307337
12.50557740116597	0.9795087984153669
12.53315338146052	0.9653270968294305
12.56072936175507	0.9512384740309486
12.58830534204962	0.9372440551155683
12.61588132234417	0.923344380681551
12.64345730263872	0.9095425366274241
12.67103328293327	0.8958377796090913
12.69860926322782	0.882231462185142
12.72618524352237	0.8687258196636023
12.75376122381692	0.8553213845150065
12.78133720411147	0.8420193078620131
12.80891318440602	0.828820757676846
12.83648916470057	0.8157270426948238
12.86406514499512	0.8027387104211541
12.89164112528967	0.7898583155018554
12.91921710558422	0.7770852835461689
12.94679308587877	0.7644206474690919
12.97436906617332	0.7518669549794924
13.00194504646787	0.7394244303423197
13.02952102676242	0.7270942177964173
13.05709700705697	0.7148771508442752
13.08467298735152	0.7027744040214297
13.11224896764607	0.6907863141191714
13.13982494794062	0.6789153387481957
13.16740092823517	0.6671610423567347
13.19497690852972	0.6555239533811361
13.22255288882427	0.6440065111419838
13.25012886911882	0.6326085619792579
13.27770484941337	0.6213310204306158
13.30528082970792	0.610174534725181
13.33285681000247	0.5991399264150873
13.36043279029702	0.5882278232871161
13.38800877059157	0.5774394729486868
13.41558475088612	0.566773659016284
13.44316073118067	0.5562324631808684
13.47073671147522	0.5458161312057039
13.49831269176977	0.5355248489958817
13.52588867206432	0.5253592314485663
13.55346465235887	0.5153195035841007
13.58104063265342	0.5054061519424744
13.60861661294797	0.4956193932740446
13.63619259324252	0.4859595183357454
13.66376857353707	0.4764259922724204
13.69134455383162	0.4670204776081913
13.71892053412617	0.4577423957526843
13.74649651442072	0.4485917642274112
13.77407249471527	0.4395685344086763
13.80164847500982	0.4306727080293091
13.82922445530437	0.4219042757793723
13.85680043559892	0.4132630956288933
13.88437641589347	0.4047489509314444
13.91195239618802	0.3963616041286636
13.93952837648257	0.3881009210157494
13.96710435677712	0.3799663295744949
13.99468033707167	0.3719576190694421
14.02225631736622	0.364074302555965
14.04983229766077	0.356315900698309
14.07740827795532	0.3486819960229183
14.10498425824987	0.3411720103531525
14.13256023854442	0.3337853184905233
14.16013621883897	0.3265212827820752
14.18771219913352	0.3193792366069356
14.21528817942807	0.3123584621661668
14.24286415972262	0.3054581573587802
14.27044014001717	0.2986774939005726
14.29801612031172	0.2920157331951361
14.32559210060627	0.2854719274077421
14.35316808090082	0.2790451942303214
14.38074406119537	0.2727345107111935
14.40832004148992	0.2665390032209741
14.43589602178447	0.260457567122346
14.46347200207902	0.2544892241287759
14.49104798237357	0.2486327878375378
14.51862396266812	0.2428873057729092
14.54619994296267	0.2372515886980002
14.57377592325722	0.2317244429602811
14.60135190355177	0.2263047053215489
14.62892788384632	0.2209912005898657
14.65650386414087	0.215782671181098
14.68407984443542	0.2106779034822614
14.71165582472997	0.2056756283213785
14.73923180502452	0.2007745431861107
14.76680778531907	0.1959733721255301
14.79438376561362	0.1912707857157776
14.82195974590817	0.186665471272735
14.84953572620272	0.1821561052672897
14.87711170649727	0.1777413541032057
14.90468768679182	0.1734198146545733
14.93226366708637	0.1691901855853576
14.95983964738092	0.1650510588182967
14.98741562767547	0.1610010967387698
15.01499160797002	0.157038904972055
15.04256758826457	0.1531630899291865
15.07014356855912	0.1493723203310992
15.09771954885368	0.1456651674834345
15.12529552914823	0.1420403075472126
15.15287150944278	0.1384963222851089
15.18044748973733	0.1350318461552996
15.20802347003188	0.1316455316893338
15.23559945032643	0.1283359813468503
15.26317543062098	0.1251018773627818
15.29075141091553	0.121941840687042
15.31832739121008	0.1188544926742916
15.34590337150463	0.1158385772319502
15.37347935179918	0.1128927054875113
15.40105533209373	0.110015587462417
15.42863131238828	0.1072059210234276
15.45620729268283	0.1044623632104524
15.48378327297738	0.1017836959244979
15.51135925327193	0.09916861229723645
15.53893523356648	0.09661582787160611
15.56651121386103	0.09412414342476388
15.59408719415558	0.09169227255701837
15.62166317445013	0.08931904412015176
15.64923915474468	0.08700324182840971
15.67681513503923	0.08474364722766282
15.70439111533378	0.08253911809336364
15.73196709562833	0.08038848589599389
15.75954307592288	0.07829057959663602
15.78711905621743	0.07624430816296141
15.81469503651198	0.07424853247531361
15.84227101680653	0.07230217300129342
15.86984699710108	0.07040412315321799
15.89742297739563	0.06855335305360127
15.92499895769018	0.06674880185253494
15.95257493798473	0.06498943148082834
15.98015091827928	0.06327423700530196
16.00772689857383	0.06160222247051669
16.03530287886838	0.059972395246473
16.06287885916293	0.05838380739158386
16.09045483945748	0.05683551049704508
16.11803081975203	0.05532656180688796
16.14560680004658	0.05385605160377679
16.17318278034113	0.05242310315685846
16.20075876063568	0.05102682171645357
16.22833474093023	0.04966633951716656
16.25591072122478	0.04834082727775704
16.28348670151933	0.04704943799995534
16.31106268181388	0.045791359069195
16.33863866210843	0.04456580916019517
16.36621464240298	0.04337198940107362
16.39379062269753	0.04220913689962755
16.42136660299208	0.0410764965809171
16.44894258328663	0.03997335069525831
16.47651856358118	0.03889896572595192
16.50409454387573	0.03785263783812322
16.53167052417028	0.03683368240509955
16.55924650446483	0.03584141896203305
16.58682248475938	0.03487518514248048
16.61439846505393	0.03393434594111593
16.64197444534848	0.03301825891622429
16.66955042564303	0.03212630637927794
16.69712640593758	0.03125788294783177
16.72470238623213	0.03041239656577508
16.75227836652668	0.02958928070420754
16.77985434682123	0.02878796162917037
16.80743032711578	0.02800788677743138
16.83500630741033	0.02724852011699544
16.86258228770488	0.02650933294746731
16.89015826799943	0.02578980845255817
16.91773424829398	0.02508945091715327
16.94531022858853	0.02440776448334608
16.97288620888308	0.02374426457350138
17.00046218917763	0.02309848884099439
17.02803816947218	0.02246998671925409
17.05561414976673	0.02185830213904219
17.08319013006128	0.02126300383110026
17.11076611035583	0.02068366903539713
17.13834209065038	0.02011987907132563
17.16591807094493	0.01957122449788725
17.19349405123948	0.01903732458131101
17.22107003153403	0.01851778602620928
17.24864601182858	0.01801222942865207
17.27622199212313	0.01752028893987007
17.30379797241768	0.01704161915459454
17.33137395271223	0.01657586396820378
17.35894993300678	0.01612267669131894
17.38652591330133	0.01568173861046359
17.41410189359588	0.01525272030060155
17.44167787389043	0.01483530380420308
17.46925385418498	0.0144291840203151
17.49682983447953	0.01403406716208467
17.52440581477408	0.01364965738861552
17.55198179506863	0.01327566261766392
17.57955777536318	0.01291182009896378
17.60713375565773	0.01255785495687669
17.63470973595228	0.01221350095267702
17.66228571624683	0.01187850069134963
17.68986169654139	0.01155261405618228
17.71743767683594	0.01123558830047838
17.74501365713049	0.01092718532393157
17.77258963742504	0.0106271805551517
17.80016561771959	0.01033534619888834
17.82774159801414	0.01005145905527362
17.85531757830869	0.009775313700507519
17.88289355860324	0.009506699075390548
17.91046953889779	0.009245410908314071
17.93804551919234	0.008991254042747318
17.96562149948689	0.00874403598560519
17.99319747978144	0.008503569825162866
18.02077346007599	0.008269671367095442
18.04834944037054	0.008042165910573652
18.07592542066509	0.007820880531447097
18.10350140095964	0.007605644735975694
18.13107738125419	0.007396297921113498
18.15865336154874	0.007192680530334652
18.18622934184329	0.006994636971259781
18.21380532213784	0.006802015388348973
18.24138130243239	0.006614669654958251
18.26895728272694	0.006432456744527573
18.29653326302149	0.00625523616591515
18.32410924331604	0.006082874420915416
18.35168522361059	0.005915237743669977
18.37926120390514	0.005752197232278722
18.40683718419969	0.00559363015913942
18.43441316449424	0.005439414770590433
18.46198914478879	0.00528943141894623
18.48956512508334	0.00514356482777053
18.51714110537789	0.005001703330416359
18.54471708567244	0.004863738220371735
18.57229306596699	0.004729562652212322
18.59986904626154	0.004599072472859942
18.62744502655609	0.004472168502800054
18.65502100685064	0.004348751771611676
18.68259698714519	0.004228728358508172
18.71017296743974	0.004112004973037597
18.73774894773429	0.003998492097020167
18.76532492802884	0.00388810014337794
18.79290090832339	0.003780746378878436
18.82047688861794	0.003676345499399212
18.84805286891249	0.003574818343436885
18.87562884920704	0.003476084265730612
18.90320482950159	0.003380069176110035
18.93078080979614	0.003286696047117101
18.95835679009069	0.003195895107139333
18.98593277038524	0.003107594604799391
19.01350875067979	0.00302172619754143
19.04108473097434	0.002938223279624127
19.06866071126889	0.002857020946426818
19.09623669156344	0.002778056544010489
19.12381267185799	0.002701267798232725
19.15138865215254	0.002626595278317356
19.17896463244709	0.002553981546701624
19.20654061274164	0.002483368922684779
19.23411659303619	0.00241470369996804
19.26169257333074	0.00234793227801197
19.28926855362529	0.002283001778355745
19.31684453391984	0.002219862118049951
19.34442051421439	0.002158464120281742
19.37199649450894	0.002098760433952295
19.39957247480349	0.002040703731595147
19.42714845509804	0.001984249183554599
19.45472443539259	0.001929351964018707
19.48230041568714	0.001875969595151089
19.50987639598169	0.001824061385600901
19.53745237627624	0.001773585824017418
19.56502835657079	0.001724503631702019
19.59260433686534	0.001676776839458208
19.62018031715989	0.001630367475410296
19.64775629745444	0.001585239670746137
19.67533227774899	0.001541358520185558
19.70290825804354	0.001498689141280975
19.73048423833809	0.001457198185550294
19.75806021863264	0.001416853130702138
19.78563619892719	0.001377622997090771
19.81321217922174	0.001339476648478437
19.84078815951629	0.001302384568219807
19.86836413981084	0.001266317096128438
19.89594012010539	0.001231246325367209
19.92351610039994	0.001197144893444745
19.95109208069449	0.001163985994575041
19.97866806098904	0.001131743696718202
20.00624404128359	0.00110039247710006
20.03382002157814	0.001069907743058349
20.06139600187269	0.001040266180109571
20.08897198216724	0.001011444166686627
20.11654796246179	0.0009834190033848928
20.14412394275634	0.0009561687423671501
20.17169992305089	0.0009296721206509099
20.19927590334544	0.0009039081620857429
20.22685188363999	0.0008788569760733113
20.25442786393454	0.000854498753889891
20.2820038442291	0.0008308140714712532
20.30957982452365	0.0008077843822629213
20.3371558048182	0.0007853922284351084
20.36473178511275	0.00076361957322776
20.3923077654073	0.0007424492561702142
20.41988374570185	0.000721864540507753
20.4474597259964	0.0007018496442148195
20.47503570629095	0.0006823884942982445
20.5026116865855	0.0006634661067321946
20.53018766688005	0.0006450673830622955
20.5577636471746	0.0006271778410665287
20.58533962746915	0.0006097832898108447
20.6129156077637	0.0005928705819953946
20.64049158805825	0.000576426064318182
20.6680675683528	0.0005604367613322999
20.69564354864735	0.0005448901452392295
20.7232195289419	0.0005297736968497536
20.75079550923645	0.0005150760921640759
20.778371489531	0.0005007855450224613
20.80594746982555	0.0004868907170765168
20.8335234501201	0.0004733806251698808
20.86109943041465	0.0004602443778032105
20.8886754107092	0.0004474723686650481
20.91625139100375	0.0004350541452353326
20.9438273712983	0.000422979810994499
20.97140335159285	0.0004112398748497904
20.9989793318874	0.0003998249461528821
21.02655531218195	0.0003887266382676276
21.0541312924765	0.0003779358246867131
21.08170727277105	0.0003674439977186143
21.1092832530656	0.0003572428854056524
21.13685923336015	0.0003473246221231608
21.1644352136547	0.0003376804442966993
21.19201119394925	0.0003283039524895455
21.2195871742438	0.0003191875337199575
21.24716315453835	0.0003103236971665572
21.2747391348329	0.0003017055997817384
21.30231511512745	0.0002933261894020711
21.329891095422	0.0002851792271187381
21.35746707571655	0.0002772580930232485
21.3850430560111	0.0002695565636941323
21.41261903630565	0.0002620682662451722
21.4401950166002	0.0002547880168358902
21.46777099689475	0.0002477094445972852
21.4953469771893	0.0002408272217505165
21.52292295748385	0.0002341358835477136
21.5504989377784	0.0002276300341727714
21.57807491807295	0.0002213045980168223
21.6056508983675	0.000215154602657665
21.63322687866205	0.0002091750316174713
21.6608028589566	0.0002033615297617639
21.68837883925115	0.000197709253189088
21.7159548195457	0.0001922138840876994
21.74353079984025	0.0001868706476113873
21.7711067801348	0.0001816758764122874
21.79868276042935	0.0001766252650818512
21.8262587407239	0.0001717147541489203
21.85383472101845	0.0001669402743124481
21.881410701313	0.0001622985273129707
21.90898668160755	0.0001577854923402094
21.9365626619021	0.0001533977890025681
21.96413864219665	0.000149131807830242
21.9917146224912	0.0001449842896400601
22.01929060278575	0.0001409518263299557
22.0468665830803	0.00013703121620625
22.07444256337485	0.0001332194879849916
22.1020185436694	0.0001295136993968691
22.12959452396395	0.0001259107086408698
22.1571705042585	0.0001224077169355519
22.18474648455305	0.0001190020513596395
22.2123224648476	0.0001156909313460146
22.23989844514215	0.0001124712474019344
22.2674744254367	0.0001093417594305211
22.29505040573125	0.0001062988540522243
22.3226263860258	0.0001033404664294552
22.35020236632035	0.0001004642631060208
22.3777783466149	9.766800124773113e-05
22.40535432690945	9.494911553368081e-05
22.432930307204	9.230603839842649e-05
22.46050628749855	8.97363401249708e-05
22.4880822677931	8.72379786702831e-05
22.51565824808765	8.480906790628453e-05
22.5432342283822	8.244769462600363e-05
22.57081020867675	8.015183582185167e-05
22.5983861889713	7.791972620163702e-05
22.62596216926585	7.575030336360988e-05
22.6535381495604	7.36400424814897e-05
22.68111412985495	7.158898535284784e-05
22.7086901101495	6.959501215473462e-05
22.73626609044405	6.765627310777436e-05
22.7638420707386	6.577135345033186e-05
22.79141805103315	6.393899251770238e-05
22.8189940313277	6.215755979072477e-05
22.84657001162225	6.042564884742729e-05
22.87414599191681	5.874193551153414e-05
22.90172197221136	5.710499581541678e-05
22.92929795250591	5.551339849476457e-05
22.95687393280046	5.396619583654047e-05
22.98444991309501	5.246207177872257e-05
23.01202589338956	5.099975962388973e-05
23.03960187368411	4.957813253787059e-05
23.06717785397866	4.819600733245465e-05
23.09475383427321	4.685218371842185e-05
23.12232981456776	4.554590052927586e-05
23.14990579486231	4.427593211121949e-05
23.17748177515686	4.304133948326353e-05
23.20505775545141	4.184106588710491e-05
23.23263373574596	4.067398745184342e-05
23.26020971604051	3.953954491475325e-05
23.28778569633506	3.843668515015304e-05
23.31536167662961	3.736458441247965e-05
23.34293765692416	3.63222466975726e-05
23.37051363721871	3.530887492144459e-05
23.39808961751326	3.432359257754557e-05
23.42566559780781	3.336585400767671e-05
23.45324157810236	3.243485536533041e-05
23.48081755839691	3.152966891049826e-05
23.50839353869146	3.064978621327905e-05
23.53596951898601	2.979415698069382e-05
23.56354549928056	2.896259801673235e-05
23.59112147957511	2.81541782023704e-05
23.61869745986966	2.736824048471755e-05
23.64627344016421	2.660413765995997e-05
23.67384942045876	2.586116010835389e-05
23.70142540075331	2.513904359116775e-05
23.72900138104786	2.443709813355676e-05
23.75657736134241	2.375468447750321e-05
23.78415334163696	2.309116813201057e-05
23.81172932193151	2.244607341567805e-05
23.83930530222606	2.181912610819568e-05
23.86688128252061	2.120961132098395e-05
23.89445726281516	2.061679551764211e-05
23.92203324310971	2.004100541140715e-05
23.94960922340426	1.948093501879777e-05
23.97718520369881	1.893659137968271e-05
24.00476118399336	1.840740250574383e-05
24.03233716428791	1.789292270149506e-05
24.05991314458246	1.739263968631275e-05
24.08748912487701	1.690650612967064e-05
24.11506510517156	1.643389320775728e-05
24.14264108546611	1.597435734108017e-05
24.17021706576066	1.5527630926388e-05
24.19779304605521	1.50934072044331e-05
24.22536902634976	1.46700180167117e-05
24.25294500664431	1.426100837225975e-05
24.28052098693886	1.386215142782963e-05
24.30809696723341	1.347430633769736e-05
24.33567294752796	1.309735853440789e-05
24.36324892782251	1.273095571130488e-05
24.39082490811706	1.237472799542635e-05
24.41840088841161	1.202833048749234e-05
24.44597686870616	1.169173087564092e-05
24.47355284900071	1.136452133893373e-05
24.50112882929526	1.104643945680149e-05
24.52870480958981	1.07371492304303e-05
24.55628078988436	1.043650212660971e-05
24.58385677017891	1.014431437972119e-05
24.61143275047346	9.86028427301666e-06
24.63900873076801	9.584100004218045e-06
24.66658471106256	9.31567764516228e-06
24.69416069135711	9.054771099575105e-06
24.72173667165166	8.801271787797396e-06
24.74931265194621	8.554454962820522e-06
24.77688863224076	8.314781814931759e-06
24.80446461253531	8.081809965270094e-06
24.83204059282986	7.855345701112197e-06
24.85961657312441	7.635073289015484e-06
24.88719255341896	7.421070963315219e-06
24.91476853371351	7.213054003034919e-06
24.94234451400806	7.010875570245728e-06
24.96992049430261	6.814245300267924e-06
24.99749647459716	6.623140571967379e-06
25.02507245489171	6.437376010336401e-06
25.05264843518626	6.256749261751065e-06
25.08022441548081	6.081231582181595e-06
25.10780039577536	5.910639416256233e-06
25.13537637606991	5.74484487960409e-06
25.16295235636446	5.583533594411359e-06
25.19052833665901	5.426823198508172e-06
25.21810431695356	5.274530901503112e-06
25.24568029724811	5.126377784981671e-06
25.27325627754266	4.982463446185711e-06
25.30083225783721	4.842598693608474e-06
25.32840823813176	4.706476071418936e-06
25.35598421842631	4.574307018514608e-06
25.38356019872086	4.445791992100974e-06
25.41113617901541	4.320761636517936e-06
25.43871215930996	4.199380296759248e-06
25.46628813960452	4.081365225790008e-06
25.49386411989907	3.966594253024645e-06
25.52144010019362	3.855131149739235e-06
25.54901608048817	3.746782182399737e-06
25.57659206078272	3.641472920336482e-06
25.60416804107727	3.538981206935436e-06
25.63174402137182	3.439550658073937e-06
25.65932000166637	3.342881906593869e-06
25.68689598196092	3.248784941731673e-06
25.71447196225547	3.157623978654898e-06
25.74204794255002	3.068888430107644e-06
25.76962392284457	2.982595329867102e-06
25.79719990313912	2.898806015650349e-06
25.82477588343367	2.817321599910196e-06
25.85235186372822	2.738108533466942e-06
25.87992784402277	2.661150726675912e-06
25.90750382431732	2.58631884808589e-06
25.93507980461187	2.513587368365494e-06
25.96265578490642	2.4428907059885e-06
25.99023176520097	2.374164302515301e-06
26.01780774549552	2.307370838740425e-06
26.04538372579007	2.242446208261207e-06
26.07295970608462	2.179335724569969e-06
26.10053568637917	2.11799693687305e-06
26.12811166667372	2.058376302557077e-06
26.15568764696827	2.000416985493507e-06
26.18326362726282	1.94409043543459e-06
26.21083960755737	1.889340572647675e-06
26.23841558785192	1.836127728756242e-06
26.26599156814647	1.784404768757734e-06
26.29356754844102	1.734132213198067e-06
26.32114352873557	1.685268780266835e-06
26.34871950903012	1.637774272512838e-06
26.37629548932467	1.59161295747502e-06
26.40387146961922	1.546745279114449e-06
26.43144744991377	1.503135544740846e-06
26.45902343020832	1.460748985121953e-06
26.48659941050287	1.419556305421351e-06
26.51417539079742	1.379508779950629e-06
26.54175137109197	1.340589484367026e-06
26.56932735138652	1.30276221219923e-06
26.59690333168107	1.265996488782627e-06
26.62447931197562	1.230259267518767e-06
26.65205529227017	1.195529635506849e-06
26.67963127256472	1.161772753445286e-06
26.70720725285927	1.128962215612934e-06
26.73478323315382	1.097073704739202e-06
26.76235921344837	1.066079500467413e-06
26.78993519374292	1.035955474644346e-06
26.81751117403747	1.006677806093388e-06
26.84508715433202	9.782215082061196e-07
26.87266313462657	9.505659541881934e-07
26.90023911492112	9.236837073942497e-07
26.92781509521567	8.975584629919937e-07
26.95539107551022	8.721663359651051e-07
26.98296705580477	8.474876172472324e-07
27.01054303609932	8.235058899397174e-07
27.03811901639387	8.001903712652884e-07
27.06569499668842	7.775336533652223e-07
27.09327097698297	7.555138352437126e-07
27.12084695727752	7.341120690043548e-07
27.14842293757207	7.133125433457811e-07
27.17599891786662	6.930970952338168e-07
27.20357489816117	6.734500321833057e-07
27.23115087845572	6.54354930064952e-07
27.25872685875027	6.357967373471866e-07
27.28630283904482	6.177606321242246e-07
27.31387881933937	6.002322523743354e-07
27.34145479963392	5.831951942415514e-07
27.36903077992847	5.666380842785716e-07
27.39660676022302	5.50546716624883e-07
27.42418274051757	5.349075257226296e-07
27.45175872081212	5.197087780259845e-07
27.47933470110667	5.049374918129501e-07
27.50691068140122	4.905821636508764e-07
27.53448666169577	4.766300969711243e-07
27.56206264199032	4.630705648129249e-07
27.58963862228487	4.49893145633471e-07
27.61721460257942	4.370860667881165e-07
27.64479058287397	4.246399827861267e-07
27.67236656316852	4.125442081683192e-07
27.69994254346307	4.007886377461902e-07
27.72751852375762	3.893645396957831e-07
27.75509450405217	3.782618749095713e-07
27.78267048434672	3.674715867874468e-07
27.81024646464127	3.569855997361557e-07
27.83782244493582	3.467950429756695e-07
27.86539842523037	3.368909834092307e-07
27.89297440552492	3.272666401825745e-07
27.92055038581947	3.179132609860905e-07
27.94812636611402	3.08823143536737e-07
27.97570234640857	2.999895172969912e-07
28.00327832670312	2.914049018378297e-07
28.03085430699767	2.830617310324489e-07
28.05843028729223	2.749541782466225e-07
28.08600626758678	2.670769984119111e-07
28.11358224788133	2.594180223471203e-07
28.14115822817588	2.519770999508397e-07
28.16873420847043	2.447457464639047e-07
28.19631018876498	2.377186048017005e-07
28.22388616905953	2.3088807902971e-07
28.25146214935408	2.242529830747369e-07
28.27903812964863	2.178038940021946e-07
28.30661410994318	2.115363898185151e-07
28.33419009023773	2.054461111914211e-07
28.36176607053228	1.995272935979858e-07
28.38934205082683	1.93776038072433e-07
28.41691803112138	1.881875938053208e-07
28.44449401141593	1.827553832582631e-07
28.47206999171048	1.774775879922316e-07
28.49964597200503	1.723482116884281e-07
28.52722195229958	1.673641749124038e-07
28.55479793259413	1.625205456061196e-07
28.58237391288868	1.578139246032192e-07
28.60994989318323	1.532401012616783e-07
28.63752587347778	1.487957458810742e-07
28.66510185377233	1.444765847452991e-07
28.69267783406688	1.402798143973351e-07
28.72025381436143	1.362013939328297e-07
28.74782979465598	1.322385350096745e-07
28.77540577495053	1.283872232738401e-07
28.80298175524508	1.246481409979223e-07
28.83055773553963	1.210085851767834e-07
28.85813371583418	1.174748673440099e-07
28.88570969612873	1.140413131947727e-07
28.91328567642328	1.107046089629155e-07
28.94086165671783	1.074627017056244e-07
28.96843763701238	1.043119195019493e-07
28.99601361730693	1.012504312694125e-07
29.02358959760148	9.82758306416032e-08
29.05116557789603	9.538511493799107e-08
29.07874155819058	9.257585663579433e-08
29.10631753848513	8.984703304826727e-08
29.13389351877968	8.71947460505415e-08
29.16146949907423	8.461760674808871e-08
29.18904547936878	8.211394982418417e-08
29.21662145966333	7.968067419076695e-08
29.24419743995788	7.731666623173826e-08
29.27177342025243	7.502052875671789e-08
29.29934940054698	7.278687941721845e-08
29.32692538084153	7.061791679654795e-08
29.35450136113608	6.851033584111386e-08
29.38207734143063	6.646254521859175e-08
29.40965332172518	6.447274473218045e-08
29.43722930201973	6.25393374602644e-08
29.46480528231428	6.066068853820987e-08
29.49238126260883	5.883533484922033e-08
29.51995724290338	5.706172546507125e-08
29.54753322319793	5.533836473581149e-08
29.57510920349248	5.36639176131134e-08
29.60268518378703	5.203695314430455e-08
29.63026116408158	5.045608980077614e-08
29.65783714437613	4.892011648183162e-08
29.68541312467068	4.742770404388082e-08
29.71298910496523	4.597760199380479e-08
29.74056508525978	4.456868483448501e-08
29.76814106555433	4.319976844331867e-08
29.79571704584888	4.186965535684731e-08
29.82329302614343	4.057733825695037e-08
29.85086900643798	3.932178862180217e-08
29.87844498673253	3.810170909918535e-08
29.90602096702708	3.691637152940089e-08
29.93359694732163	3.576466959639761e-08
29.96117292761618	3.464571058788965e-08
29.98874890791073	3.355849687681998e-08
30.01632488820528	3.250223298977705e-08
30.04390086849983	3.147587927986466e-08
30.07147684879438	3.047883355556807e-08
30.09905282908893	2.951026483302576e-08
30.12662880938348	2.856881764234859e-08
30.15420478967803	2.765407665816666e-08
30.18178076997258	2.676585700744991e-08
30.20935675026713	2.590262433636776e-08
30.23693273056168	2.506397573596214e-08
30.26450871085623	2.42491497693588e-08
30.29208469115078	2.345753493859157e-08
30.31966067144533	2.26884070963183e-08
30.34723665173988	2.194115590460459e-08
30.37481263203443	2.121522847696094e-08
30.40238861232898	2.05099172434727e-08
30.42996459262353	1.982464243918783e-08
30.45754057291808	1.91589843981367e-08
30.48511655321263	1.851221704911674e-08
30.51269253350718	1.788386153927053e-08
30.54026851380173	1.727253223639907e-08
30.56784449409628	1.668036158654908e-08
30.59542047439083	1.610419270785377e-08
30.62299645468539	1.554443686654456e-08
30.65057243497994	1.500063299001286e-08
30.67814841527449	1.447232972775354e-08
30.70572439556904	1.395907966362737e-08
30.73330037586359	1.346046354578956e-08
30.76087635615814	1.29760672885129e-08
30.78845233645269	1.250547974917561e-08
30.81602831674724	1.20483124587091e-08
30.84360429704179	1.160419058099088e-08
30.87118027733634	1.117273638651315e-08
30.89875625763089	1.075314371212952e-08
30.92633223792544	1.034638678009955e-08
30.95390821821999	9.950823727371824e-09
30.98148419851454	9.566506601269557e-09
31.00906017880909	9.193232806108241e-09
31.03663615910364	8.83055233035189e-09
31.06421213939819	8.478287066627721e-09
31.09178811969274	8.136045039745652e-09
31.11936409998729	7.80357759299801e-09
31.14694008028184	7.480484199363233e-09
31.17451606057639	7.166987274269642e-09
31.20209204087094	6.862077611921195e-09
31.22966802116549	6.566045064136537e-09
31.25724400146004	6.278447525566602e-09
31.28481998175459	5.999068788615168e-09
31.31239596204914	5.727676648192208e-09
31.33997194234369	5.464044950276529e-09
31.36754792263824	5.207952455990726e-09
31.39512390293279	4.959184232542183e-09
31.42269988322734	4.717533111944125e-09
31.45027586352189	4.482796176724714e-09
31.47785184381644	4.254776094013527e-09
31.50542782411099	4.033281591996949e-09
31.53300380440554	3.818126830171163e-09
31.56057978470009	3.609131246491548e-09
31.58815576499464	3.406119408186391e-09
31.61573174528919	3.208920866272079e-09
31.64330772558374	3.017370013765088e-09
31.67088370587829	2.831305947555404e-09
31.69845968617284	2.65057233389369e-09
31.72603566646739	2.475017277439935e-09
31.75361164676194	2.304493193809343e-09
31.78118762705649	2.138856685554416e-09
31.80876360735104	1.977968421515474e-09
31.83633958764559	1.821693019471628e-09
31.86391556794014	1.669898932022908e-09
31.89149154823469	1.522458335633713e-09
31.91906752852924	1.379247022766677e-09
31.94664350882379	1.240144297036197e-09
31.97421948911834	1.105032871312063e-09
32.00179546941289	9.7379876870144e-10
32.02937144970744	8.46331226339915e-10
32.05694743000199	7.225226019234707e-10
32.08452341029654	6.022682829101853e-10
32.11209939059109	4.85466598327181e-10
32.13967537088564	3.720187331135228e-10
32.16725135118019	2.618286449345925e-10
32.19482733147474	1.548029834032604e-10
32.22240331176929	5.085101164396448e-11
0
1000	105.6583745	100000000000000.1
5	0	0	1
5	0	0	0
4.673998997513734	-0.007462528184349062
4.701574977808284	-0.006037807649624769
4.729150958102834	-0.006041367543161131
4.756726938397384	-0.006232754109092387
4.784302918691934	-0.006440933230702482
4.811878898986484	-0.006621340758983145
4.839454879281035	-0.006761885905584611
4.867030859575585	-0.006861414792482448
4.894606839870135	-0.006922789577530642
4.922182820164685	-0.006950238083446774
4.949758800459235	-0.00694824833419637
4.977334780753785	-0.006921100021593929
5.004910761048335	-0.006872679692495047
5.032486741342885	-0.006806427110499288
5.060062721637435	-0.006725342188598722
5.087638701931986	-0.006632018402029134
5.115214682226536	-0.00652868590230163
5.142790662521086	-0.006417256118446966
5.170366642815636	-0.006299363982476989
5.197942623110186	-0.006176406151364873
5.225518603404736	-0.006049574739764858
5.253094583699286	-0.005919886644202617
5.280670563993836	-0.005788208800878486
5.308246544288386	-0.005655279819627844
5.335822524582936	-0.005521728453824902
5.363398504877487	-0.005388089342397184
5.390974485172037	-0.005254816418537314
5.418550465466587	-0.005122294332358789
5.446126445761137	-0.004990848187918584
5.473702426055687	-0.004860751851721113
5.501278406350237	-0.004733070847486731
5.528854386644787	-0.004606185466019748
5.556430366939337	-0.004481185556436292
5.584006347233887	-0.004358219378979937
5.611582327528438	-0.004237409357064339
5.639158307822988	-0.004118855124044501
5.666734288117538	-0.004002636236285315
5.694310268412088	-0.003888814586774731
5.721886248706638	-0.003777436550758127
5.749462229001188	-0.003668534892055109
5.777038209295738	-0.003562197987199991
5.804614189590288	-0.003458290680835802
5.832190169884838	-0.00335688861116348
5.859766150179389	-0.0032579866626238
5.887342130473939	-0.003161572793300569
5.914918110768489	-0.003067628935570718
5.942494091063039	-0.00297613180321911
5.970070071357589	-0.002887053613565091
5.997646051652139	-0.002800362732631394
6.025222031946689	-0.002716024250738914
6.052798012241239	-0.002634005549575178
6.080373992535789	-0.002554257007746307
6.107949972830339	-0.002476736139626951
6.13552595312489	-0.002401409539622303
6.16310193341944	-0.002328226980891095
6.19067791371399	-0.002257143702494146
6.21825389400854	-0.002188113682675157
6.24582987430309	-0.002121090371144435
6.27340585459764	-0.002056026935500558
6.30098183489219	-0.001992876444149932
6.32855781518674	-0.001931587872548164
6.35613379548129	-0.001872123122440163
6.383709775775841	-0.001814431511381369
6.411285756070391	-0.001758466975145565
6.438861736364941	-0.001704183936768205
6.466437716659491	-0.001651537379765316
6.494013696954041	-0.001600482908100663
6.521589677248591	-0.001550976792562861
6.549165657543141	-0.001502976001429449
6.576741637837691	-0.001456438209310672
6.604317618132241	-0.001411272506112897
6.631893598426791	-0.001367532392490924
6.659469578721342	-0.001325134859060844
6.687045559015892	-0.001284041031675393
6.714621539310442	-0.001244212908673239
6.742197519604992	-0.001205613368543164
6.769773499899542	-0.001168206173797906
6.797349480194092	-0.001131955971556796
6.824925460488642	-0.001096828291275054
6.852501440783192	-0.001062789540005058
6.880077421077742	-0.001029805654375141
6.907653401372293	-0.0009978476528401177
6.935229381666843	-0.0009668830693585139
6.962805361961393	-0.0009368817095269383
6.990381342255943	-0.0009078142066319088
7.017957322550493	-0.0008796520086734797
7.045533302845043	-0.0008523673644398991
7.073109283139593	-0.0008259333088073921
7.100685263434143	-0.0008003236474176141
7.128261243728693	-0.0007755129408663887
7.155837224023244	-0.0007514759380733161
7.183413204317794	-0.0007281898406681808
7.210989184612344	-0.0007056307800922696
7.238565164906894	-0.0006837761620568592
7.266141145201444	-0.0006626040644033469
7.293717125495994	-0.0006420932206488624
7.321293105790544	-0.000622223003533267
7.348869086085094	-0.0006029734086236364
7.376445066379644	-0.0005843250380241569
7.404021046674194	-0.0005662590842322195
7.431597026968745	-0.0005487570340711649
7.459173007263295	-0.000531801803244781
7.486748987557845	-0.0005153759710583802
7.514324967852395	-0.0004994629316920186
7.541900948146945	-0.0004840465922091736
7.569476928441495	-0.0004691113579663714
7.597052908736045	-0.0004546421182944579
7.624628889030595	-0.000440624232463951
7.652204869325145	-0.0004270435159441984
7.679780849619696	-0.0004138862269636351
7.707356829914246	-0.0004011389710039807
7.734932810208796	-0.0003887890274217887
7.762508790503346	-0.0003768238186436887
7.790084770797896	-0.0003652312445113556
7.817660751092446	-0.0003539995849331155
7.845236731386996	-0.0003431174883262049
7.872812711681546	-0.0003325739603572136
7.900388691976096	-0.0003223583529781965
7.927964672270646	-0.0003124603537549975
7.955540652565197	-0.0003028699754834816
7.983116632859747	-0.0002935780502381463
8.010692613154298	-0.0002845740846362785
8.038268593448848	-0.0002758496361944595
8.065844573743398	-0.0002673959162541895
8.093420554037948	-0.0002592044167004991
8.120996534332498	-0.0002512668997606157
8.148572514627048	-0.0002435753889542806
8.176148494921598	-0.0002361221606237801
8.203724475216148	-0.0002288997358468667
8.231300455510699	-0.000221900872652611
8.258876435805249	-0.0002151199164042981
8.286452416099799	-0.0002085472314293162
8.314028396394349	-0.0002021776201663445
8.341604376688899	-0.0001960047275385924
8.369180356983449	-0.0001900224043897506
8.396756337277999	-0.0001842247012044087
8.424332317572549	-0.0001786058622099633
8.451908297867099	-0.0001731603199053863
8.47948427816165	-0.0001678826900874829
8.5070602584562	-0.0001627677674840308
8.53463623875075	-0.0001572404646946766
8.5622122190453	-0.0001526899006985637
8.58978819933985	-0.0001481619954804003
8.6173641796344	-0.000143737087496911
8.64494015992895	-0.0001394331312621022
8.6725161402235	-0.0001352541750138171
8.70009212051805	-0.0001311997979988884
8.7276681008126	-0.0001272678435340133
8.755244081107151	-0.0001234554133791317
8.782820061401701	-0.0001197592880955397
8.810396041696251	-0.0001161688812983484
8.837972021990801	-0.0001126970598451052
8.865548002285351	-0.0001093315014728327
8.893123982579901	-0.0001060688074823318
8.920699962874451	-0.0001029056987548071
8.948275943169001	-9.983900996627187e-05
8.975851923463551	-9.686568443939108e-05
9.003427903758102	-9.398276948205131e-05
9.031003884052652	-9.118741210931078e-05
9.058579864347202	-8.847685507614032e-05
9.086155844641752	-8.584779824516416e-05
9.113731824936302	-8.329897253176659e-05
9.141307805230852	-8.082726693776341e-05
9.168883785525402	-7.843027734320495e-05
9.196459765819952	-7.610568354700545e-05
9.224035746114502	-7.385125185529889e-05
9.251611726409052	-7.166484634370125e-05
9.279187706703603	-6.95444707743751e-05
9.306763686998153	-6.748846487096368e-05
9.334339667292703	-6.549733613974938e-05
9.361915647587253	-6.355418498431429e-05
9.389491627881803	-6.167653280188178e-05
9.417067608176353	-5.98551389179852e-05
9.444643588470903	-5.808827179252861e-05
9.472219568765453	-5.637425486078903e-05
9.499795549060003	-5.471146473057086e-05
9.527371529354554	-5.309832944032203e-05
9.554947509649104	-5.153332677610884e-05
9.582523489943654	-5.001498264541677e-05
9.610099470238204	-4.854186950581772e-05
9.637675450532754	-4.71125939508735e-05
9.665251430827304	-4.572584025072056e-05
9.692827411121854	-4.438030001601307e-05
9.720403391416404	-4.307471703489191e-05
9.747979371710954	-4.180787453454178e-05
9.775555352005505	-4.057859390756916e-05
9.803131332300055	-3.938573348025662e-05
9.830707312594605	-3.822818732134775e-05
9.858283292889155	-3.710488409005163e-05
9.885859273183705	-3.601478592199484e-05
9.913435253478255	-3.495687479201622e-05
9.941011233772805	-3.393020346755919e-05
9.968587214067355	-3.293381466341557e-05
9.996163194361905	-3.196679376209732e-05
10.02373917465646	-3.102825457419527e-05
10.05131515495101	-3.011733843408516e-05
10.07889113524556	-2.923321332414695e-05
10.10646711554011	-2.837507302674859e-05
10.13404309583466	-2.754213630323852e-05
10.16161907612921	-2.673364609919347e-05
10.18919505642376	-2.594884734360765e-05
10.21677103671831	-2.518707559055168e-05
10.24434701701286	-2.444761772002137e-05
10.27192299730741	-2.37298055143864e-05
10.29949897760196	-2.303299138543065e-05
10.32707495789651	-2.235654772163383e-05
10.35465093819106	-2.169986625493341e-05
10.38222691848561	-2.106235744694125e-05
10.40980289878016	-2.044344989440646e-05
10.43737887907471	-1.984258975359169e-05
10.46495485936926	-1.925924473935539e-05
10.49253083966381	-1.8692884892365e-05
10.52010681995836	-1.814301045560444e-05
10.54768280025291	-1.760913246984117e-05
10.57525878054746	-1.709077693191941e-05
10.60283476084201	-1.658748432324744e-05
10.63041074113656	-1.609880915487038e-05
10.65798672143111	-1.562431952907056e-05
10.68556270172566	-1.516359671783633e-05
10.71313868202021	-1.471623475929572e-05
10.74071466231476	-1.428186267177979e-05
10.76829064260931	-1.386005393843987e-05
10.79586662290386	-1.34504588850748e-05
10.82344260319841	-1.305271839761167e-05
10.85101858349296	-1.26664842377468e-05
10.87859456378751	-1.229141870320884e-05
10.90617054408206	-1.192719429910343e-05
10.93374652437661	-1.157349341995059e-05
10.96132250467116	-1.123000804204029e-05
10.98889848496571	-1.089643942574465e-05
11.01647446526026	-1.057250088240674e-05
11.04405044555481	-1.025790497497903e-05
11.07162642584936	-9.952382233801255e-06
11.09920240614391	-9.655668297965876e-06
11.12677838643846	-9.367506750530649e-06
11.15435436673301	-9.087648873292851e-06
11.18193034702756	-8.815853409442509e-06
11.20950632732211	-8.551886333823811e-06
11.23708230761666	-8.295520630543249e-06
11.26465828791121	-8.046536077672647e-06
11.29223426820576	-7.804720472824091e-06
11.31981024850031	-7.569863537536859e-06
11.34738622879486	-7.341765690177833e-06
11.37496220908941	-7.120231884089946e-06
11.40253818938396	-6.905072892263965e-06
11.43011416967851	-6.696105129323077e-06
11.45769014997306	-6.493150479141568e-06
11.48526613026761	-6.296036127905193e-06
11.51284211056216	-6.104594402427825e-06
11.54041809085671	-5.918662613545899e-06
11.56799407115126	-5.738083076469696e-06
11.59557005144581	-5.562702245036874e-06
11.62314603174036	-5.392371685026237e-06
11.65072201203491	-5.226947177875886e-06
11.67829799232946	-5.066288776065661e-06
11.70587397262401	-4.91026067330778e-06
11.73344995291856	-4.758731078760685e-06
11.76102593321311	-4.611572095130893e-06
11.78860191350766	-4.468659600532515e-06
11.81617789380221	-4.329873133978623e-06
11.84375387409676	-4.195095562510758e-06
11.87132985439131	-4.06421387327479e-06
11.89890583468586	-3.937117723319923e-06
11.92648181498041	-3.813700218362301e-06
11.95405779527496	-3.693857601349403e-06
11.98163377556951	-3.577489157228478e-06
12.00920975586406	-3.464497120602451e-06
12.03678573615861	-3.354786586178183e-06
12.06436171645316	-3.248265421915649e-06
12.09193769674771	-3.144844184789704e-06
12.11951367704226	-3.044435818577371e-06
12.14708965733681	-2.946956472610647e-06
12.17466563763136	-2.852324074046619e-06
12.20224161792591	-2.760459141722611e-06
12.22981759822046	-2.671284497394793e-06
12.25739357851501	-2.584725195452665e-06
12.28496955880956	-2.500708454725387e-06
12.31254553910411	-2.419163592314528e-06
12.34012151939866	-2.340021959390074e-06
12.36769749969321	-2.263216878889193e-06
12.39527347998776	-2.188683262913216e-06
12.42284946028231	-2.116358872245465e-06
12.45042544057686	-2.046182264760368e-06
12.47800142087141	-1.978094060399194e-06
12.50557740116597	-1.912036564562762e-06
12.53315338146052	-1.847953716129644e-06
12.56072936175507	-1.785791037023059e-06
12.58830534204962	-1.725495583282517e-06
12.61588132234417	-1.667015897598082e-06
12.64345730263872	-1.610301963266839e-06
12.67103328293327	-1.555305505011146e-06
12.69860926322782	-1.501978486223377e-06
12.72618524352237	-1.450275366875169e-06
12.75376122381692	-1.400151467298063e-06
12.78133720411147	-1.351563336218434e-06
12.80891318440602	-1.304468712759898e-06
12.83648916470057	-1.258826489548832e-06
12.86406514499512	-1.214596676925466e-06
12.89164112528967	-1.171740368251004e-06
12.91921710558422	-1.130219706294789e-06
12.94679308587877	-1.08999860750673e-06
12.97436906617332	-1.051039626007598e-06
13.00194504646787	-1.013308635551251e-06
13.02952102676242	-9.767716700673976e-07
13.05709700705697	-9.41395662909266e-07
13.08467298735152	-9.071484190960268e-07
13.11224896764607	-8.739985885012072e-07
13.13982494794062	-8.419156399698633e-07
13.16740092823517	-8.108698363504507e-07
13.19497690852972	-7.808322104323416e-07
13.22255288882427	-7.517709307494307e-07
13.25012886911882	-7.236661695159316e-07
13.27770484941337	-6.964873415950209e-07
13.30528082970792	-6.702082702755836e-07
13.33285681000247	-6.448034275348704e-07
13.36043279029702	-6.202479165178082e-07
13.38800877059157	-5.965174546618527e-07
13.41558475088612	-5.735883574459828e-07
13.44316073118067	-5.514375227431491e-07
13.47073671147522	-5.300424157560477e-07
13.49831269176977	-5.093844384191908e-07
13.52588867206432	-4.89435009997664e-07
13.55346465235887	-4.701767072248836e-07
13.58104063265342	-4.515891703631716e-07
13.60861661294797	-4.336525499578248e-07
13.63619259324252	-4.163474934762118e-07
13.66376857353707	-3.996551324772745e-07
13.69134455383162	-3.835570702904328e-07
13.71892053412617	-3.680353701828197e-07
13.74649651442072	-3.530725439937208e-07
13.77407249471527	-3.386488644877246e-07
13.80164847500982	-3.247533520446152e-07
13.82922445530437	-3.113670398282571e-07
13.85680043559892	-2.984740931238483e-07
13.88437641589347	-2.860590667937641e-07
13.91195239618802	-2.741068974071572e-07
13.93952837648257	-2.62602895657368e-07
13.96710435677712	-2.515327390478347e-07
13.99468033707167	-2.408824648277064e-07
14.02225631736622	-2.30638463158949e-07
14.04983229766077	-2.207877753767788e-07
14.07740827795532	-2.113168321696236e-07
14.10498425824987	-2.022133619774659e-07
14.13256023854442	-1.934651069251088e-07
14.16013621883897	-1.850601314884951e-07
14.18771219913352	-1.76986816547696e-07
14.21528817942807	-1.69233853577477e-07
14.24286415972262	-1.617902389621429e-07
14.27044014001717	-1.546452684222382e-07
14.29801612031172	-1.477885315415283e-07
14.32559210060627	-1.412099795205897e-07
14.35316808090082	-1.348996122845566e-07
14.38074406119537	-1.288479549882037e-07
14.40832004148992	-1.23045721553308e-07
14.43589602178447	-1.174838931574597e-07
14.46347200207902	-1.121537131627428e-07
14.49104798237357	-1.070466821026581e-07
14.51862396266812	-1.02154552717702e-07
14.54619994296267	-9.746932503187671e-08
14.57377592325722	-9.298324146394755e-08
14.60135190355177	-8.868867846176962e-08
14.62892788384632	-8.457856839379925e-08
14.65650386414087	-8.064574292354735e-08
14.68407984443542	-7.688336406636168e-08
14.71165582472997	-7.328481197899562e-08
14.73923180502452	-6.98436802637368e-08
14.76680778531907	-6.655377128483054e-08
14.79438376561362	-6.34090914982788e-08
14.82195974590817	-6.040384679644077e-08
14.84953572620272	-5.753243786915157e-08
14.87711170649727	-5.478945765833049e-08
14.90468768679182	-5.216967997589811e-08
14.93226366708637	-4.966806199061008e-08
14.95983964738092	-4.727973719953661e-08
14.98741562767547	-4.500001112233695e-08
15.01499160797002	-4.282435683842678e-08
15.04256758826457	-4.074841055745665e-08
15.07014356855912	-3.876796722647897e-08
15.09771954885368	-3.687897617715966e-08
15.12529552914823	-3.50775368163399e-08
15.15287150944278	-3.335986162641146e-08
15.18044748973733	-3.172240705833222e-08
15.20802347003188	-3.01616627302228e-08
15.23559945032643	-2.867428568083261e-08
15.26317543062098	-2.725706218463145e-08
15.29075141091553	-2.590690378592264e-08
15.31832739121008	-2.462084339379779e-08
15.34590337150463	-2.33960314404645e-08
15.37347935179918	-2.222973210528537e-08
15.40105533209373	-2.111931960667062e-08
15.42863131238828	-2.006225319813183e-08
15.45620729268283	-1.905616182063975e-08
15.48378327297738	-1.809870559856984e-08
15.51135925327193	-1.718766287878071e-08
15.53893523356648	-1.632090455507378e-08
15.56651121386103	-1.549639081362441e-08
15.59408719415558	-1.471216795379169e-08
15.62166317445013	-1.396636528508029e-08
15.64923915474468	-1.325719210083516e-08
15.67681513503923	-1.258293472906558e-08
15.70439111533378	-1.194194050087426e-08
15.73196709562833	-1.133266931255428e-08
15.75954307592288	-1.075360768314178e-08
15.78711905621743	-1.020332190492111e-08
15.81469503651198	-9.680441700939857e-09
15.84227101680653	-9.183657745374673e-09
15.86984699710108	-8.711719258089373e-09
15.89742297739563	-8.263431672747444e-09
15.92499895769018	-7.837654377723521e-09
15.95257493798473	-7.433298528950459e-09
15.98015091827928	-7.049316458943905e-09
16.00772689857383	-6.684734648047414e-09
16.03530287886838	-6.338598107926798e-09
16.06287885916293	-6.010004446808642e-09
16.09045483945748	-5.698093137327796e-09
16.11803081975203	-5.402043742943382e-09
16.14560680004658	-5.121074207137297e-09
16.17318278034113	-4.854439204080887e-09
16.20075876063568	-4.601428549411419e-09
16.22833474093023	-4.361365669723488e-09
16.25591072122478	-4.133601178883346e-09
16.28348670151933	-3.917531919168229e-09
16.31106268181388	-3.712568253732155e-09
16.33863866210843	-3.518153784024384e-09
16.36621464240298	-3.333758894655481e-09
16.39379062269753	-3.158879547525481e-09
16.42136660299208	-2.993036123889567e-09
16.44894258328663	-2.835772312942206e-09
16.47651856358118	-2.686654045503828e-09
16.50409454387573	-2.545268471401009e-09
16.53167052417028	-2.411219778773251e-09
16.55924650446483	-2.284141484581926e-09
16.58682248475938	-2.163675257504078e-09
16.61439846505393	-2.049483665008669e-09
16.64197444534848	-1.941245984318658e-09
16.66955042564303	-1.838657415020349e-09
16.69712640593758	-1.741428325613047e-09
16.72470238623213	-1.649283532787084e-09
16.75227836652668	-1.561961612241084e-09
16.77985434682123	-1.479214239873476e-09
16.80743032711578	-1.400803699090697e-09
16.83500630741033	-1.326509982000995e-09
16.86258228770488	-1.256118407845493e-09
16.89015826799943	-1.189426999883736e-09
16.91773424829398	-1.126244002451873e-09
16.94531022858853	-1.06638738250802e-09
16.97288620888308	-1.009684353958151e-09
17.00046218917763	-9.559709238465093e-10
17.02803816947218	-9.050914595208805e-10
17.05561414976673	-8.568982759096351e-10
17.08319013006128	-8.112501360506052e-10
17.11076611035583	-7.680164490770851e-10
17.13834209065038	-7.270699024459312e-10
17.16591807094493	-6.882908277488689e-10
17.19349405123948	-6.515657128625506e-10
17.22107003153403	-6.167868938971145e-10
17.24864601182858	-5.838522618348981e-10
17.27622199212313	-5.526649832198331e-10
17.30379797241768	-5.231332342806323e-10
17.33137395271223	-4.951699478931764e-10
17.35894993300678	-4.686918861725461e-10
17.38652591330133	-4.436222509214904e-10
17.41410189359588	-4.198861116968068e-10
17.44167787389043	-3.974131223105744e-10
17.46925385418498	-3.76136600742248e-10
17.49682983447953	-3.559933422438548e-10
17.52440581477408	-3.369234416355151e-10
17.55198179506863	-3.188701243691546e-10
17.57955777536318	-3.017795859550413e-10
17.60713375565773	-2.856008393621277e-10
17.63470973595228	-2.702851805899387e-10
17.66228571624683	-2.557876612952238e-10
17.68986169654139	-2.420644886977519e-10
17.71743767683594	-2.290745592848886e-10
17.74501365713049	-2.167789307508913e-10
17.77258963742504	-2.051407101541091e-10
17.80016561771959	-1.941249477021728e-10
17.82774159801414	-1.836985358963032e-10
17.85531757830869	-1.738301137774217e-10
17.88289355860324	-1.64489976027922e-10
17.91046953889779	-1.556497518930701e-10
17.93804551919234	-1.472832943479767e-10
17.96562149948689	-1.393651132825481e-10
17.99319747978144	-1.318713017859445e-10
18.02077346007599	-1.247792188605315e-10
18.04834944037054	-1.180674232028315e-10
18.07592542066509	-1.117156103730304e-10
18.10350140095964	-1.057045531866212e-10
18.13107738125419	-1.000160451692998e-10
18.15865336154874	-9.463284692346536e-11
18.18622934184329	-8.953849410138552e-11
18.21380532213784	-8.471783299893949e-11
18.24138130243239	-8.015607941889203e-11
18.26895728272694	-7.583937666956652e-11
18.29653326302149	-7.17546056965568e-11
18.32410924331604	-6.788934618750426e-11
18.35168522361059	-6.423183969180509e-11
18.37926120390514	-6.077095465433249e-11
18.40683718419969	-5.749615326697982e-11
18.43441316449424	-5.439746004636627e-11
18.46198914478879	-5.146535062228465e-11
18.48956512508334	-4.869106028951762e-11
18.51714110537789	-4.606604075781589e-11
18.54471708567244	-4.358228168973124e-11
18.57229306596699	-4.123220087541096e-11
18.59986904626154	-3.900862152054153e-11
18.62744502655609	-3.690475072187186e-11
18.65502100685064	-3.491415906994854e-11
18.68259698714519	-3.303076132159369e-11
18.71017296743974	-3.124879808743237e-11
18.73774894773429	-2.956277138888643e-11
18.76532492802884	-2.796762298895371e-11
18.79290090832339	-2.645842013651074e-11
18.82047688861794	-2.503054140764093e-11
18.84805286891249	-2.367961312326945e-11
18.87562884920704	-2.240149614632674e-11
18.90320482950159	-2.119227337422792e-11
18.93078080979614	-2.004823789084745e-11
18.95835679009069	-1.89658817439832e-11
18.98593277038524	-1.794188531598885e-11
19.01350875067979	-1.697307786681007e-11
19.04108473097434	-1.605654957052095e-11
19.06866071126889	-1.518945601207028e-11
19.09623669156344	-1.436913490020201e-11
19.12381267185799	-1.359306698383919e-11
19.15138865215254	-1.285886840460152e-11
19.17896463244709	-1.216428345387743e-11
19.20654061274164	-1.150717771351493e-11
19.23411659303619	-1.088553156023093e-11
19.26169257333074	-1.02974340148275e-11
19.28926855362529	-9.741060576805907e-12
19.31684453391984	-9.21473529932097e-12
19.34442051421439	-8.716821906521027e-12
19.37199649450894	-8.245788475569386e-12
19.39957247480349	-7.800185534993929e-12
19.42714845509804	-7.378641644934725e-12
19.45472443539259	-6.979859212134877e-12
19.48230041568714	-6.602610527450579e-12
19.50987639598169	-6.245734014266966e-12
19.53745237627624	-5.908130676789386e-12
19.56502835657079	-5.588751508289141e-12
19.59260433686534	-5.286632473172795e-12
19.62018031715989	-5.000832977062895e-12
19.64775629745444	-4.730472305024732e-12
19.67533227774899	-4.474717205984288e-12
19.70290825804354	-4.232779343367653e-12
19.73048423833809	-4.0039128815884e-12
19.75806021863264	-3.787412201266374e-12
19.78563619892719	-3.582609736421338e-12
19.81321217922174	-3.388873927228056e-12
19.84078815951629	-3.205601223893175e-12
19.86836413981084	-3.032239314005398e-12
19.89594012010539	-2.868246942515163e-12
19.92351610039994	-2.713118095335078e-12
19.95109208069449	-2.566374054897734e-12
19.97866806098904	-2.427561932316556e-12
20.00624404128359	-2.296253277851465e-12
20.03382002157814	-2.172042765576165e-12
20.06139600187269	-2.054546948350745e-12
20.08897198216724	-1.943403079400617e-12
20.11654796246179	-1.838264820124159e-12
20.14412394275634	-1.738814324711314e-12
20.17169992305089	-1.644741087035352e-12
20.19927590334544	-1.555754532509294e-12
20.22685188363999	-1.471579774686453e-12
20.25442786393454	-1.391956770553943e-12
20.2820038442291	-1.316639520979412e-12
20.30957982452365	-1.245395313937446e-12
20.3371558048182	-1.178004008262401e-12
20.36473178511275	-1.114257355789079e-12
20.3923077654073	-1.053956426588951e-12
20.41988374570185	-9.969189977729537e-13
20.4474597259964	-9.429667161202437e-13
20.47503570629095	-8.919327905157304e-13
20.5026116865855	-8.436594403537835e-13
20.53018766688005	-7.979974099775525e-13
20.5577636471746	-7.548055091048481e-13
20.58533962746915	-7.139501778718979e-13
20.6129156077637	-6.753050751959286e-13
20.64049158805825	-6.387506892238859e-13
20.6680675683528	-6.041727963806009e-13
20.69564354864735	-5.714669619222421e-13
20.7232195289419	-5.405307711400458e-13
20.75079550923645	-5.112685141453817e-13
20.778371489531	-4.835896540698845e-13
20.80594746982555	-4.574085481507514e-13
20.8335234501201	-4.326441837495977e-13
20.86109943041465	-4.092199285184593e-13
20.8886754107092	-3.870632939664524e-13
20.91625139100375	-3.661057117186616e-13
20.9438273712983	-3.46281639045084e-13
20.97140335159285	-3.275311826150052e-13
20.9989793318874	-3.097955772110807e-13
21.02655531218195	-2.930199160591441e-13
21.0541312924765	-2.771522613135091e-13
21.08170727277105	-2.621434838980937e-13
21.1092832530656	-2.47947111927737e-13
21.13685923336015	-2.345191872575968e-13
21.1644352136547	-2.218181297314904e-13
21.19201119394925	-2.098046087219227e-13
21.2195871742438	-1.984410404731958e-13
21.24716315453835	-1.876930493446133e-13
21.2747391348329	-1.775269414660045e-13
21.30231511512745	-1.679112254929088e-13
21.329891095422	-1.588161135394556e-13
21.35746707571655	-1.502134292360807e-13
21.3850430560111	-1.420765207168809e-13
21.41261903630565	-1.343801782764964e-13
21.4401950166002	-1.271005564496535e-13
21.46777099689475	-1.202151002791267e-13
21.4953469771893	-1.137022500818313e-13
21.52292295748385	-1.075423077714896e-13
21.5504989377784	-1.017159449100536e-13
21.57807491807295	-9.620510338099617e-14
21.6056508983675	-9.099270215810112e-14
21.63322687866205	-8.606258455331275e-14
21.6608028589566	-8.13994682939832e-14
21.68837883925115	-7.698889828003954e-14
21.7159548195457	-7.281720187926643e-14
21.74353079984025	-6.887144662619071e-14
21.7711067801348	-6.513926306682557e-14
21.79868276042935	-6.160937411513874e-14
21.8262587407239	-5.827068916724854e-14
21.85383472101845	-5.51128546495703e-14
21.881410701313	-5.212607736038994e-14
21.90898668160755	-4.930109420911813e-14
21.9365626619021	-4.662914357826903e-14
21.96413864219665	-4.410193822259866e-14
21.9917146224912	-4.17116396241789e-14
22.01929060278575	-3.945083372631798e-14
22.0468665830803	-3.731243960841331e-14
22.07444256337485	-3.528997036966598e-14
22.1020185436694	-3.337707947917792e-14
22.12959452396395	-3.156783188178881e-14
22.1571705042585	-2.985661383014613e-14
22.18474648455305	-2.823811552989674e-14
22.2123224648476	-2.670731471558099e-14
22.23989844514215	-2.525946110820483e-14
22.2674744254367	-2.389006170793699e-14
22.29505040573125	-2.259486687774144e-14
22.3226263860258	-2.136981072799384e-14
22.35020236632035	-2.021119078843083e-14
22.3777783466149	-1.911536151413479e-14
22.40535432690945	-1.807892110083266e-14
22.432930307204	-1.709865196012666e-14
22.46050628749855	-1.617151076660957e-14
22.4880822677931	-1.52946190388972e-14
22.51565824808765	-1.446525422643556e-14
22.5432342283822	-1.368084127536741e-14
22.57081020867675	-1.293894464810378e-14
22.5983861889713	-1.223723659582758e-14
22.62596216926585	-1.157359003466286e-14
22.6535381495604	-1.094591836025497e-14
22.68111412985495	-1.035227208652176e-14
22.7086901101495	-9.790807322032839e-15
22.73626609044405	-9.259780063856952e-15
22.7638420707386	-8.757540797476697e-15
22.79141805103315	-8.282529386662984e-15
22.8189940313277	-7.83327023800885e-15
22.84657001162225	-7.408367725594989e-15
22.87414599191681	-7.006485966496438e-15
22.90172197221136	-6.626410476604004e-15
22.92929795250591	-6.266943438791616e-15
22.95687393280046	-5.926967787306058e-15
22.98444991309501	-5.605426978811212e-15
23.01202589338956	-5.301321720998242e-15
23.03960187368411	-5.013706876726046e-15
23.06717785397866	-4.741688534444629e-15
23.09475383427321	-4.484421236122321e-15
23.12232981456776	-4.241105354344864e-15
23.14990579486231	-4.010975590327454e-15
23.17748177515686	-3.793335959175686e-15
23.20505775545141	-3.587500266455221e-15
23.23263373574596	-3.392828522182081e-15
23.26020971604051	-3.208715420141393e-15
23.28778569633506	-3.034588462668194e-15
23.31536167662961	-2.86990618605954e-15
23.34293765692416	-2.714156481316472e-15
23.37051363721871	-2.566855005182176e-15
23.39808961751326	-2.427543676698257e-15
23.42566559780781	-2.295783779612486e-15
23.45324157810236	-2.171177264553332e-15
23.48081755839691	-2.053330735646097e-15
23.50839353869146	-1.941877582902242e-15
23.53596951898601	-1.836471069345116e-15
23.56354549928056	-1.736783256352803e-15
23.59112147957511	-1.642503986671455e-15
23.61869745986966	-1.553339922062314e-15
23.64627344016421	-1.469013632698651e-15
23.67384942045876	-1.389262735575228e-15
23.70142540075331	-1.313836474134834e-15
23.72900138104786	-1.242505560675223e-15
23.75657736134241	-1.175045542348717e-15
23.78415334163696	-1.11124638604995e-15
23.81172932193151	-1.050909480667907e-15
23.83930530222606	-9.93846995170685e-16
23.86688128252061	-9.398812892081688e-16
23.89445726281516	-8.88844359436795e-16
23.92203324310971	-8.405773168399979e-16
23.94960922340426	-7.949298926269577e-16
23.97718520369881	-7.51758133260916e-16
24.00476118399336	-7.109315581343134e-16
24.03233716428791	-6.723210879362082e-16
24.05991314458246	-6.358064741755493e-16
24.08748912487701	-6.012739899947021e-16
24.11506510517156	-5.686160773671055e-16
24.14264108546611	-5.377310132288498e-16
24.17021706576066	-5.085225935479012e-16
24.19779304605521	-4.80899834384813e-16
24.22536902634976	-4.547766890466157e-16
24.25294500664431	-4.30070698775193e-16
24.28052098693886	-4.067072145187716e-16
24.30809696723341	-3.846122923554409e-16
24.33567294752796	-3.637170791256671e-16
24.36324892782251	-3.439564569467917e-16
24.39082490811706	-3.252688411019391e-16
24.41840088841161	-3.07595988778305e-16
24.44597686870616	-2.908828180850504e-16
24.47355284900071	-2.750772368102321e-16
24.50112882929526	-2.601299804045642e-16
24.52870480958981	-2.459938053260714e-16
24.55628078988436	-2.326260435594507e-16
24.58385677017891	-2.199843297942748e-16
24.61143275047346	-2.080292474843415e-16
24.63900873076801	-1.967235207744455e-16
24.66658471106256	-1.860319009686901e-16
24.69416069135711	-1.759210641426848e-16
24.72173667165166	-1.663595396230803e-16
24.74931265194621	-1.573179114715562e-16
24.77688863224076	-1.487625772856906e-16
24.80446461253531	-1.40678326286756e-16
24.83204059282986	-1.330311560792312e-16
24.85961657312441	-1.25799430260154e-16
24.88719255341896	-1.189606002111039e-16
24.91476853371351	-1.124933331972472e-16
24.94234451400806	-1.063774517635682e-16
24.96992049430261	-1.005938727994138e-16
24.99749647459716	-9.512454886713581e-17
25.02507245489171	-8.99524123360013e-17
25.05264843518626	-8.506132238356592e-17
25.08022441548081	-8.043237417831052e-17
25.10780039577536	-7.605894929198989e-17
25.13537637606991	-7.192343648523235e-17
25.16295235636446	-6.801285434738899e-17
25.19052833665901	-6.431492360934002e-17
25.21810431695356	-6.081803096217873e-17
25.24568029724811	-5.751119442286987e-17
25.27325627754266	-5.438403023114592e-17
25.30083225783721	-5.14267212529181e-17
25.32840823813176	-4.862998685828662e-17
25.35598421842631	-4.598838007228221e-17
25.38356019872086	-4.348653761282422e-17
25.41113617901541	-4.112013840153642e-17
25.43871215930996	-3.888182793605115e-17
25.46628813960452	-3.676466314301549e-17
25.49386411989907	-3.476208884764848e-17
25.52144010019362	-3.286791570855795e-17
25.54901608048817	-3.10762995253131e-17
25.57659206078272	-2.938172183342526e-17
25.60416804107727	-2.777897170805023e-17
25.63174402137182	-2.625339068525719e-17
25.65932000166637	-2.482112409319587e-17
25.68689598196092	-2.34673573117019e-17
25.71447196225547	-2.218778335854112e-17
25.74204794255002	-2.097832167319245e-17
25.76962392284457	-1.98351090836638e-17
25.79719990313912	-1.875449074424978e-17
25.82477588343367	-1.773301185852752e-17
25.85235186372822	-1.676741489330555e-17
25.87992784402277	-1.585476097473388e-17
25.90750382431732	-1.499306513137798e-17
25.93507980461187	-1.417649792201899e-17
25.96265578490642	-1.340492790075858e-17
25.99023176520097	-1.267531477010461e-17
26.01780774549552	-1.198538709202314e-17
26.04538372579007	-1.133297858085964e-17
26.07295970608462	-1.071604107167242e-17
26.10053568637917	-1.013263994005426e-17
26.12811166667372	-9.580948066991044e-18
26.15568764696827	-9.059239816886353e-18
26.18326362726282	-8.56546062714658e-18
26.21083960755737	-8.098973701910756e-18
26.23841558785192	-7.65787572091e-18
26.26599156814647	-7.240785544824062e-18
26.29356754844102	-6.846397115848515e-18
26.32114352873557	-6.47347539037269e-18
26.34871950903012	-6.120852489153909e-18
26.37629548932467	-5.787424053954441e-18
26.40387146961922	-5.472145799986155e-18
26.43144744991377	-5.17403025395267e-18
26.45902343020832	-4.892128873913198e-18
26.48659941050287	-4.625590322228302e-18
26.51417539079742	-4.373563845852124e-18
26.54175137109197	-4.135259707653466e-18
26.56932735138652	-3.909931119965799e-18
26.59690333168107	-3.696871916047949e-18
26.62447931197562	-3.495414346568899e-18
26.65205529227017	-3.304926994563901e-18
26.67963127256472	-3.124812802633741e-18
26.70720725285927	-2.954507206469849e-18
26.73478323315382	-2.793467617901667e-18
26.76235921344837	-2.641207956137374e-18
26.78993519374292	-2.497241532760648e-18
26.81751117403747	-2.361116866188684e-18
26.84508715433202	-2.232407037149937e-18
26.87266313462657	-2.11070835665606e-18
26.90023911492112	-1.995639105494356e-18
26.92781509521567	-1.886838341494665e-18
26.95539107551022	-1.783964771009822e-18
26.98296705580477	-1.68669568122604e-18
27.01054303609932	-1.594720864269306e-18
27.03811901639387	-1.507762618513411e-18
27.06569499668842	-1.425542694844016e-18
27.09327097698297	-1.347803041181069e-18
27.12084695727752	-1.274299649693276e-18
27.14842293757207	-1.204801794938089e-18
27.17599891786662	-1.13909131291923e-18
27.20357489816117	-1.076961918921894e-18
27.23115087845572	-1.018218562093487e-18
27.25872685875027	-9.626768148429634e-19
27.28630283904482	-9.10159028553389e-19
27.31387881933937	-8.605071145503408e-19
27.34145479963392	-8.135615839700733e-19
27.36903077992847	-7.691802602400136e-19
27.39660676022302	-7.272104544093526e-19
27.42418274051757	-6.875318394809287e-19
27.45175872081212	-6.50016602962937e-19
27.47933470110667	-6.145467673579006e-19
27.50691068140122	-5.810108597838941e-19
27.53448666169577	-5.493034950482319e-19
27.56206264199032	-5.193233437626723e-19
27.58963862228487	-4.909798040201304e-19
27.61721460257942	-4.641820017677983e-19
27.64479058287397	-4.38845687290161e-19
27.67236656316852	-4.148911995519253e-19
27.69994254346307	-3.922432171239343e-19
27.72751852375762	-3.708305224860491e-19
27.75509450405217	-3.505857790074053e-19
27.78267048434672	-3.31445319938801e-19
27.81024646464127	-3.133489487848942e-19
27.83782244493582	-2.962387361086535e-19
27.86539842523037	-2.800630370261981e-19
27.89297440552492	-2.647698851498543e-19
27.92055038581947	-2.503111572979355e-19
27.94812636611402	-2.36641352376771e-19
27.97570234640857	-2.237174490072979e-19
28.00327832670312	-2.114987707990346e-19
28.03085430699767	-1.999468588716027e-19
28.05843028729223	-1.890253512435966e-19
28.08600626758678	-1.786998687274031e-19
28.11358224788133	-1.689373759933278e-19
28.14115822817588	-1.597082660636752e-19
28.16873420847043	-1.509829320334916e-19
28.19631018876498	-1.427338904408261e-19
28.22388616905953	-1.349351569709014e-19
28.25146214935408	-1.275621643765286e-19
28.27903812964863	-1.205916852421146e-19
28.30661410994318	-1.140017590345301e-19
28.33419009023773	-1.077716231322939e-19
28.36176607053228	-1.018816475957296e-19
28.38934205082683	-9.631291535519845e-20
28.41691803112138	-9.104864886102265e-20
28.44449401141593	-8.607186869811882e-20
28.47206999171048	-8.136688587190716e-20
28.49964597200503	-7.691886641139944e-20
28.52722195229958	-7.271378526907107e-20
28.55479793259413	-6.873838244623361e-20
28.58237391288868	-6.498012141244552e-20
28.60994989318323	-6.14271497432459e-20
28.63752587347778	-5.806826187317325e-20
28.66510185377233	-5.489266079294841e-20
28.69267783406688	-5.189076480611674e-20
28.72025381436143	-4.905288714166824e-20
28.74782979465598	-4.637007210626692e-20
28.77540577495053	-4.38338525989435e-20
28.80298175524508	-4.143622355447219e-20
28.83055773553963	-3.916961681353409e-20
28.85813371583418	-3.702687734517774e-20
28.88570969612873	-3.500124075071317e-20
28.91328567642328	-3.308631198164922e-20
28.94086165671783	-3.12759255867873e-20
28.96843763701238	-2.956462128758856e-20
28.99601361730693	-2.794686759147559e-20
29.02358959760148	-2.64175540152734e-20
29.05116557789603	-2.497184902195107e-20
29.07874155819058	-2.360518485810431e-20
29.10631753848513	-2.23132432095937e-20
29.13389351877968	-2.109194163613234e-20
29.16146949907423	-1.993742075225816e-20
29.18904547936878	-1.88460321372861e-20
29.21662145966333	-1.781429460806408e-20
29.24419743995788	-1.68390541036384e-20
29.27177342025243	-1.591726228645104e-20
29.29934940054698	-1.504498355187984e-20
29.32692538084153	-1.422155471571369e-20
29.35450136113608	-1.34428397149981e-20
29.38207734143063	-1.270669378671905e-20
29.40965332172518	-1.201081109293304e-20
29.43722930201973	-1.13529957657286e-20
29.46480528231428	-1.073116867165784e-20
29.49238126260883	-1.014332173575223e-20
29.51995724290338	-9.587684670362941e-21
29.54753322319793	-9.062454463961186e-21
29.57510920349248	-8.565968481642182e-21
29.60268518378703	-8.096654874853194e-21
29.63026116408158	-7.653027661452805e-21
29.65783714437613	-7.233682061277551e-21
29.68541312467068	-6.837290078168855e-21
29.71298910496523	-6.462596317662923e-21
29.74056508525978	-6.108414029061225e-21
29.76814106555433	-5.773598223120575e-21
29.79571704584888	-5.457137829619696e-21
29.82329302614343	-5.158005568519131e-21
29.85086900643798	-4.875253361984188e-21
29.87844498673253	-4.607984953753472e-21
29.90602096702708	-4.355353088629005e-21
29.93359694732163	-4.116556843450793e-21
29.96117292761618	-3.890839101698801e-21
29.98874890791073	-3.677484164235872e-21
30.01632488820528	-3.475815489063614e-21
30.04390086849983	-3.285179913220924e-21
30.07147684879438	-3.105002060710138e-21
30.09905282908893	-2.934695855303653e-21
30.12662880938348	-2.773720880071817e-21
30.15420478967803	-2.621566273836819e-21
30.18178076997258	-2.477749121584323e-21
30.20935675026713	-2.341812931395935e-21
30.23693273056168	-2.213326193402043e-21
30.26450871085623	-2.091881016470709e-21
30.29208469115078	-1.977091838556096e-21
30.31966067144533	-1.868586263437824e-21
30.34723665173988	-1.766036769327565e-21
30.37481263203443	-1.66910920071223e-21
30.40238861232898	-1.577495610754468e-21
30.42996459262353	-1.490904903715957e-21
30.45754057291808	-1.409061916826127e-21
30.48511655321263	-1.331706551516314e-21
30.51269253350718	-1.258592951451835e-21
30.54026851380173	-1.189488724917728e-21
30.56784449409628	-1.124174209232434e-21
30.59542047439083	-1.062437150196274e-21
30.62299645468539	-1.004091177012637e-21
30.65057243497994	-9.489458265729011e-22
30.67814841527449	-8.968256768029416e-22
30.70572439556904	-8.475649102729362e-22
30.73330037586359	-8.010067906487204e-22
30.76087635615814	-7.570031672973766e-22
30.78845233645269	-7.154140065836282e-22
30.81602831674724	-6.761069484637132e-22
30.84360429704179	-6.389568870507914e-22
30.87118027733634	-6.038428609588329e-22
30.89875625763089	-5.706588991835132e-22
30.92633223792544	-5.392964553547133e-22
30.95390821821999	-5.096556333833203e-22
30.98148419851454	-4.816420100565391e-22
31.00906017880909	-4.551663367027435e-22
31.03663615910364	-4.301442570092334e-22
31.06421213939819	-4.064960402723604e-22
31.09178811969274	-3.841463295729499e-22
31.11936409998729	-3.630239049523233e-22
31.14694008028184	-3.430601501387511e-22
31.17451606057639	-3.241945853387058e-22
31.20209204087094	-3.063666151698327e-22
31.22966802116549	-2.895072409897078e-22
31.25724400146004	-2.735871730942593e-22
31.28481998175459	-2.585380034171845e-22
31.31239596204914	-2.443152817870571e-22
31.33997194234369	-2.308738935861372e-22
31.36754792263824	-2.181710122812017e-22
31.39512390293279	-2.06166122757224e-22
31.42269988322734	-1.94820037078868e-22
31.45027586352189	-1.840984330497721e-22
31.47785184381644	-1.739661512002757e-22
31.50542782411099	-1.64390830900771e-22
31.53300380440554	-1.55341886005532e-22
31.56057978470009	-1.467904082145907e-22
31.58815576499464	-1.387090755225645e-22
31.61573174528919	-1.310720655493444e-22
31.64330772558374	-1.238549735245248e-22
31.67088370587829	-1.170347346946695e-22
31.69845968617284	-1.10589550927473e-22
31.72603566646739	-1.044988212949221e-22
31.75361164676194	-9.874307642677385e-23
31.78118762705649	-9.330391643524205e-23
31.80876360735104	-8.816395222130518e-23
31.83633958764559	-8.330674998237096e-23
31.86391556794014	-7.871677875004568e-23
31.89149154823469	-7.437936079542319e-23
31.91906752852924	-7.028062474762478e-23
31.94664350882379	-6.640746127926612e-23
31.97421948911834	-6.274748122011593e-23
32.00179546941289	-5.928897596744934e-23
32.02937144970744	-5.602088006848901e-23
32.05694743000199	-5.293273585689186e-23
32.08452341029654	-5.00146600314792e-23
32.11209939059109	-4.725731207134425e-23
32.13967537088564	-4.465186438710807e-23
32.16725135118019	-4.21899741134532e-23
32.19482733147474	-3.986375645314718e-23
32.22240331176929	-3.766575948759446e-23
