0
1000	105.6583745	100000000000000.1
5	0	0	1
5	0	0	0
4.673998997513734	0.0086513728445808
4.701574977808284	0.008636990623525598
4.729150958102834	0.008620549444399654
4.756726938397384	0.008602325268633313
4.784302918691934	0.008582555758302456
4.811878898986484	0.008561439416687371
4.839454879281035	0.008539188218921578
4.867030859575585	0.008515996913649253
4.894606839870135	0.008491881804391699
4.922182820164685	0.008467011051500835
4.949758800459235	0.008441474377074175
4.977334780753785	0.00841539683664386
5.004910761048335	0.008388916905044444
5.032486741342885	0.008361828963067417
5.060062721637435	0.00833433040241729
5.087638701931986	0.008306476956772816
5.115214682226536	0.008278307406361065
5.142790662521086	0.008249856903513252
5.170366642815636	0.008221132735668237
5.197942623110186	0.008192210991115594
5.225518603404736	0.00816314499906394
5.253094583699286	0.008133842556323531
5.280670563993836	0.008104380596191747
5.308246544288386	0.008074773667612339
5.335822524582936	0.008045268050430345
5.363398504877487	0.008015424296261392
5.390974485172037	0.00798542371911095
5.418550465466587	0.007955324082707495
5.446126445761137	0.007925129436048993
5.473702426055687	0.007894866985321519
5.501278406350237	0.007864518600943882
5.528854386644787	0.007834142866000185
5.556430366939337	0.007803758578422507
5.584006347233887	0.007773307375588078
5.611582327528438	0.007742831059055938
5.639158307822988	0.007712337590865511
5.666734288117538	0.007681834285165535
5.694310268412088	0.007651326130923715
5.721886248706638	0.007620846087743573
5.749462229001188	0.007590352328478348
5.777038209295738	0.007559878944179737
5.804614189590288	0.007529428435383544
5.832190169884838	0.007498994126947344
5.859766150179389	0.007468608479259535
5.887342130473939	0.007438309820352628
5.914918110768489	0.007407992238780138
5.942494091063039	0.007377713761734486
5.970070071357589	0.007347477536846956
5.997646051652139	0.007317287728397648
6.025222031946689	0.007287145522248214
6.052798012241239	0.007257048628836252
6.080373992535789	0.007227043253702476
6.107949972830339	0.007197058067040731
6.13552595312489	0.007167140713763228
6.16310193341944	0.007137258981084337
6.19067791371399	0.007107471289044894
6.21825389400854	0.007077750813341837
6.24582987430309	0.007048096252620427
6.27340585459764	0.00701850905284946
6.30098183489219	0.006988990114818404
6.32855781518674	0.006959540536984612
6.35613379548129	0.006930159042026346
6.383709775775841	0.006900845695047126
6.411285756070391	0.006871443809091709
6.438861736364941	0.006842443792850757
6.466437716659491	0.006813337785274231
6.494013696954041	0.006784303759446352
6.521589677248591	0.006755335396992
6.549165657543141	0.006726440958598374
6.576741637837691	0.006697613910224548
6.604317618132241	0.006668853852894768
6.631893598426791	0.006640161373151228
6.659469578721342	0.006611536313688825
6.687045559015892	0.00658297711739662
6.714621539310442	0.006554484337893772
6.742197519604992	0.006526046103822394
6.769773499899542	0.006497703327412425
6.797349480194092	0.006469401374477773
6.824925460488642	0.006441165983410997
6.852501440783192	0.006412991447670254
6.880077421077742	0.006384883430237652
6.907653401372293	0.006356835853064994
6.935229381666843	0.006328848691663642
6.962805361961393	0.006300922516554829
6.990381342255943	0.006273056054290445
7.017957322550493	0.006245249316308704
7.045533302845043	0.006217500052476968
7.073109283139593	0.006189787008834048
7.100685263434143	0.006162193103523859
7.128261243728693	0.0061346149140359
7.155837224023244	0.006107096598618209
7.183413204317794	0.006079631282420662
7.210989184612344	0.006052226927523857
7.238565164906894	0.006024875687423857
7.266141145201444	0.005997578682015863
7.293717125495994	0.005970335987489839
7.321293105790544	0.005943146336771896
7.348869086085094	0.005916008783383922
7.376445066379644	0.005888920676673833
7.404021046674194	0.005861929069764364
7.431597026968745	0.005834918758533178
7.459173007263295	0.005807985155708714
7.486748987557845	0.005781099494021743
7.514324967852395	0.005754269497800216
7.541900948146945	0.005727487029933882
7.569476928441495	0.005700754006656846
7.597052908736045	0.005674069150720569
7.624628889030595	0.005647431902223942
7.652204869325145	0.005620841690317199
7.679780849619696	0.005594297368160971
7.707356829914246	0.005567780925524794
7.734932810208796	0.005541357594392743
7.762508790503346	0.005514950164254806
7.790084770797896	0.00548858908846325
7.817660751092446	0.00546227122943411
7.845236731386996	0.005436001151982703
7.872812711681546	0.005409773787486522
7.900388691976096	0.005383589677318309
7.927964672270646	0.005357448354883504
7.955540652565197	0.00533134924870318
7.983116632859747	0.005305291054220678
8.010692613154298	0.005279253945271538
8.038268593448848	0.005253315696008017
8.065844573743398	0.005227380108439744
8.093420554037948	0.005201487897069804
8.120996534332498	0.005175633533659539
8.148572514627048	0.005149823725134523
8.176148494921598	0.005124053791168391
8.203724475216148	0.005098323534930696
8.231300455510699	0.005072632585707178
8.258876435805249	0.005046980539953161
8.286452416099799	0.005021367193275314
8.314028396394349	0.004995792240856664
8.341604376688899	0.004970255482002376
8.369180356983449	0.004944756498640266
8.396756337277999	0.004919294821920831
8.424332317572549	0.004893870866811791
8.451908297867099	0.004868483942328121
8.47948427816165	0.004843133800955008
8.5070602584562	0.004817820201983832
8.53463623875075	0.004792543064124477
8.5622122190453	0.004767301926926465
8.58978819933985	0.004742096645110143
8.6173641796344	0.004716927001506537
8.64494015992895	0.004691792829309286
8.6725161402235	0.004666693816409155
8.70009212051805	0.004641629831244166
8.7276681008126	0.004616600663759862
8.755244081107151	0.004591606137721786
8.782820061401701	0.00456664604980201
8.810396041696251	0.004541720226365143
8.837972021990801	0.004516828523055353
8.865548002285351	0.004491970849007263
8.893123982579901	0.004467146860180022
8.920699962874451	0.004442356475868024
8.948275943169001	0.004417599545525726
8.975851923463551	0.004392875881950011
9.003427903758102	0.004368185378733473
9.031003884052652	0.004343527912159008
9.058579864347202	0.004318903370249873
9.086155844641752	0.004294311631376242
9.113731824936302	0.004269752562185741
9.141307805230852	0.004245226032944032
9.168883785525402	0.004220732139122467
9.196459765819952	0.004196270515210506
9.224035746114502	0.004171841131325636
9.251611726409052	0.004147443870171741
9.279187706703603	0.004123078694616202
9.306763686998153	0.004098745516855172
9.334339667292703	0.004074444290519461
9.361915647587253	0.004050174925814339
9.389491627881803	0.00402593737825009
9.417067608176353	0.004001731638387687
9.444643588470903	0.003977557624643388
9.472219568765453	0.003953415427650799
9.499795549060003	0.003929304816644326
9.527371529354554	0.003905225766451426
9.554947509649104	0.003881178307683262
9.582523489943654	0.003857162423933174
9.610099470238204	0.003833178104736914
9.637675450532754	0.00380922534552248
9.665251430827304	0.003785304146565351
9.692827411121854	0.00376141450758275
9.720403391416404	0.003737556401540767
9.747979371710954	0.003713729892109614
9.775555352005505	0.003689935229500002
9.803131332300055	0.003666172089260898
9.830707312594605	0.003642440648660659
9.858283292889155	0.003618740953944397
9.885859273183705	0.003595073057925702
9.913435253478255	0.003571437020025217
9.941011233772805	0.003547832906318523
9.968587214067355	0.003524260789594178
9.996163194361905	0.003500720749418661
10.02373917465646	0.00347721287221099
10.05131515495101	0.003453737389465245
10.07889113524556	0.003430294031407048
10.10646711554011	0.003406883156310372
10.13404309583466	0.003383504905207159
10.16161907612921	0.003360159364450868
10.18919505642376	0.003336846658869235
10.21677103671831	0.003313566926118016
10.24434701701286	0.003290320312421166
10.27192299730741	0.003267106971850545
10.29949897760196	0.003243927066373445
10.32707495789651	0.003220780899776003
10.35465093819106	0.003197668328427539
10.38222691848561	0.00317458975034872
10.40980289878016	0.003151545316245323
10.43737887907471	0.003128535227780482
10.46495485936926	0.003105559745138142
10.49253083966381	0.003082619082668754
10.52010681995836	0.003059713457025491
10.54768280025291	0.003036843114508178
10.57525878054746	0.00301400829809751
10.60283476084201	0.002991209375112417
10.63041074113656	0.002968446343903333
10.65798672143111	0.002945719666617263
10.68556270172566	0.002923029603366857
10.71313868202021	0.00290037643955994
10.74071466231476	0.002877760472846169
10.76829064260931	0.002855182052616779
10.79586662290386	0.002832641495477461
10.82344260319841	0.002810139152682644
10.85101858349296	0.002787675372565596
10.87859456378751	0.002765250564521899
10.90617054408206	0.002742864956982078
10.93374652437661	0.002720519036934141
10.96132250467116	0.002698213185633739
10.98889848496571	0.002675947800984681
11.01647446526026	0.002653723294914864
11.04405044555481	0.002631540093782559
11.07162642584936	0.002609398663215035
11.09920240614391	0.002587299428297503
11.12677838643846	0.002565242891066263
11.15435436673301	0.00254322947291028
11.18193034702756	0.002521259737668471
11.20950632732211	0.002499334166439255
11.23708230761666	0.002477453271551512
11.26465828791121	0.002455617581481742
11.29223426820576	0.002433827643845004
11.31981024850031	0.002412084012115006
11.34738622879486	0.002390387249823085
11.37496220908941	0.00236873795851743
11.40253818938396	0.002347136740953585
11.43011416967851	0.0023255841912809
11.45769014997306	0.002304080959292614
11.48526613026761	0.002282627676277513
11.51284211056216	0.00226122502659221
11.54041809085671	0.002239873663681413
11.56799407115126	0.002218574286775286
11.59557005144581	0.002197327583376399
11.62314603174036	0.002176134291956015
11.65072201203491	0.00215499514356208
11.67829799232946	0.00213391088853402
11.70587397262401	0.002112882292422433
11.73344995291856	0.002091910156947002
11.76102593321311	0.002070995268672667
11.78860191350766	0.002050138461317072
11.81617789380221	0.00202934056014789
11.84375387409676	0.002008602421101917
11.87132985439131	0.001987924903244846
11.89890583468586	0.001967308901673777
11.92648181498041	0.001946755316019638
11.95405779527496	0.001926265055332803
11.98163377556951	0.001905839067708238
12.00920975586406	0.001885478304082987
12.03678573615861	0.001865183739806596
12.06436171645316	0.001844956357909605
12.09193769674771	0.001824797166458384
12.11951367704226	0.001804707180424744
12.14708965733681	0.001784687457898485
12.17466563763136	0.001764739023910535
12.20224161792591	0.001744862966582773
12.22981759822046	0.001725060366628565
12.25739357851501	0.001705332339252436
12.28496955880956	0.001685680000347401
12.31254553910411	0.001666104486765876
12.34012151939866	0.001646606957363632
12.36769749969321	0.001627188573676211
12.39527347998776	0.001607850518426731
12.42284946028231	0.001588593984918909
12.45042544057686	0.001569420197940879
12.47800142087141	0.001550330377786458
12.50557740116597	0.001531325760701368
12.53315338146052	0.001512407600878506
12.56072936175507	0.001493577165200647
12.58830534204962	0.001474835738644748
12.61588132234417	0.001456184606834904
12.64345730263872	0.00143762505729575
12.67103328293327	0.001419158428893374
12.69860926322782	0.001400786015115222
12.72618524352237	0.001382509157148463
12.75376122381692	0.001364329198709197
12.78133720411147	0.001346247486008802
12.80891318440602	0.001328265363521131
12.83648916470057	0.001310384191653083
12.86406514499512	0.001292605356321819
12.89164112528967	0.001274930189643186
12.91921710558422	0.001257360099121121
12.94679308587877	0.00123989644024835
12.97436906617332	0.001222540588384491
13.00194504646787	0.001205293928994176
13.02952102676242	0.001188157830087857
13.05709700705697	0.001171133658738143
13.08467298735152	0.001154222813809795
13.11224896764607	0.001137426625777014
13.13982494794062	0.001120746463208482
13.16740092823517	0.001104183705287478
13.19497690852972	0.001087739657647887
13.22255288882427	0.001071415689783974
13.25012886911882	0.001055213114000334
13.27770484941337	0.001039133236845981
13.30528082970792	0.001023177367679969
13.33285681000247	0.001007346798158944
13.36043279029702	0.000991642785202994
13.38800877059157	0.0009760665883921517
13.41558475088612	0.0009606194332322656
13.44316073118067	0.0009453025339956617
13.47073671147522	0.0009301170905643602
13.49831269176977	0.0009150642587663337
13.52588867206432	0.0009001451874339698
13.55346465235887	0.0008853609871675936
13.58104063265342	0.0008707127664620275
13.60861661294797	0.0008562015461901448
13.63619259324252	0.000841828399931003
13.66376857353707	0.000827594273879116
13.69134455383162	0.0008135001892728458
13.71892053412617	0.0007995470308333253
13.74649651442072	0.0007857357109757923
13.77407249471527	0.0007720670807030368
13.80164847500982	0.0007585419585464219
13.82922445530437	0.0007451611250708432
13.85680043559892	0.0007319253180995139
13.88437641589347	0.0007188352295649949
13.91195239618802	0.0007058915030294677
13.93952837648257	0.0006930947497300746
13.96710435677712	0.0006804455333730953
13.99468033707167	0.0006679443686437207
14.02225631736622	0.0006555917290028588
14.04983229766077	0.0006433880220543203
14.07740827795532	0.000631333631774017
14.10498425824987	0.000619428870106437
14.13256023854442	0.0006076740202636953
14.16013621883897	0.000596069295558865
14.18771219913352	0.0005846148684194505
14.21528817942807	0.0005733108395514203
14.24286415972262	0.0005621573070596475
14.27044014001717	0.0005511542604276802
14.29801612031172	0.0005403016861237899
14.32559210060627	0.0005295994616173659
14.35316808090082	0.0005190474812532425
14.38074406119537	0.0005086455072494634
14.40832004148992	0.0004983933370031586
14.43589602178447	0.0004882906326619716
14.46347200207902	0.0004783370716481757
14.49104798237357	0.0004685322164416022
14.51862396266812	0.0004588756488083752
14.54619994296267	0.0004493668475291015
14.57377592325722	0.0004400052538840037
14.60135190355177	0.0004307902680051472
14.62892788384632	0.000421721243025733
14.65650386414087	0.0004127974696503763
14.68407984443542	0.0004040182096067755
14.71165582472997	0.0003953826682654202
14.73923180502452	0.0003868899973433714
14.76680778531907	0.0003785393104503998
14.79438376561362	0.0003703296967954466
14.82195974590817	0.0003622601837281339
14.84953572620272	0.0003543297640278251
14.87711170649727	0.0003465373981258315
14.90468768679182	0.0003388819779071207
14.93226366708637	0.0003313624045594601
14.95983964738092	0.0003239775037003478
14.98741562767547	0.0003167260965568889
15.01499160797002	0.0003096069516401955
15.04256758826457	0.0003026188074040835
15.07014356855912	0.0002957603931531664
15.09771954885368	0.0002890303770262384
15.12529552914823	0.0002824274402144397
15.15287150944278	0.0002759501979547158
15.18044748973733	0.0002695972650779846
15.20802347003188	0.0002633672358946001
15.23559945032643	0.0002572586641871936
15.26317543062098	0.0002512701142127936
15.29075141091553	0.0002454001028887357
15.31832739121008	0.0002396471294138631
15.34590337150463	0.0002340097248517489
15.37347935179918	0.0002284863458305189
15.40105533209373	0.0002230754794778557
15.42863131238828	0.0002177755874323184
15.45620729268283	0.0002125851004707078
15.48378327297738	0.0002075024945920725
15.51135925327193	0.0002025261911552579
15.53893523356648	0.000197654609933723
15.56651121386103	0.0001928862039650567
15.59408719415558	0.0001882193740270068
15.62166317445013	0.0001836525637631307
15.64923915474468	0.0001791841941341323
15.67681513503923	0.0001748126761532825
15.70439111533378	0.0001705364509353872
15.73196709562833	0.0001663539453921791
15.75954307592288	0.0001622635796240734
15.78711905621743	0.0001582638105397133
15.81469503651198	0.0001543530705413866
15.84227101680653	0.0001505298188771243
15.86984699710108	0.0001467925033849973
15.89742297739563	0.0001431396067040393
15.92499895769018	0.0001395696007164524
15.95257493798473	0.0001360809699970318
15.98015091827928	0.0001326722175383437
16.00772689857383	0.000129341854832008
16.03530287886838	0.0001260883992768065
16.06287885916293	0.0001229103937736953
16.09045483945748	0.0001198063878479151
16.11803081975203	0.0001167749386158127
16.14560680004658	0.0001138146267441461
16.17318278034113	0.0001109240552227641
16.20075876063568	0.0001081018261733099
16.22833474093023	0.0001053465626952282
16.25591072122478	0.0001026569154210201
16.28348670151933	0.0001000315339233178
16.31106268181388	9.746909491503986e-05
16.33863866210843	9.496830011522658e-05
16.36621464240298	9.25278509349817e-05
16.39379062269753	9.014647784914624e-05
16.42136660299208	8.782292533924812e-05
16.44894258328663	8.555596582713908e-05
16.47651856358118	8.334437591477853e-05
16.50409454387573	8.118695707234559e-05
16.53167052417028	7.908253227116051e-05
16.55924650446483	7.702993700849819e-05
16.58682248475938	7.502802789269252e-05
16.61439846505393	7.30756867343325e-05
16.64197444534848	7.11718025862372e-05
16.66955042564303	6.931528919015824e-05
16.69712640593758	6.750507827140621e-05
16.72470238623213	6.574012011302474e-05
16.75227836652668	6.401938964531238e-05
16.77985434682123	6.234187002577429e-05
16.80743032711578	6.070656726933414e-05
16.83500630741033	5.911250759620989e-05
16.86258228770488	5.755873291887163e-05
16.89015826799943	5.604430316213151e-05
16.91773424829398	5.456830047973588e-05
16.94531022858853	5.312981922701766e-05
16.97288620888308	5.172797113622692e-05
17.00046218917763	5.03618909507754e-05
17.02803816947218	4.903073121136579e-05
17.05561414976673	4.773365280126619e-05
17.08319013006128	4.646984137460207e-05
17.11076611035583	4.523849792631697e-05
17.13834209065038	4.403883702263733e-05
17.16591807094493	4.287008853625201e-05
17.19349405123948	4.173150948753727e-05
17.22107003153403	4.062236022678677e-05
17.24864601182858	3.954191923652669e-05
17.27622199212313	3.848948325441105e-05
17.30379797241768	3.746437015489451e-05
17.33137395271223	3.646590178753102e-05
17.35894993300678	3.549341585972288e-05
17.38652591330133	3.454627522200964e-05
17.41410189359588	3.3623846388678e-05
17.44167787389043	3.272551177602276e-05
17.46925385418498	3.185067046668539e-05
17.49682983447953	3.099873740866408e-05
17.52440581477408	3.016913525192391e-05
17.55198179506863	2.936129800266534e-05
17.57955777536318	2.857468447475928e-05
17.60713375565773	2.780875596886332e-05
17.63470973595228	2.706298696783518e-05
17.66228571624683	2.633686675740131e-05
17.68986169654139	2.562989716112588e-05
17.71743767683594	2.494158921486006e-05
17.74501365713049	2.427146467829751e-05
17.77258963742504	2.361906231892848e-05
17.80016561771959	2.298392668810847e-05
17.82774159801414	2.236561247908526e-05
17.85531757830869	2.176369185814715e-05
17.88289355860324	2.117774105665118e-05
17.91046953889779	2.060734740462541e-05
17.93804551919234	2.005211023038755e-05
17.96562149948689	1.95116374395065e-05
17.99319747978144	1.898554651476441e-05
18.02077346007599	1.847346335317518e-05
18.04834944037054	1.797502551723653e-05
18.07592542066509	1.748987797638299e-05
18.10350140095964	1.701767327500263e-05
18.13107738125419	1.65580756215958e-05
18.15865336154874	1.611075579726943e-05
18.18622934184329	1.567539252025192e-05
18.21380532213784	1.525167247794494e-05
18.24138130243239	1.48392910246446e-05
18.26895728272694	1.443795081321149e-05
18.29653326302149	1.404736116826457e-05
18.32410924331604	1.366724088274416e-05
18.35168522361059	1.329731316193213e-05
18.37926120390514	1.293730936979969e-05
18.40683718419969	1.258696917192027e-05
18.43441316449424	1.224603746181161e-05
18.46198914478879	1.191426499769791e-05
18.48956512508334	1.159140968056619e-05
18.51714110537789	1.127723576700453e-05
18.54471708567244	1.097151362136663e-05
18.57229306596699	1.067401888916002e-05
18.59986904626154	1.038453279942107e-05
18.62744502655609	1.010284348854788e-05
18.65502100685064	9.828743284828146e-06
18.68259698714519	9.562031192167678e-06
18.71017296743974	9.302510062690421e-06
18.73774894773429	9.049988942570002e-06
18.76532492802884	8.804280266134652e-06
18.79290090832339	8.565203828763889e-06
18.82047688861794	8.332581455370196e-06
18.84805286891249	8.106241822306356e-06
18.87562884920704	7.886015869184214e-06
18.90320482950159	7.671741644867327e-06
18.93078080979614	7.463258368101442e-06
18.95835679009069	7.260412832436211e-06
18.98593277038524	7.063053012315755e-06
19.01350875067979	6.871032333572328e-06
19.04108473097434	6.684207531900867e-06
19.06866071126889	6.502439323997899e-06
19.09623669156344	6.325592329190935e-06
19.12381267185799	6.153533885878972e-06
19.15138865215254	5.986135608211489e-06
19.17896463244709	5.823272663849698e-06
19.20654061274164	5.664822471966099e-06
19.23411659303619	5.510667073871863e-06
19.26169257333074	5.360690836085502e-06
19.28926855362529	5.214780880320081e-06
19.31684453391984	5.072827912924771e-06
19.34442051421439	4.934725579232891e-06
19.37199649450894	4.800370135197305e-06
19.39957247480349	4.669660252074888e-06
19.42714845509804	4.542497965651099e-06
19.45472443539259	4.418787120828569e-06
19.48230041568714	4.298434786836257e-06
19.50987639598169	4.181350923719126e-06
19.53745237627624	4.067446596953089e-06
19.56502835657079	3.956636141488754e-06
19.59260433686534	3.848836208462533e-06
19.62018031715989	3.743964989401115e-06
19.64775629745444	3.641943722063576e-06
19.67533227774899	3.542695285826701e-06
19.70290825804354	3.446144454051392e-06
19.73048423833809	3.352218331907678e-06
19.75806021863264	3.260845852772236e-06
19.78563619892719	3.171958257622864e-06
19.81321217922174	3.085487945291972e-06
19.84078815951629	3.001369700396021e-06
19.86836413981084	2.919539452788092e-06
19.89594012010539	2.839935465206564e-06
19.92351610039994	2.762497458337941e-06
19.95109208069449	2.687166592232104e-06
19.97866806098904	2.613885798175731e-06
20.00624404128359	2.5425993992199e-06
20.03382002157814	2.473253323134568e-06
20.06139600187269	2.405795185985362e-06
20.08897198216724	2.340173605828958e-06
20.11654796246179	2.276338688784488e-06
20.14412394275634	2.214241977260813e-06
20.17169992305089	2.153836273621298e-06
20.19927590334544	2.095075819281073e-06
20.22685188363999	2.037915792287832e-06
20.25442786393454	1.982312739230317e-06
20.2820038442291	1.928224387555175e-06
20.30957982452365	1.875609384962024e-06
20.3371558048182	1.824428169927747e-06
20.36473178511275	1.774641507361106e-06
20.3923077654073	1.726211469220325e-06
20.41988374570185	1.679101140750366e-06
20.4474597259964	1.633274796662493e-06
20.47503570629095	1.588697541872759e-06
20.5026116865855	1.545335295831786e-06
20.53018766688005	1.503155027305281e-06
20.5577636471746	1.462124572534248e-06
20.58533962746915	1.422212585899271e-06
20.6129156077637	1.383388948370823e-06
20.64049158805825	1.34562384510458e-06
20.6680675683528	1.308888446265462e-06
20.69564354864735	1.273154754017396e-06
20.7232195289419	1.238395402370254e-06
20.75079550923645	1.204584152473477e-06
20.778371489531	1.171695026171841e-06
20.80594746982555	1.139702907243995e-06
20.8335234501201	1.108583347118314e-06
20.86109943041465	1.078312430674371e-06
20.8886754107092	1.048867496240153e-06
20.91625139100375	1.020225804828374e-06
20.9438273712983	9.923654753579831e-07
20.97140335159285	9.652652117448602e-07
20.9989793318874	9.389041105923046e-07
21.02655531218195	9.132624699547014e-07
21.0541312924765	8.883204709576186e-07
21.08170727277105	8.640590475970809e-07
21.1092832530656	8.404596523204271e-07
21.13685923336015	8.17504242058175e-07
21.1644352136547	7.951750371105082e-07
21.19201119394925	7.73455437766329e-07
21.2195871742438	7.5232860971273e-07
21.24716315453835	7.317783865278683e-07
21.2747391348329	7.1178904709856e-07
21.30231511512745	6.923451747872171e-07
21.329891095422	6.734321277442302e-07
21.35746707571655	6.550353500388055e-07
21.3850430560111	6.371407557249704e-07
21.41261903630565	6.197346470648207e-07
21.4401950166002	6.028036013672353e-07
21.46777099689475	5.86334822294624e-07
21.4953469771893	5.70315677300349e-07
21.52292295748385	5.547338842242286e-07
21.5504989377784	5.395775071898756e-07
21.57807491807295	5.248348918322193e-07
21.6056508983675	5.104948179652443e-07
21.63322687866205	4.965462995226969e-07
21.6608028589566	4.829786616973044e-07
21.68837883925115	4.69781490173505e-07
21.7159548195457	4.569446297038882e-07
21.74353079984025	4.444583375499069e-07
21.7711067801348	4.323130371991144e-07
21.79868276042935	4.20499412238938e-07
21.8262587407239	4.090084009546163e-07
21.85383472101845	3.978311966082047e-07
21.881410701313	3.869592404320399e-07
21.90898668160755	3.763842051436367e-07
21.9365626619021	3.66098004787482e-07
21.96413864219665	3.560927443756163e-07
21.9917146224912	3.463607313028454e-07
22.01929060278575	3.368945286585068e-07
22.0468665830803	3.276869038891195e-07
22.07444256337485	3.187307851040287e-07
22.1020185436694	3.100193083062746e-07
22.12959452396395	3.015457761177046e-07
22.1571705042585	2.933037097974789e-07
22.18474648455305	2.852867891010366e-07
22.2123224648476	2.774888765433234e-07
22.23989844514215	2.69903981468673e-07
22.2674744254367	2.62526281906232e-07
22.29505040573125	2.553501296851228e-07
22.3226263860258	2.48370035637898e-07
22.35020236632035	2.415806354494701e-07
22.3777783466149	2.349767266556511e-07
22.40535432690945	2.285532365737184e-07
22.432930307204	2.22305251451828e-07
22.46050628749855	2.162279597038428e-07
22.4880822677931	2.10316717784317e-07
22.51565824808765	2.045669870099787e-07
22.5432342283822	1.989743475412121e-07
22.57081020867675	1.935345185729657e-07
22.5983861889713	1.882433383336324e-07
22.62596216926585	1.830967372962128e-07
22.6535381495604	1.780907607944878e-07
22.68111412985495	1.732215847527906e-07
22.7086901101495	1.684854457626397e-07
22.73626609044405	1.638787313838827e-07
22.7638420707386	1.593979108315899e-07
22.79141805103315	1.55039530119804e-07
22.8189940313277	1.50800245834001e-07
22.84657001162225	1.466768159496788e-07
22.87414599191681	1.426660791329968e-07
22.90172197221136	1.387649497114217e-07
22.92929795250591	1.349704359575828e-07
22.95687393280046	1.312796209132482e-07
22.98444991309501	1.276896744502613e-07
23.01202589338956	1.241978440551488e-07
23.03960187368411	1.20801443713601e-07
23.06717785397866	1.174978711491388e-07
23.09475383427321	1.142845866606555e-07
23.12232981456776	1.111591324920141e-07
23.14990579486231	1.081191013358271e-07
23.17748177515686	1.051621628788292e-07
23.20505775545141	1.022860493364984e-07
23.23263373574596	9.948855033921596e-08
23.26020971604051	9.676750932232314e-08
23.28778569633506	9.412085532926206e-08
23.31536167662961	9.154657952340935e-08
23.34293765692416	8.904259281557911e-08
23.37051363721871	8.660708427187325e-08
23.39808961751326	8.423816308184477e-08
23.42566559780781	8.193399298185843e-08
23.45324157810236	7.969281347362233e-08
23.48081755839691	7.751290083757696e-08
23.50839353869146	7.539257966067162e-08
23.53596951898601	7.33302226105269e-08
23.56354549928056	7.132424374487566e-08
23.59112147957511	6.937310527006672e-08
23.61869745986966	6.747530886251231e-08
23.64627344016421	6.562939287316958e-08
23.67384942045876	6.383394498085477e-08
23.70142540075331	6.208758230801792e-08
23.72900138104786	6.038896695724448e-08
23.75657736134241	5.873679482704728e-08
23.78415334163696	5.712979111454427e-08
23.81172932193151	5.556672286339043e-08
23.83930530222606	5.404639395579531e-08
23.86688128252061	5.256763266814787e-08
23.89445726281516	5.112930071788191e-08
23.92203324310971	4.973029569765314e-08
23.94960922340426	4.836954749093443e-08
23.97718520369881	4.704600457123319e-08
24.00476118399336	4.575864949462019e-08
24.03233716428791	4.45064988929761e-08
24.05991314458246	4.328858791296863e-08
24.08748912487701	4.210397824297298e-08
24.11506510517156	4.095176033604532e-08
24.14264108546611	3.983105199310518e-08
24.17021706576066	3.874098866456357e-08
24.19779304605521	3.76807329121902e-08
24.22536902634976	3.664947378888597e-08
24.25294500664431	3.564641319235583e-08
24.28052098693886	3.467078473998182e-08
24.30809696723341	3.372183880050403e-08
24.33567294752796	3.27988433897535e-08
24.36324892782251	3.19010900661555e-08
24.39082490811706	3.102788857317873e-08
24.41840088841161	3.017856814474234e-08
24.44597686870616	2.935247486384973e-08
24.47355284900071	2.85489722036111e-08
24.50112882929526	2.776744890532385e-08
24.52870480958981	2.700729986465385e-08
24.55628078988436	2.626793909893577e-08
24.58385677017891	2.554880312519871e-08
24.61143275047346	2.484933667828789e-08
24.63900873076801	2.416900061630459e-08
24.66658471106256	2.350727261797828e-08
24.69416069135711	2.286364512406797e-08
24.72173667165166	2.223762287532716e-08
24.74931265194621	2.162871855627055e-08
24.77688863224076	2.103647568224453e-08
24.80446461253531	2.046043284486294e-08
24.83204059282986	1.990014706854933e-08
24.85961657312441	1.935518304596186e-08
24.88719255341896	1.882513058621397e-08
24.91476853371351	1.830957700774151e-08
24.94234451400806	1.780812639772278e-08
24.96992049430261	1.732039321424925e-08
24.99749647459716	1.68460034918403e-08
25.02507245489171	1.638459044853558e-08
25.05264843518626	1.593579935692399e-08
25.08022441548081	1.549928731075106e-08
25.10780039577536	1.507471699014281e-08
25.13537637606991	1.466176191168982e-08
25.16295235636446	1.426010437299061e-08
25.19052833665901	1.386943611249455e-08
25.21810431695356	1.348945603635043e-08
25.24568029724811	1.311987247328677e-08
25.27325627754266	1.276040052272921e-08
25.30083225783721	1.241076293053504e-08
25.32840823813176	1.207069180996988e-08
25.35598421842631	1.173992602059819e-08
25.38356019872086	1.14182104151763e-08
25.41113617901541	1.110529699990149e-08
25.43871215930996	1.080094596183096e-08
25.46628813960452	1.050492209350732e-08
25.49386411989907	1.021699884986573e-08
25.52144010019362	9.936953888680434e-09
25.54901608048817	9.664572907670193e-09
25.57659206078272	9.399644815692659e-09
25.60416804107727	9.141965896756061e-09
25.63174402137182	8.891338109147812e-09
25.65932000166637	8.647569287480917e-09
25.68689598196092	8.41047153269553e-09
25.71447196225547	8.179861874693213e-09
25.74204794255002	7.955563296353637e-09
25.76962392284457	7.737402940773156e-09
25.79719990313912	7.525212663841223e-09
25.82477588343367	7.318829876775613e-09
25.85235186372822	7.118095933342583e-09
25.87992784402277	6.922854781022843e-09
25.90750382431732	6.732957529559563e-09
25.93507980461187	6.548257287938488e-09
25.96265578490642	6.368612586725121e-09
25.99023176520097	6.19388475977443e-09
26.01780774549552	6.023939265346614e-09
26.04538372579007	5.858645272541945e-09
26.07295970608462	5.697875813210549e-09
26.10053568637917	5.541506246926507e-09
26.12811166667372	5.389417421715225e-09
26.15568764696827	5.241491336867833e-09
26.18326362726282	5.097614669896171e-09
26.21083960755737	4.957676264232479e-09
26.23841558785192	4.821567665306921e-09
26.26599156814647	4.689185684546938e-09
26.29356754844102	4.56042780030451e-09
26.32114352873557	4.435194403706374e-09
26.34871950903012	4.313388745412849e-09
26.37629548932467	4.194918437015211e-09
26.40387146961922	4.079691178484796e-09
26.43144744991377	3.967618439836586e-09
26.45902343020832	3.858614189094288e-09
26.48659941050287	3.752593350003794e-09
26.51417539079742	3.64947595157411e-09
26.54175137109197	3.549181337359116e-09
26.56932735138652	3.451632966198577e-09
26.59690333168107	3.356754875270262e-09
26.62447931197562	3.264474631496855e-09
26.65205529227017	3.174721480236073e-09
26.67963127256472	3.08742592960367e-09
26.70720725285927	3.002520066055869e-09
26.73478323315382	2.919938877229994e-09
26.76235921344837	2.839619465224432e-09
26.78993519374292	2.761499169288967e-09
26.81751117403747	2.685518381111456e-09
26.84508715433202	2.611617387497623e-09
26.87266313462657	2.539740731117264e-09
26.90023911492112	2.4698323416648e-09
26.92781509521567	2.401838283224512e-09
26.95539107551022	2.335705826741561e-09
26.98296705580477	2.271384685284365e-09
27.01054303609932	2.208825315458238e-09
27.03811901639387	2.147978703777731e-09
27.06569499668842	2.088798968930311e-09
27.09327097698297	2.031240041933367e-09
27.12084695727752	1.975257474498965e-09
27.14842293757207	1.920807898429457e-09
27.17599891786662	1.867849851449368e-09
27.20357489816117	1.816342316073081e-09
27.23115087845572	1.766245020651263e-09
27.25872685875027	1.71752053610502e-09
27.28630283904482	1.670130621858073e-09
27.31387881933937	1.624038658059123e-09
27.34145479963392	1.579208871864765e-09
27.36903077992847	1.53560758128855e-09
27.39660676022302	1.493200624814215e-09
27.42418274051757	1.45195500241316e-09
27.45175872081212	1.411839972759545e-09
27.47933470110667	1.372823021144602e-09
27.50691068140122	1.334874897326498e-09
27.53448666169577	1.297966687565411e-09
27.56206264199032	1.26206990858683e-09
27.58963862228487	1.227155582412706e-09
27.61721460257942	1.193198657202773e-09
27.64479058287397	1.16017221936791e-09
27.67236656316852	1.128050126487723e-09
27.69994254346307	1.09680883244263e-09
27.72751852375762	1.066422691312034e-09
27.75509450405217	1.036868955735234e-09
27.78267048434672	1.008125640484341e-09
27.81024646464127	9.801692337395032e-10
27.83782244493582	9.529793725533736e-10
27.86539842523037	9.265346584807212e-10
27.89297440552492	9.008142590928582e-10
27.92055038581947	8.757991143571086e-10
27.94812636611402	8.5146899557784e-10
27.97570234640857	8.278055985085568e-10
28.00327832670312	8.047909950984422e-10
28.03085430699767	7.824066092199556e-10
28.05843028729223	7.606347924235876e-10
28.08600626758678	7.39461959764695e-10
28.11358224788133	7.188684099074001e-10
28.14115822817588	6.988393127216334e-10
28.16873420847043	6.793586825752454e-10
28.19631018876498	6.604124626154309e-10
28.22388616905953	6.419850712320374e-10
28.25146214935408	6.240631555165905e-10
28.27903812964863	6.066321819944717e-10
28.30661410994318	5.896792960654985e-10
28.33419009023773	5.731907241094415e-10
28.36176607053228	5.571544015628208e-10
28.38934205082683	5.415574044154743e-10
28.41691803112138	5.263883450268659e-10
28.44449401141593	5.116347925272436e-10
28.47206999171048	4.972860591092668e-10
28.49964597200503	4.833301946633325e-10
28.52722195229958	4.697584760157795e-10
28.55479793259413	4.565562222538519e-10
28.58237391288868	4.437174233364446e-10
28.60994989318323	4.312299557402244e-10
28.63752587347778	4.190859199499784e-10
28.66510185377233	4.072740151386902e-10
28.69267783406688	3.957859791509872e-10
28.72025381436143	3.846134187830153e-10
28.74782979465598	3.737469291243198e-10
28.77540577495053	3.631785477894001e-10
28.80298175524508	3.528996086502173e-10
28.83055773553963	3.429027785971968e-10
28.85813371583418	3.331800553495858e-10
28.88570969612873	3.237239344025054e-10
28.91328567642328	3.14526919158028e-10
28.94086165671783	3.055824700782915e-10
28.96843763701238	2.968821427223227e-10
28.99601361730693	2.884227820278617e-10
29.02358959760148	2.801942013752923e-10
29.05116557789603	2.721912201787774e-10
29.07874155819058	2.644079278871578e-10
29.10631753848513	2.568379463556463e-10
29.13389351877968	2.494756978403675e-10
29.16146949907423	2.423153109488294e-10
29.18904547936878	2.353513953449685e-10
29.21662145966333	2.285784590695698e-10
29.24419743995788	2.219912925873195e-10
29.27177342025243	2.155848853345796e-10
29.29934940054698	2.093541779319392e-10
29.32692538084153	2.032943872134721e-10
29.35450136113608	1.974008717844037e-10
29.38207734143063	1.916690198433217e-10
29.40965332172518	1.860944678897992e-10
29.43722930201973	1.806727704014275e-10
29.46480528231428	1.753997946296208e-10
29.49238126260883	1.702716102815942e-10
29.51995724290338	1.652841045649633e-10
29.54753322319793	1.604334476578641e-10
29.57510920349248	1.557157498427212e-10
29.60268518378703	1.511276833259622e-10
29.63026116408158	1.466655019000875e-10
29.65783714437613	1.423256793290509e-10
29.68541312467068	1.381049544857959e-10
29.71298910496523	1.340000831781469e-10
29.74056508525978	1.300078806509841e-10
29.76814106555433	1.261252329497966e-10
29.79571704584888	1.223490972536833e-10
29.82329302614343	1.186766945391228e-10
29.85086900643798	1.151050184820906e-10
29.87844498673253	1.116313369944208e-10
29.90602096702708	1.0825302394012e-10
29.93359694732163	1.049674521418027e-10
29.96117292761618	1.017719858458191e-10
29.98874890791073	9.866443267666914e-11
30.01632488820528	9.564208745000273e-11
30.04390086849983	9.270263197514402e-11
30.07147684879438	8.984394283237674e-11
30.09905282908893	8.70636903783651e-11
30.12662880938348	8.435978317027671e-11
30.15420478967803	8.173014124888312e-11
30.18178076997258	7.917267421611696e-11
30.20935675026713	7.668539097940812e-11
30.23693273056168	7.426636168233836e-11
30.26450871085623	7.191388522781398e-11
30.29208469115078	6.962592712133803e-11
30.31966067144533	6.740080336663177e-11
30.34723665173988	6.523676976827469e-11
30.37481263203443	6.313217936551231e-11
30.40238861232898	6.108533507183602e-11
30.42996459262353	5.909479098490338e-11
30.45754057291808	5.715886932062308e-11
30.48511655321263	5.527606423383761e-11
30.51269253350718	5.3445024454352e-11
30.54026851380173	5.166418431515677e-11
30.56784449409628	4.993243189621374e-11
30.59542047439083	4.824814779166805e-11
30.62299645468539	4.661011452821532e-11
30.65057243497994	4.501714916753105e-11
30.67814841527449	4.346790080844322e-11
30.70572439556904	4.196119222911207e-11
30.73330037586359	4.049589568398017e-11
30.76087635615814	3.907085842553963e-11
30.78845233645269	3.768496372915832e-11
30.81602831674724	3.63371270000392e-11
30.84360429704179	3.502634601762344e-11
30.87118027733634	3.375156093026344e-11
30.89875625763089	3.251182033630865e-11
30.92633223792544	3.130612546577471e-11
30.95390821821999	3.013357615024761e-11
30.98148419851454	2.899322426335839e-11
31.00906017880909	2.788421980097946e-11
31.03663615910364	2.680570624616459e-11
31.06421213939819	2.575681575090849e-11
31.09178811969274	2.473673458981027e-11
31.11936409998729	2.374472002380106e-11
31.14694008028184	2.277991984503188e-11
31.17451606057639	2.184169874819518e-11
31.20209204087094	2.092923240152939e-11
31.22966802116549	2.004182815901808e-11
31.25724400146004	1.917885083021781e-11
31.28481998175459	1.833957939588716e-11
31.31239596204914	1.75233431421927e-11
31.33997194234369	1.672960749354551e-11
31.36754792263824	1.595766588481955e-11
31.39512390293279	1.520694048661398e-11
31.42269988322734	1.447685947575436e-11
31.45027586352189	1.376683806974846e-11
31.47785184381644	1.307633839247203e-11
31.50542782411099	1.240482413581679e-11
31.53300380440554	1.175177365750125e-11
31.56057978470009	1.111667973929081e-11
31.58815576499464	1.049904914487822e-11
31.61573174528919	9.898402209887537e-12
31.64330772558374	9.314272455664151e-12
31.67088370587829	8.746206219612444e-12
31.69845968617284	8.193762298546422e-12
31.72603566646739	7.656511603274839e-12
31.75361164676194	7.134036823406315e-12
31.78118762705649	6.625932101750164e-12
31.80876360735104	6.131802717859939e-12
31.83633958764559	5.651264780369642e-12
31.86391556794014	5.183944927827678e-12
31.89149154823469	4.729480037767426e-12
31.91906752852924	4.28751694377323e-12
31.94664350882379	3.857712160316165e-12
31.97421948911834	3.439731615148153e-12
32.00179546941289	3.033250389044262e-12
32.02937144970744	2.637952462696232e-12
32.05694743000199	2.25353047056791e-12
32.08452341029654	1.879685461517775e-12
32.11209939059109	1.51612666601628e-12
32.13967537088564	1.162571269773562e-12
32.16725135118019	8.187441936089027e-13
32.19482733147474	4.843778793941017e-13
32.22240331176929	1.592120819060038e-13
0
1000	105.6583745	100000000000000.1
5	0	0	1
5	0	0	0
4.673998997513734	-5.800045551150631e-06
4.701574977808284	-5.154904232774132e-06
4.729150958102834	-5.421798401678887e-06
4.756726938397384	-5.747803996972589e-06
4.784302918691934	-6.028540920049879e-06
4.811878898986484	-6.2461056938683e-06
4.839454879281035	-6.402826186785612e-06
4.867030859575585	-6.506299891962229e-06
4.894606839870135	-6.564925432349453e-06
4.922182820164685	-6.586466763996627e-06
4.949758800459235	-6.577651397505535e-06
4.977334780753785	-6.544143072296612e-06
5.004910761048335	-6.490644648262959e-06
5.032486741342885	-6.421035902350203e-06
5.060062721637435	-6.338509223393897e-06
5.087638701931986	-6.245690121303291e-06
5.115214682226536	-6.144739381561639e-06
5.142790662521086	-6.037437656599585e-06
5.170366642815636	-5.925254671540622e-06
5.197942623110186	-5.809405507531212e-06
5.225518603404736	-5.690896267850434e-06
5.253094583699286	-5.570561122804065e-06
5.280670563993836	-5.449092396089234e-06
5.308246544288386	-5.327065049054773e-06
5.335822524582936	-5.204956656843583e-06
5.363398504877487	-5.083163753509453e-06
5.390974485172037	-4.962015247621226e-06
5.418550465466587	-4.841783469697016e-06
5.446126445761137	-4.722693159096628e-06
5.473702426055687	-4.604929034097032e-06
5.501278406350237	-4.491292943974031e-06
5.528854386644787	-4.376204837428339e-06
5.556430366939337	-4.262662524349583e-06
5.584006347233887	-4.150798997367888e-06
5.611582327528438	-4.040727078993887e-06
5.639158307822988	-3.932541687685168e-06
5.666734288117538	-3.826321584066884e-06
5.694310268412088	-3.72213092686429e-06
5.721886248706638	-3.620020706303567e-06
5.749462229001188	-3.520030072147168e-06
5.777038209295738	-3.422196630231975e-06
5.804614189590288	-3.32651984717867e-06
5.832190169884838	-3.233020371911807e-06
5.859766150179389	-3.141701534259919e-06
5.887342130473939	-3.052560036451572e-06
5.914918110768489	-2.965586740742442e-06
5.942494091063039	-2.880767385763655e-06
5.970070071357589	-2.798083236316243e-06
5.997646051652139	-2.717511671321888e-06
6.025222031946689	-2.639026714502131e-06
6.052798012241239	-2.562928374014254e-06
6.080373992535789	-2.488478573275877e-06
6.107949972830339	-2.416000592971177e-06
6.13552595312489	-2.345469458448568e-06
6.16310193341944	-2.276855600644391e-06
6.19067791371399	-2.210127617503327e-06
6.21825389400854	-2.145252527333171e-06
6.24582987430309	-2.082195951463992e-06
6.27340585459764	-2.020922296003959e-06
6.30098183489219	-1.961394936890275e-06
6.32855781518674	-1.90346810470681e-06
6.35613379548129	-1.847337798056843e-06
6.383709775775841	-1.792845104341363e-06
6.411285756070391	-1.73994871197282e-06
6.438861736364941	-1.688607306044864e-06
6.466437716659491	-1.638779747382911e-06
6.494013696954041	-1.590425221023916e-06
6.521589677248591	-1.543503358654417e-06
6.549165657543141	-1.497974338862965e-06
6.576741637837691	-1.453798968493947e-06
6.604317618132241	-1.410929774680464e-06
6.631893598426791	-1.369348381586813e-06
6.659469578721342	-1.329007895488564e-06
6.687045559015892	-1.289871796953331e-06
6.714621539310442	-1.251905069993786e-06
6.742197519604992	-1.215072645661633e-06
6.769773499899542	-1.179340905705569e-06
6.797349480194092	-1.144676983579403e-06
6.824925460488642	-1.111048891235529e-06
6.852501440783192	-1.078425515953704e-06
6.880077421077742	-1.04677941509294e-06
6.907653401372293	-1.016075167279033e-06
6.935229381666843	-9.862872987999899e-07
6.962805361961393	-9.573881502871382e-07
6.990381342255943	-9.293508729359492e-07
7.017957322550493	-9.021494100603376e-07
7.045533302845043	-8.757584782861482e-07
7.073109283139593	-8.501535485168179e-07
7.100685263434143	-8.253108267845005e-07
7.128261243728693	-8.012072350828725e-07
7.155837224023244	-7.778191404238725e-07
7.183413204317794	-7.551275304549398e-07
7.210989184612344	-7.331099945736164e-07
7.238565164906894	-7.117461041375065e-07
7.266141145201444	-6.910160533774758e-07
7.293717125495994	-6.709006420438457e-07
7.321293105790544	-6.513812582093781e-07
7.348869086085094	-6.324398612855348e-07
7.376445066379644	-6.140589652974962e-07
7.404021046674194	-5.9622162245415e-07
7.431597026968745	-5.789104337377004e-07
7.459173007263295	-5.621115750579247e-07
7.486748987557845	-5.458085507443859e-07
7.514324967852395	-5.299863884711166e-07
7.541900948146945	-5.146305779090974e-07
7.569476928441495	-4.997270568851536e-07
7.597052908736045	-4.852621977901395e-07
7.624628889030595	-4.712227942666735e-07
7.652204869325145	-4.575960481987733e-07
7.679780849619696	-4.443695570193107e-07
7.707356829914246	-4.31530352490601e-07
7.734932810208796	-4.190688416238865e-07
7.762508790503346	-4.069726756548645e-07
7.790084770797896	-3.952308941254417e-07
7.817660751092446	-3.838328755997617e-07
7.845236731386996	-3.727683270807331e-07
7.872812711681546	-3.620272736495821e-07
7.900388691976096	-3.516000483558285e-07
7.927964672270646	-3.414772823745268e-07
7.955540652565197	-3.31649895439829e-07
7.983116632859747	-3.22109971337884e-07
8.010692613154298	-3.128467615677585e-07
8.038268593448848	-3.038531862789151e-07
8.065844573743398	-2.951211732763684e-07
8.093420554037948	-2.866428333008675e-07
8.120996534332498	-2.784102409975477e-07
8.148572514627048	-2.704132167740131e-07
8.176148494921598	-2.626724479742667e-07
8.203724475216148	-2.551280649327898e-07
8.231300455510699	-2.478096734930424e-07
8.258876435805249	-2.407012358724607e-07
8.286452416099799	-2.338023602249079e-07
8.314028396394349	-2.271032271590538e-07
8.341604376688899	-2.20597952220563e-07
8.369180356983449	-2.142808285705342e-07
8.396756337277999	-2.081463214425172e-07
8.424332317572549	-2.021890627714914e-07
8.451908297867099	-1.964038459916413e-07
8.47948427816165	-1.907856209989911e-07
8.5070602584562	-1.85329489274466e-07
8.53463623875075	-1.800305026240922e-07
8.5622122190453	-1.748845269346674e-07
8.58978819933985	-1.698867844504147e-07
8.6173641796344	-1.650329452405762e-07
8.64494015992895	-1.603188050447972e-07
8.6725161402235	-1.557402837147544e-07
8.70009212051805	-1.512934222213276e-07
8.7276681008126	-1.469743792711633e-07
8.755244081107151	-1.427794278447021e-07
8.782820061401701	-1.3870495176461e-07
8.810396041696251	-1.347474458205236e-07
8.837972021990801	-1.309034996743367e-07
8.865548002285351	-1.271698111968233e-07
8.893123982579901	-1.235431748189406e-07
8.920699962874451	-1.200204800749029e-07
8.948275943169001	-1.165987086902737e-07
8.975851923463551	-1.132749317639294e-07
9.003427903758102	-1.10046307040605e-07
9.031003884052652	-1.06910076270856e-07
9.058579864347202	-1.038635626554014e-07
9.086155844641752	-1.009041838855312e-07
9.113731824936302	-9.802938590821666e-08
9.141307805230852	-9.523673788589763e-08
9.168883785525402	-9.252386507509538e-08
9.196459765819952	-8.988846261134988e-08
9.224035746114502	-8.732829339541784e-08
9.251611726409052	-8.484118604632925e-08
9.279187706703603	-8.242503291903115e-08
9.306763686998153	-8.007778818443198e-08
9.334339667292703	-7.779746596974367e-08
9.361915647587253	-7.558214617742899e-08
9.389491627881803	-7.342994138331948e-08
9.417067608176353	-7.133904294653773e-08
9.444643588470903	-6.930768792031499e-08
9.472219568765453	-6.733416293937237e-08
9.499795549060003	-6.541680768288513e-08
9.527371529354554	-6.355400813571189e-08
9.554947509649104	-6.174419790519761e-08
9.582523489943654	-5.998585621873004e-08
9.610099470238204	-5.827750657202977e-08
9.637675450532754	-5.661771960322534e-08
9.665251430827304	-5.500509456086296e-08
9.692827411121854	-5.343828438984526e-08
9.720403391416404	-5.191597695777382e-08
9.747979371710954	-5.043689821971322e-08
9.775555352005505	-4.899981108934718e-08
9.803131332300055	-4.760351434477902e-08
9.830707312594605	-4.624684156785209e-08
9.858283292889155	-4.492866011590431e-08
9.885859273183705	-4.364787012491023e-08
9.913435253478255	-4.240340628981618e-08
9.941011233772805	-4.119422560741377e-08
9.968587214067355	-4.001932375072782e-08
9.996163194361905	-3.887772263788644e-08
10.02373917465646	-3.776847242363032e-08
10.05131515495101	-3.66906506693123e-08
10.07889113524556	-3.564336153807838e-08
10.10646711554011	-3.46257350144252e-08
10.13404309583466	-3.363692614735632e-08
10.16161907612921	-3.267611431638706e-08
10.18919505642376	-3.174250493696082e-08
10.21677103671831	-3.083531880549669e-08
10.24434701701286	-2.995380664787104e-08
10.27192299730741	-2.909723829618968e-08
10.29949897760196	-2.826490456607022e-08
10.32707495789651	-2.745611664408633e-08
10.35465093819106	-2.667020549363683e-08
10.38222691848561	-2.590652127865538e-08
10.40980289878016	-2.516443280459652e-08
10.43737887907471	-2.444332697615347e-08
10.46495485936926	-2.374261082330207e-08
10.49253083966381	-2.306170045810339e-08
10.52010681995836	-2.240003668952638e-08
10.54768280025291	-2.175707375593663e-08
10.57525878054746	-2.113228152075299e-08
10.60283476084201	-2.052514501865432e-08
10.63041074113656	-1.993516401539192e-08
10.65798672143111	-1.936185258077248e-08
10.68556270172566	-1.880473867439227e-08
10.71313868202021	-1.826336374371779e-08
10.74071466231476	-1.773728739338072e-08
10.76829064260931	-1.722606608704361e-08
10.79586662290386	-1.672928485426563e-08
10.82344260319841	-1.624653539962892e-08
10.85101858349296	-1.577742108246779e-08
10.87859456378751	-1.532155657842087e-08
10.90617054408206	-1.487856755139361e-08
10.93374652437661	-1.44480903355513e-08
10.96132250467116	-1.402977162698356e-08
10.98889848496571	-1.362326818469904e-08
11.01647446526026	-1.322824964846756e-08
11.04405044555481	-1.284438535565538e-08
11.07162642584936	-1.247136394936652e-08
11.09920240614391	-1.21088796886236e-08
11.12677838643846	-1.175663552757958e-08
11.15435436673301	-1.141434286472262e-08
11.18193034702756	-1.108172129985268e-08
11.20950632732211	-1.075849839850515e-08
11.23708230761666	-1.044440946352385e-08
11.26465828791121	-1.013919731350855e-08
11.29223426820576	-9.842610963471746e-09
11.31981024850031	-9.554409978432203e-09
11.34738622879486	-9.274357284608024e-09
11.37496220908941	-9.002223658330287e-09
11.40253818938396	-8.737786377402435e-09
11.43011416967851	-8.480829036430881e-09
11.45769014997306	-8.231141367428476e-09
11.48526613026761	-7.988519065536479e-09
11.51284211056216	-7.752763619715472e-09
11.54041809085671	-7.523682148260014e-09
11.56799407115126	-7.301086968531921e-09
11.59557005144581	-7.084796553515183e-09
11.62314603174036	-6.874633688802424e-09
11.65072201203491	-6.670426453194164e-09
11.67829799232946	-6.472007799221399e-09
11.70587397262401	-6.279215414882403e-09
11.73344995291856	-6.091891589291306e-09
11.76102593321311	-5.909883082125858e-09
11.78860191350766	-5.733040996765008e-09
11.81617789380221	-5.561220657010084e-09
11.84375387409676	-5.394281335688221e-09
11.87132985439131	-5.232086758816081e-09
11.89890583468586	-5.074504052878344e-09
11.92648181498041	-4.921404257216749e-09
11.95405779527496	-4.772662064831215e-09
11.98163377556951	-4.628155718553507e-09
12.00920975586406	-4.487766910142035e-09
12.03678573615861	-4.351380682213748e-09
12.06436171645316	-4.218885332931563e-09
12.09193769674771	-4.090172323368065e-09
12.11951367704226	-3.965136124644737e-09
12.14708965733681	-3.843674387716886e-09
12.17466563763136	-3.725687468525882e-09
12.20224161792591	-3.61107860365751e-09
12.22981759822046	-3.499753766707999e-09
12.25739357851501	-3.391621590175445e-09
12.28496955880956	-3.286593289533886e-09
12.31254553910411	-3.184582589427643e-09
12.34012151939866	-3.085505651925324e-09
12.36769749969321	-2.989281006774694e-09
12.39527347998776	-2.89582941955059e-09
12.42284946028231	-2.80507408828523e-09
12.45042544057686	-2.716940181238501e-09
12.47800142087141	-2.631355038776222e-09
12.50557740116597	-2.548248048057954e-09
12.53315338146052	-2.467550584171545e-09
12.56072936175507	-2.38919595290342e-09
12.58830534204962	-2.313119335098752e-09
12.61588132234417	-2.239257732567109e-09
12.64345730263872	-2.167549915490544e-09
12.67103328293327	-2.097936396224539e-09
12.69860926322782	-2.030359277534142e-09
12.72618524352237	-1.964762358755052e-09
12.75376122381692	-1.90109098650714e-09
12.78133720411147	-1.839292034052278e-09
12.80891318440602	-1.779313856883455e-09
12.83648916470057	-1.721106249550923e-09
12.86406514499512	-1.664620403692305e-09
12.89164112528967	-1.609808867234766e-09
12.91921710558422	-1.556625504738335e-09
12.94679308587877	-1.505025404843942e-09
12.97436906617332	-1.454965064289143e-09
13.00194504646787	-1.406402015421957e-09
13.02952102676242	-1.359295013948045e-09
13.05709700705697	-1.313603949837898e-09
13.08467298735152	-1.269289813937784e-09
13.11224896764607	-1.226314665532397e-09
13.13982494794062	-1.184641600835794e-09
13.16740092823517	-1.144234722387976e-09
13.19497690852972	-1.10505910933522e-09
13.22255288882427	-1.067080794409688e-09
13.25012886911882	-1.030266711973191e-09
13.27770484941337	-9.94584707157893e-10
13.30528082970792	-9.600034853596607e-10
13.33285681000247	-9.264925925429805e-10
13.36043279029702	-8.940223903986959e-10
13.38800877059157	-8.625640322500517e-10
13.41558475088612	-8.320894396899612e-10
13.44316073118067	-8.025712799328352e-10
13.47073671147522	-7.73982943864733e-10
13.49831269176977	-7.462984978845688e-10
13.52588867206432	-7.194927736265015e-10
13.55346465235887	-6.935411805249448e-10
13.58104063265342	-6.684197977532875e-10
13.60861661294797	-6.441053282447637e-10
13.63619259324252	-6.2057508061782e-10
13.66376857353707	-5.978069516945947e-10
13.69134455383162	-5.757794095984431e-10
13.71892053412617	-5.544714774165797e-10
13.74649651442072	-5.338627174140329e-10
13.77407249471527	-5.139331856302064e-10
13.80164847500982	-4.946635409506926e-10
13.82922445530437	-4.76034842794903e-10
13.85680043559892	-4.58028662447778e-10
13.88437641589347	-4.406270391342378e-10
13.91195239618802	-4.238124672657542e-10
13.93952837648257	-4.075678841429792e-10
13.96710435677712	-3.918766581009974e-10
13.99468033707167	-3.767225770837496e-10
14.02225631736622	-3.62089837634198e-10
14.04983229766077	-3.479630116588471e-10
14.07740827795532	-3.343271291665967e-10
14.10498425824987	-3.211675270670262e-10
14.13256023854442	-3.084699337471093e-10
14.16013621883897	-2.962204368393072e-10
14.18771219913352	-2.844054744336206e-10
14.21528817942807	-2.730118266113831e-10
14.24286415972262	-2.62026607287627e-10
14.27044014001717	-2.514372563489531e-10
14.29801612031172	-2.412315320739447e-10
14.32559210060627	-2.313974769276799e-10
14.35316808090082	-2.219235210958685e-10
14.38074406119537	-2.127983073251861e-10
14.40832004148992	-2.040107964958127e-10
14.43589602178447	-1.955502337005508e-10
14.46347200207902	-1.874061421099607e-10
14.49104798237357	-1.795683170336505e-10
14.51862396266812	-1.720268201664916e-10
14.54619994296267	-1.64771974008846e-10
14.57377592325722	-1.577943564502285e-10
14.60135190355177	-1.510847739789859e-10
14.62892788384632	-1.446343451457359e-10
14.65650386414087	-1.384343605907748e-10
14.68407984443542	-1.324763682004166e-10
14.71165582472997	-1.267521462195167e-10
14.73923180502452	-1.212536986255278e-10
14.76680778531907	-1.159732506019976e-10
14.79438376561362	-1.10903244104211e-10
14.82195974590817	-1.060363335101398e-10
14.84953572620272	-1.013653813503121e-10
14.87711170649727	-9.688343973418297e-11
14.90468768679182	-9.25838054194177e-11
14.93226366708637	-8.845992545757906e-11
14.95983964738092	-8.450545344987361e-11
14.98741562767547	-8.071423075711463e-11
15.01499160797002	-7.708028260180384e-11
15.04256758826457	-7.359781421621454e-11
15.07014356855912	-7.0261207033595e-11
15.09771954885368	-6.706501491999688e-11
15.12529552914823	-6.400396044460231e-11
15.15287150944278	-6.107291961291977e-11
15.18044748973733	-5.826696590061075e-11
15.20802347003188	-5.558129382991047e-11
15.23559945032643	-5.301126401845426e-11
15.26317543062098	-5.055238764052345e-11
15.29075141091553	-4.820032290850719e-11
15.31832739121008	-4.59508715860863e-11
15.34590337150463	-4.379997553332202e-11
15.37347935179918	-4.174371328402083e-11
15.40105533209373	-3.977829665591526e-11
15.42863131238828	-3.790005927756487e-11
15.45620729268283	-3.610548673339374e-11
15.48378327297738	-3.439116215013244e-11
15.51135925327193	-3.275379713447611e-11
15.53893523356648	-3.119022013267418e-11
15.56651121386103	-2.969737326043493e-11
15.59408719415558	-2.82723091719241e-11
15.62166317445013	-2.691218796909446e-11
15.64923915474468	-2.561427415259075e-11
15.67681513503923	-2.437593361546584e-11
15.70439111533378	-2.319462525364439e-11
15.73196709562833	-2.206792043899013e-11
15.75954307592288	-2.099346591988321e-11
15.78711905621743	-1.996900390421501e-11
15.81469503651198	-1.899236363495629e-11
15.84227101680653	-1.806145866800555e-11
15.86984699710108	-1.717428419998328e-11
15.89742297739563	-1.63289144468319e-11
15.92499895769018	-1.552350007399875e-11
15.95257493798473	-1.475626567889309e-11
15.98015091827928	-1.402550371583252e-11
16.00772689857383	-1.3329586986581e-11
16.03530287886838	-1.266694348783812e-11
16.06287885916293	-1.203606937301739e-11
16.09045483945748	-1.143552293624195e-11
16.11803081975203	-1.086392242005276e-11
16.14560680004658	-1.031994387741698e-11
16.17318278034113	-9.802319088043764e-12
16.20075876063568	-9.3098335289293e-12
16.22833474093023	-8.84132439896928e-12
16.25591072122478	-8.395676299403824e-12
16.28348670151933	-7.971829267622754e-12
16.31106268181388	-7.568761807451809e-12
16.33863866210843	-7.18549928157725e-12
16.36621464240298	-6.821109694280502e-12
16.39379062269753	-6.474702034255649e-12
16.42136660299208	-6.145424668122565e-12
16.44894258328663	-5.832463783964528e-12
16.47651856358118	-5.535041884168905e-12
16.50409454387573	-5.252416326803291e-12
16.53167052417028	-4.983876396481248e-12
16.55924650446483	-4.728748211664839e-12
16.58682248475938	-4.486383804168348e-12
16.61439846505393	-4.256166283684598e-12
16.64197444534848	-4.037507019008614e-12
16.66955042564303	-3.829844453336637e-12
16.69712640593758	-3.632642961636821e-12
16.72470238623213	-3.445391749115013e-12
16.75227836652668	-3.26760378978558e-12
16.77985434682123	-3.098814804146669e-12
16.80743032711578	-2.938581310348457e-12
16.83500630741033	-2.786483662638359e-12
16.86258228770488	-2.642119035453242e-12
16.89015826799943	-2.505104641717277e-12
16.91773424829398	-2.375075879277997e-12
16.94531022858853	-2.251685522535835e-12
16.97288620888308	-2.134602946019331e-12
17.00046218917763	-2.023513378927469e-12
17.02803816947218	-1.918117189670005e-12
17.05561414976673	-1.818129199447721e-12
17.08319013006128	-1.723277435343948e-12
17.11076611035583	-1.63330493164329e-12
17.13834209065038	-1.547965397951163e-12
17.16591807094493	-1.467025139982484e-12
17.19349405123948	-1.390261886521149e-12
17.22107003153403	-1.317464258248407e-12
17.24864601182858	-1.248431259259483e-12
17.27622199212313	-1.182971790447325e-12
17.30379797241768	-1.120904183951024e-12
17.33137395271223	-1.062055757885662e-12
17.35894993300678	-1.006262024363332e-12
17.38652591330133	-9.533677963223901e-13
17.41410189359588	-9.032244786587953e-13
17.44167787389043	-8.556912534596551e-13
17.46925385418498	-8.106343402556469e-13
17.49682983447953	-7.679266573132658e-13
17.52440581477408	-7.274474982449937e-13
17.55198179506863	-6.890822233189655e-13
17.57955777536318	-6.527219648689961e-13
17.60713375565773	-6.182633462250062e-13
17.63470973595228	-5.856079964693175e-13
17.66228571624683	-5.546631923964076e-13
17.68986169654139	-5.253402387997e-13
17.71743767683594	-4.975551595628095e-13
17.74501365713049	-4.712282478305967e-13
17.77258963742504	-4.462838550528909e-13
17.80016561771959	-4.226501899819078e-13
17.82774159801414	-4.002591271900185e-13
17.85531757830869	-3.790460246905575e-13
17.88289355860324	-3.58949550260051e-13
17.91046953889779	-3.399113832274908e-13
17.93804551919234	-3.218766063243181e-13
17.96562149948689	-3.047927138188545e-13
17.99319747978144	-2.886100341850757e-13
18.02077346007599	-2.732814546629415e-13
18.04834944037054	-2.587622922611021e-13
18.07592542066509	-2.450101710416422e-13
18.10350140095964	-2.319849053983427e-13
18.13107738125419	-2.196483890518148e-13
18.15865336154874	-2.079644894963686e-13
18.18622934184329	-1.96898868745816e-13
18.21380532213784	-1.86419214172656e-13
18.24138130243239	-1.764946476453768e-13
18.26895728272694	-1.670959751621353e-13
18.29653326302149	-1.58195521912955e-13
18.32410924331604	-1.497670545115226e-13
18.35168522361059	-1.417857071050959e-13
18.37926120390514	-1.34227911177385e-13
18.40683718419969	-1.270713288674309e-13
18.43441316449424	-1.20294789635383e-13
18.46198914478879	-1.138781832763422e-13
18.48956512508334	-1.078025964841108e-13
18.51714110537789	-1.020499616444879e-13
18.54471708567244	-9.660320474625685e-14
18.57229306596699	-9.144614718649e-14
18.59986904626154	-8.656345939737817e-14
18.62744502655609	-8.194061682721093e-14
18.65502100685064	-7.756385815988007e-14
18.68259698714519	-7.342014566263577e-14
18.71017296743974	-6.949712755696721e-14
18.73774894773429	-6.578307434936484e-14
18.76532492802884	-6.226696059126001e-14
18.79290090832339	-5.893825541558859e-14
18.82047688861794	-5.578701111497786e-14
18.84805286891249	-5.280380476777126e-14
18.87562884920704	-4.997971081760296e-14
18.90320482950159	-4.730627506382043e-14
18.93078080979614	-4.477548999198649e-14
18.95835679009069	-4.23797713770881e-14
18.98593277038524	-4.011193609532896e-14
19.01350875067979	-3.796516457092209e-14
19.04108473097434	-3.593304911402021e-14
19.06866071126889	-3.400947028349872e-14
19.09623669156344	-3.218864927544807e-14
19.12381267185799	-3.046511352647047e-14
19.15138865215254	-2.883368060416333e-14
19.17896463244709	-2.728944293493995e-14
19.20654061274164	-2.58277533265241e-14
19.23411659303619	-2.44442112445537e-14
19.26169257333074	-2.31346498047336e-14
19.28926855362529	-2.189511371121284e-14
19.31684453391984	-2.072188782325391e-14
19.34442051421439	-1.961142435369027e-14
19.37199649450894	-1.856037382883411e-14
19.39957247480349	-1.756556489037819e-14
19.42714845509804	-1.662399487760684e-14
19.45472443539259	-1.57328209029001e-14
19.48230041568714	-1.488935139510019e-14
19.50987639598169	-1.409103808658477e-14
19.53745237627624	-1.333546842110627e-14
19.56502835657079	-1.262035261377513e-14
19.59260433686534	-1.194354060403502e-14
19.62018031715989	-1.130297914917692e-14
19.64775629745444	-1.069673018782309e-14
19.67533227774899	-1.012295899102095e-14
19.70290825804354	-9.579928677225706e-15
19.73048423833809	-9.065995016257153e-15
19.75806021863264	-8.579601507201561e-15
19.78563619892719	-8.119274715993425e-15
19.81321217922174	-7.683619859139294e-15
19.84078815951629	-7.271313226938935e-15
19.86836413981084	-6.881112257995604e-15
19.89594012010539	-6.511830260232324e-15
19.92351610039994	-6.162347314631018e-15
19.95109208069449	-5.831603333493894e-15
19.97866806098904	-5.518594875089363e-15
20.00624404128359	-5.222372126855339e-15
20.03382002157814	-4.942036048335817e-15
20.06139600187269	-4.676735665479245e-15
20.08897198216724	-4.425665508358518e-15
20.11654796246179	-4.188061191164644e-15
20.14412394275634	-3.963205360082479e-15
20.17169992305089	-3.750412871782458e-15
20.19927590334544	-3.549037226570258e-15
20.22685188363999	-3.358466516848293e-15
20.25442786393454	-3.178121581307764e-15
20.2820038442291	-3.007454257120343e-15
20.30957982452365	-2.845945724973424e-15
20.3371558048182	-2.693104942059662e-15
20.36473178511275	-2.548467158385084e-15
20.3923077654073	-2.411591340820962e-15
20.41988374570185	-2.282063687097397e-15
20.4474597259964	-2.15948893742307e-15
20.47503570629095	-2.043494172043635e-15
20.5026116865855	-1.93372644834926e-15
20.53018766688005	-1.829851733075405e-15
20.5577636471746	-1.731553891339759e-15
20.58533962746915	-1.638533729513682e-15
20.6129156077637	-1.550508089082937e-15
20.64049158805825	-1.467208988800676e-15
20.6680675683528	-1.388382122457139e-15
20.69564354864735	-1.313788944446101e-15
20.7232195289419	-1.243201564238067e-15
20.75079550923645	-1.176404997732864e-15
20.778371489531	-1.113195787774826e-15
20.80594746982555	-1.053381387219541e-15
20.8335234501201	-9.967795749009418e-16
20.86109943041465	-9.43217902756418e-16
20.8886754107092	-8.925331724586603e-16
20.91625139100375	-8.445709399894137e-16
20.9438273712983	-7.991846417232295e-16
20.97140335159285	-7.562368254130333e-16
20.9989793318874	-7.155961611792889e-16
21.02655531218195	-6.771387691333927e-16
21.0541312924765	-6.407474161188448e-16
21.08170727277105	-6.06311159621509e-16
21.1092832530656	-5.737250106437037e-16
21.13685923336015	-5.428896147721351e-16
21.1644352136547	-5.137109499786783e-16
21.19201119394925	-4.861000408731565e-16
21.2195871742438	-4.599724502399798e-16
21.24716315453835	-4.352490066650117e-16
21.2747391348329	-4.118540533503241e-16
21.30231511512745	-3.897162320636149e-16
21.329891095422	-3.687680153084156e-16
21.35746707571655	-3.489455009380216e-16
21.3850430560111	-3.301882177502413e-16
21.41261903630565	-3.124389414793205e-16
21.4401950166002	-2.956435206320598e-16
21.46777099689475	-2.797507116442158e-16
21.4953469771893	-2.647118831823279e-16
21.52292295748385	-2.504814462049217e-16
21.5504989377784	-2.370158281238852e-16
21.57807491807295	-2.242739356809406e-16
21.6056508983675	-2.122168825423445e-16
21.63322687866205	-2.008078709048359e-16
21.6608028589566	-1.900120794366572e-16
21.68837883925115	-1.797965572165434e-16
21.7159548195457	-1.701301233513038e-16
21.74353079984025	-1.609832719694582e-16
21.7711067801348	-1.523280002767042e-16
21.79868276042935	-1.44138062734186e-16
21.8262587407239	-1.363883701561372e-16
21.85383472101845	-1.290552629999673e-16
21.881410701313	-1.221163527733937e-16
21.90898668160755	-1.155504538162759e-16
21.9365626619021	-1.093375187349708e-16
21.96413864219665	-1.034585772946689e-16
21.9917146224912	-9.789567858543957e-17
22.01929060278575	-9.263183628742179e-17
22.0468665830803	-8.765092872510144e-17
22.07444256337485	-8.293784897702222e-17
22.1020185436694	-7.847815305989383e-17
22.12959452396395	-7.425822116360878e-17
22.1571705042585	-7.026516535377572e-17
22.18474648455305	-6.648679027781316e-17
22.2123224648476	-6.291155597589222e-17
22.23989844514215	-5.952854268455267e-17
22.2674744254367	-5.632741752674129e-17
22.29505040573125	-5.329840298762087e-17
22.3226263860258	-5.04322188263441e-17
22.35020236632035	-4.772017070733462e-17
22.3777783466149	-4.515394423935973e-17
22.40535432690945	-4.272570008178083e-17
22.432930307204	-4.042802023465501e-17
22.46050628749855	-3.825388541113966e-17
22.4880822677931	-3.619665362241291e-17
22.51565824808765	-3.425003991046125e-17
22.5432342283822	-3.24080971675015e-17
22.57081020867675	-3.066519798403449e-17
22.5983861889713	-2.901600088965519e-17
22.62596216926585	-2.745550267791168e-17
22.6535381495604	-2.597891783483748e-17
22.68111412985495	-2.458173463185443e-17
22.7086901101495	-2.325968387161039e-17
22.73626609044405	-2.200872586037632e-17
22.7638420707386	-2.082503807872109e-17
22.79141805103315	-1.970500351322315e-17
22.8189940313277	-1.864519961394352e-17
22.84657001162225	-1.764238784424959e-17
22.87414599191681	-1.669349406125039e-17
22.90172197221136	-1.57956394023469e-17
22.92929795250591	-1.494606970223833e-17
22.95687393280046	-1.414218857213493e-17
22.98444991309501	-1.338153921273107e-17
23.01202589338956	-1.266179691487679e-17
23.03960187368411	-1.198076196229176e-17
23.06717785397866	-1.133635291487542e-17
23.09475383427321	-1.072660025229983e-17
23.12232981456776	-1.014964035864293e-17
23.14990579486231	-9.603704118205807e-18
23.17748177515686	-9.087135152818516e-18
23.20505775545141	-8.598348490024065e-18
23.23263373574596	-8.135850076517685e-18
23.26020971604051	-7.698226192734981e-18
23.28778569633506	-7.284139136408101e-18
23.31536167662961	-6.892323137562328e-18
23.34293765692416	-6.521580492606177e-18
23.37051363721871	-6.170777905819086e-18
23.39808961751326	-5.838843027159226e-18
23.42566559780781	-5.524757826819473e-18
23.45324157810236	-5.22756934713162e-18
23.48081755839691	-4.946365522311231e-18
23.50839353869146	-4.68028667262521e-18
23.53596951898601	-4.428519346933032e-18
23.56354549928056	-4.190293838485027e-18
23.59112147957511	-3.964881833934306e-18
23.61869745986966	-3.751594188454894e-18
23.64627344016421	-3.549778820233602e-18
23.67384942045876	-3.358818717959179e-18
23.70142540075331	-3.178128088258534e-18
23.72900138104786	-3.007158707282687e-18
23.75657736134241	-2.84538575366098e-18
23.78415334163696	-2.69231459223738e-18
23.81172932193151	-2.547477188727947e-18
23.83930530222606	-2.410430680130009e-18
23.86688128252061	-2.280756021798297e-18
23.89445726281516	-2.158056707097623e-18
23.92203324310971	-2.041957555757023e-18
23.94960922340426	-1.932103567255721e-18
23.97718520369881	-1.828157682060246e-18
24.00476118399336	-1.729804526755198e-18
24.03233716428791	-1.636742123384451e-18
24.05991314458246	-1.548685885998995e-18
24.08748912487701	-1.465366534508501e-18
24.11506510517156	-1.386529272045402e-18
24.14264108546611	-1.31193300644846e-18
24.17021706576066	-1.241349613511814e-18
24.19779304605521	-1.174563239769742e-18
24.22536902634976	-1.111369642705037e-18
24.25294500664431	-1.051574889175711e-18
24.28052098693886	-9.949975656157181e-19
24.30809696723341	-9.414639227936653e-19
24.33567294752796	-8.908102323555436e-19
24.36324892782251	-8.428815723567485e-19
24.39082490811706	-7.975313539163172e-19
24.41840088841161	-7.546208732586672e-19
24.44597686870616	-7.1401888778834e-19
24.47355284900071	-6.756012149146563e-19
24.50112882929526	-6.392503524110243e-19
24.52870480958981	-6.048547217362071e-19
24.55628078988436	-5.723099718767873e-19
24.58385677017891	-5.415161364330297e-19
24.61143275047346	-5.123790226366161e-19
24.63900873076801	-4.848095043763726e-19
24.66658471106256	-4.587232498480612e-19
24.69416069135711	-4.340404638119129e-19
24.72173667165166	-4.106856436785361e-19
24.74931265194621	-3.885873486850008e-19
24.77688863224076	-3.676779814618323e-19
24.80446461253531	-3.478933480649868e-19
24.83204059282986	-3.291734271923212e-19
24.85961657312441	-3.11460705282349e-19
24.88719255341896	-2.947009953128086e-19
24.91476853371351	-2.788430251844186e-19
24.94234451400806	-2.638382810249826e-19
24.96992049430261	-2.496408588981925e-19
24.99749647459716	-2.362073244687584e-19
25.02507245489171	-2.234965801991425e-19
25.05264843518626	-2.114697396755911e-19
25.08022441548081	-2.000898718237882e-19
25.10780039577536	-1.893224544410291e-19
25.13537637606991	-1.791343994857679e-19
25.16295235636446	-1.69494535464353e-19
25.19052833665901	-1.603733678374428e-19
25.21810431695356	-1.517429888138414e-19
25.24568029724811	-1.435769921063368e-19
25.27325627754266	-1.358503921470327e-19
25.30083225783721	-1.285395476966863e-19
25.32840823813176	-1.216220895409008e-19
25.35598421842631	-1.150767716851226e-19
25.38356019872086	-1.088837390936977e-19
25.41113617901541	-1.030239564707152e-19
25.43871215930996	-9.747949280682089e-20
25.46628813960452	-9.223338178894343e-20
25.49386411989907	-8.726956993632196e-20
25.52144010019362	-8.257286751842601e-20
25.54901608048817	-7.812890210639159e-20
25.57659206078272	-7.392407461740776e-20
25.60416804107727	-6.99455177189125e-20
25.63174402137182	-6.618100919322459e-20
25.65932000166637	-6.261913022014891e-20
25.68689598196092	-5.924893023271622e-20
25.71447196225547	-5.606009499825873e-20
25.74204794255002	-5.304286522868929e-20
25.76962392284457	-5.018800674417978e-20
25.79719990313912	-4.748678223720741e-20
25.82477588343367	-4.493092455162006e-20
25.85235186372822	-4.251261139586611e-20
25.87992784402277	-4.022444141379873e-20
25.90750382431732	-3.805938389931744e-20
25.93507980461187	-3.601087169710485e-20
25.96265578490642	-3.407260557338678e-20
25.99023176520097	-3.223865280871005e-20
26.01780774549552	-3.050339990656472e-20
26.04538372579007	-2.886153542963087e-20
26.07295970608462	-2.73080337566687e-20
26.10053568637917	-2.583813971095766e-20
26.12811166667372	-2.444735401377549e-20
26.15568764696827	-2.313141951885928e-20
26.18326362726282	-2.188629196463989e-20
26.21083960755737	-2.070819474189931e-20
26.23841558785192	-1.959350432406812e-20
26.26599156814647	-1.853880834789912e-20
26.29356754844102	-1.754087807143429e-20
26.32114352873557	-1.659665850069001e-20
26.34871950903012	-1.570325904594059e-20
26.37629548932467	-1.485794467935983e-20
26.40387146961922	-1.405812756726953e-20
26.43144744991377	-1.330135915165167e-20
26.45902343020832	-1.258531307389758e-20
26.48659941050287	-1.190781772110575e-20
26.51417539079742	-1.126678872265923e-20
26.54175137109197	-1.066026343467593e-20
26.56932735138652	-1.008638483099839e-20
26.59690333168107	-9.543395823888889e-21
26.62447931197562	-9.029633889352277e-21
26.65205529227017	-8.543525980847083e-21
26.67963127256472	-8.083583715997937e-21
26.70720725285927	-7.648398821734543e-21
26.73478323315382	-7.236633249582818e-21
26.76235921344837	-6.847038153415728e-21
26.78993519374292	-6.478414667779829e-21
26.81751117403747	-6.129634006878287e-21
26.84508715433202	-5.799628133517748e-21
26.87266313462657	-5.487386492333569e-21
26.90023911492112	-5.191952918242944e-21
26.92781509521567	-4.912422710784922e-21
26.95539107551022	-4.647939865497038e-21
26.98296705580477	-4.397694453945044e-21
27.01054303609932	-4.160916868821525e-21
27.03811901639387	-3.936889024683632e-21
27.06569499668842	-3.724921364070673e-21
27.09327097698297	-3.52436470695447e-21
27.12084695727752	-3.33460481291569e-21
27.14842293757207	-3.155060502191974e-21
27.17599891786662	-2.985181877503612e-21
27.20357489816117	-2.824448641287754e-21
27.23115087845572	-2.672368503253157e-21
27.25872685875027	-2.52847567343518e-21
27.28630283904482	-2.392327502602269e-21
27.31387881933937	-2.263511130415623e-21
27.34145479963392	-2.141629942300317e-21
27.36903077992847	-2.026310600001846e-21
27.39660676022302	-1.917199860227777e-21
27.42418274051757	-1.813963493932278e-21
27.45175872081212	-1.716285263567984e-21
27.47933470110667	-1.623865955216049e-21
27.50691068140122	-1.536422462667677e-21
27.53448666169577	-1.453686920684476e-21
27.56206264199032	-1.375404774036894e-21
27.58963862228487	-1.301338596798349e-21
27.61721460257942	-1.231260307795029e-21
27.64479058287397	-1.164955212153545e-21
27.67236656316852	-1.102220171843568e-21
27.69994254346307	-1.042862984105913e-21
27.72751852375762	-9.867017932215333e-22
27.75509450405217	-9.335645338446693e-22
27.78267048434672	-8.832884042167239e-22
27.81024646464127	-8.357193676660264e-22
27.83782244493582	-7.907110069254552e-22
27.86539842523037	-7.481268648136131e-22
27.89297440552492	-7.078357480630729e-22
27.92055038581947	-6.697141977190152e-22
27.94812636611402	-6.336454011082508e-22
27.97570234640857	-5.995188345147623e-22
28.00327832670312	-5.672299254349472e-22
28.03085430699767	-5.366797357429154e-22
28.05843028729223	-5.077747577470572e-22
28.08600626758678	-4.804259766739692e-22
28.11358224788133	-4.545497556019149e-22
28.14115822817588	-4.300673558228156e-22
28.16873420847043	-4.069033774518012e-22
28.19631018876498	-3.849868290452043e-22
28.22388616905953	-3.642505410700982e-22
28.25146214935408	-3.446309601974612e-22
28.27903812964863	-3.260679542857147e-22
28.30661410994318	-3.08504625523732e-22
28.33419009023773	-2.918870559215482e-22
28.36176607053228	-2.76164673455572e-22
28.38934205082683	-2.612885986964297e-22
28.41691803112138	-2.472139618712029e-22
28.44449401141593	-2.338973414077069e-22
28.47206999171048	-2.212979177173623e-22
28.49964597200503	-2.093770690141668e-22
28.52722195229958	-1.980982530884046e-22
28.55479793259413	-1.874268954215761e-22
28.58237391288868	-1.773302833047585e-22
28.60994989318323	-1.677774656403246e-22
28.63752587347778	-1.587391581237361e-22
28.66510185377233	-1.501874790322454e-22
28.69267783406688	-1.420965801357403e-22
28.72025381436143	-1.344414784987057e-22
28.74782979465598	-1.271987055406177e-22
28.77540577495053	-1.20346057112159e-22
28.80298175524508	-1.138625260738095e-22
28.83055773553963	-1.077282391909487e-22
28.85813371583418	-1.01924399313523e-22
28.88570969612873	-9.643323688076766e-23
28.91328567642328	-9.123799139827484e-23
28.94086165671783	-8.632039558594565e-23
28.96843763701238	-8.166981142862939e-23
28.99601361730693	-7.726964351052884e-23
29.02358959760148	-7.310646370451601e-23
29.05116557789603	-6.916752858562786e-23
29.07874155819058	-6.544076917661551e-23
29.10631753848513	-6.19147618850675e-23
29.13389351877968	-5.857869629357371e-23
29.16146949907423	-5.542234319267584e-23
29.18904547936878	-5.243602377228785e-23
29.21662145966333	-4.961052438374018e-23
29.24419743995788	-4.693730064424392e-23
29.27177342025243	-4.440809293657905e-23
29.29934940054698	-4.201514367468578e-23
29.32692538084153	-3.975111306829632e-23
29.35450136113608	-3.760905664405142e-23
29.38207734143063	-3.558240397233184e-23
29.40965332172518	-3.366493853561575e-23
29.43722930201973	-3.185077867753644e-23
29.46480528231428	-3.013435957500831e-23
29.49238126260883	-2.851038808577263e-23
29.51995724290338	-2.69739427797633e-23
29.54753322319793	-2.552028052450351e-23
29.57510920349248	-2.414494165378749e-23
29.60268518378703	-2.284370670527565e-23
29.63026116408158	-2.161258349589962e-23
29.65783714437613	-2.044779489048541e-23
29.68541312467068	-1.934576722670029e-23
29.71298910496523	-1.830311936135573e-23
29.74056508525978	-1.731665230493134e-23
29.76814106555433	-1.638332337900351e-23
29.79571704584888	-1.550030325526721e-23
29.82329302614343	-1.466486544724664e-23
29.85086900643798	-1.387444633162017e-23
29.87844498673253	-1.312662038044188e-23
29.90602096702708	-1.241909273017113e-23
29.93359694732163	-1.174969214931916e-23
29.96117292761618	-1.111636438352339e-23
29.98874890791073	-1.051716585798069e-23
30.01632488820528	-9.950257718246378e-24
30.04390086849983	-9.413887968686532e-24
30.07147684879438	-8.906435873128519e-24
30.09905282908893	-8.426331787455366e-24
30.12662880938348	-7.972102360080164e-24
30.15420478967803	-7.542354245967597e-24
30.18178076997258	-7.135774879886845e-24
30.20935675026713	-6.75105493596889e-24
30.23693273056168	-6.387129304352013e-24
30.26450871085623	-6.042802529052513e-24
30.29208469115078	-5.717031859001334e-24
30.31966067144533	-5.408816015715672e-24
30.34723665173988	-5.11721362637271e-24
30.37481263203443	-4.8413285267834e-24
30.40238861232898	-4.580313745447036e-24
30.42996459262353	-4.333367950531272e-24
30.45754057291808	-4.099733000700453e-24
30.48511655321263	-3.878691633361204e-24
30.51269253350718	-3.669565291129846e-24
30.54026851380173	-3.47171210241025e-24
30.56784449409628	-3.284525088014113e-24
30.59542047439083	-3.107365384739833e-24
30.62299645468539	-2.939825287827294e-24
30.65057243497994	-2.781311529953453e-24
30.67814841527449	-2.6313409180501e-24
30.70572439556904	-2.489454041037823e-24
30.73330037586359	-2.355215626984048e-24
30.76087635615814	-2.228213636884501e-24
30.78845233645269	-2.108058141133691e-24
30.81602831674724	-1.994380178668876e-24
30.84360429704179	-1.886830649756782e-24
30.87118027733634	-1.785071876663515e-24
30.89875625763089	-1.688806280724515e-24
30.92633223792544	-1.597730928305698e-24
30.95390821821999	-1.511566037450197e-24
30.98148419851454	-1.430047057059751e-24
31.00906017880909	-1.352921794581658e-24
31.03663615910364	-1.279924036278485e-24
31.06421213939819	-1.21092690729583e-24
31.09178811969274	-1.145617280320789e-24
31.11936409998729	-1.083829333850219e-24
31.14694008028184	-1.025374482629599e-24
31.17451606057639	-9.700698646044453e-25
31.20209204087094	-9.177473560694803e-25
31.22966802116549	-8.682461759224924e-25
31.25724400146004	-8.214142043161373e-25
31.28481998175459	-7.771075124975088e-25
31.31239596204914	-7.351899133745479e-25
31.33997194234369	-6.955325240772633e-25
31.36754792263824	-6.580133125208968e-25
31.39512390293279	-6.225164963546289e-25
31.42269988322734	-5.889449773590744e-25
31.45027586352189	-5.571745265960036e-25
31.47785184381644	-5.2711698219589e-25
31.50542782411099	-4.986807013583739e-25
31.53300380440554	-4.717781597292487e-25
31.56057978470009	-4.463265942967853e-25
31.58815576499464	-4.222477337898339e-25
31.61573174528919	-3.994675418124006e-25
31.64330772558374	-3.779159815107832e-25
31.67088370587829	-3.575267966121267e-25
31.69845968617284	-3.382373059301107e-25
31.72603566646739	-3.199882097298614e-25
31.75361164676194	-3.027234069170232e-25
31.78118762705649	-2.863898222807049e-25
31.80876360735104	-2.70937243155881e-25
31.83633958764559	-2.563181649498093e-25
31.86391556794014	-2.424876450293273e-25
31.89149154823469	-2.294031645045011e-25
31.91906752852924	-2.170244974754236e-25
31.94664350882379	-2.053135873356399e-25
31.97421948911834	-1.942344297495435e-25
32.00179546941289	-1.837529619427404e-25
32.02937144970744	-1.738369579644821e-25
32.05694743000199	-1.644559295999419e-25
32.08452341029654	-1.555810326276655e-25
32.11209939059109	-1.471849781340332e-25
32.13967537088564	-1.39241948612133e-25
32.16725135118019	-1.317275185871309e-25
32.19482733147474	-1.246185795241323e-25
32.22240331176929	-1.17893268787639e-25
