0
1000	105.6583745	100000000000000.1
5	0	0	1
5	0	0	0
4.673998997513734	108.64210589808
4.701574977808284	406.2470619898108
4.729150958102834	821.6135723433669
4.756726938397384	1363.842382456896
4.784302918691934	2038.816470727441
4.811878898986484	2850.143330811273
4.839454879281035	3799.871379699677
4.867030859575585	4889.010891626003
4.894606839870135	6117.904204252293
4.922182820164685	7486.485429737095
4.949758800459235	8994.461110739176
4.977334780753785	10641.43498521461
5.004910761048335	12426.99346001235
5.032486741342885	14350.76353462029
5.060062721637435	16412.45143387573
5.087638701931986	18611.86775012708
5.115214682226536	20948.94317134518
5.142790662521086	23423.73766479153
5.170366642815636	26036.44514014152
5.197942623110186	28787.39502193431
5.225518603404736	31677.05174256567
5.253094583699286	34706.01287108588
5.280670563993836	37875.00638303617
5.308246544288386	41184.88742706533
5.335822524582936	44636.63483751404
5.363398504877487	48231.34756584919
5.390974485172037	51970.24114936258
5.418550465466587	55854.6442965047
5.446126445761137	59885.99564037247
5.473702426055687	64065.84069202926
5.501278406350237	68396.16387229688
5.528854386644787	72878.92111932446
5.556430366939337	77515.00813287312
5.584006347233887	82306.64419745027
5.611582327528438	87256.21380609424
5.639158307822988	92365.21457461755
5.666734288117538	97635.53610161023
5.694310268412088	103070.5854876813
5.721886248706638	108672.0928359966
5.749462229001188	114442.4705068246
5.777038209295738	120385.0097008976
5.804614189590288	126501.866535001
5.832190169884838	132796.4055737934
5.859766150179389	139271.0353020002
5.887342130473939	145928.74775897
5.914918110768489	152773.929477124
5.942494091063039	159808.1983602494
5.970070071357589	167036.2040077307
5.997646051652139	174460.9803307999
6.025222031946689	182086.3546230836
6.052798012241239	189916.0388127505
6.080373992535789	197955.3480014292
6.107949972830339	206206.6758695671
6.13552595312489	214674.2882413842
6.16310193341944	223339.7557381028
6.19067791371399	232276.2774009388
6.21825389400854	241419.5641267764
6.24582987430309	246829.5430404435
6.27340585459764	260414.2990571365
6.30098183489219	270277.1284300813
6.32855781518674	280387.9465342445
6.35613379548129	290754.2943958597
6.383709775775841	301382.047939766
6.411285756070391	312276.5131895332
6.438861736364941	323443.0508264242
6.466437716659491	334889.6191118266
6.494013696954041	346621.2390168071
6.521589677248591	358646.007758499
6.549165657543141	370969.8158710395
6.576741637837691	383598.3222375872
6.604317618132241	388757.0141564862
6.631893598426791	409803.679473698
6.659469578721342	423394.9827638371
6.687045559015892	437322.7837600333
6.714621539310442	451562.6391700168
6.742197519604992	466218.3144767847
6.769773499899542	481204.0122000974
6.797349480194092	496558.414455405
6.824925460488642	512290.8605635894
6.852501440783192	528411.9103279585
6.880077421077742	544929.8368624373
6.907653401372293	561855.9760495914
6.935229381666843	579198.5245539439
6.962805361961393	596966.7667637345
6.990381342255943	615174.3389467098
7.017957322550493	633815.6545762627
7.045533302845043	652942.8734246577
7.073109283139593	672527.8191120776
7.100685263434143	692595.2590209601
7.128261243728693	713156.3017883254
7.155837224023244	734223.8760799324
7.183413204317794	755810.1186331443
7.210989184612344	777929.3103097986
7.238565164906894	800591.9936875202
7.266141145201444	823812.8658361371
7.293717125495994	847330.7499866135
7.321293105790544	871988.0928809054
7.348869086085094	896970.1818070976
7.376445066379644	922568.7903105165
7.404021046674194	948799.6602469013
7.431597026968745	975676.5915367143
7.459173007263295	1003217.65615431
7.486748987557845	1031437.614217438
7.514324967852395	1060358.537633102
7.541900948146945	1089991.717561337
7.569476928441495	1120346.634982239
7.597052908736045	1151475.07784902
7.624628889030595	1183360.8083087
7.652204869325145	1216038.05836339
7.679780849619696	1249521.558309817
7.707356829914246	1283836.968051407
7.734932810208796	1319002.681519545
7.762508790503346	1355038.547923688
7.790084770797896	1391969.94013397
7.817660751092446	1429814.380917401
7.845236731386996	1468601.674805014
7.872812711681546	1508350.03925284
7.900388691976096	1540975.241090408
7.927964672270646	1590832.620425849
7.955540652565197	1633618.985091136
7.983116632859747	1677466.972667509
8.010692613154298	1722407.37910438
8.038268593448848	1768465.453329961
8.065844573743398	1815668.127750885
8.093420554037948	1864047.285045172
8.120996534332498	1913633.432016957
8.148572514627048	1964452.039276123
8.176148494921598	2016538.477243318
8.203724475216148	2069923.774930307
8.231300455510699	2124641.277447354
8.258876435805249	2180722.033689457
8.286452416099799	2238204.927725469
8.314028396394349	2297121.77521918
8.341604376688899	2357509.845742801
8.369180356983449	2419406.406775036
8.396756337277999	2482850.531315949
8.424332317572549	2547879.789033506
8.451908297867099	2600536.520428845
8.47948427816165	2682859.791865766
8.5070602584562	2752894.582865697
8.53463623875075	2824680.71048818
8.5622122190453	2897597.663596654
8.58978819933985	2973324.174892012
8.6173641796344	3050439.247943148
8.64494015992895	3128592.797797328
8.6725161402235	3210833.202423749
8.70009212051805	3293340.316543508
8.7276681008126	3364581.831173218
8.755244081107151	3466873.863367586
8.782820061401701	3557269.273559689
8.810396041696251	3648662.27366679
8.837972021990801	3743834.335943677
8.865548002285351	3840014.809475505
8.893123982579901	3940144.042264484
8.920699962874451	4041700.929143401
8.948275943169001	4146849.599208669
8.975851923463551	4253002.151914633
9.003427903758102	4363988.407039698
9.031003884052652	4477193.444268071
9.058579864347202	4592496.248237082
9.086155844641752	4711660.976493607
9.113731824936302	4833192.518771682
9.141307805230852	4958537.341364968
9.168883785525402	5085840.420256532
9.196459765819952	5218032.72401857
9.224035746114502	5334942.804899632
9.251611726409052	5491121.378531243
9.279187706703603	5633497.136839094
9.306763686998153	5778744.689258552
9.334339667292703	5928613.50455456
9.361915647587253	6082121.305629615
9.389491627881803	6238844.448152239
9.417067608176353	6381525.899796159
9.444643588470903	6565208.631801506
9.472219568765453	6735747.572130123
9.499795549060003	6910293.329933865
9.527371529354554	7088718.851238651
9.554947509649104	7272501.905537496
9.582523489943654	7460916.21036825
9.610099470238204	7653377.957753777
9.637675450532754	7851880.678836592
9.665251430827304	8053736.918683521
9.692827411121854	8263414.239124405
9.720403391416404	8477793.016709726
9.747979371710954	8696609.844007714
9.775555352005505	8922602.409907065
9.803131332300055	9154092.716041736
9.830707312594605	9389758.549688525
9.858283292889155	9613446.523592779
9.885859273183705	9884403.659911323
9.913435253478255	10140906.57929044
9.941011233772805	10403154.47221962
9.968587214067355	10673447.38343567
9.996163194361905	10950601.72399935
10.02373917465646	11234212.4648588
10.05131515495101	11526173.7400892
10.07889113524556	11825586.84651716
10.10646711554011	12131286.03475481
10.13404309583466	12447112.8305697
10.16161907612921	12770716.98337738
10.18919505642376	13102637.79895612
10.21677103671831	13442143.74719668
10.24434701701286	13791939.04787294
10.27192299730741	14150635.54515023
10.29949897760196	14517550.58834864
10.32707495789651	14895635.97514861
10.35465093819106	15283210.84461231
10.38222691848561	15680817.4795668
10.40980289878016	16087369.90491969
10.43737887907471	16506550.5649695
10.46495485936926	16936302.70063268
10.49253083966381	17377129.87720051
10.52010681995836	17828142.14649174
10.54768280025291	18292790.61159314
10.57525878054746	18769225.60434107
10.60283476084201	19257959.87914006
10.63041074113656	19758579.2341192
10.65798672143111	20273471.2842853
10.68556270172566	20801564.4244796
10.71313868202021	21343291.20138424
10.74071466231476	21897600.21457371
10.76829064260931	22468705.38402266
10.79586662290386	23054191.83466816
10.82344260319841	23654801.27119311
10.85101858349296	24271005.90898633
10.87859456378751	24902128.04376633
10.90617054408206	25551170.65763523
10.93374652437661	26216860.25203366
10.96132250467116	26899809.03254343
10.98889848496571	27599444.00844491
11.01647446526026	28318734.42139821
11.04405044555481	29056387.2656177
11.07162642584936	29813108.03824496
11.09920240614391	30589422.93690061
11.12677838643846	31384482.17052076
11.15435436673301	32202019.5039786
11.18193034702756	33040394.69691874
11.20950632732211	33900386.78948636
11.23708230761666	34782559.7070886
11.26465828791121	35686159.58556633
11.29223426820576	36614908.58419095
11.31981024850031	37567315.05236815
11.34738622879486	38544183.48410364
11.37496220908941	39546144.37564659
11.40253818938396	40572913.02821741
11.43011416967851	41627339.92179453
11.45769014997306	42708627.98902877
11.48526613026761	43817563.9310599
11.51284211056216	44954856.20674677
11.54041809085671	46119257.76399773
11.56799407115126	47316271.84711236
11.59557005144581	48543246.25249095
11.62314603174036	49801360.99893887
11.65072201203491	51091405.85263579
11.67829799232946	52414247.14157797
11.70587397262401	53769077.1763333
11.73344995291856	55160350.52565891
11.76102593321311	56586539.28883595
11.78860191350766	58048656.40091304
11.81617789380221	59547594.75986895
11.84375387409676	61084250.84470098
11.87132985439131	62629717.38052892
11.89890583468586	64273697.63060364
11.92648181498041	65929108.94626448
11.95405779527496	67625837.35317048
11.98163377556951	69364876.32350521
12.00920975586406	71147208.29485241
12.03678573615861	72972140.74362174
12.06436171645316	74844696.29871443
12.09193769674771	76763237.01311611
12.11951367704226	78729037.86113782
12.14708965733681	80743215.37827672
12.17466563763136	82806844.59990115
12.20224161792591	84918857.44869299
12.22981759822046	87085753.43915321
12.25739357851501	89304917.60218775
12.28496955880956	91577898.55590594
12.31254553910411	93905950.16419664
12.34012151939866	96290310.59349672
12.36769749969321	98701302.36935128
12.39527347998776	101231508.345833
12.42284946028231	103792539.1294523
12.45042544057686	106414528.9693817
12.47800142087141	109098929.1008562
12.50557740116597	111847048.1676922
12.53315338146052	114660210.3200998
12.56072936175507	117539699.3172955
12.58830534204962	120484799.2967474
12.61588132234417	123501860.2026186
12.64345730263872	126588886.8413757
12.67103328293327	129747507.8062513
12.69860926322782	132979207.1430305
12.72618524352237	136285406.0203615
12.75376122381692	139667490.3634353
12.78133720411147	143126943.4345743
12.80891318440602	146663585.0834564
12.83648916470057	150282573.9945036
12.86406514499512	153982989.7028144
12.89164112528967	157766436.3494023
12.91921710558422	161634421.8404704
12.94679308587877	165573898.3316758
12.97436906617332	169629969.1053745
13.00194504646787	173758767.1771686
13.02952102676242	177980577.3241165
13.05709700705697	182293910.997642
13.08467298735152	186700593.6551008
13.11224896764607	191202184.7768573
13.13982494794062	195800232.799526
13.16740092823517	200496172.1914096
13.19497690852972	205291586.0214706
13.22255288882427	210187922.3021542
13.25012886911882	215184788.5023772
13.27770484941337	220288024.2233288
13.30528082970792	225496295.1269352
13.33285681000247	230811293.8945632
13.36043279029702	236234474.6285427
13.38800877059157	241767276.9842879
13.41558475088612	247411214.6999843
13.44316073118067	253167663.1630628
13.47073671147522	259034960.0963186
13.49831269176977	265021930.4768427
13.52588867206432	271124745.5390259
13.55346465235887	277345315.633247
13.58104063265342	283685090.4723649
13.60861661294797	290112353.6195763
13.63619259324252	296727548.191803
13.66376857353707	303432793.1145691
13.69134455383162	310262329.0157828
13.71892053412617	317217412.5443879
13.74649651442072	324297847.4902295
13.77407249471527	331507743.0897487
13.80164847500982	338846315.109992
13.82922445530437	346314735.3625676
13.85680043559892	353914021.7847406
13.88437641589347	361645250.6772597
13.91195239618802	369509339.1672624
13.93952837648257	377507184.1838542
13.96710435677712	385639655.6098591
13.99468033707167	393907565.1037838
14.02225631736622	402309735.4136401
14.04983229766077	410851385.2405344
14.07740827795532	419530402.5280507
14.10498425824987	428347528.6315162
14.13256023854442	437303512.0366966
14.16013621883897	446398840.305514
14.18771219913352	455634025.6960533
14.21528817942807	465009522.0401107
14.24286415972262	474525710.0847108
14.27044014001717	484182933.6718921
14.29801612031172	493979007.7243418
14.32559210060627	503919928.0268815
14.35316808090082	514002185.1878606
14.38074406119537	524187192.0824298
14.40832004148992	534591910.1376368
14.43589602178447	545099620.6022091
14.46347200207902	555749219.0671197
14.49104798237357	566540619.4455365
14.51862396266812	577473691.415657
14.54619994296267	588548236.5434922
14.57377592325722	599764007.0690591
14.60135190355177	611119012.3887774
14.62892788384632	622616882.4639319
14.65650386414087	634254615.4814711
14.68407984443542	646031916.3142359
14.71165582472997	657948419.1809157
14.73923180502452	670003549.4964027
14.76680778531907	682196707.8413271
14.79438376561362	694527232.9509484
14.82195974590817	706994438.0702965
14.84953572620272	719597596.9310575
14.87711170649727	732335890.9151559
14.90468768679182	745208485.3605958
14.93226366708637	758211967.3635693
14.95983964738092	771351287.163268
14.98741562767547	784621733.8945389
15.01499160797002	798022623.5770477
15.04256758826457	811552923.0585728
15.07014356855912	825211598.370747
15.09771954885368	838997549.7979834
15.12529552914823	852909694.5535263
15.15287150944278	866946789.6245921
15.18044748973733	881107652.335867
15.20802347003188	895391017.7677187
15.23559945032643	909795672.0591196
15.26317543062098	924316659.814785
15.29075141091553	938961339.0090848
15.31832739121008	953720940.1150808
15.34590337150463	968599406.9710721
15.37347935179918	983590752.4066303
15.40105533209373	998695215.6853151
15.42863131238828	1013911371.929811
15.45620729268283	1029237808.382802
15.48378327297738	1044673038.276285
15.51135925327193	1060215681.846522
15.53893523356648	1075864227.565868
15.56651121386103	1091617191.841806
15.59408719415558	1107473078.005424
15.62166317445013	1123430343.13297
15.64923915474468	1139485697.715352
15.67681513503923	1155641883.799891
15.70439111533378	1171894667.221196
15.73196709562833	1188242697.987111
15.75954307592288	1204684448.487928
15.78711905621743	1221218536.336079
15.81469503651198	1237843397.415645
15.84227101680653	1254557518.221035
15.86984699710108	1271359385.574619
15.89742297739563	1288247488.823479
15.92499895769018	1305220270.988438
15.95257493798473	1322276335.647874
15.98015091827928	1339414121.111368
16.00772689857383	1356632214.621825
16.03530287886838	1373925176.057061
16.06287885916293	1391300619.091975
16.09045483945748	1408751265.653849
16.11803081975203	1426276054.085057
16.14560680004658	1443873692.442601
16.17318278034113	1461542811.644732
16.20075876063568	1479281972.46398
16.22833474093023	1497089885.08288
16.25591072122478	1514965161.403351
16.28348670151933	1532906415.345732
16.31106268181388	1550912282.822494
16.33863866210843	1568981426.931055
16.36621464240298	1587112545.960108
16.39379062269753	1605304348.489159
16.42136660299208	1623508459.134506
16.44894258328663	1641864762.81979
16.47651856358118	1660227766.443459
16.50409454387573	1678650459.941708
16.53167052417028	1697127106.348228
16.55924650446483	1715656766.98036
16.58682248475938	1734238334.567597
16.61439846505393	1752870623.790624
16.64197444534848	1771552592.2062
16.66955042564303	1790283097.345756
16.69712640593758	1809061006.570808
16.72470238623213	1827885248.971292
16.75227836652668	1846754703.292785
16.77985434682123	1865668359.508833
16.80743032711578	1884625166.16838
16.83500630741033	1903624104.828245
16.86258228770488	1922664101.084856
16.89015826799943	1941744242.75539
16.91773424829398	1960863557.013425
16.94531022858853	1980019169.893431
16.97288620888308	1999214521.384531
17.00046218917763	2018445986.426589
17.02803816947218	2037712759.156913
17.05561414976673	2057014108.36166
17.08319013006128	2076349137.387343
17.11076611035583	2095716959.614702
17.13834209065038	2115116812.893061
17.16591807094493	2134547822.808028
17.19349405123948	2154009271.527404
17.22107003153403	2173500338.907711
17.24864601182858	2193020294.167487
17.27622199212313	2212568335.743673
17.30379797241768	2232143659.943072
17.33137395271223	2251745759.854705
17.35894993300678	2271373766.398644
17.38652591330133	2291027041.737493
17.41410189359588	2310704948.477572
17.44167787389043	2330403296.572921
17.46925385418498	2350129345.305382
17.49682983447953	2369877678.650286
17.52440581477408	2389647821.252684
17.55198179506863	2409439344.062109
17.57955777536318	2429251614.553851
17.60713375565773	2449084118.964687
17.63470973595228	2468936297.613921
17.66228571624683	2488807666.294304
17.68986169654139	2508697601.191701
17.71743767683594	2528605602.568994
17.74501365713049	2548531226.286812
17.77258963742504	2568473890.035808
17.80016561771959	2588433126.062013
17.82774159801414	2608407150.924656
17.85531757830869	2628399570.956672
17.88289355860324	2648405818.266798
17.91046953889779	2668426770.099224
17.93804551919234	2688462051.827792
17.96562149948689	2708511237.030633
17.99319747978144	2728570572.144307
18.02077346007599	2748647168.721406
18.04834944037054	2768735985.375561
18.07592542066509	2788837054.161396
18.10350140095964	2808949854.561657
18.13107738125419	2829074253.735161
18.15865336154874	2849209701.798095
18.18622934184329	2869356055.452364
18.21380532213784	2889512872.534069
18.24138130243239	2909679822.263834
18.26895728272694	2929856642.385255
18.29653326302149	2950042995.574669
18.32410924331604	2970238536.439675
18.35168522361059	2990443009.719652
18.37926120390514	3010656154.468393
18.40683718419969	3030877624.754882
18.43441316449424	3051107183.771384
18.46198914478879	3071344549.872383
18.48956512508334	3091589477.342408
18.51714110537789	3111841663.902603
18.54471708567244	3132100837.10949
18.57229306596699	3152364232.505394
18.59986904626154	3172637569.409847
18.62744502655609	3192916830.413036
18.65502100685064	3213202052.942827
18.68259698714519	3233493068.720824
18.71017296743974	3253789709.246549
18.73774894773429	3274091746.954147
18.76532492802884	3294399011.098876
18.79290090832339	3314711304.910183
18.82047688861794	3335028404.600802
18.84805286891249	3355350199.59881
18.87562884920704	3375676462.5744
18.90320482950159	3396006999.633417
18.93078080979614	3416341640.930044
18.95835679009069	3436680289.862819
18.98593277038524	3457022707.510799
19.01350875067979	3477368749.232939
19.04108473097434	3497718262.97036
19.06866071126889	3518071073.251853
19.09623669156344	3538426970.198526
19.12381267185799	3558785957.417654
19.15138865215254	3579147854.857436
19.17896463244709	3599512420.750839
19.20654061274164	3619874529.213154
19.23411659303619	3640245936.544648
19.26169257333074	3660618798.295609
19.28926855362529	3680993651.362372
19.31684453391984	3701370409.304436
19.34442051421439	3721748965.566094
19.37199649450894	3742129286.640791
19.39957247480349	3762511522.825702
19.42714845509804	3782895358.387654
19.45472443539259	3803280456.58465
19.48230041568714	3823667206.32346
19.50987639598169	3844055359.115933
19.53745237627624	3864444747.353616
19.56502835657079	3884797680.516939
19.59260433686534	3905226506.182074
19.62018031715989	3925619094.537578
19.64775629745444	3946012357.81405
19.67533227774899	3966406276.122524
19.70290825804354	3986801108.59816
19.73048423833809	4007196619.706195
19.75806021863264	4027592475.501923
19.78563619892719	4047988885.294923
19.81321217922174	4068385689.091821
19.84078815951629	4088782899.862545
19.86836413981084	4109180264.057761
19.89594012010539	4129577887.795714
19.92351610039994	4149970697.474987
19.95109208069449	4170369715.99365
19.97866806098904	4190768169.683178
20.00624404128359	4211166244.324018
20.03382002157814	4231564021.299173
20.06139600187269	4251961521.231552
20.08897198216724	4272358656.540009
20.11654796246179	4292755472.42506
20.14412394275634	4313151922.377007
20.17169992305089	4333547926.337935
20.19927590334544	4353943370.545584
20.22685188363999	4374338306.497787
20.25442786393454	4394732568.770034
20.2820038442291	4415126287.81743
20.30957982452365	4435519425.57951
20.3371558048182	4455911680.029669
20.36473178511275	4476303171.733081
20.3923077654073	4496693873.941236
20.41988374570185	4517083700.80898
20.4474597259964	4537472643.215302
20.47503570629095	4557860704.60006
20.5026116865855	4578247679.139811
20.53018766688005	4598633714.322926
20.5577636471746	4619018639.331884
20.58533962746915	4639402618.58132
20.6129156077637	4659785261.91699
20.64049158805825	4680166823.12081
20.6680675683528	4700547274.964489
20.69564354864735	4720926369.566185
20.7232195289419	4741301721.379957
20.75079550923645	4761678917.806683
20.778371489531	4782054539.070678
20.80594746982555	4802428662.817883
20.8335234501201	4822801457.111211
20.86109943041465	4843172721.024687
20.8886754107092	4863542491.537862
20.91625139100375	4883910804.239287
20.9438273712983	4904277595.179665
20.97140335159285	4924642877.630654
20.9989793318874	4945006610.444326
21.02655531218195	4965368702.744773
21.0541312924765	4985729110.389409
21.08170727277105	5006088118.03988
21.1092832530656	5026445389.112315
21.13685923336015	5046801032.937355
21.1644352136547	5067154880.186399
21.19201119394925	5087507172.109516
21.2195871742438	5107857601.175509
21.24716315453835	5128206313.978973
21.2747391348329	5148553285.001981
21.30231511512745	5168898392.447739
21.329891095422	5189241737.466875
21.35746707571655	5209583391.141742
21.3850430560111	5229922807.83904
21.41261903630565	5250260754.502745
21.4401950166002	5270596817.73873
21.46777099689475	5290930554.042987
21.4953469771893	5311262783.434148
21.52292295748385	5331593034.701034
21.5504989377784	5351921111.456509
21.57807491807295	5372242335.268504
21.6056508983675	5392567775.48658
21.63322687866205	5412890819.657491
21.6608028589566	5433211614.585079
21.68837883925115	5453530190.820031
21.7159548195457	5473846631.80982
21.74353079984025	5494160995.42354
21.7711067801348	5514473223.120237
21.79868276042935	5534783391.889548
21.8262587407239	5555091328.992949
21.85383472101845	5575328397.252947
21.881410701313	5595700058.09943
21.90898668160755	5616002574.220798
21.9365626619021	5636302022.003571
21.96413864219665	5656599294.353932
21.9917146224912	5676894441.169783
22.01929060278575	5697187257.525192
22.0468665830803	5717478147.576374
22.07444256337485	5737766594.439252
22.1020185436694	5758052910.747229
22.12959452396395	5778336957.493589
22.1571705042585	5798618713.130739
22.18474648455305	5818898312.183167
22.2123224648476	5839175713.79013
22.23989844514215	5859450826.971272
22.2674744254367	5879723586.880675
22.29505040573125	5899994057.969625
22.3226263860258	5920262208.148602
22.35020236632035	5940528071.738107
22.3777783466149	5960791675.853636
22.40535432690945	5981052880.264338
22.432930307204	6001311759.842688
22.46050628749855	6021568336.356865
22.4880822677931	6041822485.40188
22.51565824808765	6062074498.334032
22.5432342283822	6082318302.387629
22.57081020867675	6102566917.959847
22.5983861889713	6122812366.527808
22.62596216926585	6143055201.179371
22.6535381495604	6163295537.634792
22.68111412985495	6183533311.686101
22.7086901101495	6203768559.995924
22.73626609044405	6224001429.106333
22.7638420707386	6244231875.37452
22.79141805103315	6264459784.310458
22.8189940313277	6284685216.157434
22.84657001162225	6304908179.621027
22.87414599191681	6325128734.174729
22.90172197221136	6345346783.377637
22.92929795250591	6365562297.019772
22.95687393280046	6385775345.197274
22.98444991309501	6405985915.255012
23.01202589338956	6426194008.393199
23.03960187368411	6446399601.586328
23.06717785397866	6466602722.453364
23.09475383427321	6486803231.099932
23.12232981456776	6507001180.78966
23.14990579486231	6527196645.472812
23.17748177515686	6547389589.807782
23.20505775545141	6567579923.844027
23.23263373574596	6587767922.27235
23.26020971604051	6607952870.534927
23.28778569633506	6628135760.075848
23.31536167662961	6648315643.49534
23.34293765692416	6668493374.404069
23.37051363721871	6688668345.506976
23.39808961751326	6708840753.078689
23.42566559780781	6729010538.971595
23.45324157810236	6749177652.73206
23.48081755839691	6769342180.717015
23.50839353869146	6789504119.338943
23.53596951898601	6809663398.039934
23.56354549928056	6829820092.809002
23.59112147957511	6849974203.579592
23.61869745986966	6870121620.993568
23.64627344016421	6890271373.90636
23.67384942045876	6910418132.949034
23.70142540075331	6930561952.091061
23.72900138104786	6950702963.1732
23.75657736134241	6970841370.832757
23.78415334163696	6990976925.780582
23.81172932193151	7011109525.547941
23.83930530222606	7031239936.784746
23.86688128252061	7051367319.503704
23.89445726281516	7071492188.706278
23.92203324310971	7091614318.048061
23.94960922340426	7111733594.460381
23.97718520369881	7131850237.766839
24.00476118399336	7151964192.426534
24.03233716428791	7172075173.686197
24.05991314458246	7192183664.142284
24.08748912487701	7212289213.297374
24.11506510517156	7232392181.286698
24.14264108546611	7252492372.237443
24.17021706576066	7272589909.693418
24.19779304605521	7292684445.182265
24.22536902634976	7312776376.997791
24.25294500664431	7332865531.852866
24.28052098693886	7352951838.915893
24.30809696723341	7373035305.125983
24.33567294752796	7393116027.413891
24.36324892782251	7413193845.551198
24.39082490811706	7433269067.532146
24.41840088841161	7453341461.717986
24.44597686870616	7473411041.480111
24.47355284900071	7493477740.175316
24.50112882929526	7513541633.31074
24.52870480958981	7533602664.485044
24.55628078988436	7553660871.667553
24.58385677017891	7573716157.922727
24.61143275047346	7593768547.672129
24.63900873076801	7613818151.769158
24.66658471106256	7633865024.182417
24.69416069135711	7653908961.87773
24.72173667165166	7673950014.030694
24.74931265194621	7693988140.178111
24.77688863224076	7714023679.877943
24.80446461253531	7734056004.232547
24.83204059282986	7754085479.188922
24.85961657312441	7774106477.436369
24.88719255341896	7794131197.475123
24.91476853371351	7814152734.172977
24.94234451400806	7834171025.129054
24.96992049430261	7854186338.531566
24.99749647459716	7874123723.291765
25.02507245489171	7894208106.236265
25.05264843518626	7914214491.213926
25.08022441548081	7934217880.18649
25.10780039577536	7954218336.091652
25.13537637606991	7974215653.089927
25.16295235636446	7994209974.623798
25.19052833665901	8014201468.39493
25.21810431695356	8034189827.711834
25.24568029724811	8054175409.006803
25.27325627754266	8074157971.18984
25.30083225783721	8094137533.86324
25.32840823813176	8114113951.580006
25.35598421842631	8134087398.99718
25.38356019872086	8154057923.452039
25.41113617901541	8174025357.403949
25.43871215930996	8193989529.52429
25.46628813960452	8213950892.445508
25.49386411989907	8233909171.622009
25.52144010019362	8253864635.937878
25.54901608048817	8273816954.509939
25.57659206078272	8293766152.317203
25.60416804107727	8313712369.58965
25.63174402137182	8333655396.976098
25.65932000166637	8353595401.858066
25.68689598196092	8373532159.751645
25.71447196225547	8393465984.823859
25.74204794255002	8413396646.379541
25.76962392284457	8433324150.252567
25.79719990313912	8453248880.424212
25.82477588343367	8473170319.039187
25.85235186372822	8493088796.958471
25.87992784402277	8513004005.746655
25.90750382431732	8532916087.98796
25.93507980461187	8552824962.504719
25.96265578490642	8572730682.197451
25.99023176520097	8592633296.259647
26.01780774549552	8612532692.67197
26.04538372579007	8632429028.672876
26.07295970608462	8652322441.284254
26.10053568637917	8672212635.207609
26.12811166667372	8692099556.897537
26.15568764696827	8711983329.475906
26.18326362726282	8731863772.781555
26.21083960755737	8751741059.018843
26.23841558785192	8771608149.380207
26.26599156814647	8791480421.352041
26.29356754844102	8811348720.305443
26.32114352873557	8831213755.01631
26.34871950903012	8851075616.658987
26.37629548932467	8870934160.949192
26.40387146961922	8890789353.636675
26.43144744991377	8910641287.220272
26.45902343020832	8930489797.260893
26.48659941050287	8950334862.233595
26.51417539079742	8970176720.237682
26.54175137109197	8990015038.004093
26.56932735138652	9009850115.665781
26.59690333168107	9029682063.492682
26.62447931197562	9049511177.89007
26.65205529227017	9069337022.529795
26.67963127256472	9089159573.552729
26.70720725285927	9108978757.705353
26.73478323315382	9128794465.255175
26.76235921344837	9148606651.937683
26.78993519374292	9168415264.205187
26.81751117403747	9188220212.087406
26.84508715433202	9208021147.282337
26.87266313462657	9227819178.37192
26.90023911492112	9247614920.51189
26.92781509521567	9267407378.286325
26.95539107551022	9287196525.522156
26.98296705580477	9306982334.061407
27.01054303609932	9326764774.422228
27.03811901639387	9346543816.468784
27.06569499668842	9366319430.091469
27.09327097698297	9386091585.898663
27.12084695727752	9405860255.921535
27.14842293757207	9425624410.776272
27.17599891786662	9445384674.434851
27.20357489816117	9465142191.140106
27.23115087845572	9484896604.448299
27.25872685875027	9504647813.955645
27.28630283904482	9524395771.906946
27.31387881933937	9544140409.414684
27.34145479963392	9563881703.301384
27.36903077992847	9583619503.957569
27.39660676022302	9603353792.481144
27.42418274051757	9623084093.425032
27.45175872081212	9642810720.270048
27.47933470110667	9662533791.379271
27.50691068140122	9682253633.058855
27.53448666169577	9701969873.108427
27.56206264199032	9721682766.149464
27.58963862228487	9741392276.651175
27.61721460257942	9761098142.40246
27.64479058287397	9780800657.50058
27.67236656316852	9800499526.025066
27.69994254346307	9820194565.201784
27.72751852375762	9839885865.413025
27.75509450405217	9859573684.127232
27.78267048434672	9879257860.572195
27.81024646464127	9898938649.607458
27.83782244493582	9918611139.215647
27.86539842523037	9938285840.578266
27.89297440552492	9957956537.124605
27.92055038581947	9977623526.504826
27.94812636611402	9997286856.62965
27.97570234640857	10016946204.58028
28.00327832670312	10036601772.80431
28.03085430699767	10056253718.77672
28.05843028729223	10075901927.378
28.08600626758678	10095546466.64749
28.11358224788133	10115187410.19151
28.14115822817588	10134824675.86031
28.16873420847043	10154458373.42137
28.19631018876498	10174088210.13264
28.22388616905953	10193714563.66603
28.25146214935408	10213336765.7289
28.27903812964863	10232955305.29592
28.30661410994318	10252570208.28723
28.33419009023773	10272181156.63035
28.36176607053228	10291788568.49058
28.38934205082683	10311392166.17087
28.41691803112138	10330992145.30125
28.44449401141593	10350588318.02859
28.47206999171048	10370180658.82941
28.49964597200503	10389769381.27583
28.52722195229958	10409354012.74309
28.55479793259413	10428934923.54087
28.58237391288868	10448511675.76915
28.60994989318323	10468084950.98522
28.63752587347778	10487654481.43864
28.66510185377233	10507220024.43994
28.69267783406688	10526781678.32129
28.72025381436143	10546339623.04795
28.74782979465598	10565893875.70597
28.77540577495053	10585444037.15259
28.80298175524508	10604990041.84743
28.83055773553963	10624532452.2081
28.85813371583418	10644070688.21835
28.88570969612873	10663605020.62277
28.91328567642328	10683135713.73777
28.94086165671783	10702662401.8456
28.96843763701238	10722185122.81231
28.99601361730693	10741704008.25509
29.02358959760148	10761219219.67603
29.05116557789603	10780730528.9346
29.07874155819058	10800231770.53744
29.10631753848513	10819735368.80317
29.13389351877968	10839234347.12488
29.16146949907423	10858729324.85682
29.18904547936878	10878220196.16229
29.21662145966333	10897706856.71625
29.24419743995788	10917190041.86541
29.27177342025243	10936668651.57593
29.29934940054698	10956143365.53975
29.32692538084153	10975614070.45583
29.35450136113608	10995080922.54203
29.38207734143063	11014543701.96765
29.40965332172518	11033998313.02739
29.43722930201973	11053452471.8987
29.46480528231428	11072902701.28541
29.49238126260883	11092285075.91136
29.51995724290338	11111746953.22257
29.54753322319793	11131227941.33187
29.57510920349248	11150661682.7035
29.60268518378703	11170091167.52571
29.63026116408158	11189516520.66247
29.65783714437613	11208937529.8103
29.68541312467068	11228346447.04809
29.71298910496523	11247755013.44751
29.74056508525978	11267164877.69781
29.76814106555433	11286569979.58482
29.79571704584888	11305970670.20165
29.82329302614343	11325366540.09664
29.85086900643798	11344758431.57362
29.87844498673253	11364145833.0949
29.90602096702708	11383528908.15502
29.93359694732163	11402907395.12523
29.96117292761618	11422281966.47683
29.98874890791073	11441651959.68962
30.01632488820528	11461018548.73048
30.04390086849983	11480372698.21014
30.07147684879438	11499731222.72628
30.09905282908893	11519084044.4262
30.12662880938348	11538432406.95236
30.15420478967803	11557776025.7582
30.18178076997258	11577115815.99405
30.20935675026713	11596450188.96743
30.23693273056168	11615780609.92941
30.26450871085623	11635106793.62608
30.29208469115078	11654428349.07067
30.31966067144533	11673745614.39276
30.34723665173988	11693058926.0136
30.37481263203443	11712363323.11397
30.40238861232898	11731667176.53865
30.42996459262353	11750966533.78564
30.45754057291808	11770261223.44394
30.48511655321263	11789551243.75332
30.51269253350718	11808836733.40712
30.54026851380173	11828117701.3018
30.56784449409628	11847394074.55753
30.59542047439083	11866666009.84093
30.62299645468539	11885933683.97545
30.65057243497994	11905196731.57113
30.67814841527449	11924455986.19815
30.70572439556904	11943703536.88966
30.73330037586359	11962954208.5937
30.76087635615814	11982192647.24721
30.78845233645269	12001432787.96417
30.81602831674724	12020667759.50246
30.84360429704179	12039898039.76555
30.87118027733634	12059123475.93327
30.89875625763089	12078344134.07409
30.92633223792544	12097560132.68334
30.95390821821999	12116771552.63979
30.98148419851454	12135978302.54424
31.00906017880909	12155180473.23198
31.03663615910364	12174377592.58185
31.06421213939819	12193564238.98314
31.09178811969274	12212748436.27754
31.11936409998729	12231931245.01975
31.14694008028184	12251109084.53215
31.17451606057639	12270281950.40148
31.20209204087094	12289449918.88128
31.22966802116549	12308613255.85245
31.25724400146004	12327771651.18187
31.28481998175459	12346925085.48667
31.31239596204914	12366074287.1214
31.33997194234369	12385218000.93166
31.36754792263824	12404356467.63941
31.39512390293279	12423491198.40133
31.42269988322734	12442610607.16311
31.45027586352189	12461735326.20272
31.47785184381644	12480853084.09377
31.50542782411099	12499967214.87354
31.53300380440554	12519075685.40204
31.56057978470009	12538178944.67182
31.58815576499464	12557282643.30693
31.61573174528919	12576375412.43357
31.64330772558374	12595464167.73702
31.67088370587829	12614547402.26288
31.69845968617284	12633624949.72121
31.72603566646739	12652698551.44401
31.75361164676194	12671761777.66088
31.78118762705649	12690819023.39902
31.80876360735104	12709877594.41387
31.83633958764559	12728930328.62023
31.86391556794014	12747968803.388
31.89149154823469	12767012258.52099
31.91906752852924	12786053894.03772
31.94664350882379	12805085360.80609
31.97421948911834	12824112596.18577
32.00179546941289	12843134291.14386
32.02937144970744	12862150558.77111
32.05694743000199	12881160573.20409
32.08452341029654	12900166171.95947
32.11209939059109	12919163085.13472
32.13967537088564	12938158934.16844
32.16725135118019	12957142091.52101
32.19482733147474	12976126356.32865
32.22240331176929	12995105035.06668
0
1000	105.6583745	100000000000000.1
5	0	0	1
5	0	0	0
4.673998997513734	-82.18629305536581
4.701574977808284	-116.7875090024719
4.729150958102834	-152.9941634803025
4.756726938397384	-189.4247461212228
4.784302918691934	-225.1571730423699
4.811878898986484	-259.6097050505042
4.839454879281035	-292.4393785618234
4.867030859575585	-323.4655440021286
4.894606839870135	-352.6153961782362
4.922182820164685	-379.8862370599267
4.949758800459235	-405.319733736138
4.977334780753785	-428.9845337954808
5.004910761048335	-450.9646213281277
5.032486741342885	-471.3515880613624
5.060062721637435	-490.2395648614989
5.087638701931986	-507.7219568633132
5.115214682226536	-523.889398639348
5.142790662521086	-538.8285319394981
5.170366642815636	-552.6213350636042
5.197942623110186	-565.3448189950559
5.225518603404736	-577.0709640779992
5.253094583699286	-587.8668110997613
5.280670563993836	-597.7946481022366
5.308246544288386	-606.9122531108801
5.335822524582936	-615.2731659548336
5.363398504877487	-622.9269712998704
5.390974485172037	-629.9195811825981
5.418550465466587	-636.2935095783696
5.446126445761137	-642.0881344466146
5.473702426055687	-647.3399446827716
5.501278406350237	-652.1968788670204
5.528854386644787	-656.4466735028547
5.556430366939337	-660.240188009381
5.584006347233887	-663.6065429426709
5.611582327528438	-666.573070499326
5.639158307822988	-669.1654196005037
5.666734288117538	-671.4076534625526
5.694310268412088	-673.3223425669918
5.721886248706638	-674.9306535787706
5.749462229001188	-676.2524342308045
5.777038209295738	-677.3266055667118
5.804614189590288	-678.1273177901564
5.832190169884838	-678.6925613468727
5.859766150179389	-679.0380262915729
5.887342130473939	-679.1784696517155
5.914918110768489	-679.1277654883763
5.942494091063039	-678.8989532030882
5.970070071357589	-678.5042839429656
5.997646051652139	-677.9552649949475
6.025222031946689	-677.2627020802752
6.052798012241239	-676.5042563591395
6.080373992535789	-675.5470398736386
6.107949972830339	-674.4687216039223
6.13552595312489	-673.2802218167756
6.16310193341944	-671.9907560960969
6.19067791371399	-670.6090675019271
6.21825389400854	-669.1434602671393
6.24582987430309	-667.6018055555005
6.27340585459764	-665.9915462830605
6.30098183489219	-664.3197038585807
6.32855781518674	-662.5437900008944
6.35613379548129	-660.7747576180853
6.383709775775841	-658.9659987348172
6.411285756070391	-657.1220916606843
6.438861736364941	-655.2472060288517
6.466437716659491	-653.3451429357103
6.494013696954041	-651.4193705827284
6.521589677248591	-649.4730559916379
6.549165657543141	-647.5090932830277
6.576741637837691	-645.5301289400627
6.604317618132241	-643.5327368921523
6.631893598426791	-641.531608071616
6.659469578721342	-639.5225313221599
6.687045559015892	-637.5072859087251
6.714621539310442	-635.4873920178959
6.742197519604992	-633.4643954495167
6.769773499899542	-631.4395795664125
6.797349480194092	-629.4141497741903
6.824925460488642	-627.3892027953674
6.852501440783192	-625.365737901944
6.880077421077742	-623.3455369842286
6.907653401372293	-621.327577576183
6.935229381666843	-619.3135394208753
6.962805361961393	-617.3041274024133
6.990381342255943	-615.2999866985749
7.017957322550493	-613.3017076030376
7.045533302845043	-611.3098299122616
7.073109283139593	-609.3248469214611
7.100685263434143	-607.3472090689946
7.128261243728693	-605.3773272640835
7.155837224023244	-603.414308008803
7.183413204317794	-601.4611865682134
7.210989184612344	-599.5169338171463
7.238565164906894	-597.5818101284228
7.266141145201444	-595.6560471233262
7.293717125495994	-593.7398502239664
7.321293105790544	-591.8334009532606
7.348869086085094	-589.936859010738
7.376445066379644	-588.0503641488669
7.404021046674194	-586.1740378715408
7.431597026968745	-584.307050056956
7.459173007263295	-582.4514795132537
7.486748987557845	-580.6064109202073
7.514324967852395	-578.7718914652738
7.541900948146945	-576.9479551860097
7.569476928441495	-575.1346243469427
7.597052908736045	-573.3319106586248
7.624628889030595	-571.5398163591998
7.652204869325145	-569.7583351759332
7.679780849619696	-567.9874531816107
7.707356829914246	-566.2263430503231
7.734932810208796	-564.4766984021478
7.762508790503346	-562.7376249269657
7.790084770797896	-561.0090713466431
7.817660751092446	-559.2909811774182
7.845236731386996	-557.5832934502566
7.872812711681546	-555.8859433087869
7.900388691976096	-554.1988625023738
7.927964672270646	-552.5219797876861
7.955540652565197	-550.8552212484969
7.983116632859747	-549.1964163278798
8.010692613154298	-547.5491555223168
8.038268593448848	-545.9117119208604
8.065844573743398	-544.2839596594144
8.093420554037948	-542.6657765612143
8.120996534332498	-541.0570421690293
8.148572514627048	-539.4576370268293
8.176148494921598	-537.8674426440487
8.203724475216148	-536.2863419838359
8.231300455510699	-534.7142204561966
8.258876435805249	-533.1488589043564
8.286452416099799	-531.5945059708031
8.314028396394349	-530.0490198852165
8.341604376688899	-528.5123112280692
8.369180356983449	-526.9842902773964
8.396756337277999	-525.4648670655961
8.424332317572549	-523.9539513909684
8.451908297867099	-522.4514527801754
8.47948427816165	-520.9572803920162
8.5070602584562	-519.4713428448882
8.53463623875075	-515.3278896886782
8.5622122190453	-515.2237134531914
8.58978819933985	-514.3103557935947
8.6173641796344	-513.2064841813695
8.64494015992895	-512.0369214568825
8.6725161402235	-510.8431924752574
8.70009212051805	-509.6429059315882
8.7276681008126	-508.444681003763
8.755244081107151	-507.2531388953626
8.782820061401701	-506.0709036477229
8.810396041696251	-504.8546392751027
8.837972021990801	-503.7047874004537
8.865548002285351	-502.5678954542886
8.893123982579901	-501.4434640366881
8.920699962874451	-500.331049109014
8.948275943169001	-499.230250117221
8.975851923463551	-498.1407014251419
9.003427903758102	-497.0620657888867
9.031003884052652	-495.9940293088089
9.058579864347202	-494.9362974756663
9.086155844641752	-493.8909612181955
9.113731824936302	-492.8525787103802
9.141307805230852	-491.823618735497
9.168883785525402	-490.8038853366314
9.196459765819952	-489.7931834747542
9.224035746114502	-488.7913192649067
9.251611726409052	-487.7981001114569
9.279187706703603	-486.8133347756632
9.306763686998153	-485.8368333969838
9.334339667292703	-484.8684074822576
9.361915647587253	-483.9080944948649
9.389491627881803	-482.9552517770608
9.417067608176353	-482.0099065034889
9.444643588470903	-481.0718714758578
9.472219568765453	-480.1409582588965
9.499795549060003	-479.2169744204455
9.527371529354554	-478.2997163332052
9.554947509649104	-477.3889455612456
9.582523489943654	-476.4842767688529
9.610099470238204	-475.5839355943921
9.637675450532754	-474.69613479121
9.665251430827304	-473.8103287784989
9.692827411121854	-472.9302307380544
9.720403391416404	-472.0556620151038
9.747979371710954	-471.1864440761501
9.775555352005505	-470.3223983987761
9.803131332300055	-469.4633463595598
9.830707312594605	-468.6091091196611
9.858283292889155	-467.7595075075585
9.885859273183705	-466.9143618983065
9.913435253478255	-466.0735705557516
9.941011233772805	-465.236790755634
9.968587214067355	-464.4039167498289
9.996163194361905	-463.5747658407834
10.02373917465646	-462.7491545747716
10.05131515495101	-461.9268986425499
10.07889113524556	-461.1078127796467
10.10646711554011	-460.2917106662196
10.13404309583466	-459.4784048264008
10.16161907612921	-458.6677065270538
10.18919505642376	-457.8594680065887
10.21677103671831	-457.053409779019
10.24434701701286	-456.2493805668339
10.27192299730741	-455.4471858070506
10.29949897760196	-454.6466293634232
10.32707495789651	-453.847513434287
10.35465093819106	-453.0496384606677
10.38222691848561	-452.2528030346759
10.40980289878016	-451.4568038082214
10.43737887907471	-450.6614354020583
10.46495485936926	-449.8665166365862
10.49253083966381	-449.071782945533
10.52010681995836	-448.2770485710689
10.54768280025291	-447.4820992986172
10.57525878054746	-446.6867185532204
10.60283476084201	-445.8906873153408
10.63041074113656	-445.0937840376873
10.65798672143111	-444.2957845631595
10.68556270172566	-443.496462043998
10.71313868202021	-442.695586862258
10.74071466231476	-441.8929453184971
10.76829064260931	-441.0882628237059
10.79586662290386	-440.2813198277795
10.82344260319841	-439.471875027037
10.85101858349296	-438.659684054888
10.87859456378751	-437.8444994131522
10.90617054408206	-437.026070405721
10.93374652437661	-436.2041430747396
10.96132250467116	-435.3784601394899
10.98889848496571	-434.5487609381743
11.01647446526026	-433.7147940810761
11.04405044555481	-432.8762653435222
11.07162642584936	-432.0329164914433
11.09920240614391	-431.1844729555092
11.12677838643846	-430.3306565955107
11.15435436673301	-429.4711856618523
11.18193034702756	-428.6057747614983
11.20950632732211	-427.7341348286587
11.23708230761666	-426.8559731005027
11.26465828791121	-425.970993098201
11.29223426820576	-425.0789005949699
11.31981024850031	-424.1793789385638
11.34738622879486	-423.2721267438509
11.37496220908941	-422.3568327044396
11.40253818938396	-421.4331818100959
11.43011416967851	-420.5008553610225
11.45769014997306	-419.5595309895984
11.48526613026761	-418.6088826899398
11.51284211056216	-417.6485808556903
11.54041809085671	-416.6782923264313
11.56799407115126	-415.6976876607018
11.59557005144581	-414.7064115033543
11.62314603174036	-413.7041279043505
11.65072201203491	-412.6904902496917
11.67829799232946	-411.6651487696818
11.70587397262401	-410.6277506411244
11.73344995291856	-409.5779401009537
11.76102593321311	-408.5153585717648
11.78860191350766	-407.4396447997013
11.81617789380221	-406.3504350051729
11.84375387409676	-405.2473628502635
11.87132985439131	-404.130060112389
11.89890583468586	-402.9981566973273
11.92648181498041	-401.8512805829623
11.95405779527496	-400.6890581680948
11.98163377556951	-399.5111145014898
12.00920975586406	-398.317073526482
12.03678573615861	-397.1065583415464
12.06436171645316	-395.8791914772373
12.09193769674771	-394.6345951898804
12.11951367704226	-393.3724019785842
12.14708965733681	-392.0922130924021
12.17466563763136	-390.793662271202
12.20224161792591	-389.4763740695755
12.22981759822046	-388.1399745390756
12.25739357851501	-386.7840916270292
12.28496955880956	-385.4083555940336
12.31254553910411	-384.0123994502997
12.34012151939866	-382.5958594109462
12.36769749969321	-381.1583753702923
12.39527347998776	-379.6995891298197
12.42284946028231	-378.2191538888903
12.45042544057686	-376.7167217293485
12.47800142087141	-375.1919524397696
12.50557740116597	-373.6445121186944
12.53315338146052	-372.0740737534612
12.56072936175507	-370.4803178164199
12.58830534204962	-368.8629328780633
12.61588132234417	-367.2216162365055
12.64345730263872	-365.5560745626621
12.67103328293327	-363.8660432848891
12.69860926322782	-362.1512107786039
12.72618524352237	-360.4113345465144
12.75376122381692	-358.6461656289107
12.78133720411147	-356.8554679558011
12.80891318440602	-355.0390190697286
12.83648916470057	-353.1966108571822
12.86406514499512	-351.3280502871465
12.89164112528967	-349.4331601552281
12.91921710558422	-347.5117798316782
12.94679308587877	-345.5637625240353
12.97436906617332	-343.5889899906547
13.00194504646787	-341.5873527308224
13.02952102676242	-339.5587639541541
13.05709700705697	-337.503157146979
13.08467298735152	-335.4204867949958
13.11224896764607	-333.3107290949318
13.13982494794062	-331.1738826527247
13.16740092823517	-329.0099691656711
13.19497690852972	-326.8190340859234
13.22255288882427	-324.6011594011227
13.25012886911882	-322.3564145116598
13.27770484941337	-320.0849322256158
13.30528082970792	-317.7868593134823
13.33285681000247	-315.4623692893459
13.36043279029702	-313.111662901887
13.38800877059157	-310.734968587095
13.41558475088612	-308.3325428798653
13.44316073118067	-305.9046707816989
13.47073671147522	-303.4516660817581
13.49831269176977	-300.9738730716414
13.52588867206432	-298.4716605566751
13.55346465235887	-295.9454319842279
13.58104063265342	-293.3956185699803
13.60861661294797	-290.8226811215374
13.63619259324252	-288.2271100198478
13.66376857353707	-285.6094251376857
13.69134455383162	-282.9701756935004
13.71892053412617	-280.3099400391241
13.74649651442072	-277.629325380059
13.77407249471527	-274.928963404865
13.80164847500982	-272.2095258410127
13.82922445530437	-269.471700708264
13.85680043559892	-266.7162065294816
13.88437641589347	-263.9437881969171
13.91195239618802	-261.1552162648898
13.93952837648257	-258.3512861737629
13.96710435677712	-255.5328174061523
13.99468033707167	-252.7006525766049
14.02225631736622	-249.855656456287
14.04983229766077	-246.9987278094312
14.07740827795532	-244.1307446091524
14.10498425824987	-241.2526460166438
14.13256023854442	-238.3653747922946
14.16013621883897	-235.4698900613897
14.18771219913352	-232.5671659800583
14.21528817942807	-229.6581903571978
14.24286415972262	-226.7439632360708
14.27044014001717	-223.8254954394976
14.29801612031172	-220.9038070827736
14.32559210060627	-217.9799559734197
14.35316808090082	-215.0549103512741
14.38074406119537	-212.1297439858969
14.40832004148992	-209.2054996776859
14.43589602178447	-206.2832216177094
14.46347200207902	-203.3639537795399
14.49104798237357	-200.4487383183311
14.51862396266812	-197.53861398074
14.54619994296267	-194.6346145295641
14.57377592325722	-191.7377671871502
14.60135190355177	-188.849068978613
14.62892788384632	-185.9695753032588
14.65650386414087	-183.1002630195314
14.68407984443542	-180.2421180086366
14.71165582472997	-177.3961121263211
14.73923180502452	-174.5632018459496
14.76680778531907	-171.7443269492684
14.79438376561362	-168.9404092681304
14.82195974590817	-166.1523514802907
14.84953572620272	-163.3810359621583
14.87711170649727	-160.6272993475602
14.90468768679182	-157.8920312423011
14.93226366708637	-155.1760221633947
14.95983964738092	-152.480062788291
14.98741562767547	-149.8049185992352
15.01499160797002	-147.1513291272216
15.04256758826457	-144.5200072656787
15.07014356855912	-141.9116386545527
15.09771954885368	-139.3268811351599
15.12529552914823	-136.7663642758802
15.15287150944278	-134.2306647261165
15.18044748973733	-131.7204051561519
15.20802347003188	-129.2361036256454
15.23559945032643	-126.7782730237106
15.26317543062098	-124.3473965434874
15.29075141091553	-121.9439276230419
15.31832739121008	-119.5682899503113
15.34590337150463	-117.2208775301846
15.37347935179918	-114.9020548116389
15.40105533209373	-112.6121568726848
15.42863131238828	-110.3514668807823
15.45620729268283	-108.1203097348313
15.48378327297738	-105.9189108948043
15.51135925327193	-103.7474906268762
15.53893523356648	-101.6062414437436
15.56651121386103	-99.49532858752158
15.59408719415558	-97.41489055171714
15.62166317445013	-95.36503963936329
15.64923915474468	-93.34586255438612
15.67681513503923	-91.35742102328612
15.70439111533378	-89.39973237779753
15.73196709562833	-87.47285250598115
15.75954307592288	-85.57675172579253
15.78711905621743	-83.71139834752083
15.81469503651198	-81.87673909386363
15.84227101680653	-80.07269984925149
15.86984699710108	-78.29918642010296
15.89742297739563	-76.55608530353715
15.92499895769018	-74.84326446216356
15.95257493798473	-73.16057410267315
15.98015091827928	-71.50782955719454
16.00772689857383	-69.88488549258751
16.03530287886838	-68.2915252138322
16.06287885916293	-66.72753547938783
16.09045483945748	-65.19268910717309
16.11803081975203	-63.68674573938895
16.14560680004658	-62.20945259805006
16.17318278034113	-60.76054522983735
16.20075876063568	-59.33974823899383
16.22833474093023	-57.94677600709811
16.25591072122478	-56.58131776108467
16.28348670151933	-55.2431024465789
16.31106268181388	-53.93180190836551
16.33863866210843	-52.64709634569089
16.36621464240298	-51.38865905160696
16.39379062269753	-50.15615704039178
16.42136660299208	-48.94925165629338
16.44894258328663	-47.76759916321432
16.47651856358118	-46.61085131503436
16.50409454387573	-45.47865590634391
16.53167052417028	-44.37064426386313
16.55924650446483	-43.28648529769039
16.58682248475938	-42.22580462603937
16.61439846505393	-41.18823915342436
16.64197444534848	-40.17342423978416
16.66955042564303	-39.18099413705998
16.69712640593758	-38.21058240609172
16.72470238623213	-37.26182231406928
16.75227836652668	-36.33434721281649
16.77985434682123	-35.42779089821851
16.80743032711578	-34.54177688094647
16.83500630741033	-33.67596417760682
16.86258228770488	-32.82997848833656
16.89015826799943	-32.00345847240106
16.91773424829398	-31.19604472578619
16.94531022858853	-30.40738003946241
16.97288620888308	-29.63710964138868
17.00046218917763	-28.88488142274309
17.02803816947218	-28.1503461488744
17.05561414976673	-27.43315765547512
17.08319013006128	-26.73296404368984
17.11076611035583	-26.04944476906409
17.13834209065038	-25.38225464595583
17.16591807094493	-24.73106135761024
17.19349405123948	-24.09553640717384
17.22107003153403	-23.47535523906731
17.24864601182858	-22.87019734883648
17.27622199212313	-22.27974638197989
17.30379797241768	-21.70369022224348
17.33137395271223	-21.14172106986423
17.35894993300678	-20.59352830427876
17.38652591330133	-20.05882815394172
17.41410189359588	-19.53731870392442
17.44167787389043	-19.0287099226825
17.46925385418498	-18.5327163303261
17.49682983447953	-18.049057028781
17.52440581477408	-17.57745572475037
17.55198179506863	-17.11764074588115
17.57955777536318	-16.66934505052639
17.60713375565773	-16.23230623148111
17.63470973595228	-15.80626074833489
17.66228571624683	-15.39096761627609
17.68986169654139	-14.98617233991362
17.71743767683594	-14.59163090198157
17.74501365713049	-14.20710384339105
17.77258963742504	-13.83235624019431
17.80016561771959	-13.46715767661289
17.82774159801414	-13.11128221441696
17.85531757830869	-12.76450835892945
17.88289355860324	-12.42661902191712
17.91046953889779	-12.09739685226208
17.93804551919234	-11.77664322146439
17.96562149948689	-11.46414922260916
17.99319747978144	-11.15971490599131
18.02077346007599	-10.86314449109489
18.04834944037054	-10.57424631742672
18.07592542066509	-10.29283279359119
18.10350140095964	-10.01872034479102
18.13107738125419	-9.751729358928898
18.15865336154874	-9.491684131475109
18.18622934184329	-9.23840922861249
18.21380532213784	-8.991744149085193
18.24138130243239	-8.751520864899112
18.26895728272694	-8.517578682532514
18.29653326302149	-8.289760516800019
18.32410924331604	-8.067912832678017
18.35168522361059	-7.851885586685587
18.37926120390514	-7.641532167930221
18.40683718419969	-7.436709338920635
18.43441316449424	-7.237277176242062
18.46198914478879	-7.043096168830132
18.48956512508334	-6.854038843562511
18.51714110537789	-6.669971920697098
18.54471708567244	-6.490768101430425
18.57229306596699	-6.316303097216228
18.59986904626154	-6.14645557238829
18.62744502655609	-5.981107087046384
18.65502100685064	-5.820142040264549
18.68259698714519	-5.663447613676042
18.71017296743974	-5.510913715484811
18.73774894773429	-5.362430704677593
18.76532492802884	-5.217898464162075
18.79290090832339	-5.077212451478408
18.82047688861794	-4.940272900944124
18.84805286891249	-4.806982495134869
18.87562884920704	-4.67724631315439
18.90320482950159	-4.550971779492367
18.93078080979614	-4.428068613498205
18.95835679009069	-4.30844877949589
18.98593277038524	-4.192026437562116
19.01350875067979	-4.078716175032684
19.04108473097434	-3.968440030143739
19.06866071126889	-3.86111668018032
19.09623669156344	-3.756668566364757
19.12381267185799	-3.655020085311321
19.15138865215254	-3.556097544793314
19.17896463244709	-3.45982912019993
19.20654061274164	-3.366144811693052
19.23411659303619	-3.274976402072346
19.26169257333074	-3.186257415355233
19.28926855362529	-3.099921730088893
19.31684453391984	-3.015909073525557
19.34442051421439	-2.934156557474318
19.37199649450894	-2.854604252599335
19.39957247480349	-2.77719377079062
19.42714845509804	-2.70186822862451
19.45472443539259	-2.62857221149625
19.48230041568714	-2.557251738425339
19.50987639598169	-2.48785422753329
19.53745237627624	-2.420328462192323
19.56502835657079	-2.354623516240025
19.59260433686534	-2.290693004223349
19.62018031715989	-2.228488529471411
19.64775629745444	-2.16796399685183
19.67533227774899	-2.109074514293944
19.70290825804354	-2.051776363300516
19.73048423833809	-1.996026970059011
19.75806021863264	-1.941784877148618
19.78563619892719	-1.889009715838557
19.81321217922174	-1.837662178972596
19.84078815951629	-1.787703185062693
19.86836413981084	-1.739097180294718
19.89594012010539	-1.691807046509995
19.92351610039994	-1.645797452079784
19.95109208069449	-1.601033997718223
19.97866806098904	-1.557483193074564
20.00624404128359	-1.515112433833462
20.03382002157814	-1.473889979317797
20.06139600187269	-1.433784930588242
20.08897198216724	-1.394767209033612
20.11654796246179	-1.356806908942032
20.14412394275634	-1.319876853109983
20.17169992305089	-1.283948650915097
20.19927590334544	-1.248995291898204
20.22685188363999	-1.214990484268508
20.25442786393454	-1.181908636541331
20.2820038442291	-1.149724839592494
20.30957982452365	-1.118414849123586
20.3371558048182	-1.087955068532181
20.36473178511275	-1.058322532180859
20.3923077654073	-1.029494404124733
20.41988374570185	-1.001449956166464
20.4474597259964	-0.9741675164127286
20.47503570629095	-0.9476264768466257
20.5026116865855	-0.9218067811841871
20.53018766688005	-0.896688910594345
20.5577636471746	-0.8722538697531427
20.58533962746915	-0.8484831732269299
20.6129156077637	-0.8253588321791462
20.64049158805825	-0.8028633413952233
20.6680675683528	-0.7809792909288082
20.69564354864735	-0.7596908985761923
20.7232195289419	-0.7389816457849555
20.75079550923645	-0.71883583306268
20.778371489531	-0.699238183206071
20.80594746982555	-0.6801738302666913
20.8335234501201	-0.6616283087807114
20.86109943041465	-0.6435875432581597
20.8886754107092	-0.6260378379270829
20.91625139100375	-0.6089658667279964
20.9438273712983	-0.592358373595549
20.97140335159285	-0.5762033552450651
20.9989793318874	-0.5604882365670671
21.02655531218195	-0.5452010711381233
21.0541312924765	-0.5303302350131768
21.08170727277105	-0.5158644182393562
21.1092832530656	-0.5017926165760861
21.13685923336015	-0.4881041234177649
21.1644352136547	-0.4747885219152505
21.19201119394925	-0.4618356772923691
21.2195871742438	-0.4492355048914689
21.24716315453835	-0.4369788858644783
21.2747391348329	-0.4250562547421459
21.30231511512745	-0.4134585288739889
21.329891095422	-0.4021768714414081
21.35746707571655	-0.3912026849545958
21.3850430560111	-0.3805276049093196
21.41261903630565	-0.3701434936005925
21.4401950166002	-0.3600424340902121
21.46777099689475	-0.3502167243251518
21.4953469771893	-0.3406586980850933
21.52292295748385	-0.3313614320866895
21.5504989377784	-0.3223176554215224
21.57807491807295	-0.3135204672795171
21.6056508983675	-0.3049631540092506
21.63322687866205	-0.2966391841476518
21.6608028589566	-0.2885422035728953
21.68837883925115	-0.2806660307781231
21.7159548195457	-0.2730046522636201
21.74353079984025	-0.26555221804507
21.7711067801348	-0.2583029033211471
21.79868276042935	-0.2512514550362744
21.8262587407239	-0.2443923490472605
21.85383472101845	-0.2377203449023541
21.881410701313	-0.231230344497554
21.90898668160755	-0.2249173882855132
21.9365626619021	-0.218776651578943
21.96413864219665	-0.2128034409466748
21.9917146224912	-0.2069931907005327
22.01929060278575	-0.2013414594711681
22.0468665830803	-0.1958438233677886
22.07444256337485	-0.1904962983396319
22.1020185436694	-0.1852946889805311
22.12959452396395	-0.1802350172399089
22.1571705042585	-0.1753134132516667
22.18474648455305	-0.1705261124468967
22.2123224648476	-0.1658694527388478
22.23989844514215	-0.1613398717787231
22.2674744254367	-0.1569339042808837
22.29505040573125	-0.152648179416035
22.3226263860258	-0.1484793384332021
22.35020236632035	-0.1444243604849093
22.3777783466149	-0.1404800603523887
22.40535432690945	-0.136643419170502
22.432930307204	-0.1329115002478619
22.46050628749855	-0.1292814468703609
22.4880822677931	-0.1257504801598115
22.51565824808765	-0.1223158969866092
22.5432342283822	-0.1189750679353225
22.57081020867675	-0.1157254353221193
22.5983861889713	-0.1125644495713753
22.62596216926585	-0.1094898210152249
22.6535381495604	-0.1064991318087145
22.68111412985495	-0.1035900915149359
22.7086901101495	-0.1007604720863168
22.73626609044405	-0.09800810619515565
22.7638420707386	-0.0953308856061139
22.79141805103315	-0.0927267595898334
22.8189940313277	-0.09019373337684418
22.84657001162225	-0.08772986665092979
22.87414599191681	-0.08533322438691993
22.90172197221136	-0.08300207154427998
22.92929795250591	-0.08073457305809287
22.95687393280046	-0.07852899145979111
22.98444991309501	-0.07638363663319071
23.01202589338956	-0.07429686454645264
23.03960187368411	-0.07226707601593939
23.06717785397866	-0.0702927155013327
23.09475383427321	-0.0683722699313791
23.12232981456776	-0.06650426755962936
23.14990579486231	-0.06468724007738953
23.17748177515686	-0.062919872738796
23.20505775545141	-0.06120077307009961
23.23263373574596	-0.05952862325105716
23.26020971604051	-0.05790214139213408
23.28778569633506	-0.05632008057181905
23.31536167662961	-0.05478122789816051
23.34293765692416	-0.05328440359404608
23.37051363721871	-0.05182846010574323
23.39808961751326	-0.05041228123422072
23.42566559780781	-0.04903475289259768
23.45324157810236	-0.04769487905004796
23.48081755839691	-0.04639160313781742
23.50839353869146	-0.04512392573527468
23.53596951898601	-0.04389087468036271
23.56354549928056	-0.04269150433902417
23.59112147957511	-0.04152489489300708
23.61869745986966	-0.04039015164568683
23.64627344016421	-0.03928640434554151
23.67384942045876	-0.03821280652691571
23.70142540075331	-0.03716851293516098
23.72900138104786	-0.03615276909024913
23.75657736134241	-0.03516477335540342
23.78415334163696	-0.03420376784600097
23.81172932193151	-0.03326901535374752
23.83930530222606	-0.03235979879241962
23.86688128252061	-0.03147542065754372
23.89445726281516	-0.03061520249973873
23.92203324310971	-0.02977848441144657
23.94960922340426	-0.02896462452677599
23.97718520369881	-0.02817298160918927
24.00476118399336	-0.02740298417445781
24.03233716428791	-0.02665402405905452
24.05991314458246	-0.02592552658090968
24.08748912487701	-0.02521693273963873
24.11506510517156	-0.0245276987961405
24.14264108546611	-0.02385729586275889
24.17021706576066	-0.02320520950380182
24.19779304605521	-0.02257093934620967
24.22536902634976	-0.02195399870016565
24.25294500664431	-0.02135390111382869
24.28052098693886	-0.02077021378181753
24.30809696723341	-0.0202024753264682
24.33567294752796	-0.01965025000787697
24.36324892782251	-0.01911311397854592
24.39082490811706	-0.01859065496457213
24.41840088841161	-0.01808247195484001
24.44597686870616	-0.01758817489806124
24.47355284900071	-0.01710738440750594
24.50112882929526	-0.01663973147326843
24.52870480958981	-0.01618484709588196
24.55628078988436	-0.0157424034882404
24.58385677017891	-0.01531205065973493
24.61143275047346	-0.01489345823621365
24.63900873076801	-0.01448630486163509
24.66658471106256	-0.01409027795632755
24.69416069135711	-0.01370507348131059
24.72173667165166	-0.01333039570856122
24.74931265194621	-0.01296595699710715
24.77688863224076	-0.01261147757482924
24.80446461253531	-0.01226667752740746
24.83204059282986	-0.01193130865943155
24.85961657312441	-0.01160510546557331
24.88719255341896	-0.01128781746940057
24.91476853371351	-0.010979201032523
24.94234451400806	-0.01067901917131705
24.96992049430261	-0.01038704137824099
24.99749647459716	-0.01010304344765158
25.02507245489171	-0.009826807306034208
25.05264843518626	-0.009558120846557324
25.08022441548081	-0.009296771759772459
25.10780039577536	-0.009042572082602691
25.13537637606991	-0.008795320427960423
25.16295235636446	-0.008554826901617933
25.19052833665901	-0.008320906794123808
25.21810431695356	-0.008093380441859392
25.24568029724811	-0.00787207309157037
25.27325627754266	-0.00765681476830739
25.30083225783721	-0.007447440146709165
25.32840823813176	-0.007243788425561071
25.35598421842631	-0.007045698553717726
25.38356019872086	-0.006853028240003434
25.41113617901541	-0.006665624711440431
25.43871215930996	-0.006483344007850576
25.46628813960452	-0.006306046100058872
25.49386411989907	-0.006133594784572784
25.52144010019362	-0.005965857580891821
25.54901608048817	-0.005802705631397645
25.57659206078272	-0.005644013603774587
25.60416804107727	-0.005489659595910535
25.63174402137182	-0.005339521449574313
25.65932000166637	-0.005193491437712779
25.68689598196092	-0.005051453676140977
25.71447196225547	-0.004913299030729162
25.74204794255002	-0.004778921347663617
25.76962392284457	-0.004648217373617286
25.79719990313912	-0.004521086677910762
25.82477588343367	-0.004397431576626351
25.85235186372822	-0.004277157058637747
25.87992784402277	-0.004160170713517443
25.90750382431732	-0.004046379896099172
25.93507980461187	-0.003935703028826162
25.96265578490642	-0.003828052221915653
25.99023176520097	-0.003723344744814718
26.01780774549552	-0.003621500126480186
26.04538372579007	-0.003522440094868587
26.07295970608462	-0.003426088517932599
26.10053568637917	-0.003332371346095882
26.12811166667372	-0.003241216556178267
26.15568764696827	-0.00315255409674273
26.18326362726282	-0.003066313699980996
26.21083960755737	-0.002982433608547617
26.23841558785192	-0.002900847158667682
26.26599156814647	-0.002821491637288917
26.29356754844102	-0.002744306044319367
26.32114352873557	-0.002669231046763855
26.34871950903012	-0.002596208934000595
26.37629548932467	-0.002525183574177025
26.40387146961922	-0.002456100371703632
26.43144744991377	-0.002388906225824391
26.45902343020832	-0.002323547832694616
26.48659941050287	-0.002259978462099597
26.51417539079742	-0.002198147540997209
26.54175137109197	-0.00213800753153653
26.56932735138652	-0.002079512194414694
26.59690333168107	-0.002022616554121962
26.62447931197562	-0.001967276865048975
26.65205529227017	-0.001913450578440523
26.67963127256472	-0.001861096310179977
26.70720725285927	-0.001810173809388365
26.73478323315382	-0.001760642658547391
26.76235921344837	-0.001712467462993998
26.78993519374292	-0.001665609875158479
26.81751117403747	-0.001620033861305801
26.84508715433202	-0.001575704372107034
26.87266313462657	-0.001532587316296589
26.90023911492112	-0.001490649534982291
26.92781509521567	-0.001449858776596403
26.95539107551022	-0.001410183672475708
26.98296705580477	-0.001371593713058524
27.01054303609932	-0.001334058243186971
27.03811901639387	-0.001297550475115867
27.06569499668842	-0.001262041322751864
27.09327097698297	-0.001227503473292373
27.12084695727752	-0.001193910360128616
27.14842293757207	-0.001161236142888266
27.17599891786662	-0.001129455687970801
27.20357489816117	-0.001098544549567045
27.23115087845572	-0.001068478951154067
27.25872685875027	-0.00103923576745653
27.28630283904482	-0.001010791745824656
27.31387881933937	-0.000983126618584449
27.34145479963392	-0.0009562183214311904
27.36903077992847	-0.0009300461521875459
27.39660676022302	-0.0009045899743255699
27.42418274051757	-0.0008798302018414089
27.45175872081212	-0.0008557477845031999
27.47933470110667	-0.0008323241934656109
27.50691068140122	-0.0008095414072443692
27.53448666169577	-0.0007873818980440488
27.56206264199032	-0.0007658280427432381
27.58963862228487	-0.0007448644777694835
27.61721460257942	-0.0007244744801952768
27.64479058287397	-0.0007046423589286034
27.67236656316852	-0.0006853528516566937
27.69994254346307	-0.0006665911133822527
27.72751852375762	-0.0006483427052423137
27.75509450405217	-0.0006305935836047435
27.78267048434672	-0.0006133300894373172
27.81024646464127	-0.0005965389379442642
27.83782244493582	-0.0005802067476469865
27.86539842523037	-0.0005643219246318015
27.89297440552492	-0.0005488717703108543
27.92055038581947	-0.0005338443923212918
27.94812636611402	-0.000519228223742999
27.97570234640857	-0.0005050120163778549
28.00327832670312	-0.0004911849271718708
28.03085430699767	-0.0004777359528190311
28.05843028729223	-0.0004646551491032646
28.08600626758678	-0.0004519322873244523
28.11358224788133	-0.0004395572380568792
28.14115822817588	-0.0004275211995494624
28.16873420847043	-0.0004158145565526665
28.19631018876498	-0.000404428295592524
28.22388616905953	-0.0003933536495056111
28.25146214935408	-0.0003825820908263452
28.27903812964863	-0.0003721053252851834
28.30661410994318	-0.0003619152852912489
28.33419009023773	-0.0003520041227390217
28.36176607053228	-0.0003423641943190788
28.38934205082683	-0.0003329878879759528
28.41691803112138	-0.0003238684531422474
28.44449401141593	-0.000314998629059474
28.47206999171048	-0.0003063715845864171
28.49964597200503	-0.000297980675295404
28.52722195229958	-0.0002898194384857708
28.55479793259413	-0.0002818815883190416
28.58237391288868	-0.0002741610110736798
28.60994989318323	-0.0002666517605171817
28.63752587347778	-0.0002593480533931574
28.66510185377233	-0.0002522439887870781
28.69267783406688	-0.000245334669419828
28.72025381436143	-0.0002386145008622721
28.74782979465598	-0.0002320783090378128
28.77540577495053	-0.0002257210629445995
28.80298175524508	-0.0002195378721799417
28.83055773553963	-0.0002135239861106379
28.85813371583418	-0.000207674797389866
28.88570969612873	-0.000201985859667479
28.91328567642328	-0.0001964529682481055
28.94086165671783	-0.0001910666664183684
28.96843763701238	-0.000185832565090006
28.99601361730693	-0.0001807415427158885
29.02358959760148	-0.000175789815871351
29.05116557789603	-0.0001709736188925519
29.07874155819058	-0.0001662892626275274
29.10631753848513	-0.0001617331485227796
29.13389351877968	-0.0001573017718462119
29.16146949907423	-0.0001529917215010171
29.18904547936878	-0.0001487996785897872
29.21662145966333	-0.0001447222616950315
29.24419743995788	-0.0001407566561836365
29.27177342025243	-0.0001368996440614167
29.29934940054698	-0.0001331482522164958
29.32692538084153	-0.000129499588828826
29.35450136113608	-0.0001259508412015276
29.38207734143063	-0.0001224992736450689
29.40965332172518	-0.0001191422254133936
29.43722930201973	-0.0001158771086910924
29.46480528231428	-0.0001127014066307026
29.49238126260883	-0.0001096125740740654
29.51995724290338	-0.0001066084360514862
29.54753322319793	-0.0001036865763969968
29.57510920349248	-0.0001008447421345021
29.60268518378703	-9.808074189448028e-05
29.63026116408158	-9.539244427162094e-05
29.65783714437613	-9.277777622225152e-05
29.68541312467068	-9.023472150092879e-05
29.71298910496523	-8.776131913555592e-05
29.74056508525978	-8.535566194036026e-05
29.76814106555433	-8.301581969028732e-05
29.79571704584888	-8.074014765589767e-05
29.82329302614343	-7.852681331217763e-05
29.85086900643798	-7.637410944142733e-05
29.87844498673253	-7.428037551444743e-05
29.90602096702708	-7.224399644639652e-05
29.93359694732163	-7.026340138272201e-05
29.96117292761618	-6.833706251469341e-05
29.98874890791073	-6.646349392406416e-05
30.01632488820528	-6.464125045636429e-05
30.04390086849983	-6.286886835825156e-05
30.07147684879438	-6.11451038002962e-05
30.09905282908893	-5.946856702162805e-05
30.12662880938348	-5.783796440309203e-05
30.15420478967803	-5.625203770695045e-05
30.18178076997258	-5.470956313439566e-05
30.20935675026713	-5.320935040575844e-05
30.23693273056168	-5.175024186305641e-05
30.26450871085623	-5.033111159451264e-05
30.29208469115078	-4.895086458065784e-05
30.31966067144533	-4.760837913747899e-05
30.34723665173988	-4.630273754756467e-05
30.37481263203443	-4.503287589806206e-05
30.40238861232898	-4.379781453754264e-05
30.42996459262353	-4.259660090370721e-05
30.45754057291808	-4.142830903735023e-05
30.48511655321263	-4.029203937987958e-05
30.51269253350718	-3.918691930586224e-05
30.54026851380173	-3.811210599731069e-05
30.56784449409628	-3.706679930722281e-05
30.59542047439083	-3.604929081941465e-05
30.62299645468539	-3.506046833975356e-05
30.65057243497994	-3.409872310976693e-05
30.67814841527449	-3.316332686693929e-05
30.70572439556904	-3.225356310134578e-05
30.73330037586359	-3.136873204048527e-05
30.76087635615814	-3.050815185950869e-05
30.78845233645269	-2.967115883500377e-05
30.81602831674724	-2.885710713815842e-05
30.84360429704179	-2.806536848936714e-05
30.87118027733634	-2.729521965039943e-05
30.89875625763089	-2.654628871648122e-05
30.92633223792544	-2.581789157611755e-05
30.95390821821999	-2.510946540014478e-05
30.98148419851454	-2.442046301165893e-05
31.00906017880909	-2.375034999374361e-05
31.03663615910364	-2.30986117590452e-05
31.06421213939819	-2.246474267710264e-05
31.09178811969274	-2.184825319827506e-05
31.11936409998729	-2.124866697289806e-05
31.14694008028184	-2.066555693285873e-05
31.17451606057639	-2.009839213781949e-05
31.20209204087094	-1.954677889463737e-05
31.22966802116549	-1.901029074578348e-05
31.25724400146004	-1.848851282131156e-05
31.28481998175459	-1.798104146929333e-05
31.31239596204914	-1.748748383067413e-05
31.33997194234369	-1.700745726384505e-05
31.36754792263824	-1.654058831740871e-05
31.39512390293279	-1.608651004289909e-05
31.42269988322734	-1.564520688010867e-05
31.45027586352189	-1.521566424428759e-05
31.47785184381644	-1.479792666115566e-05
31.50542782411099	-1.439165578006388e-05
31.53300380440554	-1.399653229430557e-05
31.56057978470009	-1.361224846372106e-05
31.58815576499464	-1.323850604378032e-05
31.61573174528919	-1.28750154417213e-05
31.64330772558374	-1.252149524848937e-05
31.67088370587829	-1.2177671911678e-05
31.69845968617284	-1.184327947054847e-05
31.72603566646739	-1.151805932254767e-05
31.75361164676194	-1.120176000810766e-05
31.78118762705649	-1.08941370074884e-05
31.80876360735104	-1.059495254648746e-05
31.83633958764559	-1.030397540928645e-05
31.86391556794014	-1.002098075742805e-05
31.89149154823469	-9.745749954299622e-06
31.91906752852924	-9.478070394709013e-06
31.94664350882379	-9.217735339260377e-06
31.97421948911834	-8.96454375330732e-06
32.00179546941289	-8.718300150306162e-06
32.02937144970744	-8.478814439418632e-06
32.05694743000199	-8.245901777231987e-06
32.08452341029654	-8.019382423476401e-06
32.11209939059109	-7.799081600627603e-06
32.13967537088564	-7.584829357289512e-06
32.16725135118019	-7.376460435255387e-06
32.19482733147474	-7.17381414015004e-06
32.22240331176929	-6.976734215558445e-06
