0
1000	105.6583745	100000000000000.1
5	0	0	1
5	0	0	0
4.673998997513734	108.64210589808
4.701574977808284	406.2470619898108
4.729150958102834	821.6135723433669
4.756726938397384	1363.842382456896
4.784302918691934	2038.816470727441
4.811878898986484	2850.143330811273
4.839454879281035	3799.871379699677
4.867030859575585	4889.010891626003
4.894606839870135	6117.904204252293
4.922182820164685	7486.485429737095
4.949758800459235	8994.461110739176
4.977334780753785	10641.43498521461
5.004910761048335	12426.99346001235
5.032486741342885	14350.76353462029
5.060062721637435	16412.45143387573
5.087638701931986	18611.86775012708
5.115214682226536	20948.94317134518
5.142790662521086	23423.73766479153
5.170366642815636	26036.44514014152
5.197942623110186	28787.39502193431
5.225518603404736	31677.05174256567
5.253094583699286	34706.01287108588
5.280670563993836	37875.00638303617
5.308246544288386	41184.88742706533
5.335822524582936	44636.63483751404
5.363398504877487	48231.34756584919
5.390974485172037	51970.24114936258
5.418550465466587	55854.6442965047
5.446126445761137	59885.99564037247
5.473702426055687	64065.84069202926
5.501278406350237	68396.16724471765
5.528854386644787	72878.93150396561
5.556430366939337	77515.0184945237
5.584006347233887	82306.6509155658
5.611582327528438	87256.21705065189
5.639158307822988	92365.20731779834
5.666734288117538	97635.50672009152
5.694310268412088	103070.5340677693
5.721886248706638	108672.0111010442
5.749462229001188	114442.3477321591
5.777038209295738	120384.802218048
5.804614189590288	126501.5396718491
5.832190169884838	132795.9591710086
5.859766150179389	139270.4512008425
5.887342130473939	145928.0858883919
5.914918110768489	152773.1444398978
5.942494091063039	159807.3486808104
5.970070071357589	167035.2361550807
5.997646051652139	174459.9594266137
6.025222031946689	182085.2139245765
6.052798012241239	189914.9973914965
6.080373992535789	197953.1700772329
6.107949972830339	206203.5479668568
6.13552595312489	214670.6805461087
6.16310193341944	223358.3381883982
6.19067791371399	232271.635010396
6.21825389400854	241415.0936566027
6.24582987430309	250793.3693848514
6.27340585459764	260378.2149733272
6.30098183489219	270272.9858838257
6.32855781518674	280384.9559517087
6.35613379548129	290751.7191681566
6.383709775775841	301379.7448800184
6.411285756070391	312274.0648150521
6.438861736364941	323439.7256939579
6.466437716659491	334883.8449611364
6.494013696954041	346611.5892205545
6.521589677248591	358630.6537754312
6.549165657543141	370946.6884360291
6.576741637837691	383565.420067355
6.604317618132241	396494.7319208793
6.631893598426791	409716.0155854981
6.659469578721342	423312.5395652246
6.687045559015892	437216.3209246618
6.714621539310442	451456.0079479397
6.742197519604992	466047.6146005114
6.769773499899542	480993.6850596623
6.797349480194092	496302.8768391229
6.824925460488642	511982.854745811
6.852501440783192	528048.0382187432
6.880077421077742	544500.9862644712
6.907653401372293	561351.9053042965
6.935229381666843	578612.1356650675
6.962805361961393	596289.4982370989
6.990381342255943	614365.14475648
7.017957322550493	632938.2637321879
7.045533302845043	651931.5636430711
7.073109283139593	671385.4063231401
7.100685263434143	691304.9504083692
7.128261243728693	711707.1601330043
7.155837224023244	732603.8351199757
7.183413204317794	754003.8520291742
7.210989184612344	775921.8095534889
7.238565164906894	780434.9848433436
7.266141145201444	821358.0401422983
7.293717125495994	844902.5434615759
7.321293105790544	869016.5625826333
7.348869086085094	893711.0333996981
7.376445066379644	919001.5913983787
7.404021046674194	944908.0503177715
7.431597026968745	971436.969257305
7.459173007263295	998609.7889032192
7.486748987557845	1026437.003604514
7.514324967852395	1054935.738998924
7.541900948146945	1084129.437005996
7.569476928441495	1114025.725331706
7.597052908736045	1144640.735716644
7.624628889030595	1176006.611674024
7.652204869325145	1195659.62806229
7.679780849619696	1241025.112397686
7.707356829914246	1274720.314641193
7.734932810208796	1308320.584878348
7.762508790503346	1344568.636496557
7.790084770797896	1380738.470124797
7.817660751092446	1404695.592943134
7.845236731386996	1455844.882981483
7.872812711681546	1494760.824684967
7.900388691976096	1534633.63730472
7.927964672270646	1575476.620065677
7.955540652565197	1617328.713945411
7.983116632859747	1647137.816499782
8.010692613154298	1704085.085010464
8.038268593448848	1749085.787809778
8.065844573743398	1795242.3212467
8.093420554037948	1842493.361664494
8.120996534332498	1890913.651036335
8.148572514627048	1940630.550829026
8.176148494921598	1991547.49328346
8.203724475216148	2043772.293327403
8.231300455510699	2097267.415493512
8.258876435805249	2152090.203852818
8.286452416099799	2208377.500276699
8.314028396394349	2266036.907141372
8.341604376688899	2325217.070903989
8.369180356983449	2385801.201448933
8.396756337277999	2448031.346993812
8.424332317572549	2511746.909282119
8.451908297867099	2550816.27662633
8.47948427816165	2644240.34668576
8.5070602584562	2713054.702894644
8.53463623875075	2783559.62760872
8.5622122190453	2855496.490683588
8.58978819933985	2929823.408925049
8.6173641796344	3005805.249431743
8.64494015992895	3083391.017272216
8.6725161402235	3163867.125942871
8.70009212051805	3245612.763391964
8.7276681008126	3330314.907673438
8.755244081107151	3416644.14157367
8.782820061401701	3505764.744500596
8.810396041696251	3596533.940600447
8.837972021990801	3690365.157479459
8.865548002285351	3785986.979793528
8.893123982579901	3884797.778190177
8.920699962874451	3985777.596404454
8.948275943169001	4089876.040726757
8.975851923463551	4195880.972396553
9.003427903758102	4305656.660868038
9.031003884052652	4418100.632946423
9.058579864347202	4533061.998806963
9.086155844641752	4651651.850396136
9.113731824936302	4772888.860592212
9.141307805230852	4897825.802325918
9.168883785525402	5025286.135795967
9.196459765819952	5157053.540627391
9.224035746114502	5292228.56434844
9.251611726409052	5430333.343516206
9.279187706703603	5572847.013190082
9.306763686998153	5718629.036008447
9.334339667292703	5868744.2551227
9.361915647587253	6003244.653649633
9.389491627881803	6180520.310127831
9.417067608176353	6342977.642474949
9.444643588470903	6509131.781493716
9.472219568765453	6680558.964233493
9.499795549060003	6856417.375364859
9.527371529354554	7036646.178829812
9.554947509649104	7222085.358913618
9.582523489943654	7412381.770184127
9.610099470238204	7607348.388400236
9.637675450532754	7808159.446081073
9.665251430827304	8013571.793464658
9.692827411121854	8225397.548689431
9.720403391416404	8442842.502415106
9.747979371710954	8665618.898412233
9.775555352005505	8894930.587949218
9.803131332300055	9130439.636156766
9.830707312594605	9371354.209083959
9.858283292889155	9619840.571195811
9.885859273183705	9874847.650124019
9.913435253478255	10136708.86798647
9.941011233772805	10405008.34783857
9.968587214067355	10681208.96806599
9.996163194361905	10964872.75426655
10.02373917465646	11255041.04593965
10.05131515495101	11555086.7131249
10.07889113524556	11862294.49639677
10.10646711554011	12177072.62414275
10.13404309583466	12501423.50877333
10.16161907612921	12834389.99696386
10.18919505642376	13176194.52477768
10.21677103671831	13526699.56726222
10.24434701701286	13887521.86129311
10.27192299730741	14258043.45692009
10.29949897760196	14638032.34187656
10.32707495789651	15028869.21969333
10.35465093819106	15430352.71382437
10.38222691848561	15842739.31185081
10.40980289878016	16265397.13798524
10.43737887907471	16700471.25820079
10.46495485936926	17147347.71343632
10.49253083966381	17606318.85029319
10.52010681995836	18036179.16630606
10.54768280025291	18561307.62471485
10.57525878054746	19058622.61486264
10.60283476084201	19569573.50231088
10.63041074113656	20093855.42691776
10.65798672143111	20632999.73493215
10.68556270172566	21186669.16666134
10.71313868202021	21755446.14338786
10.74071466231476	22338806.19113721
10.76829064260931	22939168.0514356
10.79586662290386	23555756.19211406
10.82344260319841	24188969.24407858
10.85101858349296	24839512.15931059
10.87859456378751	25507075.55233561
10.90617054408206	26193599.81277161
10.93374652437661	26898790.08269186
10.96132250467116	27623188.27342822
10.98889848496571	28366676.37485718
11.01647446526026	29131186.34741179
11.04405044555481	29916434.75615698
11.07162642584936	30723114.15136388
11.09920240614391	31551769.81290103
11.12677838643846	32402074.38462981
11.15435436673301	33276739.45340473
11.18193034702756	34175165.03756079
11.20950632732211	35098063.2603381
11.23708230761666	36046183.97923643
11.26465828791121	37019281.07010818
11.29223426820576	38019910.82219765
11.31981024850031	39047860.55657239
11.34738622879486	40103912.90292449
11.37496220908941	41188712.23414153
11.40253818938396	42302576.60041666
11.43011416967851	43447569.06592686
11.45769014997306	44623676.35534262
11.48526613026761	45832082.07902504
11.51284211056216	47073436.95245393
11.54041809085671	48347718.00837117
11.56799407115126	49658143.02837072
11.59557005144581	51004251.66333782
11.62314603174036	52387056.94405034
11.65072201203491	53807684.64595408
11.67829799232946	55267311.40116207
11.70587397262401	56765873.35957462
11.73344995291856	58306576.48813357
11.76102593321311	59889429.28323708
11.78860191350766	61515489.88691765
11.81617789380221	63185968.80465024
11.84375387409676	64902256.11499585
11.87132985439131	66664960.824448
11.89890583468586	68476689.36713141
11.92648181498041	70337944.60714814
11.95405779527496	72250163.13036995
11.98163377556951	74214755.15716462
12.00920975586406	76233001.24155131
12.03678573615861	78305773.76921116
12.06436171645316	80436511.78240122
12.09193769674771	82594619.27557445
12.11951367704226	84874633.95782727
12.14708965733681	87185317.00446258
12.17466563763136	89559329.1928422
12.20224161792591	91997328.76138455
12.22981759822046	94503381.52085082
12.25739357851501	97078277.68835458
12.28496955880956	99723748.73066029
12.31254553910411	102441761.1186462
12.34012151939866	105234329.416053
12.36769749969321	108103519.8193406
12.39527347998776	111050714.2459041
12.42284946028231	114079645.092169
12.45042544057686	117191570.2681681
12.47800142087141	120388982.9249988
12.50557740116597	123674172.7210478
12.53315338146052	127049586.0949074
12.56072936175507	130517581.5777496
12.58830534204962	134079687.6677404
12.61588132234417	137740941.2292907
12.64345730263872	141502835.3382438
12.67103328293327	145367775.2613801
12.69860926322782	149339109.4456638
12.72618524352237	153419392.5016399
12.75376122381692	157611784.4824054
12.78133720411147	161919393.675269
12.80891318440602	166344341.2898162
12.83648916470057	170892138.175584
12.86406514499512	175564823.9705431
12.89164112528967	180365970.711954
12.91921710558422	185298844.5159242
12.94679308587877	190367479.5633768
12.97436906617332	195575473.2465537
13.00194504646787	200925758.8221561
13.02952102676242	206424251.4951677
13.05709700705697	212073850.0319189
13.08467298735152	217878807.6058153
13.11224896764607	223843294.7969741
13.13982494794062	229971836.1290848
13.16740092823517	236268907.511233
13.19497690852972	242716369.4346723
13.22255288882427	249387353.3568533
13.25012886911882	256217386.9894309
13.27770484941337	263236765.7802719
13.30528082970792	270449052.2524166
13.33285681000247	277859702.8480979
13.36043279029702	285474301.3452705
13.38800877059157	293298375.689162
13.41558475088612	301337770.9836012
13.44316073118067	309598371.911698
13.47073671147522	318084701.4415489
13.49831269176977	326806629.7663332
13.52588867206432	335768388.051766
13.55346465235887	344976732.3743427
13.58104063265342	354438521.0343152
13.60861661294797	364160639.0992986
13.63619259324252	374150440.6548853
13.66376857353707	384415193.1584058
13.69134455383162	394962547.6668121
13.71892053412617	405800326.9257665
13.74649651442072	416935407.5344
13.77407249471527	428378217.3182275
13.80164847500982	440135983.7225304
13.82922445530437	452217485.1081017
13.85680043559892	464631558.2475924
13.88437641589347	477383122.4481748
13.91195239618802	490494548.2370163
13.93952837648257	503962572.1842219
13.96710435677712	517801514.1021115
13.99468033707167	532021447.9551735
14.02225631736622	546631772.5089791
14.04983229766077	561645839.4684947
14.07740827795532	577073232.7417656
14.10498425824987	592925543.2996453
14.13256023854442	609214417.3303345
14.16013621883897	625951843.1952591
14.18771219913352	643150162.5783737
14.21528817942807	660822203.8882704
14.24286415972262	678980882.7874743
14.27044014001717	697639681.7556434
14.29801612031172	716810980.10194
14.32559210060627	736511904.586449
14.35316808090082	756755396.5526626
14.38074406119537	777556401.9711653
14.40832004148992	798930066.0085529
14.43589602178447	820892592.4938017
14.46347200207902	843460080.4533507
14.49104798237357	866649025.6746664
14.51862396266812	890476667.4725754
14.54619994296267	914960628.4838711
14.57377592325722	940118935.4145542
14.60135190355177	965969245.240962
14.62892788384632	992532744.7532014
14.65650386414087	1019827811.089345
14.68407984443542	1047838190.727572
14.71165582472997	1076693936.308421
14.73923180502452	1106307125.990917
14.76680778531907	1136735951.015605
14.79438376561362	1168002686.5747
14.82195974590817	1200130874.841324
14.84953572620272	1233144027.278494
14.87711170649727	1267066550.085198
14.90468768679182	1301923468.516941
14.93226366708637	1337739097.14308
14.95983964738092	1374543034.973533
14.98741562767547	1412360656.32282
15.01499160797002	1451220040.397704
15.04256758826457	1491149815.397037
15.07014356855912	1532179389.848939
15.09771954885368	1574339230.820949
15.12529552914823	1617660402.440552
15.15287150944278	1662174971.958122
15.18044748973733	1707915700.128155
15.20802347003188	1754916537.135157
15.23559945032643	1803212043.791041
15.26317543062098	1852836390.463883
15.29075141091553	1903829887.157378
15.31832739121008	1956228034.127712
15.34590337150463	2010069643.147228
15.37347935179918	2065394355.445297
15.40105533209373	2122243138.624936
15.42863131238828	2180658128.341646
15.45620729268283	2240682450.696376
15.48378327297738	2302360305.521594
15.51135925327193	2365737321.097947
15.53893523356648	2430860356.237628
15.56651121386103	2497777492.0316
15.59408719415558	2566538281.593647
15.62166317445013	2637193233.646492
15.64923915474468	2709793918.070405
15.67681513503923	2784396141.129717
15.70439111533378	2861053527.983274
15.73196709562833	2939822880.742821
15.75954307592288	3020762484.358746
15.78711905621743	3103932021.72397
15.81469503651198	3189393019.885536
15.84227101680653	3277208616.201779
15.86984699710108	3367443707.380704
15.89742297739563	3460164975.424135
15.92499895769018	3555441019.58936
15.95257493798473	3653342079.474203
15.98015091827928	3753940594.768365
16.00772689857383	3857310983.556252
16.03530287886838	3963527593.976518
16.06287885916293	4072673050.879
16.09045483945748	4184825635.543706
16.11803081975203	4300068529.338023
16.14560680004658	4418486794.217861
16.17318278034113	4540167956.60807
16.20075876063568	4665201947.612294
16.22833474093023	4793681179.038264
16.25591072122478	4925700695.304957
16.28348670151933	5061357933.541669
16.31106268181388	5200753180.21901
16.33863866210843	5343989452.441166
16.36621464240298	5491172726.620658
16.39379062269753	5642411825.384527
16.42136660299208	5797818379.786239
16.44894258328663	5957507286.267937
16.47651856358118	6121594924.295503
16.50409454387573	6290206235.656797
16.53167052417028	6463463713.223313
16.55924650446483	6641495663.924226
16.58682248475938	6824433467.879462
16.61439846505393	7012412712.271125
16.64197444534848	7205572106.027057
16.66955042564303	7404054431.656353
16.69712640593758	7608006504.633321
16.72470238623213	7817579031.126034
16.75227836652668	8032926960.454872
16.77985434682123	8254209625.314666
16.80743032711578	8481590332.422283
16.83500630741033	8715237386.318598
16.86258228770488	8955323406.180399
16.89015826799943	9202025977.764328
16.91773424829398	9455527441.502314
16.94531022858853	9716014181.082659
16.97288620888308	9983681070.214472
17.00046218917763	10258724705.07703
17.02803816947218	10541348440.24739
17.05561414976673	10831761312.46317
17.08319013006128	11130177992.60558
17.11076611035583	11436819164.90494
17.13834209065038	11751911253.9325
17.16591807094493	12075687767.98214
17.19349405123948	12408387856.8188
17.22107003153403	12750257586.73393
17.24864601182858	13101549549.04272
17.27622199212313	13462523613.38272
17.30379797241768	13833446654.22458
17.33137395271223	14214593073.49302
17.35894993300678	14606244568.80792
17.38652591330133	15008690829.09822
17.41410189359588	15422229377.83498
17.44167787389043	15847164194.32013
17.46925385418498	16283813507.09789
17.49682983447953	16732498007.80337
17.52440581477408	17193549505.12217
17.55198179506863	17667219348.93642
17.57955777536318	18154126783.18148
17.60713375565773	18654363005.93017
17.63470973595228	19168387462.22355
17.66228571624683	19696580532.44087
17.68986169654139	20239332039.09643
17.71743767683594	20797044688.93655
17.74501365713049	21370129768.48206
17.77258963742504	21959011885.24661
17.80016561771959	22564126372.1547
17.82774159801414	23185920627.99241
17.85531757830869	23824854363.54812
17.88289355860324	24481400692.66149
17.91046953889779	25156044739.66078
17.93804551919234	25849285557.39031
17.96562149948689	26561636023.39937
17.99319747978144	27293621089.52154
18.02077346007599	28045785555.77549
18.04834944037054	28818685325.79246
18.07592542066509	29612890346.82042
18.10350140095964	30428988720.73954
18.13107738125419	31267584033.43984
18.15865336154874	32129296763.27294
18.18622934184329	33014764750.53245
18.21380532213784	33924584380.57826
18.24138130243239	34859600536.41188
18.26895728272694	35820334648.28222
18.29653326302149	36807553702.55301
18.32410924331604	37821988005.48148
18.35168522361059	38864388033.52418
18.37926120390514	39935524914.23056
18.40683718419969	41036190848.20893
18.43441316449424	42167200417.63715
18.46198914478879	43329383463.62
18.48956512508334	44523619902.17309
18.51714110537789	45750773019.37354
18.54471708567244	47011759118.89761
18.57229306596699	48307504662.68842
18.59986904626154	49638975969.39603
18.62744502655609	51007155087.61115
18.65502100685064	52413054444.75864
18.68259698714519	53857713832.38125
18.71017296743974	55342202081.49554
18.73774894773429	56867617832.19249
18.76532492802884	58435089353.75662
18.79290090832339	60045776469.09804
18.82047688861794	61700871341.79779
18.84805286891249	63401597674.37773
18.87562884920704	65149214449.36286
18.90320482950159	66945014363.55366
18.93078080979614	68790326890.56474
18.95835679009069	70686516713.34605
18.98593277038524	72634986967.40277
19.01350875067979	74637179873.36072
19.04108473097434	76694576201.91283
19.06866071126889	78808698628.72618
19.09623669156344	80981110580.27161
19.12381267185799	83213422342.51266
19.15138865215254	85507283692.73846
19.17896463244709	87864391796.72256
19.20654061274164	90286489847.77702
19.23411659303619	92775373908.60973
19.26169257333074	95332883543.85822
19.28926855362529	97960912339.00636
19.31684453391984	100661403216.6226
19.34442051421439	103436355292.3771
19.37199649450894	106287818187.8138
19.39957247480349	109217916050.6113
19.42714845509804	112228802656.9221
19.45472443539259	115322710180.7417
19.48230041568714	118501932785.6872
19.50987639598169	121768816598.8957
19.53745237627624	125125783448.7583
19.56502835657079	128575317886.9336
19.59260433686534	132119971543.4866
19.62018031715989	135762368352.6478
19.64775629745444	139505204314.7778
19.67533227774899	143351248819.9292
19.70290825804354	147303350414.4174
19.73048423833809	151364432142.8846
19.75806021863264	155537500599.7326
19.78563619892719	159825644304.5105
19.81321217922174	164232037204.3513
19.84078815951629	168759940668.9676
19.86836413981084	173412705996.6009
19.89594012010539	178193778862.3638
19.92351610039994	183106693732.1271
19.95109208069449	188155093034.4357
19.97866806098904	193342708783.0604
20.00624404128359	198673384745.8475
20.03382002157814	204151059834.5054
20.06139600187269	209779802595.3578
20.08897198216724	215563765028.5578
20.11654796246179	221507238506.6161
20.14412394275634	227614617236.8759
20.17169992305089	233890423221.5166
20.19927590334544	240339295139.0201
20.22685188363999	246966030336.1594
20.25442786393454	253775509596.6278
20.2820038442291	260772784824.1344
20.30957982452365	267963007816.7991
20.3371558048182	275351580434.917
20.36473178511275	282943893954.7477
20.3923077654073	290745595603.443
20.41988374570185	298762398706.3681
20.4474597259964	307000418010.2369
20.47503570629095	315465585582.3419
20.5026116865855	324164212032.5324
20.53018766688005	333102742356.4492
20.5577636471746	342287796975.041
20.58533962746915	351726177508.5544
20.6129156077637	361424866092.5644
20.64049158805825	371391046964.7084
20.6680675683528	381632096567.3028
20.69564354864735	392155603727.98
20.7232195289419	402969352972.2617
20.75079550923645	414081355033.07
20.778371489531	425499839475.6497
20.80594746982555	437233255433.0379
20.8335234501201	449290293432.9199
20.86109943041465	461679884088.2464
20.8886754107092	474411192447.4213
20.91625139100375	487493653676.5862
20.9438273712983	500936954761.6458
20.97140335159285	514751039961.5455
20.9989793318874	528946164048.999
21.02655531218195	543532810962.484
21.0541312924765	558521792607.408
21.08170727277105	573924366645.0317
21.1092832530656	589751462653.1971
21.13685923336015	606015278628.9668
21.1644352136547	622727698395.1766
21.19201119394925	639901101163.3379
21.2195871742438	657548197556.4098
21.24716315453835	675682062362.3871
21.2747391348329	694316123882.2317
21.30231511512745	713464189550.3635
21.329891095422	733140413442.4691
21.35746707571655	753359395255.1667
21.3850430560111	774136100896.3955
21.41261903630565	795485916211.2933
21.4401950166002	817424651118.8713
21.46777099689475	839968557612.7574
21.4953469771893	863134331747.8606
21.52292295748385	886939128281.9172
21.5504989377784	911400577565.3357
21.57807491807295	936536798211.8049
21.6056508983675	962366411385.2565
21.63322687866205	988908554876.079
21.6608028589566	1016182862179.557
21.68837883925115	1044209555951.041
21.7159548195457	1073009390371.286
21.74353079984025	1102603705601.138
21.7711067801348	1133014364938.996
21.79868276042935	1164264010478.332
21.8262587407239	1196375691808.508
21.85383472101845	1229373233906.297
21.881410701313	1263281056988.747
21.90898668160755	1298124294762.532
21.9365626619021	1333928754342.684
21.96413864219665	1370720955487.958
21.9917146224912	1408528154104.135
22.01929060278575	1447378357896.55
22.0468665830803	1487300344395.572
22.07444256337485	1528323694874.1
22.1020185436694	1570478788888.125
22.12959452396395	1613796858285.378
22.1571705042585	1658309885191.43
22.18474648455305	1704051175316.446
22.2123224648476	1751054284992.344
22.23989844514215	1799354145376.442
22.2674744254367	1848986537324.074
22.29505040573125	1899988244931.999
22.3226263860258	1952397012882.344
22.35020236632035	2006251740774.766
22.3777783466149	2061592266588.924
22.40535432690945	2118459623383.031
22.432930307204	2176895905172.465
22.46050628749855	2236944448156.898
22.4880822677931	2298649727507.491
22.51565824808765	2362057479062.321
22.5432342283822	2427214634638.232
22.57081020867675	2494169681969.787
22.5983861889713	2562971733876.768
22.62596216926585	2633672247636.625
22.6535381495604	2706323450063.425
22.68111412985495	2780979174195.772
22.7086901101495	2857694737874.23
22.73626609044405	2936526984269.315
22.7638420707386	3017534338209.558
22.79141805103315	3100776806638.601
22.8189940313277	3186316087698.928
22.84657001162225	3274215567377.639
22.87414599191681	3364540375729.35
22.90172197221136	3457357447611.408
22.92929795250591	3552735567109.327
22.95687393280046	3650745412982.445
22.98444991309501	3751459618318.249
23.01202589338956	3854952825215.533
23.03960187368411	3961301714834.024
23.06717785397866	4070585107278.675
23.09475383427321	4182884001480.71
23.12232981456776	4298281608345.652
23.14990579486231	4416863457251.466
23.17748177515686	4538717433619.962
23.20505775545141	4663933847827.461
23.23263373574596	4792605494542.497
23.26020971604051	4924827751649.879
23.28778569633506	5060698602534.944
23.31536167662961	5200318756891.56
23.34293765692416	5343791692413.31
23.37051363721871	5491223760268.573
23.39808961751326	5642724239607.647
23.42566559780781	5798405380836.983
23.45324157810236	5958382625772.429
23.48081755839691	6122774529062.392
23.50839353869146	6291702953953.852
23.53596951898601	6465293097391.965
23.56354549928056	6643673644516.205
23.59112147957511	6826976818437.463
23.61869745986966	7015338359634.409
23.64627344016421	7208898295419.769
23.67384942045876	7407799705225.234
23.70142540075331	7612190168227.256
23.72900138104786	7822221231884.163
23.75657736134241	8038048507183.061
23.78415334163696	8259832067682.954
23.81172932193151	8487736274253.659
23.83930530222606	8721930092321.136
23.86688128252061	8962587228258.588
23.89445726281516	9209885943784.193
23.92203324310971	9464009658075.355
23.94960922340426	9725146730970.658
23.97718520369881	9993490823604.545
24.00476118399336	10269240813973.16
24.03233716428791	10552601139221.52
24.05991314458246	10843781951912.57
24.08748912487701	11142999012769.29
24.11506510517156	11450474359572.58
24.14264108546611	11766435761063.83
24.17021706576066	12091117552288.46
24.19779304605521	12424760439895.04
24.22536902634976	12767611901436.12
24.25294500664431	13119926000224.26
24.28052098693886	13481964026761.19
24.30809696723341	13853994382587.43
24.33567294752796	14236292875292.61
24.36324892782251	14629143264926.75
24.39082490811706	15032836460683.91
24.41840088841161	15447671944874.44
24.44597686870616	15873957294505.72
24.47355284900071	16312008671934.4
24.50112882929526	16762150782599.34
24.52870480958981	17224717464038.96
24.55628078988436	17700051686381.04
24.58385677017891	18188505923912.58
24.61143275047346	18690442492302.07
24.63900873076801	19206233401386.08
24.66658471106256	19736261212062.75
24.69416069135711	20280918950209.59
24.72173667165166	20840610534580.5
24.74931265194621	21415750923681.46
24.77688863224076	22006766666056.73
24.80446461253531	22614096020731.99
24.83204059282986	23238189330861.57
24.85961657312441	23879509470927.84
24.88719255341896	24538531882987.62
24.91476853371351	25215745394268.63
24.94234451400806	25911652189952.66
24.96992049430261	26626768253104.02
24.99749647459716	27361624002626.67
25.02507245489171	28116764285016.15
25.05264843518626	28892749150092.99
25.08022441548081	29690154031189.49
25.10780039577536	30509570284302.15
25.13537637606991	31351605657645.02
25.16295235636446	32216884454598.33
25.19052833665901	33106048440953.78
25.21810431695356	34019757016177.48
25.24568029724811	34958687716227.92
25.27325627754266	35923536986833.46
25.30083225783721	36915020242998.5
25.32840823813176	37933872821449.49
25.35598421842631	38980850298707.08
25.38356019872086	40056729138185.2
25.41113617901541	41162307323566.48
25.43871215930996	42298404652315.09
25.46628813960452	43465863693595.12
25.49386411989907	44665550545813.52
25.52144010019362	45898354391898.89
25.54901608048817	47165189810543.94
25.57659206078272	48466996301998.87
25.60416804107727	49804739281556.95
25.63174402137182	51179411139788.02
25.65932000166637	52592031156615.21
25.68689598196092	54043647159097.06
25.71447196225547	55535335671542.46
25.74204794255002	57068203219184.31
25.76962392284457	58643386341441.55
25.79719990313912	60262053520581.26
25.82477588343367	61925405348422.03
25.85235186372822	63634675354009.63
25.87992784402277	65391131429670.64
25.90750382431732	67196076307195.72
25.93507980461187	69050848725105.88
25.96265578490642	70956824381298.2
25.99023176520097	72915418204912.95
26.01780774549552	74928078738804.95
26.04538372579007	76996304006724.78
26.07295970608462	79121625271431.03
26.10053568637917	81305619674576.98
26.12811166667372	83549905913062.31
26.15568764696827	85856151089835.66
26.18326362726282	88226064347840.55
26.21083960755737	90661403634053.05
26.23841558785192	93163975713891.2
26.26599156814647	95735624534552.7
26.29356754844102	98378294189416.77
26.32114352873557	101093909031127
26.34871950903012	103884494835992.1
26.37629548932467	106752122197122.5
26.40387146961922	109698917240192.6
26.43144744991377	112727067582558.1
26.45902343020832	115838818620155.4
26.48659941050287	119036478876968.7
26.51417539079742	122322420633520.3
26.54175137109197	125699070571761.5
26.56932735138652	129168964621764.2
26.59690333168107	132734647573178.7
26.62447931197562	136398773066770.1
26.65205529227017	140164060311952.1
26.67963127256472	144033300970415.5
26.70720725285927	148009368095028.8
26.73478323315382	152095210380764.1
26.76235921344837	156293858132334.7
26.78993519374292	160608427425096.5
26.81751117403747	165042120261880.5
26.84508715433202	169598220513850.3
26.87266313462657	174280115699070.2
26.90023911492112	179091275231576.9
26.92781509521567	184035269462730.9
26.95539107551022	189115765031553.1
26.98296705580477	194336534633584.4
27.01054303609932	199701449200736.2
27.03811901639387	205214489776722.3
27.06569499668842	210879746864233.3
27.09327097698297	216701423850732.2
27.12084695727752	222683838705974.3
27.14842293757207	228831434104798.3
27.17599891786662	235148767684273.6
27.20357489816117	241640527906361.8
27.23115087845572	248311532144866.5
27.25872685875027	255166728476776
27.28630283904482	262211205614607.2
27.31387881933937	269450189610907.8
27.34145479963392	276889051968300.2
27.36903077992847	284533312492568.7
27.39660676022302	292388643845282.9
27.42418274051757	300460872362631.8
27.45175872081212	308755992436837.2
27.47933470110667	317280156263076.1
27.50691068140122	326039689689339.1
27.53448666169577	335041094453513.4
27.56206264199032	344291044930425.9
27.58963862228487	353796411129660.2
27.61721460257942	363564244443182.2
27.64479058287397	373601793358402.3
27.67236656316852	383916506729846.1
27.69994254346307	394516039423482.4
27.72751852375762	405408254417110.5
27.75509450405217	416601240374610
27.78267048434672	428103299630353.6
27.81024646464127	439922968807701.9
27.83782244493582	452069020344230.5
27.86539842523037	464550465469520.1
27.89297440552492	477376570897932.8
27.92055038581947	490556853162286.8
27.94812636611402	504101094563013.8
27.97570234640857	518019346851284.4
28.00327832670312	532321939886219.9
28.03085430699767	547019483188992.1
28.05843028729223	562122898835569
28.08600626758678	577643383412474.9
28.11358224788133	593592459644136.2
28.14115822817588	609981964791339.5
28.16873420847043	626824062130543.8
28.19631018876498	644131254142578.2
28.22388616905953	661916384674278.6
28.25146214935408	680192654541909.6
28.27903812964863	698973628516367.9
28.30661410994318	718273246715633.2
28.33419009023773	738105833749644.8
28.36176607053228	758486107686800.1
28.38934205082683	779429201104454.4
28.41691803112138	800950654453663.2
28.44449401141593	823066443432826.4
28.47206999171048	845792984480399.2
28.49964597200503	869147144149200.4
28.52722195229958	893146260924165.4
28.55479793259413	917808147043950.5
28.58237391288868	943151108895196.6
28.60994989318323	969193955718418
28.63752587347778	995956027236323.1
28.66510185377233	1023457180869796
28.69267783406688	1051717831222964
28.72025381436143	1080758962134916
28.74782979465598	1110602126771138
28.77540577495053	1141269480213396
28.80298175524508	1172783787671518
28.83055773553963	1205168441537004
28.85813371583418	1238447485496493
28.88570969612873	1272645622414868
28.91328567642328	1307788239691179
28.94086165671783	1343901426167609
28.96843763701238	1381011990742978
28.99601361730693	1419147483658770
29.02358959760148	1458336500782042
29.05116557789603	1498607279133154
29.07874155819058	1539990572532615
29.10631753848513	1582516818178932
29.13389351877968	1626217587786535
29.16146949907423	1671125315889912
29.18904547936878	1717273368576190
29.21662145966333	1764695982201780
29.24419743995788	1813428372566076
29.27177342025243	1863506720358512
29.29934940054698	1914968205454526
29.32692538084153	1967851035309247
29.35450136113608	2022194473110208
29.38207734143063	2078038863539442
29.40965332172518	2135425675227452
29.43722930201973	2194397511201767
29.46480528231428	2254998157457730
29.49238126260883	2317272609310405
29.51995724290338	2381267102172424
29.54753322319793	2447029156274854
29.57510920349248	2514607596117608
29.60268518378703	2584052599761350
29.63026116408158	2655415730878890
29.65783714437613	2728749966999304
29.68541312467068	2804109783868964
29.71298910496523	2881551122991343
29.74056508525978	2961131485841275
29.76814106555433	3042909971506440
29.79571704584888	3126947298187730
29.82329302614343	3213305868518661
29.85086900643798	3302049809319368
29.87844498673253	3393245014248106
29.90602096702708	3486959213317815
29.93359694732163	3583261984878386
29.96117292761618	3682224837066384
29.98874890791073	3783921277768150
30.01632488820528	3888426811484376
30.04390086849983	3995819045884776
30.07147684879438	4106177731122574
30.09905282908893	4219584820842857
30.12662880938348	4336124529289929
30.15420478967803	4455883405846234
30.18178076997258	4578950383750190
30.20935675026713	4705416858525481
30.23693273056168	4835376745021952
30.26450871085623	4968926558293101
30.29208469115078	5106165469776096
30.31966067144533	5247195423840073
30.34723665173988	5392121141649080
30.37481263203443	5541050255611334
30.40238861232898	5694093372252846
30.42996459262353	5851364152354628
30.45754057291808	6012979398576613
30.48511655321263	6179059143534401
30.51269253350718	6349726724435777
30.54026851380173	6525108904047575
30.56784449409628	6705335936816475
30.59542047439083	6890541680817026
30.62299645468539	7080863681619200
30.65057243497994	7276443313020827
30.67814841527449	7477425829690202
30.70572439556904	7683960505525799
30.73330037586359	7896200743100354
30.76087635615814	8114304186006515
30.78845233645269	8338432824307712
30.81602831674724	8568753134088631
30.84360429704179	8805436190713085
30.87118027733634	9048657788581440
30.89875625763089	9298598586950322
30.92633223792544	9555444243249812
30.95390821821999	9819385524390624
30.98148419851454	1.009061850518124e+16
31.00906017880909	1.036934464179765e+16
31.03663615910364	1.065577097201025e+16
31.06421213939819	1.095011025976503e+16
31.09178811969274	1.125258114394524e+16
31.11936409998729	1.156340830076665e+16
31.14694008028184	1.188282262241261e+16
31.17451606057639	1.221106137887678e+16
31.20209204087094	1.254836839888721e+16
31.22966802116549	1.289499424431321e+16
31.25724400146004	1.325119640687511e+16
31.28481998175459	1.361723949394227e+16
31.31239596204914	1.399339570403537e+16
31.33997194234369	1.437994355596507e+16
31.36754792263824	1.477717121225401e+16
31.39512390293279	1.518537336472891e+16
31.42269988322734	1.560485327791991e+16
31.45027586352189	1.603592257297235e+16
31.47785184381644	1.647890149424018e+16
31.50542782411099	1.693411912591761e+16
31.53300380440554	1.740191365299158e+16
31.56057978470009	1.788263259965131e+16
31.58815576499464	1.83766330985153e+16
31.61573174528919	1.88842821573113e+16
31.64330772558374	1.940595700870104e+16
31.67088370587829	1.994204489526823e+16
31.69845968617284	2.049294450156927e+16
31.72603566646739	2.105906491782524e+16
31.75361164676194	2.164082676687344e+16
31.78118762705649	2.223866226190306e+16
31.80876360735104	2.28530155744669e+16
31.83633958764559	2.348434314643356e+16
31.86391556794014	2.4133114028832e+16
31.89149154823469	2.479981025771494e+16
31.91906752852924	2.548492715532004e+16
31.94664350882379	2.618897376272819e+16
31.97421948911834	2.691247317967866e+16
32.00179546941289	2.7655962757542e+16
32.02937144970744	2.841999548034012e+16
32.05694743000199	2.920513852658799e+16
32.08452341029654	3.001197539261594e+16
32.11209939059109	3.0841105583937e+16
32.13967537088564	3.169314516771133e+16
32.16725135118019	3.256872721689016e+16
32.19482733147474	3.346850234193363e+16
32.22240331176929	3.439313910219315e+16
0
1000	105.6583745	100000000000000.1
5	0	0	1
5	0	0	0
4.673998997513734	-82.18629305536581
4.701574977808284	-116.7875090024719
4.729150958102834	-152.9941634803025
4.756726938397384	-189.4247461212228
4.784302918691934	-225.1571730423699
4.811878898986484	-259.6097050505042
4.839454879281035	-292.4393785618234
4.867030859575585	-323.4655440021286
4.894606839870135	-352.6153961782362
4.922182820164685	-379.8862370599267
4.949758800459235	-405.319733736138
4.977334780753785	-428.9845337954808
5.004910761048335	-450.9646213281277
5.032486741342885	-471.3515880613624
5.060062721637435	-490.2395648614989
5.087638701931986	-507.7219568633132
5.115214682226536	-523.889398639348
5.142790662521086	-538.8285319394981
5.170366642815636	-552.6213350636042
5.197942623110186	-565.3448189950559
5.225518603404736	-577.0709640779992
5.253094583699286	-587.8668110997613
5.280670563993836	-597.7946481022366
5.308246544288386	-606.9122531108801
5.335822524582936	-615.2731659548336
5.363398504877487	-622.9269712998704
5.390974485172037	-629.9195811825981
5.418550465466587	-636.2935095783696
5.446126445761137	-642.0881344466146
5.473702426055687	-647.3399446827716
5.501278406350237	-652.197940076542
5.528854386644787	-656.4471910918501
5.556430366939337	-660.2401611463497
5.584006347233887	-663.6059425315481
5.611582327528438	-666.5718551393055
5.639158307822988	-669.1635425966757
5.666734288117538	-671.4050665313364
5.694310268412088	-673.3189981031069
5.721886248706638	-674.9265062031473
5.749462229001188	-676.2474419256298
5.777038209295738	-677.3132593994
5.804614189590288	-678.1140690196955
5.832190169884838	-678.6798582034896
5.859766150179389	-679.0261950818592
5.887342130473939	-679.1677079991907
5.914918110768489	-679.1181387625331
5.942494091063039	-678.8903936353144
5.970070071357589	-678.4965919437063
5.997646051652139	-677.9481122348674
6.025222031946689	-677.2556359600645
6.052798012241239	-676.4306625015715
6.080373992535789	-675.479785613733
6.107949972830339	-674.4117780614179
6.13552595312489	-673.2375563170059
6.16310193341944	-671.9634401366228
6.19067791371399	-670.5969273665943
6.21825389400854	-669.1449233953359
6.24582987430309	-667.6138942800799
6.27340585459764	-666.0099053049265
6.30098183489219	-664.338647812768
6.32855781518674	-662.6040619472361
6.35613379548129	-660.8140217369634
6.383709775775841	-658.9718233478366
6.411285756070391	-657.0818523350096
6.438861736364941	-655.1482166712063
6.466437716659491	-653.1747622249956
6.494013696954041	-651.1650861115565
6.521589677248591	-649.1225471380291
6.549165657543141	-647.0502716733472
6.576741637837691	-644.9511511919554
6.604317618132241	-642.8082770781558
6.631893598426791	-640.6630321213954
6.659469578721342	-638.4828812568549
6.687045559015892	-636.3071111204298
6.714621539310442	-634.1113089775571
6.742197519604992	-631.9029118573509
6.769773499899542	-629.6842263941825
6.797349480194092	-627.4571220952505
6.824925460488642	-625.2232816699011
6.852501440783192	-622.9842532292073
6.880077421077742	-620.7450431364286
6.907653401372293	-618.5004536270029
6.935229381666843	-616.2546648344669
6.962805361961393	-614.0089621763506
6.990381342255943	-611.7664837244653
7.017957322550493	-609.5184348578968
7.045533302845043	-607.2789696248626
7.073109283139593	-605.0425731515253
7.100685263434143	-602.8105572263113
7.128261243728693	-600.5837379461389
7.155837224023244	-598.3610614181397
7.183413204317794	-596.1471367187376
7.210989184612344	-593.9403375882033
7.238565164906894	-591.7412087777584
7.266141145201444	-589.5502528387668
7.293717125495994	-587.3679329442033
7.321293105790544	-585.194675496069
7.348869086085094	-583.0308725408129
7.376445066379644	-580.8768840109398
7.404021046674194	-578.7330398082539
7.431597026968745	-576.6143630102384
7.459173007263295	-574.4905236463881
7.486748987557845	-572.3763730738432
7.514324967852395	-570.2722093447455
7.541900948146945	-568.1783740026634
7.569476928441495	-566.0952586565732
7.597052908736045	-564.0233135964346
7.624628889030595	-561.9630585385023
7.652204869325145	-559.9150959387115
7.679780849619696	-557.880127544357
7.707356829914246	-555.778258608324
7.734932810208796	-553.7764096276353
7.762508790503346	-551.7981614695072
7.790084770797896	-549.8450196164218
7.817660751092446	-547.91840427207
7.845236731386996	-546.0196482889829
7.872812711681546	-544.1499955851455
7.900388691976096	-542.3106000364276
7.927964672270646	-540.5025248274018
7.955540652565197	-538.7267422390196
7.983116632859747	-536.5497125543059
8.010692613154298	-534.9709459739433
8.038268593448848	-533.402573339908
8.065844573743398	-531.8531856502319
8.093420554037948	-530.3264260610149
8.120996534332498	-528.8238724148785
8.148572514627048	-527.3461245532349
8.176148494921598	-525.8932773445603
8.203724475216148	-524.4651490361435
8.231300455510699	-523.0614005527
8.258876435805249	-521.6139919289769
8.286452416099799	-520.2657728256675
8.314028396394349	-518.9449917891495
8.341604376688899	-517.6504912727822
8.369180356983449	-516.3810924826022
8.396756337277999	-515.1355705397451
8.424332317572549	-513.9126186041591
8.451908297867099	-512.7107940094276
8.47948427816165	-511.5284340478186
8.5070602584562	-510.3635183751784
8.53463623875075	-507.4970142057029
8.5622122190453	-506.9724420405506
8.58978819933985	-506.2013370058439
8.6173641796344	-505.3557331770144
8.64494015992895	-504.4869597003448
8.6725161402235	-503.6152891618293
8.70009212051805	-502.7500681638039
8.7276681008126	-501.895970379205
8.755244081107151	-501.055432664423
8.782820061401701	-500.2297099819499
8.810396041696251	-499.3882924258111
8.837972021990801	-498.6004457922332
8.865548002285351	-497.8286161435584
8.893123982579901	-497.0720571286703
8.920699962874451	-496.3300966281861
8.948275943169001	-495.6021218057491
8.975851923463551	-494.8875687500945
9.003427903758102	-494.1859147428705
9.031003884052652	-493.4966722780868
9.058579864347202	-492.8193843327346
9.086155844641752	-492.202410128651
9.113731824936302	-491.5212987122499
9.141307805230852	-490.8667328997204
9.168883785525402	-490.2270736597464
9.196459765819952	-489.5995042634442
9.224035746114502	-488.982837582134
9.251611726409052	-488.376380073656
9.279187706703603	-487.7796343414068
9.306763686998153	-487.1921969933377
9.334339667292703	-486.6137167984343
9.361915647587253	-486.0465385569589
9.389491627881803	-485.4845835226727
9.417067608176353	-484.9305776788024
9.444643588470903	-484.3843027829162
9.472219568765453	-483.8455477593812
9.499795549060003	-483.3141084983083
9.527371529354554	-482.789787670806
9.554947509649104	-482.2723945602267
9.582523489943654	-481.7617449091147
9.610099470238204	-481.2576607816391
9.637675450532754	-480.7597161438018
9.665251430827304	-480.2682749634849
9.692827411121854	-479.7829243455417
9.720403391416404	-479.3035088655428
9.747979371710954	-478.8298778216487
9.775555352005505	-478.3618851333881
9.803131332300055	-477.899389247676
9.830707312594605	-477.4422530518233
9.858283292889155	-476.9903437932406
9.885859273183705	-476.5435330055853
9.913435253478255	-476.1015546933778
9.941011233772805	-475.6645846459084
9.968587214067355	-475.2323648041965
9.996163194361905	-474.8047820896412
10.02373917465646	-474.3817268178205
10.05131515495101	-473.9630926468989
10.07889113524556	-473.5487765286492
10.10646711554011	-473.1386786619126
10.13404309583466	-472.7327024483048
10.16161907612921	-472.330754450003
10.18919505642376	-471.9326469605157
10.21677103671831	-471.5384961533039
10.24434701701286	-471.1481200655269
10.27192299730741	-470.7614366945811
10.29949897760196	-470.3783665955442
10.32707495789651	-469.9988328445144
10.35465093819106	-469.6227610021829
10.38222691848561	-469.2500790775819
10.40980289878016	-468.8807174919375
10.43737887907471	-468.5146090425832
10.46495485936926	-468.1516175662443
10.49253083966381	-467.7918295708739
10.52010681995836	-467.4351129878198
10.54768280025291	-467.0814091147585
10.57525878054746	-466.7306611444654
10.60283476084201	-466.3828141302379
10.63041074113656	-466.0378149510021
10.65798672143111	-465.6956122761288
10.68556270172566	-465.3561565299694
10.71313868202021	-465.0193998561612
10.74071466231476	-464.6852459179321
10.76829064260931	-464.3537552787553
10.79586662290386	-464.0248342299594
10.82344260319841	-463.6984409264456
10.85101858349296	-463.3745348627456
10.87859456378751	-463.0530768428744
10.90617054408206	-462.7340289500023
10.93374652437661	-462.4173545159873
10.96132250467116	-462.1030180908109
10.98889848496571	-461.7909854119862
11.01647446526026	-461.4811873276466
11.04405044555481	-461.173667510875
11.07162642584936	-460.8683583867334
11.09920240614391	-460.5652297419812
11.12677838643846	-460.2642522649433
11.15435436673301	-459.965397522957
11.18193034702756	-459.6686379397804
11.20950632732211	-459.3739467729905
11.23708230761666	-459.0812980914193
11.26465828791121	-458.7906667526749
11.29223426820576	-458.5019888959501
11.31981024850031	-458.2153237899121
11.34738622879486	-457.9306082891312
11.37496220908941	-457.6478197433622
11.40253818938396	-457.3669360364422
11.43011416967851	-457.0879355737777
11.45769014997306	-456.8107972697698
11.48526613026761	-456.5355005352228
11.51284211056216	-456.2620252647613
11.54041809085671	-455.9903518242806
11.56799407115126	-455.7204091748013
11.59557005144581	-455.4522875374024
11.62314603174036	-455.185915684308
11.65072201203491	-454.92127514948
11.67829799232946	-454.6583476906761
11.70587397262401	-454.3971152904131
11.73344995291856	-454.1375601565715
11.76102593321311	-453.8796647226872
11.78860191350766	-453.6234116479404
11.81617789380221	-453.3687838168721
11.84375387409676	-453.1156991059798
11.87132985439131	-452.8642781270218
11.89890583468586	-452.6144375148232
11.92648181498041	-452.3661602484935
11.95405779527496	-452.119429310933
11.98163377556951	-451.8742277073731
12.00920975586406	-451.630538482593
12.03678573615861	-451.3883447368771
12.06436171645316	-451.147629640789
12.09193769674771	-450.9083764488176
12.11951367704226	-450.6704853773587
12.14708965733681	-450.4341153651633
12.17466563763136	-450.1991639479241
12.20224161792591	-449.9656137078154
12.22981759822046	-449.7334471286597
12.25739357851501	-449.5026466354241
12.28496955880956	-449.273194630103
12.31254553910411	-449.0450735242993
12.34012151939866	-448.8182657687591
12.36769749969321	-448.5927538801058
12.39527347998776	-448.3683906108702
12.42284946028231	-448.1454350916954
12.45042544057686	-447.9237323417439
12.47800142087141	-447.7032632833827
12.50557740116597	-447.4840088313398
12.53315338146052	-447.2659499485823
12.56072936175507	-447.0490676940787
12.58830534204962	-446.8333432637826
12.61588132234417	-446.6187580258713
12.64345730263872	-446.4052935510355
12.67103328293327	-446.1928342661881
12.69860926322782	-445.9815705165634
12.72618524352237	-445.7713799815205
12.75376122381692	-445.5622433193813
12.78133720411147	-445.3541413572871
12.80891318440602	-445.1470551709629
12.83648916470057	-444.9409661597808
12.86406514499512	-444.7358561228496
12.89164112528967	-444.5317073452456
12.91921710558422	-444.3285027105806
12.94679308587877	-444.125570537864
12.97436906617332	-443.9244138873335
13.00194504646787	-443.724130759339
13.02952102676242	-443.5247009818764
13.05709700705697	-443.3261050333742
13.08467298735152	-443.1283240936608
13.11224896764607	-442.9313400423371
13.13982494794062	-442.7351354354622
13.16740092823517	-442.5396934728921
13.19497690852972	-442.344997961622
13.22255288882427	-442.1509313795515
13.25012886911882	-441.9576972130679
13.27770484941337	-441.7651700273845
13.30528082970792	-441.57333403491
13.33285681000247	-441.3821738997966
13.36043279029702	-441.191674686561
13.38800877059157	-441.0018218057954
13.41558475088612	-440.8126009555801
13.44316073118067	-440.6239980568068
13.47073671147522	-440.4359991800642
13.49831269176977	-440.248781901385
13.52588867206432	-440.0619549603852
13.55346465235887	-439.8756524302568
13.58104063265342	-439.6898790645726
13.60861661294797	-439.5046186319233
13.63619259324252	-439.319856268941
13.66376857353707	-439.1355774660165
13.69134455383162	-438.9517679199608
13.71892053412617	-438.7684134699541
13.74649651442072	-438.5855000493996
13.77407249471527	-438.4031155060709
13.80164847500982	-438.2210337177119
13.82922445530437	-438.0393420380969
13.85680043559892	-437.8580269881332
13.88437641589347	-437.6770754010689
13.91195239618802	-437.4964743942374
13.93952837648257	-437.3162113418952
13.96710435677712	-437.1362738490432
13.99468033707167	-436.9566497260867
14.02225631736622	-436.7773269642475
14.04983229766077	-436.5984092712663
14.07740827795532	-436.4196425468895
14.10498425824987	-436.2411326328707
14.13256023854442	-436.0628692105913
14.16013621883897	-435.884842451825
14.18771219913352	-435.7070429831033
14.21528817942807	-435.529461852836
14.24286415972262	-435.3520905009269
14.27044014001717	-435.1749207306827
14.29801612031172	-434.9979446827889
14.32559210060627	-434.8213886892353
14.35316808090082	-434.6447473960241
14.38074406119537	-434.4682624555817
14.40832004148992	-434.291930901767
14.43589602178447	-434.1157502733515
14.46347200207902	-433.9397185269436
14.49104798237357	-433.7638339663194
14.51862396266812	-433.5880951846951
14.54619994296267	-433.4125010172885
14.57377592325722	-433.2370505021196
14.60135190355177	-433.0617971375668
14.62892788384632	-432.886622781138
14.65650386414087	-432.7115874728867
14.68407984443542	-432.5366918213186
14.71165582472997	-432.3619364282478
14.73923180502452	-432.1873218830643
14.76680778531907	-432.0128487587236
14.79438376561362	-431.8385176089559
14.82195974590817	-431.664328966332
14.84953572620272	-431.4902833409694
14.87711170649727	-431.3163798107011
14.90468768679182	-431.142621845153
14.93226366708637	-430.9690083788122
14.95983964738092	-430.7955398012384
14.98741562767547	-430.6222164753442
15.01499160797002	-430.4490387377401
15.04256758826457	-430.2760068988167
15.07014356855912	-430.1031212422824
15.09771954885368	-429.9303820233492
15.12529552914823	-429.7577894630394
15.15287150944278	-429.5853456350681
15.18044748973733	-429.4130473650252
15.20802347003188	-429.2408963626428
15.23559945032643	-429.0688927840131
15.26317543062098	-428.8970367642162
15.29075141091553	-428.7253284179784
15.31832739121008	-428.5537678402715
15.34590337150463	-428.3823551068687
15.37347935179918	-428.211090274868
15.40105533209373	-428.039973383196
15.42863131238828	-427.8690047390842
15.45620729268283	-427.6981837475823
15.48378327297738	-427.5275106853767
15.51135925327193	-427.3569855261607
15.53893523356648	-427.1866082288544
15.56651121386103	-427.0163787380067
15.59408719415558	-426.8462969841908
15.62166317445013	-426.6763628843985
15.64923915474468	-426.5065763424176
15.67681513503923	-426.3369372492118
15.70439111533378	-426.1674457843667
15.73196709562833	-425.9981011829628
15.75954307592288	-425.8289036053332
15.78711905621743	-425.6598528980754
15.81469503651198	-425.4909488979882
15.84227101680653	-425.3221914323625
15.86984699710108	-425.1535803192681
15.89742297739563	-424.9851153678309
15.92499895769018	-424.8167963785059
15.95257493798473	-424.6486231433464
15.98015091827928	-424.4805959097937
16.00772689857383	-424.3127134901886
16.03530287886838	-424.1449761128235
16.06287885916293	-423.977383540845
16.09045483945748	-423.8099355317552
16.11803081975203	-423.6426318376026
16.14560680004658	-423.4754722051504
16.17318278034113	-423.3084563760317
16.20075876063568	-423.1415840868485
16.22833474093023	-422.9748550691806
16.25591072122478	-422.8082705037957
16.28348670151933	-422.6418272870544
16.31106268181388	-422.4755264614134
16.33863866210843	-422.3093677463706
16.36621464240298	-422.1433508586883
16.39379062269753	-421.9774755125825
16.42136660299208	-421.8117414198875
16.44894258328663	-421.6461482902076
16.47651856358118	-421.4806958310535
16.50409454387573	-421.3153837479715
16.53167052417028	-421.1502120091915
16.55924650446483	-420.9851797628497
16.58682248475938	-420.8202869767595
16.61439846505393	-420.6555333523283
16.64197444534848	-420.490918590612
16.66955042564303	-420.3264423923927
16.69712640593758	-420.1621044582639
16.72470238623213	-419.9979044887043
16.75227836652668	-419.8338421841642
16.77985434682123	-419.6699172451464
16.80743032711578	-419.5061294254691
16.83500630741033	-419.3424783116943
16.86258228770488	-419.1789636625838
16.89015826799943	-419.0155851812862
16.91773424829398	-418.8523425717618
16.94531022858853	-418.6892355388224
16.97288620888308	-418.5262637881859
17.00046218917763	-418.3634270265147
17.02803816947218	-418.200724961457
17.05561414976673	-418.038157301686
17.08319013006128	-417.8757239075943
17.11076611035583	-417.7134241763536
17.13834209065038	-417.5512579699467
17.16591807094493	-417.3892250023774
17.19349405123948	-417.2273249894141
17.22107003153403	-417.0655576486468
17.24864601182858	-416.9039226995604
17.27622199212313	-416.7424198636392
17.30379797241768	-416.5810488645197
17.33137395271223	-416.4198094282212
17.35894993300678	-416.2587013161655
17.38652591330133	-416.0977241875416
17.41410189359588	-415.9368778168697
17.44167787389043	-415.7761619501636
17.46925385418498	-415.6155763476515
17.49682983447953	-415.4551207995793
17.52440581477408	-415.2947951750165
17.55198179506863	-415.1345996269561
17.57955777536318	-414.974536206251
17.60713375565773	-414.814533940235
17.63470973595228	-414.6547746499064
17.66228571624683	-414.495094580349
17.68986169654139	-414.3355416577041
17.71743767683594	-414.1761162814097
17.74501365713049	-414.016818384823
17.77258963742504	-413.857647793105
17.80016561771959	-413.6986042963229
17.82774159801414	-413.5396876711927
17.85531757830869	-413.3808976891476
17.88289355860324	-413.2222341198121
17.91046953889779	-413.0636932820007
17.93804551919234	-412.9052680037859
17.96562149948689	-412.7470028345767
17.99319747978144	-412.5888402600714
18.02077346007599	-412.4308046207976
18.04834944037054	-412.2728943953888
18.07592542066509	-412.1151091452576
18.10350140095964	-411.9574485828105
18.13107738125419	-411.79991246189
18.15865336154874	-411.6425005525003
18.18622934184329	-411.4852133082152
18.21380532213784	-411.3280491321187
18.24138130243239	-411.1710084701714
18.26895728272694	-411.0140910951158
18.29653326302149	-410.8572967562449
18.32410924331604	-410.7006251132038
18.35168522361059	-410.5440752367453
18.37926120390514	-410.3876812799822
18.40683718419969	-410.2313504913037
18.43441316449424	-410.0751678660425
18.46198914478879	-409.919099162288
18.48956512508334	-409.7631745347801
18.51714110537789	-409.6073543977731
18.54471708567244	-409.4516585780357
18.57229306596699	-409.2960843866755
18.59986904626154	-409.1406313324301
18.62744502655609	-408.9852991455069
18.65502100685064	-408.8300876100581
18.68259698714519	-408.6749965296735
18.71017296743974	-408.5200257170673
18.73774894773429	-408.3651754450929
18.76532492802884	-408.2104445904057
18.79290090832339	-408.0558334349974
18.82047688861794	-407.9013418010612
18.84805286891249	-407.7469695084943
18.87562884920704	-407.592716370558
18.90320482950159	-407.4385821822726
18.93078080979614	-407.2845666817634
18.95835679009069	-407.1306693639721
18.98593277038524	-406.9768873336292
19.01350875067979	-406.8232333415978
19.04108473097434	-406.6696918510213
19.06866071126889	-406.5162679823509
19.09623669156344	-406.3629513736182
19.12381267185799	-406.2097785638372
19.15138865215254	-406.0567076133242
19.17896463244709	-405.9037548135314
19.20654061274164	-405.7509194604405
19.23411659303619	-405.5982013036486
19.26169257333074	-405.4456001607768
19.28926855362529	-405.293117032332
19.31684453391984	-405.1407494357955
19.34442051421439	-404.9884983422814
19.37199649450894	-404.8363635786749
19.39957247480349	-404.6843448560462
19.42714845509804	-404.5324453885473
19.45472443539259	-404.3806568066452
19.48230041568714	-404.2289859618991
19.50987639598169	-404.0774308495763
19.53745237627624	-403.9259912512737
19.56502835657079	-403.7746660147258
19.59260433686534	-403.623457085949
19.62018031715989	-403.472363236315
19.64775629745444	-403.3213843387389
19.67533227774899	-403.1705202915886
19.70290825804354	-403.0197710760033
19.73048423833809	-402.8691370965895
19.75806021863264	-402.7186290389138
19.78563619892719	-402.5682023986635
19.81321217922174	-402.4179120600718
19.84078815951629	-402.267733198225
19.86836413981084	-402.1176688748793
19.89594012010539	-401.9677176511101
19.92351610039994	-401.8178796613938
19.95109208069449	-401.6681548441047
19.97866806098904	-401.5185430872401
20.00624404128359	-401.3690442613208
20.03382002157814	-401.2196582297327
20.06139600187269	-401.0703848527004
20.08897198216724	-400.9212239890458
20.11654796246179	-400.7721760896363
20.14412394275634	-400.6232397505477
20.17169992305089	-400.4744154616889
20.19927590334544	-400.3257030893429
20.22685188363999	-400.1771025011901
20.25442786393454	-400.0286135663805
20.2820038442291	-399.8802361555476
20.30957982452365	-399.7319701408036
20.3371558048182	-399.5838153957231
20.36473178511275	-399.4357717953257
20.3923077654073	-399.2878368677408
20.41988374570185	-399.1400142483816
20.4474597259964	-398.9923007733783
20.47503570629095	-398.8447238936869
20.5026116865855	-398.6972176407231
20.53018766688005	-398.5498368732354
20.5577636471746	-398.4025673122446
20.58533962746915	-398.2554082391388
20.6129156077637	-398.1083594085125
20.64049158805825	-397.9614206665997
20.6680675683528	-397.8145925938998
20.69564354864735	-397.6678735225649
20.7232195289419	-397.5212641832605
20.75079550923645	-397.3747644829456
20.778371489531	-397.2283743303955
20.80594746982555	-397.0820936363388
20.8335234501201	-396.9359223135862
20.86109943041465	-396.7898602771787
20.8886754107092	-396.6439074445424
20.91625139100375	-396.4980637356664
20.9438273712983	-396.3523292820866
20.97140335159285	-396.2067035862498
20.9989793318874	-396.061186770589
21.02655531218195	-395.9157787654446
21.0541312924765	-395.7704795065505
21.08170727277105	-395.6252889375458
21.1092832530656	-395.4802070164067
21.13685923336015	-395.3352337371508
21.1644352136547	-395.190369245056
21.19201119394925	-395.0456159168837
21.2195871742438	-394.9009657347181
21.24716315453835	-394.7564262765409
21.2747391348329	-394.6119950789221
21.30231511512745	-394.4676720840213
21.329891095422	-394.3234572345065
21.35746707571655	-394.1793504721226
21.3850430560111	-394.035351734449
21.41261903630565	-393.8914609463566
21.4401950166002	-393.7476779916176
21.46777099689475	-393.6040025746997
21.4953469771893	-393.460435268197
21.52292295748385	-393.3170567329065
21.5504989377784	-393.1736298526827
21.57807491807295	-393.0303850171103
21.6056508983675	-392.8872486079022
21.63322687866205	-392.7442199981506
21.6608028589566	-392.601299026098
21.68837883925115	-392.4584856107458
21.7159548195457	-392.3157796953744
21.74353079984025	-392.1731812331869
21.7711067801348	-392.0306905086588
21.79868276042935	-391.8883067970277
21.8262587407239	-391.7460303974468
21.85383472101845	-391.6038612757575
21.881410701313	-391.4617993997775
21.90898668160755	-391.3198447392946
21.9365626619021	-391.1779972660665
21.96413864219665	-391.036256953813
21.9917146224912	-390.8946237782137
22.01929060278575	-390.7530977168975
22.0468665830803	-390.6116788255155
22.07444256337485	-390.4703669285632
22.1020185436694	-390.3291620831883
22.12959452396395	-390.1880642747942
22.1571705042585	-390.0470734910532
22.18474648455305	-389.9061897219224
22.2123224648476	-389.7654129596586
22.23989844514215	-389.6247431988355
22.2674744254367	-389.4841804363496
22.29505040573125	-389.3437246714324
22.3226263860258	-389.2033758820463
22.35020236632035	-389.0631341208722
22.3777783466149	-388.922999371134
22.40535432690945	-388.7829716413534
22.432930307204	-388.6430509422601
22.46050628749855	-388.5032372867597
22.4880822677931	-388.3635306898891
22.51565824808765	-388.2239311687587
22.5432342283822	-388.0844387424751
22.57081020867675	-387.9450534320335
22.5983861889713	-387.8057752298243
22.62596216926585	-387.6666042199419
22.6535381495604	-387.527540401115
22.68111412985495	-387.3885838005057
22.7086901101495	-387.2497344456668
22.73626609044405	-387.1109923633528
22.7638420707386	-386.9723575769762
22.79141805103315	-386.8338301002977
22.8189940313277	-386.6954099181733
22.84657001162225	-386.5570969060032
22.87414599191681	-386.4188939797399
22.90172197221136	-386.2807965184164
22.92929795250591	-386.1428065866486
22.95687393280046	-386.0049242264625
22.98444991309501	-385.8671494794035
23.01202589338956	-385.7294823865712
23.03960187368411	-385.5919229885188
23.06717785397866	-385.4544713250759
23.09475383427321	-385.3171274351187
23.12232981456776	-385.1798913562965
23.14990579486231	-385.0427632338378
23.17748177515686	-384.905742874013
23.20505775545141	-384.7688304186336
23.23263373574596	-384.6320258978311
23.26020971604051	-384.4953293390824
23.28778569633506	-384.3587407668073
23.31536167662961	-384.2222602019293
23.34293765692416	-384.085887661418
23.37051363721871	-383.9496231578083
23.39808961751326	-383.81346669869
23.42566559780781	-383.6774186290858
23.45324157810236	-383.5414782873487
23.48081755839691	-383.4056459484843
23.50839353869146	-383.2699215738306
23.53596951898601	-383.1343050845977
23.56354549928056	-382.9987962392954
23.59112147957511	-382.8633922638978
23.61869745986966	-382.7281065558656
23.64627344016421	-382.5929203671233
23.67384942045876	-382.4578428791643
23.70142540075331	-382.3228701197684
23.72900138104786	-382.187983112448
23.75657736134241	-382.0532581759647
23.78415334163696	-381.9186094264247
23.81172932193151	-381.7840687131978
23.83930530222606	-381.6496351634577
23.86688128252061	-381.5153084659302
23.89445726281516	-381.3810883808042
23.92203324310971	-381.2469746742278
23.94960922340426	-381.1129671017969
23.97718520369881	-380.9790655736904
24.00476118399336	-380.8452694434095
24.03233716428791	-380.7115785950696
24.05991314458246	-380.5779927059208
24.08748912487701	-380.4445114298939
24.11506510517156	-380.3111343968359
24.14264108546611	-380.1778612117954
24.17021706576066	-380.0446914543583
24.19779304605521	-379.9116246780414
24.22536902634976	-379.7786604097554
24.25294500664431	-379.6457983839141
24.28052098693886	-379.5130375857403
24.30809696723341	-379.3803776914515
24.33567294752796	-379.2478181191566
24.36324892782251	-379.1153582601906
24.39082490811706	-378.9829974792162
24.41840088841161	-378.850735114451
24.44597686870616	-378.7185704780208
24.47355284900071	-378.5865028564494
24.50112882929526	-378.4545315112856
24.52870480958981	-378.3226562132742
24.55628078988436	-378.1908750643043
24.58385677017891	-378.0591877885728
24.61143275047346	-377.9275935612643
24.63900873076801	-377.796091540508
24.66658471106256	-377.6646808687223
24.69416069135711	-377.5333606737819
24.72173667165166	-377.4021300695687
24.74931265194621	-377.2709881546019
24.77688863224076	-377.1399340042162
24.80446461253531	-377.0089690586356
24.83204059282986	-376.8780880194411
24.85961657312441	-376.7472920243471
24.88719255341896	-376.6165801857152
24.91476853371351	-376.4859516248828
24.94234451400806	-376.3554054750892
24.96992049430261	-376.2249408843327
24.99749647459716	-376.0945570181808
25.02507245489171	-375.9642530625218
25.05264843518626	-375.8340282262615
25.08022441548081	-375.7038819473269
25.10780039577536	-375.5738130605516
25.13537637606991	-375.443821067622
25.16295235636446	-375.3139052971145
25.19052833665901	-375.1840651133011
25.21810431695356	-375.0542999180482
25.24568029724811	-374.9246091525353
25.27325627754266	-374.7949922987692
25.30083225783721	-374.665448880888
25.32840823813176	-374.5359784662358
25.35598421842631	-374.4065893247997
25.38356019872086	-374.2772626944948
25.41113617901541	-374.1480074393886
25.43871215930996	-374.0188234523727
25.46628813960452	-373.8897106841347
25.49386411989907	-373.760669136941
25.52144010019362	-373.6316988588239
25.54901608048817	-373.5027999380409
25.57659206078272	-373.3739724975802
25.60416804107727	-373.2452166890995
25.63174402137182	-373.1165324352675
25.65932000166637	-372.987920882689
25.68689598196092	-372.8593817134264
25.71447196225547	-372.730915175288
25.74204794255002	-372.6025215470416
25.76962392284457	-372.4742011601733
25.79719990313912	-372.3459544781923
25.82477588343367	-372.2177825064688
25.85235186372822	-372.0896924217193
25.87992784402277	-371.9616390773428
25.90750382431732	-371.8337030192311
25.93507980461187	-371.7058273496934
25.96265578490642	-371.5780286836614
25.99023176520097	-371.4502782194024
26.01780774549552	-371.3226445327048
26.04538372579007	-371.1950717559573
26.07295970608462	-371.0675743224427
26.10053568637917	-370.9401531714297
26.12811166667372	-370.8128087323066
26.15568764696827	-370.6855413327701
26.18326362726282	-370.5583520960448
26.21083960755737	-370.431239478707
26.23841558785192	-370.3042047175285
26.26599156814647	-370.1772480772921
26.29356754844102	-370.0503698169983
26.32114352873557	-369.923570189214
26.34871950903012	-369.7968494395137
26.37629548932467	-369.6702078059993
26.40387146961922	-369.5436455189047
26.43144744991377	-369.4171628002758
26.45902343020832	-369.2907600576379
26.48659941050287	-369.1644370810176
26.51417539079742	-369.0381942758281
26.54175137109197	-368.9120318326923
26.56932735138652	-368.7859499334234
26.59690333168107	-368.6599487510055
26.62447931197562	-368.5340284496245
26.65205529227017	-368.4081891847301
26.67963127256472	-368.2824311031333
26.70720725285927	-368.1567543431331
26.73478323315382	-368.0311588511721
26.76235921344837	-367.9056451382517
26.78993519374292	-367.7802131250943
26.81751117403747	-367.6548629151068
26.84508715433202	-367.5295946037734
26.87266313462657	-367.4044082788852
26.90023911492112	-367.2793040207719
26.92781509521567	-367.1542819025373
26.95539107551022	-367.0293419902969
26.98296705580477	-366.9044843434141
27.01054303609932	-366.7797090639385
27.03811901639387	-366.655016095403
27.06569499668842	-366.5304055281736
27.09327097698297	-366.4058773973975
27.12084695727752	-366.281431732799
27.14842293757207	-366.1570685589081
27.17599891786662	-366.0327878952883
27.20357489816117	-365.9085897567615
27.23115087845572	-365.7844741536444
27.25872685875027	-365.6604410919828
27.28630283904482	-365.5364913139154
27.31387881933937	-365.4126232445262
27.34145479963392	-365.2888376712325
27.36903077992847	-365.1651345862297
27.39660676022302	-365.0415139772323
27.42418274051757	-364.9179758279934
27.45175872081212	-364.7945201186643
27.47933470110667	-364.6711468260643
27.50691068140122	-364.5478559239043
27.53448666169577	-364.4246473829729
27.56206264199032	-364.3015212236515
27.58963862228487	-364.1784772996213
27.61721460257942	-364.0555156299568
27.64479058287397	-363.9326361761318
27.67236656316852	-363.8098388974522
27.69994254346307	-363.6871237511656
27.72751852375762	-363.5644906925702
27.75509450405217	-363.4419396751186
27.78267048434672	-363.319470650515
27.81024646464127	-363.1970835688118
27.83782244493582	-363.0747783143582
27.86539842523037	-362.952554972597
27.89297440552492	-362.8304134181657
27.92055038581947	-362.7083535941925
27.94812636611402	-362.5863754426406
27.97570234640857	-362.4644789043777
28.00327832670312	-362.3426639192405
28.03085430699767	-362.2209304260963
28.05843028729223	-362.0992783629006
28.08600626758678	-361.9777076667517
28.11358224788133	-361.8562182314402
28.14115822817588	-361.7348100813866
28.16873420847043	-361.6134831086273
28.19631018876498	-361.4922372469551
28.22388616905953	-361.3710724293692
28.25146214935408	-361.249988588117
28.27903812964863	-361.1289856547344
28.30661410994318	-361.008063560085
28.33419009023773	-360.887222234396
28.36176607053228	-360.7664616072948
28.38934205082683	-360.6457816393693
28.41691803112138	-360.5251821926246
28.44449401141593	-360.4046632280943
28.47206999171048	-360.2842246732579
28.49964597200503	-360.163866455009
28.52722195229958	-360.0435884996922
28.55479793259413	-359.923390733135
28.58237391288868	-359.8032730806755
28.60994989318323	-359.6832354671905
28.63752587347778	-359.5632778171197
28.66510185377233	-359.4434003243622
28.69267783406688	-359.3236023478499
28.72025381436143	-359.2038840831758
28.74782979465598	-359.0842454557854
28.77540577495053	-358.9646863918912
28.80298175524508	-358.8452068184689
28.83055773553963	-358.7258066632561
28.85813371583418	-358.6064858547492
28.88570969612873	-358.4872443222043
28.91328567642328	-358.3680819956381
28.94086165671783	-358.2489985206586
28.96843763701238	-358.1299944309894
28.99601361730693	-358.0110693645061
29.02358959760148	-357.8922232496146
29.05116557789603	-357.7734560138996
29.07874155819058	-357.6547675841358
29.10631753848513	-357.5361578862918
29.13389351877968	-357.4176268455357
29.16146949907423	-357.299174386241
29.18904547936878	-357.1808004319886
29.21662145966333	-357.0625048780423
29.24419743995788	-356.9442876940059
29.27177342025243	-356.8261487856185
29.29934940054698	-356.708088076805
29.32692538084153	-356.590105491556
29.35450136113608	-356.4722009541802
29.38207734143063	-356.3543743897779
29.40965332172518	-356.2366257251907
29.43722930201973	-356.1189548911437
29.46480528231428	-356.0013618277597
29.49238126260883	-355.883840480312
29.51995724290338	-355.766405045789
29.54753322319793	-355.6490453271666
29.57510920349248	-355.5317626157815
29.60268518378703	-355.4145570781211
29.63026116408158	-355.2974287144612
29.65783714437613	-355.1803774801405
29.68541312467068	-355.0634033143658
29.71298910496523	-354.9465061495287
29.74056508525978	-354.8296859148568
29.76814106555433	-354.7129423354224
29.79571704584888	-354.5962757753801
29.82329302614343	-354.479685936776
29.85086900643798	-354.3631727432555
29.87844498673253	-354.2467361186932
29.90602096702708	-354.1303759871701
29.93359694732163	-354.0140922729518
29.96117292761618	-353.8978849004751
29.98874890791073	-353.7817537943349
30.01632488820528	-353.6656988792735
30.04390086849983	-353.5497205359591
30.07147684879438	-353.4338175308948
30.09905282908893	-353.3179906408902
30.12662880938348	-353.2022396831965
30.15420478967803	-353.0865645605725
30.18178076997258	-352.970965190959
30.20935675026713	-352.8554414968032
30.23693273056168	-352.7399934023188
30.26450871085623	-352.624620832561
30.29208469115078	-352.5093237130494
30.31966067144533	-352.3941020185671
30.34723665173988	-352.2789555729052
30.37481263203443	-352.1638843519066
30.40238861232898	-352.0488882817561
30.42996459262353	-351.9339672885905
30.45754057291808	-351.8191212984062
30.48511655321263	-351.7043502368581
30.51269253350718	-351.5896540288195
30.54026851380173	-351.4750325972369
30.56784449409628	-351.3604858595297
30.59542047439083	-351.2460141772293
30.62299645468539	-351.13161668289
30.65057243497994	-351.0172936829181
30.67814841527449	-350.9030451038548
30.70572439556904	-350.7888708726886
30.73330037586359	-350.6747709166698
30.76087635615814	-350.5607451632296
30.78845233645269	-350.4467935399418
30.81602831674724	-350.3329159744999
30.84360429704179	-350.2191123947103
30.87118027733634	-350.1053827514106
30.89875625763089	-349.991726924097
30.92633223792544	-349.8781448648556
30.95390821821999	-349.7646365021246
30.98148419851454	-349.6512017644696
31.00906017880909	-349.5378405805921
31.03663615910364	-349.424552879341
31.06421213939819	-349.3113385897261
31.09178811969274	-349.1981976409381
31.11936409998729	-349.0851299623723
31.14694008028184	-348.9721546037987
31.17451606057639	-348.8592100780718
31.20209204087094	-348.7463642701775
31.22966802116549	-348.63358982827
31.25724400146004	-348.5208879668635
31.28481998175459	-348.4082588338899
31.31239596204914	-348.2957024270793
31.33997194234369	-348.1832187041439
31.36754792263824	-348.070807608425
31.39512390293279	-347.9584690770884
31.42269988322734	-347.8462029223291
31.45027586352189	-347.7340093464267
31.47785184381644	-347.621888135811
31.50542782411099	-347.5098392197226
31.53300380440554	-347.3978625276115
31.56057978470009	-347.2859579891137
31.58815576499464	-347.1741255340339
31.61573174528919	-347.0623650923289
31.64330772558374	-346.9506765941005
31.67088370587829	-346.8390599695844
31.69845968617284	-346.7275151491434
31.72603566646739	-346.6160420632609
31.75361164676194	-346.5046406425379
31.78118762705649	-346.3933108176878
31.80876360735104	-346.2820525195332
31.83633958764559	-346.1708656790048
31.86391556794014	-346.059750227136
31.89149154823469	-345.9487060950645
31.91906752852924	-345.8377332140288
31.94664350882379	-345.7268315153663
31.97421948911834	-345.6160009305141
32.00179546941289	-345.5052413910062
32.02937144970744	-345.394552828474
32.05694743000199	-345.2839351746447
32.08452341029654	-345.1733883613404
32.11209939059109	-345.0629123204792
32.13967537088564	-344.9525069840727
32.16725135118019	-344.8421722842263
32.19482733147474	-344.7319081531399
32.22240331176929	-344.6217145231055
