0
1000	105.6583745	100000000000000.1
5	0	0	1
5	0	0	0
4.673998997513734	0.08158159827797667
4.701574977808284	0.3260416062942321
4.729150958102834	0.6910330319936675
4.756726938397384	1.185269123939796
4.784302918691934	1.812993818723981
4.811878898986484	2.575769956407452
4.839454879281035	3.473639096064626
4.867030859575585	4.505844244108104
4.894606839870135	5.671271024372885
4.922182820164685	6.968712683860538
4.949758800459235	8.397026085614373
4.977334780753785	9.955220535502971
5.004910761048335	11.64250535469541
5.032486741342885	13.45831224534362
5.060062721637435	15.40230241404884
5.087638701931986	17.47436465489288
5.115214682226536	19.67460825576003
5.142790662521086	22.00335312889629
5.170366642815636	24.46111864739913
5.197942623110186	27.04861208749936
5.225518603404736	29.76671720982088
5.253094583699286	32.61648327945855
5.280670563993836	35.59911467691213
5.308246544288386	38.71596116141336
5.335822524582936	41.96850879021287
5.363398504877487	45.35837146393163
5.390974485172037	48.8872830491015
5.418550465466587	52.55709001979372
5.446126445761137	56.36974456131703
5.473702426055687	60.32729809109925
5.501278406350237	64.4329711973478
5.528854386644787	68.68967024701347
5.556430366939337	73.09665051497619
5.584006347233887	77.65716343274876
5.611582327528438	82.37475017559213
5.639158307822988	87.24986795691197
5.666734288117538	92.28399671320147
5.694310268412088	97.48324085016877
5.721886248706638	102.8480927504228
5.749462229001188	108.3809992068182
5.777038209295738	114.0866238931772
5.804614189590288	119.9662709873003
5.832190169884838	126.0249985794265
5.859766150179389	132.2642026575255
5.887342130473939	138.6877257760913
5.914918110768489	145.3018497620026
5.942494091063039	152.1059367368501
5.970070071357589	159.1065173098495
5.997646051652139	166.3070347333632
6.025222031946689	173.7111609070713
6.052798012241239	181.3233695857517
6.080373992535789	189.1495578436289
6.107949972830339	197.1912649075017
6.13552595312489	205.4559942176283
6.16310193341944	213.9449776311537
6.19067791371399	222.6671494305049
6.21825389400854	225.9357211089809
6.24582987430309	234.2262463550765
6.27340585459764	250.2734958827042
6.30098183489219	259.9749051984062
6.32855781518674	269.9342183168765
6.35613379548129	280.1568367151814
6.383709775775841	290.6524364000784
6.411285756070391	301.4199568317092
6.438861736364941	312.478505072257
6.466437716659491	323.8241900855569
6.494013696954041	335.4652157813799
6.521589677248591	347.4046687653679
6.549165657543141	352.7730211657664
6.576741637837691	372.2467765668524
6.604317618132241	385.1498231633886
6.631893598426791	398.3856412834571
6.659469578721342	411.9641893120277
6.687045559015892	425.8949808220313
6.714621539310442	431.6277323866149
6.742197519604992	454.8403120719929
6.769773499899542	469.8721982575145
6.797349480194092	485.2947071280118
6.824925460488642	501.1087796668511
6.852501440783192	517.3330319854676
6.880077421077742	533.9737050198496
6.907653401372293	542.8205451706388
6.935229381666843	568.5409516834808
6.962805361961393	586.4898011395702
6.990381342255943	604.8975065535626
7.017957322550493	623.7776885301632
7.045533302845043	643.1399844997843
7.073109283139593	662.997081670285
7.100685263434143	683.3628409639708
7.128261243728693	704.2464160586062
7.155837224023244	725.6643142924327
7.183413204317794	747.6283205029714
7.210989184612344	770.1560762766829
7.238565164906894	793.2604012586484
7.266141145201444	816.9470740269994
7.293717125495994	841.2167547777794
7.321293105790544	866.160779343122
7.348869086085094	891.7099698350137
7.376445066379644	917.4586473037123
7.404021046674194	944.7947877800277
7.431597026968745	970.560746371522
7.459173007263295	1000.622760872899
7.486748987557845	1029.610261554976
7.514324967852395	1059.339477100242
7.541900948146945	1089.832911461287
7.569476928441495	1121.101888548896
7.597052908736045	1153.172117163325
7.624628889030595	1186.061109047106
7.652204869325145	1219.757757954259
7.679780849619696	1254.389709345539
7.707356829914246	1289.870419613409
7.734932810208796	1326.25020063968
7.762508790503346	1363.569060511784
7.790084770797896	1401.72469399893
7.817660751092446	1441.11176029105
7.845236731386996	1479.322223554095
7.872812711681546	1522.690882590839
7.900388691976096	1565.07268475245
7.927964672270646	1608.549261996829
7.955540652565197	1653.166442681466
7.983116632859747	1675.792797100807
8.010692613154298	1745.865837116836
8.038268593448848	1794.04736967937
8.065844573743398	1843.496788680534
8.093420554037948	1894.237809136621
8.120996534332498	1946.3095860942
8.148572514627048	1999.781511635773
8.176148494921598	2054.665726173707
8.203724475216148	2111.001057807167
8.231300455510699	2168.848977024805
8.258876435805249	2228.220353616187
8.286452416099799	2289.216805839713
8.314028396394349	2351.825763731629
8.341604376688899	2416.131074249628
8.369180356983449	2482.137191136199
8.396756337277999	2549.951838460684
8.424332317572549	2619.566004748159
8.451908297867099	2691.091565966442
8.47948427816165	2764.528925258276
8.5070602584562	2839.983117375922
8.53463623875075	2917.263017081261
8.5622122190453	2997.04025117212
8.58978819933985	3078.774955921513
8.6173641796344	3162.748696114907
8.64494015992895	3249.000063069142
8.6725161402235	3337.614025313729
8.70009212051805	3428.628304738419
8.7276681008126	3522.143121982333
8.755244081107151	3618.19271421531
8.782820061401701	3716.898920856775
8.810396041696251	3818.289811251246
8.837972021990801	3922.453519088818
8.865548002285351	4029.482573439616
8.893123982579901	4139.424418897705
8.920699962874451	4252.409233164695
8.948275943169001	4368.482437825599
8.975851923463551	4487.728562303542
9.003427903758102	4610.283603687928
9.031003884052652	4736.17467382343
9.058579864347202	4865.553774489951
9.086155844641752	4998.491054131681
9.113731824936302	5135.055446492371
9.141307805230852	5275.411874708336
9.168883785525402	5419.595341492539
9.196459765819952	5567.782468337878
9.224035746114502	5720.072147723722
9.251611726409052	5876.533175400958
9.279187706703603	6037.314136359189
9.306763686998153	6202.549865033081
9.334339667292703	6372.302296720562
9.361915647587253	6546.769102782987
9.389491627881803	6726.058056030106
9.417067608176353	6910.267083575301
9.444643588470903	7099.577937595644
9.472219568765453	7294.081781212953
9.499795549060003	7494.040180896102
9.527371529354554	7699.476992197437
9.554947509649104	7910.605875999985
9.582523489943654	8127.544002386763
9.610099470238204	8350.495010286586
9.637675450532754	8579.611374582299
9.665251430827304	8815.066236337638
9.692827411121854	9056.999225584163
9.720403391416404	9305.657176699824
9.747979371710954	9561.171267241218
9.775555352005505	9823.746010476671
9.803131332300055	10093.60203368398
9.830707312594605	10370.9123102168
9.858283292889155	10655.90226277055
9.885859273183705	10948.73474165367
9.913435253478255	11249.72472065475
9.941011233772805	11558.99974558054
9.968587214067355	11876.7842702065
9.996163194361905	12203.45304661532
10.02373917465646	12539.11789339204
10.05131515495101	12884.11234552172
10.07889113524556	13238.540567837
10.10646711554011	13602.83017493711
10.13404309583466	13964.71100455156
10.16161907612921	14361.93265309144
10.18919505642376	14757.54239906188
10.21677103671831	15163.55784628319
10.24434701701286	15581.08021261694
10.27192299730741	16010.18519701168
10.29949897760196	16451.1074838479
10.32707495789651	16904.18271432169
10.35465093819106	17369.85494653265
10.38222691848561	17848.37171628137
10.40980289878016	18340.10297398672
10.43737887907471	18845.46331313858
10.46495485936926	19364.7526139745
10.49253083966381	19898.3813494217
10.52010681995836	20446.83984151176
10.54768280025291	21010.39147294245
10.57525878054746	21589.46188046641
10.60283476084201	22184.59711259384
10.63041074113656	22796.1589860885
10.65798672143111	23424.59648017216
10.68556270172566	24070.4063138972
10.71313868202021	24734.04716640519
10.74071466231476	25415.99547915882
10.76829064260931	26116.82206852381
10.79586662290386	26836.962930615
10.82344260319841	27576.96105861691
10.85101858349296	28337.43807065461
10.87859456378751	29118.85369835071
10.90617054408206	29921.83638681248
10.93374652437661	30746.92558262707
10.96132250467116	31594.93585509099
10.98889848496571	32466.20445014333
11.01647446526026	33361.54913383682
11.04405044555481	34254.76522528265
11.07162642584936	35227.02102232599
11.09920240614391	36198.50898480911
11.12677838643846	37194.10196597538
11.15435436673301	38222.55886366412
11.18193034702756	39276.63786279348
11.20950632732211	40359.77509298195
11.23708230761666	41472.83719567781
11.26465828791121	42616.43739959809
11.29223426820576	43791.59207753844
11.31981024850031	44999.15005686723
11.34738622879486	46240.03321302293
11.37496220908941	47515.03595845806
11.40253818938396	48825.1627694262
11.43011416967851	50171.39565794151
11.45769014997306	51554.69533972393
11.48526613026761	52976.10259966276
11.51284211056216	54436.6659847827
11.54041809085671	55937.38332555363
11.56799407115126	57479.5906747343
11.59557005144581	59064.11522845265
11.62314603174036	60692.25722293758
11.65072201203491	62365.26371871235
11.67829799232946	64084.43646368583
11.70587397262401	65850.73847614182
11.73344995291856	67665.74749477344
11.76102593321311	69530.70118023793
11.78860191350766	71446.94549419949
11.81617789380221	73415.96501983903
11.84375387409676	75439.15648250974
11.87132985439131	77518.01750836354
11.89890583468586	79654.06852369507
11.92648181498041	81848.95467056279
11.95405779527496	84104.1321942464
11.98163377556951	86421.37697677045
12.00920975586406	88802.29654634275
12.03678573615861	91248.77337274235
12.06436171645316	93762.60282546832
12.09193769674771	96345.51766934269
12.11951367704226	98999.46997460227
12.14708965733681	101726.4185139452
12.17466563763136	104528.3274762246
12.20224161792591	107407.3726983814
12.22981759822046	110365.4727092986
12.25739357851501	113404.9850019247
12.28496955880956	116527.9807712867
12.31254553910411	119736.9899418789
12.34012151939866	123034.2621063905
12.36769749969321	126422.1050677034
12.39527347998776	129903.1099490167
12.42284946028231	133479.8029141838
12.45042544057686	137154.7789315125
12.47800142087141	140930.8893672351
12.50557740116597	144810.7549954785
12.53315338146052	148797.2828130624
12.56072936175507	152893.3376017119
12.58830534204962	157102.1397155931
12.61588132234417	161426.6107645235
12.64345730263872	165869.8636626697
12.67103328293327	170435.2347407861
12.69860926322782	175126.1471510047
12.72618524352237	179945.9659621122
12.75376122381692	184898.2798075697
12.78133720411147	189986.792568707
12.80891318440602	195212.8977018382
12.83648916470057	200587.106696738
12.86406514499512	206106.7726382156
12.89164112528967	211778.1377050846
12.91921710558422	217605.2763493988
12.94679308587877	223592.7575248445
12.97436906617332	229744.7087889246
13.00194504646787	236065.7275077694
13.02952102676242	242560.4880132632
13.05709700705697	249233.7400302157
13.08467298735152	256090.3626001404
13.11224896764607	263135.5243639804
13.13982494794062	270374.2375883938
13.16740092823517	277811.8935988006
13.19497690852972	285452.8458246033
13.22255288882427	293306.0138284041
13.25012886911882	301373.8732507862
13.27770484941337	309663.5434473807
13.30528082970792	318180.9184698983
13.33285681000247	326932.4238291045
13.36043279029702	335924.428100061
13.38800877059157	345163.5437696308
13.41558475088612	354656.5345050939
13.44316073118067	364410.3933827286
13.47073671147522	374432.4439420539
13.49831269176977	384729.8336575602
13.52588867206432	395310.222897245
13.55346465235887	406181.3915499353
13.58104063265342	417351.3132109157
13.60861661294797	428828.18019868
13.63619259324252	440618.5958475198
13.66376857353707	452736.9041477029
13.69134455383162	465186.2687280865
13.71892053412617	477977.7747636709
13.74649651442072	491120.7668127924
13.77407249471527	504625.0173363126
13.80164847500982	518500.3963683893
13.82922445530437	532757.0128226343
13.85680043559892	547405.6846902006
13.88437641589347	562456.7835969405
13.91195239618802	577921.551960882
13.93952837648257	593783.9908849307
13.96710435677712	610137.7971778095
13.99468033707167	626912.9780969054
14.02225631736622	644149.1925877739
14.04983229766077	661859.2313597049
14.07740827795532	680055.8345292555
14.10498425824987	698752.6395442282
14.13256023854442	717963.3069101904
14.16013621883897	737701.9593260435
14.18771219913352	757983.133529471
14.21528817942807	778821.7069961014
14.24286415972262	800233.0119208728
14.27044014001717	822232.8772441405
14.29801612031172	844837.3232226039
14.32559210060627	868063.0971462779
14.35316808090082	891927.2439535202
14.38074406119537	916447.295159466
14.40832004148992	941641.2591799911
14.43589602178447	967527.7429037479
14.46347200207902	994125.7759055871
14.49104798237357	1021454.961304345
14.51862396266812	1049535.212054646
14.54619994296267	1078387.335228932
14.57377592325722	1108032.522777886
14.60135190355177	1138492.589769469
14.62892788384632	1169789.908374604
14.65650386414087	1201947.511913317
14.68407984443542	1234989.058588154
14.71165582472997	1268938.75785317
14.73923180502452	1303821.928601221
14.76680778531907	1339663.817622657
14.79438376561362	1376490.914683217
14.82195974590817	1414326.303172202
14.84953572620272	1453210.100819218
14.87711170649727	1493158.559174371
14.90468768679182	1534205.207113316
14.93226366708637	1576337.4269993
14.95983964738092	1619714.531155278
14.98741562767547	1664240.299029405
15.01499160797002	1709989.994781245
15.04256758826457	1756997.40047044
15.07014356855912	1805297.085792869
15.09771954885368	1854924.597660241
15.12529552914823	1905916.410331727
15.15287150944278	1958310.098043048
15.18044748973733	2012144.162251083
15.20802347003188	2067458.260855248
15.23559945032643	2124293.237123491
15.26317543062098	2182690.568833128
15.29075141091553	2242693.466629237
15.31832739121008	2304346.039402208
15.34590337150463	2367693.655639351
15.37347935179918	2432782.927806845
15.40105533209373	2499661.776562077
15.42863131238828	2568379.383976856
15.45620729268283	2638986.342086529
15.48378327297738	2711534.600989212
15.51135925327193	2786077.692331559
15.53893523356648	2862670.186272026
15.56651121386103	2941368.685629883
15.59408719415558	3022231.021219125
15.62166317445013	3105316.697630345
15.64923915474468	3190686.965258952
15.67681513503923	3278404.609878338
15.70439111533378	3368534.182346418
15.73196709562833	3461142.03277436
15.75954307592288	3556296.34966739
15.78711905621743	3654067.019273669
15.81469503651198	3754526.427567895
15.84227101680653	3857748.081934622
15.86984699710108	3963808.132217046
15.89742297739563	4072743.580433862
15.92499895769018	4184757.906381194
15.95257493798473	4299810.258223125
15.98015091827928	4418026.43543347
16.00772689857383	4539493.490718639
16.03530287886838	4664300.794731965
16.06287885916293	4792540.282016317
16.09045483945748	4924306.133193748
16.11803081975203	5059696.00917526
16.14560680004658	5198808.952977711
16.17318278034113	5341747.598237519
16.20075876063568	5488617.208739007
16.22833474093023	5639525.911644096
16.25591072122478	5794584.815730213
16.28348670151933	5953908.099874293
16.31106268181388	6117613.069949659
16.33863866210843	6285820.30130366
16.36621464240298	6458653.604285735
16.39379062269753	6636240.268195607
16.42136660299208	6818711.345490253
16.44894258328663	7006200.476555835
16.47651856358118	7198846.374363931
16.50409454387573	7396790.724031668
16.53167052417028	7600179.313647623
16.55924650446483	7809161.886312837
16.58682248475938	8023892.322310165
16.61439846505393	8244528.848627444
16.64197444534848	8471233.914445231
16.66955042564303	8704174.462046294
16.69712640593758	8943522.111243876
16.72470238623213	9189453.107272862
16.75227836652668	9442148.537647463
16.77985434682123	9701794.748440474
16.80743032711578	9968582.667968974
16.83500630741033	10242708.94936308
16.86258228770488	10524375.51373336
16.89015826799943	10813789.79220049
16.91773424829398	11111164.99848368
16.94531022858853	11416720.15196296
16.97288620888308	11730680.34918952
17.00046218917763	12053276.85156768
17.02803816947218	12384747.30333048
17.05561414976673	12725335.87129088
17.08319013006128	13075293.444017
17.11076611035583	13434877.77115976
17.13834209065038	13804353.98158536
17.16591807094493	14183993.99214039
17.19349405123948	14574077.64246581
17.22107003153403	14974892.25975274
17.24864601182858	15386733.14318846
17.27622199212313	15809903.68818241
17.30379797241768	16244715.70936305
17.33137395271223	16691489.5329936
17.35894993300678	17150554.34818333
17.38652591330133	17622248.37384189
17.41410189359588	18106919.15691604
17.44167787389043	18604923.80645978
17.46925385418498	19116629.23053635
17.49682983447953	19642412.38002084
17.52440581477408	20182661.20563226
17.55198179506863	20737772.88648705
17.57955777536318	21308157.12251251
17.60713375565773	21894234.05728551
17.63470973595228	22496435.67609049
17.66228571624683	23115205.1710571
17.68986169654139	23750999.41594831
17.71743767683594	24404286.05016213
17.74501365713049	25075547.02697558
17.77258963742504	25765277.01884749
17.80016561771959	26473984.37582695
17.82774159801414	27202190.79413895
17.85531757830869	27950433.85203337
17.88289355860324	28719263.98885064
17.91046953889779	29509245.77868417
17.93804551919234	30320969.8022519
17.96562149948689	31155025.71423713
17.99319747978144	32012030.63696088
18.02077346007599	32892616.99506161
18.04834944037054	33797433.21439782
18.07592542066509	34727146.57304443
18.10350140095964	35682442.19326571
18.13107738125419	36664024.26708941
18.15865336154874	37672615.97208348
18.18622934184329	38708961.28623954
18.21380532213784	39773823.71818635
18.24138130243239	40867988.43012138
18.26895728272694	41992261.84979811
18.29653326302149	43147472.77354206
18.32410924331604	44334472.49503092
18.35168522361059	45554136.91185663
18.37926120390514	46807364.21593765
18.40683718419969	48095078.17622986
18.43441316449424	49418228.84317198
18.46198914478879	50777791.32375167
18.48956512508334	52174767.99554904
18.51714110537789	53610188.37488689
18.54471708567244	55085111.28959025
18.57229306596699	56600623.60477844
18.59986904626154	58157843.24278111
18.62744502655609	59757917.88921008
18.65502100685064	61402027.36941861
18.68259698714519	63091384.19248625
18.71017296743974	64827232.78343751
18.73774894773429	66610854.40396348
18.76532492802884	68443563.51741166
18.79290090832339	70326711.71073486
18.82047688861794	72261687.56095751
18.84805286891249	74249917.49180245
18.87562884920704	76292868.55002804
18.90320482950159	78392044.95948333
18.93078080979614	80548996.90061307
18.95835679009069	82765314.10874657
18.98593277038524	85042631.16587737
19.01350875067979	87382627.20420945
19.04108473097434	89787027.95173796
19.06866071126889	92257606.80575183
19.09623669156344	94796184.8089678
19.12381267185799	97404635.23705225
19.15138865215254	100084879.9938505
19.17896463244709	102838899.3487475
19.20654061274164	105668721.1747417
19.23411659303619	108576433.46712
19.26169257333074	111564180.9969171
19.28926855362529	114634166.8669239
19.31684453391984	117788656.2419615
19.34442051421439	121029974.9855359
19.37199649450894	124360513.9321198
19.39957247480349	127782730.1306724
19.42714845509804	131299147.3015084
19.45472443539259	134912356.1866946
19.48230041568714	138625030.4811069
19.50987639598169	142439903.6333976
19.53745237627624	146359787.7888331
19.56502835657079	150387576.6333784
19.59260433686534	154526240.1140613
19.62018031715989	158778833.0374069
19.64775629745444	163148492.0448394
19.67533227774899	167638439.6939914
19.70290825804354	172251988.9018682
19.73048423833809	176992543.7097523
19.75806021863264	181863600.7927832
19.78563619892719	186868751.820272
19.81321217922174	192011695.933448
19.84078815951629	197296222.2806008
19.86836413981084	202726228.8423638
19.89594012010539	208305724.4836307
19.92351610039994	214038824.6457903
19.95109208069449	219929760.0784912
19.97866806098904	225982877.0513997
20.00624404128359	232202641.712588
20.03382002157814	238593643.9634394
20.06139600187269	245160598.1952191
20.08897198216724	251908351.7335052
20.11654796246179	258841882.1219216
20.14412394275634	265966306.3717397
20.17169992305089	273286882.4570574
20.19927590334544	280809011.4810773
20.22685188363999	288538243.9397811
20.25442786393454	296480285.8920487
20.2820038442291	304640995.8383871
20.30957982452365	313026397.0908223
20.3371558048182	321642677.8635227
20.36473178511275	330496197.0353158
20.3923077654073	339593486.7771218
20.41988374570185	348941265.9294563
20.4474597259964	358546429.3692166
20.47503570629095	368416066.73849
20.5026116865855	378557461.9684503
20.53018766688005	388978101.290316
20.5577636471746	399685675.1492371
20.58533962746915	410688086.895642
20.6129156077637	421993463.9286995
20.64049158805825	433610130.2305966
20.6680675683528	445546681.9969279
20.69564354864735	457811921.2675568
20.7232195289419	470414895.0452245
20.75079550923645	483364928.2372206
20.778371489531	496671555.9871483
20.80594746982555	510344610.8789986
20.8335234501201	524394176.312638
20.86109943041465	538830644.9337729
20.8886754107092	553664658.42694
20.91625139100375	568907166.4868219
20.9438273712983	584569424.1808494
20.97140335159285	600662993.2210773
20.9989793318874	617199754.0176332
21.02655531218195	634191915.3782252
21.0541312924765	651652020.4662527
21.08170727277105	669592900.3638617
21.1092832530656	688027980.4879665
21.13685923336015	706970688.2107478
21.1644352136547	726435069.7841712
21.19201119394925	746435495.2322528
21.2195871742438	766986730.6858672
21.24716315453835	788103944.3079872
21.2747391348329	809802738.1229289
21.30231511512745	832099121.9289526
21.329891095422	855009561.5352445
21.35746707571655	878550969.8941836
21.3850430560111	902740728.2244372
21.41261903630565	927596698.0138029
21.4401950166002	953137230.661347
21.46777099689475	979381180.2934811
21.4953469771893	1006347929.236577
21.52292295748385	1034057385.556273
21.5504989377784	1062530006.18925
21.57807491807295	1091786818.185903
21.6056508983675	1121849420.594641
21.63322687866205	1152740011.199485
21.6608028589566	1184481398.504115
21.68837883925115	1217097019.049306
21.7159548195457	1250610956.562242
21.74353079984025	1285047956.560296
21.7711067801348	1320433445.67849
21.79868276042935	1356793556.371461
21.8262587407239	1394155098.970664
21.85383472101845	1432545760.619573
21.881410701313	1471993792.044134
21.90898668160755	1512528351.683744
21.9365626619021	1554179376.750846
21.96413864219665	1596977619.796862
21.9917146224912	1640954683.491771
22.01929060278575	1686143042.934937
22.0468665830803	1732576069.398673
22.07444256337485	1780288044.114199
22.1020185436694	1829314206.925107
22.12959452396395	1879690759.515954
22.1571705042585	1931454909.867958
22.18474648455305	1984644866.000092
22.2123224648476	2039299916.774599
22.23989844514215	2095460423.023228
22.2674744254367	2153167881.57595
22.29505040573125	2212464851.349093
22.3226263860258	2273395177.422032
22.35020236632035	2336003839.647438
22.3777783466149	2400337081.8383
22.40535432690945	2466442404.780613
22.432930307204	2534368631.201509
22.46050628749855	2604165932.960284
22.4880822677931	2675885848.524445
22.51565824808765	2749581378.472613
22.5432342283822	2825306914.525034
22.57081020867675	2903118404.673794
22.5983861889713	2983073322.148339
22.62596216926585	3065230697.291541
22.6535381495604	3149651227.533408
22.68111412985495	3236397264.867115
22.7086901101495	3325532883.518146
22.73626609044405	3417123920.545787
22.7638420707386	3511238019.662994
22.79141805103315	3607944701.653396
22.8189940313277	3707315416.717447
22.84657001162225	3809423532.350215
22.87414599191681	3914344478.241415
22.90172197221136	4022155773.389475
22.92929795250591	4132937046.484292
22.95687393280046	4246770125.658682
22.98444991309501	4363739116.662934
23.01202589338956	4483930402.077684
23.03960187368411	4607432783.896723
23.06717785397866	4734337492.311443
23.09475383427321	4864738266.220771
23.12232981456776	4998731441.73972
23.14990579486231	5136416010.049646
23.17748177515686	5277893685.705977
23.20505775545141	5423268976.629898
23.23263373574596	5572649309.719439
23.26020971604051	5726144994.572649
23.28778569633506	5883869487.714684
23.31536167662961	6045939293.546412
23.34293765692416	6212474130.933517
23.37051363721871	6383597049.665684
23.39808961751326	6559434481.102636
23.42566559780781	6740116341.367646
23.45324157810236	6925776116.523251
23.48081755839691	7116550993.970922
23.50839353869146	7312581900.303009
23.53596951898601	7514013715.90468
23.56354549928056	7720995259.828753
23.59112147957511	7933679443.087918
23.61869745986966	8152223428.005488
23.64627344016421	8376788703.624601
23.67384942045876	8607541192.933247
23.70142540075331	8844651408.795532
23.72900138104786	9088294548.414162
23.75657736134241	9338650652.431902
23.78415334163696	9595904734.649509
23.81172932193151	9860246874.818344
23.83930530222606	10131872403.98503
23.86688128252061	10410982047.96674
23.89445726281516	10697782069.32722
23.92203324310971	10992484400.20672
23.94960922340426	11295306820.53803
23.97718520369881	11606473107.35788
24.00476118399336	11926213250.36469
24.03233716428791	12254763486.90538
24.05991314458246	12592366694.51289
24.08748912487701	12939272288.0041
24.11506510517156	13295736698.10597
24.14264108546611	13662023357.64056
24.17021706576066	14038402973.5825
24.19779304605521	14425153708.97504
24.22536902634976	14822561393.21144
24.25294500664431	15230919760.89119
24.28052098693886	15650530579.60953
24.30809696723341	16081704109.61623
24.33567294752796	16524758856.4967
24.36324892782251	16980022416.45433
24.39082490811706	17447831224.3697
24.41840088841161	17928531073.14127
24.44597686870616	18422477260.34854
24.47355284900071	18930034886.5239
24.50112882929526	19451579100.27157
24.52870480958981	19987495440.15053
24.55628078988436	20538180040.62585
24.58385677017891	21104039855.96835
24.61143275047346	21685493296.50755
24.63900873076801	22282970125.50793
24.66658471106256	22896911979.57918
24.69416069135711	23527772711.93842
24.72173667165166	24176018654.21758
24.74931265194621	24842128995.93559
24.77688863224076	25526596194.41689
24.80446461253531	26229926207.29414
24.83204059282986	26952638995.51782
24.85961657312441	27695268724.39883
24.88719255341896	28458364546.46866
24.91476853371351	29242490556.12753
24.94234451400806	30048226406.39106
24.96992049430261	30876167807.15342
24.99749647459716	31726926845.06541
25.02507245489171	32601132487.83643
25.05264843518626	33499431073.40196
25.08022441548081	34422486731.69228
25.10780039577536	35370981884.71369
25.13537637606991	36345618978.73954
25.16295235636446	37347114890.01349
25.19052833665901	38376214071.78584
25.21810431695356	39433675971.21146
25.24568029724811	40520282376.10147
25.27325627754266	41636836780.82816
25.30083225783721	42784164750.369
25.32840823813176	43963114606.58186
25.35598421842631	45174558117.42603
25.38356019872086	46419391018.46404
25.41113617901541	47698533490.0781
25.43871215930996	49012931861.67879
25.46628813960452	50363557875.40863
25.49386411989907	51751410126.69428
25.52144010019362	53177514958.78098
25.54901608048817	54642926888.9427
25.57659206078272	56148729570.90644
25.60416804107727	57696036494.93214
25.63174402137182	59285991942.17673
25.65932000166637	60919750877.00203
25.68689598196092	62598583311.07087
25.71447196225547	64323669303.741
25.74204794255002	66096304900.26472
25.76962392284457	67917801007.28474
25.79719990313912	69789504699.64526
25.82477588343367	71712800258.53442
25.85235186372822	73689109983.67737
25.87992784402277	75719895308.06447
25.90750382431732	77806658822.84512
25.93507980461187	79950942295.00691
25.96265578490642	82154333847.47968
25.99023176520097	84418461489.99849
26.01780774549552	86745000042.31833
26.04538372579007	89135670397.8214
26.07295970608462	91592240631.10675
26.10053568637917	94116527722.388
26.12811166667372	96710398695.63144
26.15568764696827	99375772176.93628
26.18326362726282	102114619406.8724
26.21083960755737	104928965509.6982
26.23841558785192	107820894246.0214
26.26599156814647	110792542802.2366
26.29356754844102	113846109751.7418
26.32114352873557	116983853818.9462
26.34871950903012	120208095948.6385
26.37629548932467	123521221089.0452
26.40387146961922	126925680015.3719
26.43144744991377	130423991184.3805
26.45902343020832	134018742121.6289
26.48659941050287	137712592461.2475
26.51417539079742	141508273441.9975
26.54175137109197	145408594331.2438
26.56932735138652	149416439904.0286
26.59690333168107	153534774971.668
26.62447931197562	157766646131.9063
26.65205529227017	162115184063.254
26.67963127256472	166583605762.2695
26.70720725285927	171175217082.9291
26.73478323315382	175893414472.0149
26.76235921344837	180741688934.3897
26.78993519374292	185723626052.1629
26.81751117403747	190842914529.4145
26.84508715433202	196103339096.202
26.87266313462657	201508791787.8765
26.90023911492112	207063273584.0381
26.92781509521567	212770892488.0598
26.95539107551022	218635871705.9933
26.98296705580477	224662550572.5136
27.01054303609932	230855388216.4952
27.03811901639387	237218966489.2329
27.06569499668842	243757993857.1106
27.09327097698297	250477308033.9517
27.12084695727752	257381881909.0951
27.14842293757207	264476822627.1901
27.17599891786662	271767381913.6979
27.20357489816117	279258952828.0547
27.23115087845572	286957079027.1434
27.25872685875027	294867456737.7582
27.28630283904482	302995938851.2257
27.31387881933937	311348541530.5586
27.34145479963392	319931444007.9902
27.36903077992847	328750997958.3007
27.39660676022302	337813737042.3191
27.42418274051757	347126347251.4918
27.45175872081212	356695736238.1822
27.47933470110667	366528984681.0692
27.50691068140122	376633366543.0342
27.53448666169577	387016359550.5916
27.56206264199032	397685647483.5464
27.58963862228487	408649125667.5839
27.61721460257942	419914908762.0241
27.64479058287397	431491333636.5684
27.67236656316852	443386960646.9109
27.69994254346307	455610608369.1634
27.72751852375762	468171309533.94
27.75509450405217	481078368289.7163
27.78267048434672	494341332877.5994
27.81024646464127	507970020182.5258
27.83782244493582	521974516927.4628
27.86539842523037	536365188133.4645
27.89297440552492	551152684663.8201
27.92055038581947	566347951370.5092
27.94812636611402	581962239285.3046
27.97570234640857	598007088632.3257
28.00327832670312	614494394297.2928
28.03085430699767	631436350788.8937
28.05843028729223	648845499947.2797
28.08600626758678	666734726812.3151
28.11358224788133	685117272652.007
28.14115822817588	704006743988.9819
28.16873420847043	723417122835.8987
28.19631018876498	743362776763.3451
28.22388616905953	763858477443.6456
28.25146214935408	784919360111.5066
28.27903812964863	806561075260.4076
28.30661410994318	828799598589.6178
28.33419009023773	851651399489.3342
28.36176607053228	875133406884.5612
28.38934205082683	899262990275.6918
28.41691803112138	924058017044.9883
28.44449401141593	949536841513.1674
28.47206999171048	975718325102.7408
28.49964597200503	1002621849768.761
28.52722195229958	1030267332030.237
28.55479793259413	1058675216989.121
28.58237391288868	1087866593968.883
28.60994989318323	1117863025543.891
28.63752587347778	1148686714003.549
28.66510185377233	1180360499716.257
28.69267783406688	1212907827088.958
28.72025381436143	1246352791760.686
28.74782979465598	1280720152398.622
28.77540577495053	1316035356001.263
28.80298175524508	1352324547927.396
28.83055773553963	1389614595106.124
28.85813371583418	1427933109032.155
28.88570969612873	1467308450444.055
28.91328567642328	1507769788821.021
28.94086165671783	1549347066716.579
28.96843763701238	1592071076621.871
28.99601361730693	1635973449866.614
29.02358959760148	1681086693529.126
29.05116557789603	1727444210239.759
29.07874155819058	1775080325198.158
29.10631753848513	1824030308946.559
29.13389351877968	1874330408722.529
29.16146949907423	1926017869497.94
29.18904547936878	1979130949096.212
29.21662145966333	2033709000312.431
29.24419743995788	2089792449138.493
29.27177342025243	2147422785428.639
29.29934940054698	2206642702475.616
29.32692538084153	2267496052000.348
29.35450136113608	2330027898034.94
29.38207734143063	2394284545022.872
29.40965332172518	2460313576924.09
29.43722930201973	2528163891462.487
29.46480528231428	2597885732288.114
29.49238126260883	2669530734604.838
29.51995724290338	2743151942702.295
29.54753322319793	2818803910084.927
29.57510920349248	2896542632087.426
29.60268518378703	2976425770823.046
29.63026116408158	3058512211364.138
29.65783714437613	3142863044004.216
29.68541312467068	3229540644787.94
29.71298910496523	3318609187198.625
29.74056508525978	3410134629240.972
29.76814106555433	3504184804977.106
29.79571704584888	3600829321097.477
29.82329302614343	3700139773464.59
29.85086900643798	3802189721109.065
29.87844498673253	3907054723307.003
29.90602096702708	4014812483074.604
29.93359694732163	4125542757131.995
29.96117292761618	4239327633286.744
29.98874890791073	4356251347197.913
30.01632488820528	4476400505663.667
30.04390086849983	4599864105547.515
30.07147684879438	4726733594400.521
30.09905282908893	4857102944847.35
30.12662880938348	4991068722827.306
30.15420478967803	5128730159869.162
30.18178076997258	5270189225283.046
30.20935675026713	5415550699368.368
30.23693273056168	5564922322305.684
30.26450871085623	5718414531462.933
30.29208469115078	5876141261869.072
30.31966067144533	6038219257319.747
30.34723665173988	6204768582646.81
30.37481263203443	6375912622328.647
30.40238861232898	6551778133893.217
30.42996459262353	6732495422065.166
30.45754057291808	6918198372304.713
30.48511655321263	7109024463746.672
30.51269253350718	7305115169622.031
30.54026851380173	7506615728080.889
30.56784449409628	7713675458812.821
30.59542047439083	7926447538895.003
30.62299645468539	8145089864775.069
30.65057243497994	8369764311793.401
30.67814841527449	8600637329503.129
30.70572439556904	8837879963116.33
30.73330037586359	9081667979198.809
30.76087635615814	9332181994669.525
30.78845233645269	9589607646206.811
30.81602831674724	9854135522382.281
30.84360429704179	10125961756394.49
30.87118027733634	10405287694393.25
30.89875625763089	10692320301332.55
30.92633223792544	10987272160042.06
30.95390821821999	11290361964445.67
30.98148419851454	11601814166912.85
31.00906017880909	11921859558323.36
31.03663615910364	12250735272989.72
31.06421213939819	12588684997920.6
31.09178811969274	12935959135891.97
31.11936409998729	13292815044059.41
31.14694008028184	13659516985245.11
31.17451606057639	14036336856381.26
31.20209204087094	14423553830950.03
31.22966802116549	14821454618719.5
31.25724400146004	15230335163398.08
31.28481998175459	15650496093215.19
31.31239596204914	16082250843945.38
31.33997194234369	16525918765726.78
31.36754792263824	16981828540309.49
31.39512390293279	17450318027709.96
31.42269988322734	17931734400277.98
31.45027586352189	18426434419595.22
31.47785184381644	18934784624973.78
31.50542782411099	19457161809463.34
31.53300380440554	19993953070974.02
31.56057978470009	20545556038392.29
31.58815576499464	21112379876579.89
31.61573174528919	21694843971990.02
31.64330772558374	22293381116130.11
31.67088370587829	22908433904591.67
31.69845968617284	23540458425644.51
31.72603566646739	24189923117779.42
31.75361164676194	24857309291558.78
31.78118762705649	25543111570813.09
31.80876360735104	26247838245304.81
31.83633958764559	26972011539192.62
31.86391556794014	27716168265908.52
31.89149154823469	28480860050838.51
31.91906752852924	29266653138745.21
31.94664350882379	30074130515507.4
31.97421948911834	30903890563126.92
32.00179546941289	31756548025658.9
32.02937144970744	32632735122103.91
32.05694743000199	33533101163565.61
32.08452341029654	34458313516661.61
32.11209939059109	35409057946727.34
32.13967537088564	36386039174370.09
32.16725135118019	37389981372343.18
32.19482733147474	38421628585219.45
32.22240331176929	39481745640722.66
0
1000	105.6583745	100000000000000.1
5	0	0	1
5	0	0	0
4.673998997513734	-0.06387704429727611
4.701574977808284	-0.09970977206095723
4.729150958102834	-0.1373039307900917
4.756726938397384	-0.174686229205283
4.784302918691934	-0.2107410809133068
4.811878898986484	-0.2448974782320433
4.839454879281035	-0.2769106913644306
4.867030859575585	-0.3067244695548892
4.894606839870135	-0.3343874199155863
4.922182820164685	-0.3600032096866764
4.949758800459235	-0.3837012876610125
4.977334780753785	-0.4056199228345077
5.004910761048335	-0.4258966075205532
5.032486741342885	-0.4446628523439558
5.060062721637435	-0.4620415884303927
5.087638701931986	-0.4781461025969967
5.115214682226536	-0.493079857454225
5.142790662521086	-0.5069368051753811
5.170366642815636	-0.5198019593742517
5.197942623110186	-0.5317520843607139
5.225518603404736	-0.5428564190015412
5.253094583699286	-0.5531773878732938
5.280670563993836	-0.5627712740422174
5.308246544288386	-0.5716888409353883
5.335822524582936	-0.5799758986308419
5.363398504877487	-0.5876738145119071
5.390974485172037	-0.5948199708830809
5.418550465466587	-0.6014481737062627
5.446126445761137	-0.6075890178943152
5.473702426055687	-0.6132702171694013
5.501278406350237	-0.6188842814772398
5.528854386644787	-0.6236731492626421
5.556430366939337	-0.6280446949166495
5.584006347233887	-0.6320232828851438
5.611582327528438	-0.63563216981681
5.639158307822988	-0.6388935072844283
5.666734288117538	-0.6418283545624948
5.694310268412088	-0.6444566993117304
5.721886248706638	-0.6467974843833001
5.749462229001188	-0.6488686392563429
5.777038209295738	-0.6506819570946174
5.804614189590288	-0.6522645420880101
5.832190169884838	-0.653625884361893
5.859766150179389	-0.6547801018992906
5.887342130473939	-0.6557404576085272
5.914918110768489	-0.6565193397446895
5.942494091063039	-0.6571279260481674
5.970070071357589	-0.6575644518517099
5.997646051652139	-0.6578902131624809
6.025222031946689	-0.6580533630173947
6.052798012241239	-0.6580909783722211
6.080373992535789	-0.6580069066540704
6.107949972830339	-0.6578105699179554
6.13552595312489	-0.657508421497416
6.16310193341944	-0.6571098304044595
6.19067791371399	-0.6566202261763159
6.21825389400854	-0.6560461885740296
6.24582987430309	-0.6553937257174766
6.27340585459764	-0.6546684656807412
6.30098183489219	-0.6538756904060884
6.32855781518674	-0.6530207021061395
6.35613379548129	-0.6521073169661624
6.383709775775841	-0.6511403351256725
6.411285756070391	-0.6501238589721989
6.438861736364941	-0.6490617363827534
6.466437716659491	-0.6479575739815272
6.494013696954041	-0.646814748581698
6.521589677248591	-0.6456364160298443
6.549165657543141	-0.6444255158170563
6.576741637837691	-0.6431847678235888
6.604317618132241	-0.641899025526937
6.631893598426791	-0.6406055598855722
6.659469578721342	-0.6392741506434795
6.687045559015892	-0.6379429379738812
6.714621539310442	-0.6365880028570857
6.742197519604992	-0.6352166155275277
6.769773499899542	-0.6338309859925838
6.797349480194092	-0.6324329041238114
6.824925460488642	-0.6310239826996032
6.852501440783192	-0.6296057074776946
6.880077421077742	-0.6281832992418717
6.907653401372293	-0.6267508931660759
6.935229381666843	-0.6253129255016372
6.962805361961393	-0.6238705992216235
6.990381342255943	-0.6224261530299421
7.017957322550493	-0.6209743229537489
7.045533302845043	-0.6195248837138182
7.073109283139593	-0.6180741472797745
7.100685263434143	-0.6166233295009095
7.128261243728693	-0.6151732184447494
7.155837224023244	-0.613722926147747
7.183413204317794	-0.6122766731480715
7.210989184612344	-0.610833011388765
7.238565164906894	-0.6093924854477328
7.266141145201444	-0.6079555999669146
7.293717125495994	-0.6065228222190744
7.321293105790544	-0.6050945844910177
7.348869086085094	-0.6036712863013071
7.376445066379644	-0.6022532964672874
7.404021046674194	-0.6008409550339725
7.431597026968745	-0.599449538308236
7.459173007263295	-0.5980482529285108
7.486748987557845	-0.596652168613562
7.514324967852395	-0.5952615883685481
7.541900948146945	-0.593876861062159
7.569476928441495	-0.5924983886178939
7.597052908736045	-0.5911266357416056
7.624628889030595	-0.5897621422665592
7.652204869325145	-0.588405538689209
7.679780849619696	-0.5870575657958667
7.707356829914246	-0.5856274895054616
7.734932810208796	-0.5843037237876277
7.762508790503346	-0.5830007581592397
7.790084770797896	-0.5817205810485138
7.817660751092446	-0.5804651154062257
7.845236731386996	-0.5792362089076811
7.872812711681546	-0.5780356247097864
7.900388691976096	-0.5768650328564903
7.927964672270646	-0.575726002415511
7.955540652565197	-0.5746199944171526
7.983116632859747	-0.5734058217686665
8.010692613154298	-0.5723900240664865
8.038268593448848	-0.5714198480592497
8.065844573743398	-0.5704933575241353
8.093420554037948	-0.5696086037625571
8.120996534332498	-0.5687636117061687
8.148572514627048	-0.5679564064599787
8.176148494921598	-0.567185039861275
8.203724475216148	-0.5664476112196888
8.231300455510699	-0.5657422821461787
8.258876435805249	-0.565075178952394
8.286452416099799	-0.5644276070037693
8.314028396394349	-0.5638066414370984
8.341604376688899	-0.5632109150416057
8.369180356983449	-0.5626391341742348
8.396756337277999	-0.5620900747983796
8.424332317572549	-0.56156257869473
8.451908297867099	-0.5610555498476736
8.47948427816165	-0.5605679510080526
8.5070602584562	-0.560098800431001
8.53463623875075	-0.559646573478725
8.5622122190453	-0.5592116596741598
8.58978819933985	-0.5587925895581886
8.6173641796344	-0.5583885658837405
8.64494015992895	-0.5579988324304603
8.6725161402235	-0.5576226715672498
8.70009212051805	-0.5572594019023245
8.7276681008126	-0.5569083758089097
8.755244081107151	-0.5565689755856972
8.782820061401701	-0.5562405872631397
8.810396041696251	-0.5559226559785185
8.837972021990801	-0.5556147785202348
8.865548002285351	-0.5553163778977208
8.893123982579901	-0.5550269721434909
8.920699962874451	-0.5547461016414927
8.948275943169001	-0.5544733280032882
8.975851923463551	-0.5542082329722696
9.003427903758102	-0.5539504173681835
9.031003884052652	-0.5536995000766564
9.058579864347202	-0.5534551170851912
9.086155844641752	-0.5532166742977408
9.113731824936302	-0.5529843664171723
9.141307805230852	-0.5527576099202341
9.168883785525402	-0.5525360957114634
9.196459765819952	-0.5523195275237532
9.224035746114502	-0.552107621373625
9.251611726409052	-0.551900105029915
9.279187706703603	-0.5516967174998982
9.306763686998153	-0.5514972085364133
9.334339667292703	-0.5513013381693065
9.361915647587253	-0.551108358895393
9.389491627881803	-0.5509191542365759
9.417067608176353	-0.5507329584338291
9.444643588470903	-0.5505495604355366
9.472219568765453	-0.550368757582651
9.499795549060003	-0.5501903554233726
9.527371529354554	-0.5500141674948529
9.554947509649104	-0.5498400150847708
9.582523489943654	-0.5496677269826994
9.610099470238204	-0.5494971392289045
9.637675450532754	-0.5493293541895022
9.665251430827304	-0.5491617424110441
9.692827411121854	-0.5489952765293086
9.720403391416404	-0.5488297660126734
9.747979371710954	-0.5486649396298966
9.775555352005505	-0.5485001250362926
9.803131332300055	-0.5483286580166027
9.830707312594605	-0.5481850631677347
9.858283292889155	-0.5480191592836943
9.885859273183705	-0.5478567635946455
9.913435253478255	-0.5476931536687203
9.941011233772805	-0.5475325052418161
9.968587214067355	-0.5473719331211356
9.996163194361905	-0.547211345628397
10.02373917465646	-0.5470506552575864
10.05131515495101	-0.5468897784667939
10.07889113524556	-0.5467286354781022
10.10646711554011	-0.5465671500829848
10.13404309583466	-0.5464052494504923
10.16161907612921	-0.5462428639352762
10.18919505642376	-0.5460801809761798
10.21677103671831	-0.545916610246073
10.24434701701286	-0.5457523400199064
10.27192299730741	-0.5455873120922613
10.29949897760196	-0.5454214714395027
10.32707495789651	-0.5452547660909436
10.35465093819106	-0.5450871470057368
10.38222691848561	-0.5449185679546594
10.40980289878016	-0.5447489854060087
10.43737887907471	-0.5445783584148776
10.46495485936926	-0.5444067811376193
10.49253083966381	-0.5442339397343334
10.52010681995836	-0.5440599346055254
10.54768280025291	-0.5438847353436516
10.57525878054746	-0.5437083141006438
10.60283476084201	-0.5435306454818366
10.63041074113656	-0.5433517064444001
10.65798672143111	-0.5431714761998364
10.68556270172566	-0.5429899361201425
10.71313868202021	-0.5428070696472808
10.74071466231476	-0.5426230569735914
10.76829064260931	-0.5424374750727627
10.79586662290386	-0.5422505136105769
10.82344260319841	-0.5420621658930191
10.85101858349296	-0.5418724274763843
10.87859456378751	-0.5416812960373846
10.90617054408206	-0.5414887712516399
10.93374652437661	-0.5412948546797259
10.96132250467116	-0.5410995496600572
10.98889848496571	-0.5409028612079672
11.01647446526026	-0.5407049624746159
11.04405044555481	-0.5405055077076223
11.07162642584936	-0.5403046821094505
11.09920240614391	-0.5401024991287731
11.12677838643846	-0.5398989737408932
11.15435436673301	-0.5396941223055755
11.18193034702756	-0.5394879624397676
11.20950632732211	-0.539280512903068
11.23708230761666	-0.5390717934941468
11.26465828791121	-0.5388618249566347
11.29223426820576	-0.538650581826322
11.31981024850031	-0.5384381858940254
11.34738622879486	-0.5382246114399017
11.37496220908941	-0.5380098815617463
11.40253818938396	-0.5377940198115054
11.43011416967851	-0.5375770501525117
11.45769014997306	-0.5373589969186544
11.48526613026761	-0.537139884775387
11.51284211056216	-0.5369197386824817
11.54041809085671	-0.5366985838584535
11.56799407115126	-0.5364764131124142
11.59557005144581	-0.5362533205498567
11.62314603174036	-0.5360292987787023
11.65072201203491	-0.535804373374533
11.67829799232946	-0.5355785698938532
11.70587397262401	-0.5353519138534393
11.73344995291856	-0.5351244307107434
11.76102593321311	-0.5348961458453172
11.78860191350766	-0.5346670845412241
11.81617789380221	-0.5344372719704087
11.84375387409676	-0.5342066982798686
11.87132985439131	-0.5339754617159053
11.89890583468586	-0.5337435513549919
11.92648181498041	-0.5335109913657674
11.95405779527496	-0.5332778056123963
11.98163377556951	-0.5330440176521348
12.00920975586406	-0.5328096507332069
12.03678573615861	-0.5325747277929785
12.06436171645316	-0.5323392714564257
12.09193769674771	-0.5321033040348818
12.11951367704226	-0.5318668025632769
12.14708965733681	-0.5316298837084614
12.17466563763136	-0.5313925221821221
12.20224161792591	-0.5311547384147113
12.22981759822046	-0.5309165524008317
12.25739357851501	-0.5306779837161192
12.28496955880956	-0.530439051532515
12.31254553910411	-0.5301997746321297
12.34012151939866	-0.5299601714198751
12.36769749969321	-0.5297202599350157
12.39527347998776	-0.5294799796736306
12.42284946028231	-0.5292395154147175
12.45042544057686	-0.5289987996674843
12.47800142087141	-0.5287578477289443
12.50557740116597	-0.5285166745621133
12.53315338146052	-0.5282752948215946
12.56072936175507	-0.5280337228736289
12.58830534204962	-0.5277919728120225
12.61588132234417	-0.5275500584709771
12.64345730263872	-0.5273079934355611
12.67103328293327	-0.5270658237284527
12.69860926322782	-0.5268234951972177
12.72618524352237	-0.5265810523260193
12.75376122381692	-0.5263385076656244
12.78133720411147	-0.5260958736115829
12.80891318440602	-0.5258531624211027
12.83648916470057	-0.5256103862394806
12.86406514499512	-0.5253675571433214
12.89164112528967	-0.5251246872148954
12.91921710558422	-0.5248817886780422
12.94679308587877	-0.5246390720660017
12.97436906617332	-0.5243961752426234
13.00194504646787	-0.5241532758005147
13.02952102676242	-0.523910382811816
13.05709700705697	-0.5236675050833086
13.08467298735152	-0.5234246511530717
13.11224896764607	-0.5231818292863439
13.13982494794062	-0.5229390474706945
13.16740092823517	-0.5226963134105155
13.19497690852972	-0.5224536345208045
13.22255288882427	-0.5222110426519048
13.25012886911882	-0.5219684934194604
13.27770484941337	-0.5217260175343437
13.30528082970792	-0.521483621258488
13.33285681000247	-0.5212413106447139
13.36043279029702	-0.5209990915378191
13.38800877059157	-0.5207569695756353
13.41558475088612	-0.5205149501900485
13.44316073118067	-0.5202730386079811
13.47073671147522	-0.5200312398523418
13.49831269176977	-0.5197895680750735
13.52588867206432	-0.5195480065368933
13.55346465235887	-0.5193065159102438
13.58104063265342	-0.5190652763545273
13.60861661294797	-0.5188241043716352
13.63619259324252	-0.5185830720190604
13.66376857353707	-0.5183421820228929
13.69134455383162	-0.5181014378732589
13.71892053412617	-0.5178608430617474
13.74649651442072	-0.5176204009804178
13.77407249471527	-0.517380119227791
13.80164847500982	-0.5171399922247857
13.82922445530437	-0.5169000267650408
13.85680043559892	-0.5166602258483317
13.88437641589347	-0.5164205923265841
13.91195239618802	-0.5161811289330768
13.93952837648257	-0.5159418382930199
13.96710435677712	-0.5157027229288595
13.99468033707167	-0.5154637852637249
14.02225631736622	-0.5152250276241058
14.04983229766077	-0.5149864544902093
14.07740827795532	-0.5147480633118663
14.10498425824987	-0.5145098583870999
14.13256023854442	-0.5142718416965982
14.16013621883897	-0.5140340151449022
14.18771219913352	-0.5137963805620839
14.21528817942807	-0.5135589397053905
14.24286415972262	-0.5133216942608538
14.27044014001717	-0.5130846458448655
14.29801612031172	-0.5128477960057165
14.32559210060627	-0.5126111497972744
14.35316808090082	-0.512374700417106
14.38074406119537	-0.5121384541505081
14.40832004148992	-0.5119024120875325
14.43589602178447	-0.5116665754022718
14.46347200207902	-0.5114309452550535
14.49104798237357	-0.5111955227680879
14.51862396266812	-0.5109603090180297
14.54619994296267	-0.5107253050337098
14.57377592325722	-0.5104905117957617
14.60135190355177	-0.5102559304332023
14.62892788384632	-0.5100215614138698
14.65650386414087	-0.509787405786826
14.68407984443542	-0.5095534643493207
14.71165582472997	-0.5093197378548663
14.73923180502452	-0.5090862270143351
14.76680778531907	-0.5088529324970341
14.79438376561362	-0.5086198549317581
14.82195974590817	-0.5083869949078229
14.84953572620272	-0.5081543529760786
14.87711170649727	-0.5079219296530848
14.90468768679182	-0.5076897254077841
14.93226366708637	-0.5074577406864855
14.95983964738092	-0.5072259758963067
14.98741562767547	-0.506994431410648
15.01499160797002	-0.5067631075700688
15.04256758826457	-0.5065320046831481
15.07014356855912	-0.5063011230273275
15.09771954885368	-0.5060704628497402
15.12529552914823	-0.5058400243680241
15.15287150944278	-0.5056098108363662
15.18044748973733	-0.5053798153889412
15.20802347003188	-0.5051500423386845
15.23559945032643	-0.5049204916483404
15.26317543062098	-0.5046911633455704
15.29075141091553	-0.5044620574634419
15.31832739121008	-0.5042331740234585
15.34590337150463	-0.5040045130297256
15.37347935179918	-0.5037760744668043
15.40105533209373	-0.5035478582989934
15.42863131238828	-0.5033198650309274
15.45620729268283	-0.5030920933981698
15.48378327297738	-0.5028645438929364
15.51135925327193	-0.5026372164066847
15.53893523356648	-0.5024101108129796
15.56651121386103	-0.5021832269679709
15.59408719415558	-0.5019565647108494
15.62166317445013	-0.5017301238642836
15.64923915474468	-0.5015039042348362
15.67681513503923	-0.5012779056133582
15.70439111533378	-0.5010521266309891
15.73196709562833	-0.500826570066211
15.75954307592288	-0.500601233349852
15.78711905621743	-0.5003761164855207
15.81469503651198	-0.5001512192643572
15.84227101680653	-0.4999265414221526
15.86984699710108	-0.4997020826691521
15.89742297739563	-0.4994778426987136
15.92499895769018	-0.4992538211905658
15.95257493798473	-0.4990300178122876
15.98015091827928	-0.4988064326615542
16.00772689857383	-0.4985830644712135
16.03530287886838	-0.4983599133050033
16.06287885916293	-0.4981369787897058
16.09045483945748	-0.4979142605444599
16.11803081975203	-0.4976917581808973
16.14560680004658	-0.4974694713032662
16.17318278034113	-0.4972473995085439
16.20075876063568	-0.4970255423865375
16.22833474093023	-0.4968038995199737
16.25591072122478	-0.4965824716182555
16.28348670151933	-0.4963612558394888
16.31106268181388	-0.4961402529512357
16.33863866210843	-0.4959194625187562
16.36621464240298	-0.4956988841031676
16.39379062269753	-0.4954785172618781
16.42136660299208	-0.4952583615488809
16.44894258328663	-0.49503841651498
16.47651856358118	-0.4948186817079737
16.50409454387573	-0.4945991566728174
16.53167052417028	-0.4943798418872989
16.55924650446483	-0.4941607349291776
16.58682248475938	-0.4939418362861862
16.61439846505393	-0.4937231455028829
16.64197444534848	-0.493504662125122
16.66955042564303	-0.4932863857000809
16.69712640593758	-0.4930683157762953
16.72470238623213	-0.4928504519036991
16.75227836652668	-0.4926327936336723
16.77985434682123	-0.4924153405190939
16.80743032711578	-0.4921980937204616
16.83500630741033	-0.4919810493070498
16.86258228770488	-0.4917642086504744
16.89015826799943	-0.4915475713348287
16.91773424829398	-0.4913311369439492
16.94531022858853	-0.4911149050624468
16.97288620888308	-0.4908988752763738
17.00046218917763	-0.4906830471736798
17.02803816947218	-0.4904674203445459
17.05561414976673	-0.4902519943816399
17.08319013006128	-0.4900367692508019
17.11076611035583	-0.4898217437721384
17.13834209065038	-0.489606917925345
17.16591807094493	-0.4893922913185258
17.19349405123948	-0.4891778635642804
17.22107003153403	-0.4889636342798778
17.24864601182858	-0.4887496030874416
17.27622199212313	-0.4885357696141522
17.30379797241768	-0.4883221334924641
17.33137395271223	-0.4881086943603436
17.35894993300678	-0.487895454115761
17.38652591330133	-0.4876824087523862
17.41410189359588	-0.4874695600902265
17.44167787389043	-0.4872569142404406
17.46925385418498	-0.4870444384300366
17.49682983447953	-0.486832178320626
17.52440581477408	-0.4866201113011985
17.55198179506863	-0.4864082501941784
17.57955777536318	-0.486196542448843
17.60713375565773	-0.485985059453714
17.63470973595228	-0.4857737666411237
17.66228571624683	-0.4855626651708934
17.68986169654139	-0.4853517565164104
17.71743767683594	-0.4851410403893224
17.74501365713049	-0.4849305165069064
17.77258963742504	-0.4847201845920338
17.80016561771959	-0.4845100443730666
17.82774159801414	-0.484300095583675
17.85531757830869	-0.4840903379625594
17.88289355860324	-0.483880771253055
17.91046953889779	-0.4836713962181688
17.93804551919234	-0.4834622105462242
17.96562149948689	-0.4832532149330264
17.99319747978144	-0.4830444091230809
18.02077346007599	-0.4828357928653724
18.04834944037054	-0.4826273659132659
18.07592542066509	-0.4824191280243991
18.10350140095964	-0.4822110789605695
18.13107738125419	-0.4820032184876323
18.15865336154874	-0.4817955463754315
18.18622934184329	-0.4815880633172331
18.21380532213784	-0.4813807672065356
18.24138130243239	-0.4811736587123232
18.26895728272694	-0.4809667376149971
18.29653326302149	-0.4807600036991159
18.32410924331604	-0.4805534567534422
18.35168522361059	-0.4803470965709553
18.37926120390514	-0.480140922948838
18.40683718419969	-0.4799349356884483
18.43441316449424	-0.4797291345952725
18.46198914478879	-0.4795235196848752
18.48956512508334	-0.4793180903453985
18.51714110537789	-0.4791128465945774
18.54471708567244	-0.478907788254052
18.57229306596699	-0.4787029151502346
18.59986904626154	-0.4784982271143384
18.62744502655609	-0.4782937239824086
18.65502100685064	-0.4780894055953586
18.68259698714519	-0.4778852717990155
18.71017296743974	-0.4776813224441798
18.73774894773429	-0.4774775567636358
18.76532492802884	-0.4772739756729282
18.79290090832339	-0.4770705785424019
18.82047688861794	-0.4768673651095818
18.84805286891249	-0.4766643250858084
18.87562884920704	-0.4764614910778959
18.90320482950159	-0.4762588284821893
18.93078080979614	-0.4760563494970637
18.95835679009069	-0.4758540538512543
18.98593277038524	-0.4756519414098865
19.01350875067979	-0.4754500134336355
19.04108473097434	-0.4752482671207582
19.06866071126889	-0.4750467037254336
19.09623669156344	-0.4748453232226267
19.12381267185799	-0.474644126781905
19.15138865215254	-0.4744431092691849
19.17896463244709	-0.4742422768263294
19.20654061274164	-0.4740416266985931
19.23411659303619	-0.4738411589638858
19.26169257333074	-0.4736408735818124
19.28926855362529	-0.4734407686519023
19.31684453391984	-0.4732408473925522
19.34442051421439	-0.4730411071866557
19.37199649450894	-0.4728415601576681
19.39957247480349	-0.4726421804650898
19.42714845509804	-0.4724429874562222
19.45472443539259	-0.4722439768467088
19.48230041568714	-0.4720451483103517
19.50987639598169	-0.4718465017339351
19.53745237627624	-0.4716480370482333
19.56502835657079	-0.4714497545056232
19.59260433686534	-0.4712516533778199
19.62018031715989	-0.4710537339819678
19.64775629745444	-0.470855996273208
19.67533227774899	-0.4706584402053682
19.70290825804354	-0.4704610657305077
19.73048423833809	-0.4702638727984266
19.75806021863264	-0.4700668613561336
19.78563619892719	-0.4698700313472774
19.81321217922174	-0.4696733827115394
19.84078815951629	-0.4694769154926228
19.86836413981084	-0.4692806293982266
19.89594012010539	-0.4690845244551111
19.92351610039994	-0.4688886005794186
19.95109208069449	-0.468692857679712
19.97866806098904	-0.4684972956558393
20.00624404128359	-0.4683019143973143
20.03382002157814	-0.4681067137803298
20.06139600187269	-0.4679116936596824
20.08897198216724	-0.4677168538321509
20.11654796246179	-0.4675221949410331
20.14412394275634	-0.467327715614748
20.17169992305089	-0.467133416171882
20.19927590334544	-0.4669392964155754
20.22685188363999	-0.4667453561323502
20.25442786393454	-0.4665515950909759
20.2820038442291	-0.4663580130413056
20.30957982452365	-0.4661646097130852
20.3371558048182	-0.4659713848147368
20.36473178511275	-0.4657783380321232
20.3923077654073	-0.465585469019047
20.41988374570185	-0.465392777418803
20.4474597259964	-0.465200262846038
20.47503570629095	-0.4650079248884008
20.5026116865855	-0.4648157631072849
20.53018766688005	-0.4646237770386965
20.5577636471746	-0.4644319661973843
20.58533962746915	-0.4642403300923157
20.6129156077637	-0.46404886829727
20.64049158805825	-0.4638575810524256
20.6680675683528	-0.463666463502324
20.69564354864735	-0.4634755202105093
20.7232195289419	-0.4632847511054424
20.75079550923645	-0.4630941430188325
20.778371489531	-0.4629037126202744
20.80594746982555	-0.4627134503308026
20.8335234501201	-0.4625233560979681
20.86109943041465	-0.4623334291409201
20.8886754107092	-0.462143668560049
20.91625139100375	-0.4619540733978159
20.9438273712983	-0.4617646431011348
20.97140335159285	-0.4615753757157332
20.9989793318874	-0.4613862705740067
21.02655531218195	-0.4611973265627221
21.0541312924765	-0.4610085425375725
21.08170727277105	-0.4608199173246291
21.1092832530656	-0.4606314497220146
21.13685923336015	-0.4604431385018048
21.1644352136547	-0.460254982412156
21.19201119394925	-0.4600669801796609
21.2195871742438	-0.4598791315350517
21.24716315453835	-0.4596914330324985
21.2747391348329	-0.4595038843772322
21.30231511512745	-0.4593164842470248
21.329891095422	-0.4591292313179008
21.35746707571655	-0.4589421242676309
21.3850430560111	-0.4587551617793386
21.41261903630565	-0.4585683425451962
21.4401950166002	-0.4583816652701868
21.46777099689475	-0.4581951286759022
21.4953469771893	-0.4580087323533428
21.52292295748385	-0.4578224732984263
21.5504989377784	-0.4576363511566837
21.57807491807295	-0.4574503647580959
21.6056508983675	-0.4572645129649464
21.63322687866205	-0.4570787946644851
21.6608028589566	-0.4568932087324246
21.68837883925115	-0.4567077537988928
21.7159548195457	-0.456522421100315
21.74353079984025	-0.4563372413455493
21.7711067801348	-0.4561521761033891
21.79868276042935	-0.455967239114517
21.8262587407239	-0.4557824293855648
21.85383472101845	-0.4555977462955706
21.881410701313	-0.4554131892931761
21.90898668160755	-0.4552287578954713
21.9365626619021	-0.4550444516868554
21.96413864219665	-0.4548602703177198
21.9917146224912	-0.4546762135028928
22.01929060278575	-0.4544922810198311
22.0468665830803	-0.4543084857879682
22.07444256337485	-0.454124799603374
22.1020185436694	-0.4539412366683447
22.12959452396395	-0.453757797247317
22.1571705042585	-0.4535744816510951
22.18474648455305	-0.4533912902272312
22.2123224648476	-0.4532082233519881
22.23989844514215	-0.4530252814236064
22.2674744254367	-0.4528424648566526
22.29505040573125	-0.4526597740772657
22.3226263860258	-0.4524772072222142
22.35020236632035	-0.452294769759911
22.3777783466149	-0.4521124595526169
22.40535432690945	-0.4519302769619417
22.432930307204	-0.4517482222550269
22.46050628749855	-0.4515662922627036
22.4880822677931	-0.4513845001571897
22.51565824808765	-0.4512028316763655
22.5432342283822	-0.4510212929537462
22.57081020867675	-0.4508398841396206
22.5983861889713	-0.4506586067875285
22.62596216926585	-0.4504774586380212
22.6535381495604	-0.4502964412147457
22.68111412985495	-0.450115554862983
22.7086901101495	-0.4499347999233794
22.73626609044405	-0.4497541767307074
22.7638420707386	-0.4495736856127686
22.79141805103315	-0.449393326889426
22.8189940313277	-0.4492131008717594
22.84657001162225	-0.449033007861336
22.87414599191681	-0.4488530481327658
22.90172197221136	-0.4486732219798765
22.92929795250591	-0.4484935296847929
22.95687393280046	-0.4483139715119877
22.98444991309501	-0.448134547714316
23.01202589338956	-0.4479552585328473
23.03960187368411	-0.44777610419689
23.06717785397866	-0.4475970849243053
23.09475383427321	-0.4474182009223654
23.12232981456776	-0.4472394523898608
23.14990579486231	-0.4470608345286209
23.17748177515686	-0.446882358459654
23.20505775545141	-0.4467040177732786
23.23263373574596	-0.4465258129659321
23.26020971604051	-0.4463477442790191
23.28778569633506	-0.4461698118770714
23.31536167662961	-0.4459920158896515
23.34293765692416	-0.445814356424988
23.37051363721871	-0.4456368335754754
23.39808961751326	-0.4454594474203028
23.42566559780781	-0.4452821977345569
23.45324157810236	-0.4451050852036236
23.48081755839691	-0.4449281095532877
23.50839353869146	-0.4447512708159055
23.53596951898601	-0.4445745690147824
23.56354549928056	-0.4443980041644884
23.59112147957511	-0.4442215762711736
23.61869745986966	-0.4440452853328785
23.64627344016421	-0.4438691313398421
23.67384942045876	-0.4436931142748035
23.70142540075331	-0.443517233709662
23.72900138104786	-0.4433414904127397
23.75657736134241	-0.4431658839923316
23.78415334163696	-0.4429904144177305
23.81172932193151	-0.4428150816574748
23.83930530222606	-0.4426398856843358
23.86688128252061	-0.4424648264866922
23.89445726281516	-0.4422899040993322
23.92203324310971	-0.4421151187096594
23.94960922340426	-0.4419404712081976
23.97718520369881	-0.4417659500738523
24.00476118399336	-0.4415915726781796
24.03233716428791	-0.44141733156399
24.05991314458246	-0.4412432266381232
24.08748912487701	-0.4410692578059384
24.11506510517156	-0.4408954249706751
24.14264108546611	-0.4407217280331602
24.17021706576066	-0.4405481668916996
24.19779304605521	-0.4403747414420657
24.22536902634976	-0.4402014515775415
24.25294500664431	-0.4400282970848654
24.28052098693886	-0.4398552780755609
24.30809696723341	-0.4396823943233876
24.33567294752796	-0.439509645710785
24.36324892782251	-0.4393370321181581
24.39082490811706	-0.4391645534239937
24.41840088841161	-0.4389922095049719
24.44597686870616	-0.4388200002360706
24.47355284900071	-0.4386479254906678
24.50112882929526	-0.4384759851406358
24.52870480958981	-0.4383041790125586
24.55628078988436	-0.4381325070667275
24.58385677017891	-0.4379609691276316
24.61143275047346	-0.4377895650617577
24.63900873076801	-0.4376182947342968
24.66658471106256	-0.4374471580091995
24.69416069135711	-0.4372761547492264
24.72173667165166	-0.4371052848159918
24.74931265194621	-0.4369345480700018
24.77688863224076	-0.436763944370685
24.80446461253531	-0.4365934731443236
24.83204059282986	-0.4364231350792941
24.85961657312441	-0.4362529296751587
24.88719255341896	-0.4360828568137999
24.91476853371351	-0.4359129164019636
24.94234451400806	-0.4357431084223362
24.96992049430261	-0.4355734331898115
24.99749647459716	-0.4354038947308661
25.02507245489171	-0.4352344642297292
25.05264843518626	-0.4350651889386281
25.08022441548081	-0.4348960422102283
25.10780039577536	-0.4347270237847803
25.13537637606991	-0.43455813658992
25.16295235636446	-0.4343893804798653
25.19052833665901	-0.4342207553089038
25.21810431695356	-0.4340522609313293
25.24568029724811	-0.4338838972014049
25.27325627754266	-0.4337156639733449
25.30083225783721	-0.4335475611013057
25.32840823813176	-0.433379588439386
25.35598421842631	-0.433211745810313
25.38356019872086	-0.4330440331336819
25.41113617901541	-0.4328764502316806
25.43871215930996	-0.4327089969580032
25.46628813960452	-0.4325416731662384
25.49386411989907	-0.4323744787098696
25.52144010019362	-0.4322074134422699
25.54901608048817	-0.4320404772166916
25.57659206078272	-0.4318736698862463
25.60416804107727	-0.4317069913038737
25.63174402137182	-0.4315404402130985
25.65932000166637	-0.4313740183999603
25.68689598196092	-0.4312077248531146
25.71447196225547	-0.4310415593738549
25.74204794255002	-0.4308755211156896
25.76962392284457	-0.4307096134005899
25.79719990313912	-0.4305438312580283
25.82477588343367	-0.4303781769392141
25.85235186372822	-0.4302126500852549
25.87992784402277	-0.4300472505202778
25.90750382431732	-0.4298819786805333
25.93507980461187	-0.4297168330679409
25.96265578490642	-0.4295518143176665
25.99023176520097	-0.4293869222831913
26.01780774549552	-0.4292221568185581
26.04538372579007	-0.4290575177782495
26.07295970608462	-0.4288930050171069
26.10053568637917	-0.4287286183902752
26.12811166667372	-0.4285643577531669
26.15568764696827	-0.4284002229614353
26.18326362726282	-0.4282362138505093
26.21083960755737	-0.4280723303201219
26.23841558785192	-0.4279085722046835
26.26599156814647	-0.4277449393603422
26.29356754844102	-0.427581431643423
26.32114352873557	-0.4274180489104314
26.34871950903012	-0.4272547910180567
26.37629548932467	-0.4270916578231744
26.40387146961922	-0.4269286491828488
26.43144744991377	-0.4267657649543364
26.45902343020832	-0.4266030049716414
26.48659941050287	-0.4264403691397937
26.51417539079742	-0.426277857295122
26.54175137109197	-0.4261154692960204
26.56932735138652	-0.4259532050010441
26.59690333168107	-0.4257910642688851
26.62447931197562	-0.4256290469583355
26.65205529227017	-0.4254671529282256
26.67963127256472	-0.4253053820373211
26.70720725285927	-0.4251437341441371
26.73478323315382	-0.4249822032417594
26.76235921344837	-0.424820805125022
26.78993519374292	-0.4246595260851282
26.81751117403747	-0.4244983691257737
26.84508715433202	-0.4243373343635908
26.87266313462657	-0.4241764217241072
26.90023911492112	-0.4240156310922001
26.92781509521567	-0.4238549623398093
26.95539107551022	-0.4236944153337497
26.98296705580477	-0.4235339899385138
27.01054303609932	-0.423373685916561
27.03811901639387	-0.4232135033502321
27.06569499668842	-0.4230534419872615
27.09327097698297	-0.4228935016883301
27.12084695727752	-0.4227336823142899
27.14842293757207	-0.4225739837261528
27.17599891786662	-0.4224144057850767
27.20357489816117	-0.4222549483523504
27.23115087845572	-0.4220956112893769
27.25872685875027	-0.4219363944576532
27.28630283904482	-0.4217772974202006
27.31387881933937	-0.4216183206226019
27.34145479963392	-0.421459463671257
27.36903077992847	-0.4213007264418178
27.39660676022302	-0.4211421088199221
27.42418274051757	-0.4209836107152508
27.45175872081212	-0.4208252321094228
27.47933470110667	-0.4206669732964448
27.50691068140122	-0.4205088380530811
27.53448666169577	-0.4203507993345221
27.56206264199032	-0.420192903509314
27.58963862228487	-0.4200351188438911
27.61721460257942	-0.4198774526596631
27.64479058287397	-0.4197199048247288
27.67236656316852	-0.4195624752065319
27.69994254346307	-0.4194051636722577
27.72751852375762	-0.4192479700890166
27.75509450405217	-0.4190908943239374
27.78267048434672	-0.4189339362442185
27.81024646464127	-0.4187770957171576
27.83782244493582	-0.4186203726587804
27.86539842523037	-0.4184637668337866
27.89297440552492	-0.4183072781606459
27.92055038581947	-0.4181509065077237
27.94812636611402	-0.4179946517436471
27.97570234640857	-0.4178385137373179
28.00327832670312	-0.417682492357922
28.03085430699767	-0.4175265874749349
28.05843028729223	-0.4173707989581256
28.08600626758678	-0.4172151266775591
28.11358224788133	-0.4170595704563313
28.14115822817588	-0.416904130263975
28.16873420847043	-0.4167488059238164
28.19631018876498	-0.4165935973066576
28.22388616905953	-0.4164385042833929
28.25146214935408	-0.4162835267250148
28.27903812964863	-0.4161286645026185
28.30661410994318	-0.4159739174874125
28.33419009023773	-0.4158192855507275
28.36176607053228	-0.4156647685640341
28.38934205082683	-0.4155103659546077
28.41691803112138	-0.4153560782272544
28.44449401141593	-0.4152019043302564
28.47206999171048	-0.4150478490537584
28.49964597200503	-0.4148939035773637
28.52722195229958	-0.4147400732966941
28.55479793259413	-0.4145863571940752
28.58237391288868	-0.4144327550515889
28.60994989318323	-0.4142792667167299
28.63752587347778	-0.4141258920516418
28.66510185377233	-0.4139726311859702
28.69267783406688	-0.4138194834566598
28.72025381436143	-0.4136664489688646
28.74782979465598	-0.4135135275976081
28.77540577495053	-0.4133607192189208
28.80298175524508	-0.413208023709995
28.83055773553963	-0.4130554409492426
28.85813371583418	-0.4129029708163107
28.88570969612873	-0.4127506131920805
28.91328567642328	-0.4125983679586568
28.94086165671783	-0.4124462345188538
28.96843763701238	-0.4122942137630683
28.99601361730693	-0.4121423050912774
29.02358959760148	-0.4119905083858136
29.05116557789603	-0.4118388235282404
29.07874155819058	-0.4116872503993432
29.10631753848513	-0.4115357888791172
29.13389351877968	-0.4113844388467504
29.16146949907423	-0.4112332001806016
29.18904547936878	-0.4110820727581713
29.21662145966333	-0.4109310563399483
29.24419743995788	-0.4107801510057131
29.27177342025243	-0.4106293565557862
29.29934940054698	-0.4104786728792164
29.32692538084153	-0.4103280998757363
29.35450136113608	-0.4101776374712452
29.38207734143063	-0.4100272856700764
29.40965332172518	-0.4098770448128349
29.43722930201973	-0.4097269187787706
29.46480528231428	-0.4095768777043332
29.49238126260883	-0.4094269720967442
29.51995724290338	-0.4092771713595542
29.54753322319793	-0.4091274792191666
29.57510920349248	-0.408977896255572
29.60268518378703	-0.4088284225166517
29.63026116408158	-0.4086790579420917
29.65783714437613	-0.4085298024380775
29.68541312467068	-0.4083806558978803
29.71298910496523	-0.4082316182091342
29.74056508525978	-0.4080826892568632
29.76814106555433	-0.4079338686127687
29.79571704584888	-0.4077851568301391
29.82329302614343	-0.4076365534518762
29.85086900643798	-0.4074880583567252
29.87844498673253	-0.4073396714236912
29.90602096702708	-0.4071913925320365
29.93359694732163	-0.4070432215612773
29.96117292761618	-0.4068951583911808
29.98874890791073	-0.4067472029017623
30.01632488820528	-0.4065993549732821
30.04390086849983	-0.4064516142670732
30.07147684879438	-0.4063039811005112
30.09905282908893	-0.4061564551592607
30.12662880938348	-0.4060090363311911
30.15420478967803	-0.4058617245076571
30.18178076997258	-0.4057145195870464
30.20935675026713	-0.4055674214841264
30.23693273056168	-0.4054204301603753
30.26450871085623	-0.4052735457631504
30.29208469115078	-0.4051267700071788
30.31966067144533	-0.4049800923286273
30.34723665173988	-0.404833525898329
30.37481263203443	-0.4046870655356142
30.40238861232898	-0.4045407111274217
30.42996459262353	-0.4043944625606157
30.45754057291808	-0.4042483197220178
30.48511655321263	-0.4041022824984354
30.51269253350718	-0.4039563507766841
30.54026851380173	-0.4038105244436079
30.56784449409628	-0.4036648033860958
30.59542047439083	-0.403519187572605
30.62299645468539	-0.4033736767228821
30.65057243497994	-0.4032282708021689
30.67814841527449	-0.4030829696972507
30.70572439556904	-0.4029377732951771
30.73330037586359	-0.4027926814833082
30.76087635615814	-0.4026476941493849
30.78845233645269	-0.4025028111816478
30.81602831674724	-0.4023580324690405
30.84360429704179	-0.4022133579015816
30.87118027733634	-0.4020687874122899
30.89875625763089	-0.4019243208254586
30.92633223792544	-0.4017799580729919
30.95390821821999	-0.4016356990703462
30.98148419851454	-0.4014915437733188
31.00906017880909	-0.4013474922946227
31.03663615910364	-0.4012035459874427
31.06421213939819	-0.4010596850296821
31.09178811969274	-0.4009159513568974
31.11936409998729	-0.4007723130305467
31.14694008028184	-0.4006287740201169
31.17451606057639	-0.4004853424538079
31.20209204087094	-0.4003420121889895
31.22966802116549	-0.4001987841399609
31.25724400146004	-0.4000556584097874
31.28481998175459	-0.3999126349607567
31.31239596204914	-0.3997697137143186
31.33997194234369	-0.3996268945765441
31.36754792263824	-0.3994841774467086
31.39512390293279	-0.3993415622207505
31.42269988322734	-0.3991990486477867
31.45027586352189	-0.3990566369390566
31.47785184381644	-0.3989143268188146
31.50542782411099	-0.3987721181768412
31.53300380440554	-0.3986300109032553
31.56057978470009	-0.3984880048884872
31.58815576499464	-0.3983461000232567
31.61573174528919	-0.3982042961985541
31.64330772558374	-0.3980625933056253
31.67088370587829	-0.3979209912359581
31.69845968617284	-0.3977794898812709
31.72603566646739	-0.3976380891335038
31.75361164676194	-0.3974967888848103
31.78118762705649	-0.3973555890275495
31.80876360735104	-0.3972144894542812
31.83633958764559	-0.39707349005776
31.86391556794014	-0.3969325907309308
31.89149154823469	-0.3967917913669249
31.91906752852924	-0.3966510918590564
31.94664350882379	-0.3965104921008196
31.97421948911834	-0.3963699919858853
32.00179546941289	-0.3962295914080994
32.02937144970744	-0.3960892902614804
32.05694743000199	-0.3959490884402173
32.08452341029654	-0.3958089858386682
32.11209939059109	-0.3956689823513585
32.13967537088564	-0.39552907787298
32.16725135118019	-0.3953892722983888
32.19482733147474	-0.3952495655226053
32.22240331176929	-0.3951099574408122
