0
1000	105.6583745	100000000000000.1
5	0	0	1
5	0	0	0
4.673998997513734	0.06787588976727654
4.701574977808284	0.2712666164368011
4.729150958102834	0.5749394826187314
4.756726938397384	0.9861439111179099
4.784302918691934	1.508410857178351
4.811878898986484	2.143040603149412
4.839454879281035	2.890067721493581
4.867030859575585	3.748862389533354
4.894606839870135	4.718497442137664
4.922182820164685	5.797968856063043
4.949758800459235	6.986325536087665
4.977334780753785	8.282743218877162
5.004910761048335	9.686564053367297
5.032486741342885	11.197315208913
5.060062721637435	12.8147148021302
5.087638701931986	14.53867030194923
5.115214682226536	16.36927262770291
5.142790662521086	18.30678793774758
5.170366642815636	20.35164834173486
5.197942623110186	22.50444228461133
5.225518603404736	24.76590504655063
5.253094583699286	27.13690960845568
5.280670563993836	29.61845800899665
5.308246544288386	32.21167324555275
5.335822524582936	34.9177917221964
5.363398504877487	37.73815622130422
5.390974485172037	40.67420936141563
5.418550465466587	43.72748750090332
5.446126445761137	46.89961506522688
5.473702426055687	50.19229935021497
5.501278406350237	53.60821817074646
5.528854386644787	57.14978823351497
5.556430366939337	60.81639281649925
5.584006347233887	64.61073609341896
5.611582327528438	68.53576290178107
5.639158307822988	72.59185564637131
5.666734288117538	76.78024676099429
5.694310268412088	81.10601128715948
5.721886248706638	85.56956098606804
5.749462229001188	90.17293237493904
5.777038209295738	94.92000889378038
5.804614189590288	99.81188374577053
5.832190169884838	104.2414197120556
5.859766150179389	110.0437694407475
5.887342130473939	115.3880494595909
5.914918110768489	120.8908744678555
5.942494091063039	126.5520279188982
5.970070071357589	132.3764780996033
5.997646051652139	136.2018203175162
6.025222031946689	144.5273972649512
6.052798012241239	150.861386570547
6.080373992535789	157.3692287797424
6.107949972830339	164.0629410283358
6.13552595312489	170.939019473161
6.16310193341944	178.0019304500267
6.19067791371399	185.2590238601609
6.21825389400854	192.7124823719281
6.24582987430309	199.5406376087971
6.27340585459764	208.1883926585058
6.30098183489219	215.4428129415225
6.32855781518674	224.5849215674414
6.35613379548129	233.0900889538767
6.383709775775841	241.8223838741791
6.411285756070391	246.9732306230117
6.438861736364941	259.9792331928324
6.466437716659491	269.420328875277
6.494013696954041	279.1011276369376
6.521589677248591	282.7061666031793
6.549165657543141	299.2461720130901
6.576741637837691	309.7086503212029
6.604317618132241	315.407522572715
6.631893598426791	331.455559786522
6.659469578721342	342.7519747112098
6.687045559015892	354.3425079044337
6.714621539310442	366.2297867821875
6.742197519604992	378.4250431574516
6.769773499899542	390.932346524143
6.797349480194092	403.7623573340609
6.824925460488642	416.9204233266574
6.852501440783192	430.4159289802294
6.880077421077742	443.1028926575862
6.907653401372293	458.4566295799797
6.935229381666843	473.0081659935043
6.962805361961393	487.9510684892014
6.990381342255943	503.2097117124172
7.017957322550493	518.9731966114996
7.045533302845043	535.0809479979662
7.073109283139593	551.6034794983236
7.100685263434143	568.5396560477442
7.128261243728693	585.9184896248884
7.155837224023244	603.7363022344763
7.183413204317794	622.0092917342736
7.210989184612344	640.7518467280921
7.238565164906894	659.9678601801885
7.266141145201444	679.6827342512564
7.293717125495994	699.8918706236094
7.321293105790544	720.6174100326822
7.348869086085094	741.8806950329958
7.376445066379644	757.7385568262488
7.404021046674194	786.0389020502101
7.431597026968745	808.9695249548942
7.459173007263295	832.4866597044486
7.486748987557845	856.5983585406201
7.514324967852395	881.3377154674539
7.541900948146945	906.7031637602611
7.569476928441495	932.7154684952421
7.597052908736045	959.3954371758451
7.624628889030595	986.7605763967175
7.652204869325145	1004.340221817108
7.679780849619696	1043.602076429137
7.707356829914246	1073.117756685796
7.734932810208796	1103.384964019853
7.762508790503346	1134.426281291357
7.790084770797896	1166.281907709601
7.817660751092446	1198.943695746964
7.845236731386996	1232.440301322502
7.872812711681546	1266.811699922761
7.900388691976096	1302.058337118557
7.927964672270646	1338.239184249238
7.955540652565197	1375.350694727914
7.983116632859747	1413.423826496375
8.010692613154298	1452.468156412206
8.038268593448848	1492.560239568226
8.065844573743398	1533.694182691498
8.093420554037948	1575.882900108799
8.120996534332498	1619.224719171406
8.148572514627048	1663.70813519746
8.176148494921598	1709.367863920915
8.203724475216148	1756.245866417296
8.231300455510699	1804.359751537187
8.258876435805249	1853.750439323019
8.286452416099799	1904.48650686348
8.314028396394349	1956.580220615305
8.341604376688899	2010.076745880447
8.369180356983449	2064.988106162559
8.396756337277999	2121.403626332821
8.424332317572549	2179.31338107397
8.451908297867099	2238.816933377211
8.47948427816165	2299.911348701818
8.5070602584562	2362.689969822516
8.53463623875075	2413.551013322684
8.5622122190453	2493.339067682594
8.58978819933985	2561.338864505772
8.6173641796344	2631.193068326037
8.64494015992895	2702.945722087965
8.6725161402235	2766.273612586493
8.70009212051805	2852.378606939496
8.7276681008126	2930.172858067703
8.755244081107151	3010.082096097407
8.782820061401701	3092.191447109767
8.810396041696251	3176.535580052149
8.837972021990801	3263.198474265212
8.865548002285351	3352.23208725217
8.893123982579901	3443.689757876845
8.920699962874451	3537.679749683792
8.948275943169001	3634.244346726035
8.975851923463551	3733.407607029025
9.003427903758102	3835.396231473655
9.031003884052652	3940.128160401557
9.058579864347202	4047.753302695139
9.086155844641752	4158.341465211343
9.113731824936302	4271.948196242762
9.141307805230852	4388.712898398509
9.168883785525402	4508.656895239442
9.196459765819952	4631.930658790167
9.224035746114502	4758.610943732111
9.251611726409052	4888.779152328733
9.279187706703603	5022.529033192783
9.306763686998153	5159.988320493009
9.334339667292703	5301.194917924298
9.361915647587253	5446.338557582038
9.389491627881803	5595.485759485115
9.417067608176353	5748.724475232456
9.444643588470903	5906.205144252456
9.472219568765453	6068.056169193748
9.499795549060003	6234.241259249394
9.527371529354554	6405.252535733621
9.554947509649104	6580.885012711869
9.582523489943654	6761.351513338738
9.610099470238204	6946.82154962203
9.637675450532754	7137.416839810691
9.665251430827304	7333.285136643854
9.692827411121854	7534.525649160925
9.720403391416404	7741.396753444443
9.747979371710954	7953.951242285116
9.775555352005505	8172.377071992907
9.803131332300055	8396.863970013172
9.830707312594605	8627.546899429561
9.858283292889155	8864.629374856942
9.885859273183705	9108.222676660398
9.913435253478255	9347.182199261921
9.941011233772805	9615.880137398681
9.968587214067355	9880.233095165271
9.996163194361905	10151.98466134082
10.02373917465646	10431.20859094158
10.05131515495101	10715.38493745207
10.07889113524556	11013.03199499077
10.10646711554011	11316.06999928226
10.13404309583466	11627.52033628421
10.16161907612921	11947.53656687558
10.18919505642376	12276.63079447846
10.21677103671831	12614.37885491406
10.24434701701286	12961.6981291553
10.27192299730741	13318.65107922983
10.29949897760196	13685.43917932951
10.32707495789651	14062.33226367636
10.35465093819106	14449.70078557734
10.38222691848561	14847.74149937518
10.40980289878016	15256.80681323623
10.43737887907471	15677.18910612505
10.46495485936926	16109.1689643774
10.49253083966381	16553.07038704566
10.52010681995836	17009.29994769669
10.54768280025291	17478.08895081753
10.57525878054746	17959.78821005939
10.60283476084201	18454.84957929283
10.63041074113656	18963.55961826671
10.65798672143111	19486.34314939467
10.68556270172566	20023.55653679161
10.71313868202021	20575.60233428355
10.74071466231476	21142.87246123837
10.76829064260931	21725.85262311602
10.79586662290386	22324.89643753572
10.82344260319841	22940.46520451054
10.85101858349296	23573.0563954407
10.87859456378751	24223.06995289018
10.90617054408206	24891.02158074365
10.93374652437661	25577.36393636034
10.96132250467116	26282.76761216457
10.98889848496571	27007.52305038392
11.01647446526026	27752.29692111108
11.04405044555481	28517.65095172614
11.07162642584936	29304.06928043747
11.09920240614391	30112.18639039712
11.12677838643846	30942.52977427688
11.15435436673301	31795.85586496088
11.18193034702756	32672.66493381762
11.20950632732211	33573.65536058949
11.23708230761666	34499.51685945402
11.26465828791121	35450.82006651023
11.29223426820576	36428.34553131412
11.31981024850031	37432.82467130866
11.34738622879486	38465.0238385722
11.37496220908941	39525.60390236697
11.40253818938396	40615.40000036813
11.43011416967851	41735.22525767764
11.45769014997306	42885.88678730862
11.48526613026761	44068.25184015512
11.51284211056216	45283.17731935196
11.54041809085671	46531.55543379623
11.56799407115126	47814.34876652859
11.59557005144581	49132.38429224851
11.62314603174036	50486.70272236548
11.65072201203491	51878.17119365202
11.67829799232946	53308.37787024157
11.70587397262401	54777.60926475308
11.73344995291856	56287.37298914511
11.76102593321311	57838.6655544676
11.78860191350766	59432.62337283049
11.81617789380221	61070.48029047426
11.84375387409676	62753.39627924443
11.87132985439131	64482.61630561651
11.89890583468586	66259.40610281084
11.92648181498041	68085.13382993863
11.95405779527496	69961.01177011778
11.98163377556951	71888.49244855206
12.00920975586406	73868.99082762028
12.03678573615861	75903.97817460485
12.06436171645316	77994.99633438396
12.09193769674771	80143.47394077451
12.11951367704226	82351.04754824276
12.14708965733681	84619.33207852388
12.17466563763136	86949.97092851423
12.20224161792591	89344.76568498093
12.22981759822046	91805.31442534651
12.25739357851501	94333.58106450817
12.28496955880956	96904.65072255388
12.31254553910411	99600.54137255678
12.34012151939866	102343.206560301
12.36769749969321	105161.2054751142
12.39527347998776	108056.6864950257
12.42284946028231	111031.7723502754
12.45042544057686	114088.5990852506
12.47800142087141	117229.5459144608
12.50557740116597	120456.7921908883
12.53315338146052	123772.7607065557
12.56072936175507	127179.8894545489
12.58830534204962	130680.6811233546
12.61588132234417	134277.7294083702
12.64345730263872	137973.5749561813
12.67103328293327	141771.0002953143
12.69860926322782	145672.8450673876
12.72618524352237	149681.9173749463
12.75376122381692	153801.1782373142
12.78133720411147	158033.7308854589
12.80891318440602	162354.0209855106
12.83648916470057	166850.9095260532
12.86406514499512	171437.7967152699
12.89164112528967	176159.4164051744
12.91921710558422	181006.2707897325
12.94679308587877	185986.6103412829
12.97436906617332	191103.6842374122
13.00194504646787	196361.3708791873
13.02952102676242	201763.5795517581
13.05709700705697	207314.2458772466
13.08467298735152	213017.43570433
13.11224896764607	218877.4320508132
13.13982494794062	224898.4204981512
13.16740092823517	231084.8789324767
13.19497690852972	237441.3209612183
13.22255288882427	243972.4842961654
13.25012886911882	250683.111287508
13.27770484941337	257578.2240435248
13.30528082970792	264662.7445483463
13.33285681000247	271941.9880663466
13.36043279029702	279421.2663477645
13.38800877059157	287106.0870331005
13.41558475088612	294983.009058065
13.44316073118067	303114.9945169378
13.47073671147522	311451.0045155142
13.49831269176977	320016.0284726786
13.52588867206432	328816.4315216361
13.55346465235887	337858.6870251985
13.58104063265342	347149.4265195528
13.60861661294797	356695.4665998624
13.63619259324252	366502.2875671362
13.66376857353707	376581.8290789714
13.69134455383162	386936.7467164763
13.71892053412617	397576.2066139164
13.74649651442072	408508.0135124231
13.77407249471527	419740.2937992545
13.80164847500982	431281.2533437164
13.82922445530437	443139.3029823467
13.85680043559892	455323.4250581887
13.88437641589347	467842.2739469491
13.91195239618802	480705.1778483052
13.93952837648257	493921.5530108824
13.96710435677712	507501.1677223229
13.99468033707167	521453.9761886942
14.02225631736622	535790.2373157019
14.04983229766077	550520.5899660646
14.07740827795532	565655.635244383
14.10498425824987	581206.6967875636
14.13256023854442	597185.1775254312
14.16013621883897	613602.7659294249
14.18771219913352	630471.5896155193
14.21528817942807	647804.013364821
14.24286415972262	665612.7913742029
14.27044014001717	683911.0870755936
14.29801612031172	702712.2235372539
14.32559210060627	722030.1348526307
14.35316808090082	741878.9737131229
14.38074406119537	762273.3622872975
14.40832004148992	783228.240069645
14.43589602178447	804759.1075759328
14.46347200207902	826881.7600481985
14.49104798237357	849612.5481355005
14.51862396266812	872967.9960447326
14.54619994296267	896965.4203169565
14.57377592325722	921622.4451000284
14.60135190355177	946957.1858100051
14.62892788384632	972988.3406651962
14.65650386414087	999734.965101113
14.68407984443542	1027216.775504875
14.71165582472997	1055453.904619035
14.73923180502452	1084467.403452242
14.76680778531907	1114278.284001516
14.79438376561362	1144908.565631884
14.82195974590817	1176380.86694982
14.84953572620272	1208718.294848848
14.87711170649727	1241944.63279524
14.90468768679182	1276084.307053244
14.93226366708637	1311162.463343479
14.95983964738092	1347204.959532791
14.98741562767547	1384238.130297196
15.01499160797002	1422289.36295262
15.04256758826457	1461386.629424539
15.07014356855912	1501558.69474829
15.09771954885368	1542835.092272587
15.12529552914823	1585246.187031781
15.15287150944278	1628822.992332548
15.18044748973733	1673598.207402673
15.20802347003188	1719604.135533072
15.23559945032643	1766874.955691222
15.26317543062098	1815445.190525484
15.29075141091553	1865350.762154878
15.31832739121008	1916628.355351618
15.34590337150463	1969315.705266581
15.37347935179918	2023451.564492221
15.40105533209373	2079075.809401226
15.42863131238828	2136229.329289807
15.45620729268283	2194954.199763082
15.48378327297738	2255293.629047142
15.51135925327193	2317274.207794836
15.53893523356648	2380995.099352669
15.56651121386103	2446449.605694844
15.59408719415558	2513703.742958582
15.62166317445013	2582806.998896428
15.64923915474468	2653810.300388655
15.67681513503923	2726765.894142522
15.70439111533378	2801727.44111393
15.73196709562833	2878750.12246935
15.75954307592288	2957884.893399925
15.78711905621743	3039207.201854866
15.81469503651198	3122759.843825163
15.84227101680653	3208609.81886929
15.86984699710108	3296820.430441201
15.89742297739563	3387456.605945
15.92499895769018	3480585.070264297
15.95257493798473	3576274.368596222
15.98015091827928	3674594.942722696
16.00772689857383	3775619.173289421
16.03530287886838	3879421.426360775
16.06287885916293	3986078.114521728
16.09045483945748	4095667.598603358
16.11803081975203	4208271.056058715
16.14560680004658	4323970.889695576
16.17318278034113	4442852.456372668
16.20075876063568	4565003.277284891
16.22833474093023	4690513.272065999
16.25591072122478	4819474.947689476
16.28348670151933	4951983.005701751
16.31106268181388	5088135.244830803
16.33863866210843	5228031.843489035
16.36621464240298	5371775.800040536
16.39379062269753	5519472.946712881
16.42136660299208	5671229.012636123
16.44894258328663	5827164.950272631
16.47651856358118	5987386.285146749
16.50409454387573	6152014.140650836
16.53167052417028	6321169.753742438
16.55924650446483	6494977.658255663
16.58682248475938	6673565.832592728
16.61439846505393	6857065.819253799
16.64197444534848	7045612.750484693
16.66955042564303	7239345.476290523
16.69712640593758	7438406.696184739
16.72470238623213	7642942.983925513
16.75227836652668	7853104.946216755
16.77985434682123	8069047.510836261
16.80743032711578	8290929.449701099
16.83500630741033	8518914.505379668
16.86258228770488	8753170.345056936
16.89015826799943	8993869.565768104
16.91773424829398	9241189.48738878
16.94531022858853	9495312.179239742
16.97288620888308	9756425.066344902
17.00046218917763	10024720.20273788
17.02803816947218	10300395.30434286
17.05561414976673	10583653.46969962
17.08319013006128	10874703.31037414
17.11076611035583	11173757.19301931
17.13834209065038	11481041.5556037
17.16591807094493	11796776.56451445
17.19349405123948	12121196.94682583
17.22107003153403	12454541.59914292
17.24864601182858	12797056.10213503
17.27622199212313	13148992.8392418
17.30379797241768	13510611.08344759
17.33137395271223	13882177.14105524
17.35894993300678	14263964.74497355
17.38652591330133	14656255.47280322
17.41410189359588	15059337.9550526
17.44167787389043	15473509.32996035
17.46925385418498	15899074.73185682
17.49682983447953	16336347.60063584
17.52440581477408	16785650.71715861
17.55198179506863	17247313.96802586
17.57955777536318	17721678.39124552
17.60713375565773	18209093.2792314
17.63470973595228	18709917.81114141
17.66228571624683	19224520.90416683
17.68986169654139	19753282.03743767
17.71743767683594	20296590.46309503
17.74501365713049	20854846.28623141
17.77258963742504	21428461.77378494
17.80016561771959	22017858.72982349
17.82774159801414	22623471.97111632
17.85531757830869	23245749.71086625
17.88289355860324	23885144.43107489
17.91046953889779	24542130.99201011
17.93804551919234	25217198.65563074
17.96562149948689	25910837.74031877
17.99319747978144	26623562.01212684
18.02077346007599	27355896.45843747
18.04834944037054	28108381.04488337
18.07592542066509	28881570.12720444
18.10350140095964	29676033.65456114
18.13107738125419	30492357.19943734
18.15865336154874	31331142.3232036
18.18622934184329	32193007.22845599
18.21380532213784	33078587.33640766
18.24138130243239	33988535.06997495
18.26895728272694	34923521.32131568
18.29653326302149	35884235.20277194
18.32410924331604	36871384.85835093
18.35168522361059	37885702.77234227
18.37926120390514	38927922.05279675
18.40683718419969	39998825.4465296
18.43441316449424	41099197.43282191
18.46198914478879	42229849.2618147
18.48956512508334	43391614.34306163
18.51714110537789	44585349.05717848
18.54471708567244	45811933.5515467
18.57229306596699	47072271.23938335
18.59986904626154	48367292.91920058
18.62744502655609	49697951.72773653
18.65502100685064	51065229.12526947
18.68259698714519	52470133.11037003
18.71017296743974	53913699.56660846
18.73774894773429	55396992.49727409
18.76532492802884	56921107.61897163
18.79290090832339	58487162.26442318
18.82047688861794	60096317.62972746
18.84805286891249	61749757.55957869
18.87562884920704	63448701.2919611
18.90320482950159	65194402.50743313
18.93078080979614	66988145.62929557
18.95835679009069	68831255.61448021
18.98593277038524	70725090.45808022
19.01350875067979	72671047.66312507
19.04108473097434	74670560.74313992
19.06866071126889	76725105.0048714
19.09623669156344	78836193.91734354
19.12381267185799	81005385.78006722
19.15138865215254	83234279.81264213
19.17896463244709	85524517.93594761
19.20654061274164	87877791.8222445
19.23411659303619	90295834.78728819
19.26169257333074	92780430.91821863
19.28926855362529	95333411.16203843
19.31684453391984	97956659.57209252
19.34442051421439	100652110.0677339
19.37199649450894	103421750.3760478
19.39957247480349	106267623.4482081
19.42714845509804	109191827.9205899
19.45472443539259	112196522.2000885
19.48230041568714	115283916.0833666
19.50987639598169	118456292.9330205
19.53745237627624	121715990.2833228
19.56502835657079	125065412.3664219
19.59260433686534	128507029.1524548
19.62018031715989	132043379.9328436
19.64775629745444	135677072.1655624
19.67533227774899	139410785.8072574
19.70290825804354	143247275.2950136
19.73048423833809	147189370.2146201
19.75806021863264	151239978.2143338
19.78563619892719	155402087.1348919
19.81321217922174	159678767.0274599
19.84078815951629	164073172.8098649
19.86836413981084	168588544.7863363
19.89594012010539	173228214.661671
19.92351610039994	177995604.9795783
19.95109208069449	182894232.24131
19.97866806098904	187927709.9613958
20.00624404128359	193099749.0682358
20.03382002157814	198414171.9063475
20.06139600187269	203874891.8145746
20.08897198216724	209485940.3476835
20.11654796246179	215251455.8183926
20.14412394275634	221175692.0538547
20.17169992305089	227263019.6466552
20.19927590334544	233517929.5608186
20.22685188363999	239945036.3442233
20.25442786393454	246549081.8537335
20.2820038442291	253334938.1626455
20.30957982452365	260307611.4017957
20.3371558048182	267472247.9434524
20.36473178511275	274834131.7667624
20.3923077654073	282398695.3253436
20.41988374570185	290171486.6454478
20.4474597259964	298158341.001163
20.47503570629095	306365051.4844033
20.5026116865855	314797705.2013698
20.53018766688005	323462526.6615028
20.5577636471746	332365908.0431777
20.58533962746915	341514419.4556171
20.6129156077637	350914811.2930304
20.64049158805825	360574020.1831162
20.6680675683528	370499173.8246028
20.69564354864735	380697596.1962441
20.7232195289419	391176812.3136104
20.75079550923645	401944557.5898953
20.778371489531	413008773.7624367
20.80594746982555	424377629.2895295
20.8335234501201	436059513.1372229
20.86109943041465	448063045.8837504
20.8886754107092	460397085.8239462
20.91625139100375	473070735.9291184
20.9438273712983	486093349.0995101
20.97140335159285	499474536.2854016
20.9989793318874	513224173.0675589
21.02655531218195	527352406.7689502
21.0541312924765	541869665.5072113
21.08170727277105	556786662.5409106
21.1092832530656	572114407.8362159
21.13685923336015	587864214.5907255
21.1644352136547	604047706.9423264
21.19201119394925	620676830.4999582
21.2195871742438	637763858.2377505
21.24716315453835	655321402.7743363
21.2747391348329	673362422.9457583
21.30231511512745	691900235.7672443
21.329891095422	710948523.7407334
21.35746707571655	730521348.0575309
21.3850430560111	750633156.2052736
21.41261903630565	771298793.2228899
21.4401950166002	792533514.6914221
21.46777099689475	814352995.1496249
21.4953469771893	836773341.5463077
21.52292295748385	859811103.9591004
21.5504989377784	883483289.021935
21.57807491807295	907807372.4283123
21.6056508983675	932801309.4934667
21.63322687866205	958483553.0098238
21.6608028589566	984873061.7399341
21.68837883925115	1011989318.258925
21.7159548195457	1039852340.916295
21.74353079984025	1068482699.923496
21.7711067801348	1097901532.38719
21.79868276042935	1128130558.002652
21.8262587407239	1159192093.775271
21.85383472101845	1191109074.136249
21.881410701313	1223905062.696825
21.90898668160755	1257604273.003745
21.9365626619021	1292231587.142432
21.96413864219665	1327812570.827809
21.9917146224912	1364373495.564675
22.01929060278575	1401941356.052471
22.0468665830803	1440543890.691278
22.07444256337485	1480209603.122569
22.1020185436694	1520967775.707664
22.12959452396395	1562848529.283197
22.1571705042585	1605882753.635417
22.18474648455305	1650102244.425231
22.2123224648476	1695539651.062482
22.23989844514215	1742228525.146489
22.2674744254367	1790203342.859011
22.29505040573125	1839499535.376206
22.3226263860258	1890153491.208277
22.35020236632035	1942202644.423353
22.3777783466149	1995685403.374187
22.40535432690945	2050641277.120538
22.432930307204	2107110848.094481
22.46050628749855	2165135818.15315
22.4880822677931	2224759038.370656
22.51565824808765	2286024542.792709
22.5432342283822	2348977573.250746
22.57081020867675	2413664641.384972
22.5983861889713	2480133491.347014
22.62596216926585	2548433232.62168
22.6535381495604	2618614304.04159
22.68111412985495	2690728539.131005
22.7086901101495	2764829198.689085
22.73626609044405	2840971013.127988
22.7638420707386	2919210219.773232
22.79141805103315	2999604622.518143
22.8189940313277	3082213559.957678
22.84657001162225	3167098062.693299
22.87414599191681	3254320886.457356
22.90172197221136	3343946388.272741
22.92929795250591	3436040791.595755
22.95687393280046	3530672122.018919
22.98444991309501	3627910279.192836
23.01202589338956	3727827090.246636
23.03960187368411	3830496374.834728
23.06717785397866	3935993951.179611
23.09475383427321	4044397763.650733
23.12232981456776	4155787887.243413
23.14990579486231	4270246607.559779
23.17748177515686	4387858477.567453
23.20505775545141	4508710379.619124
23.23263373574596	4632891593.925925
23.26020971604051	4760493845.415608
23.28778569633506	4891611446.726197
23.31536167662961	5026341207.49164
23.34293765692416	5164782688.804113
23.37051363721871	5307038165.068231
23.39808961751326	5453212732.896368
23.42566559780781	5603414386.800318
23.45324157810236	5757754093.469655
23.48081755839691	5916345884.548151
23.50839353869146	6079306920.579132
23.53596951898601	6246757645.087087
23.56354549928056	6418821723.109679
23.59112147957511	6595626310.894921
23.61869745986966	6777302037.508493
23.64627344016421	6963983138.464967
23.67384942045876	7155807546.672851
23.70142540075331	7352916996.453647
23.72900138104786	7555457132.704673
23.75657736134241	7763577611.271969
23.78415334163696	7977432225.213385
23.81172932193151	8197178973.271372
23.83930530222606	8422980248.745265
23.86688128252061	8655002898.972624
23.89445726281516	8893418375.87887
23.92203324310971	9138402856.991682
23.94960922340426	9390137373.881908
23.97718520369881	9648807953.294014
24.00476118399336	9914605743.993025
24.03233716428791	10187727140.71942
24.05991314458246	10468374070.28089
24.08748912487701	10756753827.03571
24.11506510517156	11053079569.11634
24.14264108546611	11357570283.88917
24.17021706576066	11670450997.0095
24.19779304605521	11991952937.39128
24.22536902634976	12322313711.34425
24.25294500664431	12661777471.23794
24.28052098693886	13010595098.99853
24.30809696723341	13369024440.33923
24.33567294752796	13737330282.15813
24.36324892782251	14115784935.27814
24.39082490811706	14504668095.65424
24.41840088841161	14904267178.45823
24.44597686870616	15314877532.59192
24.47355284900071	15736802644.64172
24.50112882929526	16170354374.37352
24.52870480958981	16615853173.28752
24.55628078988436	17073628326.31657
24.58385677017891	17544018119.40074
24.61143275047346	18027370491.14334
24.63900873076801	18524042466.26955
24.66658471106256	19034401268.34977
24.69416069135711	19558824139.64766
24.72173667165166	20097698728.12066
24.74931265194621	20651423372.57568
24.77688863224076	21220407389.76075
24.80446461253531	21805071382.41748
24.83204059282986	22405847547.68825
24.85961657312441	23023179993.67749
24.88719255341896	23657525097.06129
24.91476853371351	24309351768.3403
24.94234451400806	24979141899.38169
24.96992049430261	25667390635.49375
24.99749647459716	26374606779.1481
25.02507245489171	27101313166.02312
25.05264843518626	27848047039.7604
25.08022441548081	28615360461.24589
25.10780039577536	29403820708.9575
25.13537637606991	30214010695.52002
25.16295235636446	31046529397.89991
25.19052833665901	31901992408.34735
25.21810431695356	32781032105.45044
25.24568029724811	33684298445.10672
25.27325627754266	34612459257.84163
25.30083225783721	35566200788.73582
25.32840823813176	36546228211.01134
25.35598421842631	37553266134.90344
25.38356019872086	38588059150.20509
25.41113617901541	39651372374.92756
25.43871215930996	40743992029.80103
25.46628813960452	41866726002.05742
25.49386411989907	43020404513.10924
25.52144010019362	44205880555.89409
25.54901608048817	45424030743.58297
25.57659206078272	46675755825.37472
25.60416804107727	47961981393.71464
25.63174402137182	49283658559.05392
25.65932000166637	50641764659.0797
25.68689598196092	52037303968.42757
25.71447196225547	53471308485.06936
25.74204794255002	54944838638.55029
25.76962392284457	56458984075.37376
25.79719990313912	58014864569.77877
25.82477588343367	59613630656.64584
25.85235186372822	61256464854.3327
25.87992784402277	62944581714.24354
25.90750382431732	64679229955.1072
25.93507980461187	66461692362.1515
25.96265578490642	68293287148.88793
25.99023176520097	70175368916.8517
26.01780774549552	72109329585.98146
26.04538372579007	74096599482.17368
26.07295970608462	76138648342.27495
26.10053568637917	78236986428.25703
26.12811166667372	80393165849.85762
26.15568764696827	82608781089.94939
26.18326362726282	84885470996.48488
26.21083960755737	87224919446.1786
26.23841558785192	89628856769.38
26.26599156814647	92099061022.70197
26.29356754844102	94637359289.13232
26.32114352873557	97245629030.36046
26.34871950903012	99925799520.74734
26.37629548932467	102679853146.4699
26.40387146961922	105509827260.0901
26.43144744991377	108417814833.5501
26.45902343020832	111405967084.4899
26.48659941050287	114476494310.9975
26.51417539079742	117631667834.2094
26.54175137109197	120873821590.7216
26.56932735138652	124205353897.9724
26.59690333168107	127628729215.8545
26.62447931197562	131146479960.4169
26.65205529227017	134761208366.5351
26.67963127256472	138475588629.1604
26.70720725285927	142292368244.1685
26.73478323315382	146214370936.352
26.76235921344837	150244498108.6306
26.78993519374292	154385731230.6307
26.81751117403747	158641133928.8331
26.84508715433202	163013854393.4049
26.87266313462657	167507127637.5987
26.90023911492112	172124277880.0041
26.92781509521567	176868721006.7047
26.95539107551022	181743967400.1338
26.98296705580477	186753623260.9332
27.01054303609932	191901395658.2412
27.03811901639387	197191093022.4564
27.06569499668842	202626629024.2852
27.09327097698297	208212025280.0638
27.12084695727752	213951414324.1888
27.14842293757207	219849042701.7364
27.17599891786662	225909273990.5652
27.20357489816117	232136592251.006
27.23115087845572	238535605123.3771
27.25872685875027	245111047539.3704
27.28630283904482	251867784532.2559
27.31387881933937	258810815881.3886
27.34145479963392	265945278998.9352
27.36903077992847	273276453036.3239
27.39660676022302	280809762769.4824
27.42418274051757	288550782607.6917
27.45175872081212	296505240656.2158
27.47933470110667	304679023112.8358
27.50691068140122	313078178505.1594
27.53448666169577	321708922120.7149
27.56206264199032	330577640956.5723
27.58963862228487	339690897637.9173
27.61721460257942	349055436381.0029
27.64479058287397	358678187161.4746
27.67236656316852	368566271147.302
27.69994254346307	378727005952.6953
27.72751852375762	389167911043.5169
27.75509450405217	399896713223.6868
27.78267048434672	410921352560.557
27.81024646464127	422249988077.6108
27.83782244493582	433891003867.4249
27.86539842523037	445853015583.2504
27.89297440552492	458144875538.5498
27.92055038581947	470775681606.9418
27.94812636611402	483754781807.9285
27.97570234640857	497091782180.2518
28.00327832670312	510796553802.9575
28.03085430699767	524879240035.7232
28.05843028729223	539350263971.142
28.08600626758678	554220336366.8762
28.11358224788133	569500463387.7098
28.14115822817588	585201954785.9451
28.16873420847043	601336432330.5839
28.19631018876498	617915838593.1787
28.22388616905953	634952445088.5676
28.25146214935408	652458861890.8636
28.27903812964863	670448048088.1766
28.30661410994318	688933318983.2313
28.33419009023773	707928357716.717
28.36176607053228	727447224786.5973
28.38934205082683	747504368656.985
28.41691803112138	768114636358.6008
28.44449401141593	789293284563.1252
28.47206999171048	811055990781.1377
28.49964597200503	833418865032.0647
28.52722195229958	856398461931.8342
28.55479793259413	880011792222.4177
28.58237391288868	904276337064.2877
28.60994989318323	929210058955.3436
28.63752587347778	954831416256.3881
28.66510185377233	981159376508.7804
28.69267783406688	1008213430601.034
28.72025381436143	1036013607164.201
28.74782979465598	1064580487355.153
28.77540577495053	1093935220206.314
28.80298175524508	1124099538446.321
28.83055773553963	1155095773587.629
28.85813371583418	1186946873792.202
28.88570969612873	1219676420975.769
28.91328567642328	1253308646946.429
28.94086165671783	1287868452147.243
28.96843763701238	1323381424144.03
28.99601361730693	1359873856399.583
29.02358959760148	1397372767879.908
29.05116557789603	1435905922984.032
29.07874155819058	1475501851770.048
29.10631753848513	1516189872984.951
29.13389351877968	1558000112310.595
29.16146949907423	1600963527406.167
29.18904547936878	1645111930881.199
29.21662145966333	1690478012351.706
29.24419743995788	1737095363045.074
29.27177342025243	1784998501645.19
29.29934940054698	1834222899079.911
29.32692538084153	1884805004951.405
29.35450136113608	1936782274597.623
29.38207734143063	1990193197037.4
29.40965332172518	2045077322399.256
29.43722930201973	2101475293856.858
29.46480528231428	2159428874006.925
29.49238126260883	2218980978892.32
29.51995724290338	2280175708975.69
29.54753322319793	2343058381155.168
29.57510920349248	2407675562776.648
29.60268518378703	2474075105839.995
29.63026116408158	2542306183290.169
29.65783714437613	2612419325006.07
29.68541312467068	2684466454156.273
29.71298910496523	2758500927003.771
29.74056508525978	2834577573852.016
29.76814106555433	2912752735625.58
29.79571704584888	2993084309113.522
29.82329302614343	3075631788020.817
29.85086900643798	3160456309216.651
29.87844498673253	3247620695205.183
29.90602096702708	3337189502466.988
29.93359694732163	3429229068796.292
29.96117292761618	3523807563221.775
29.98874890791073	3620995035070.542
30.01632488820528	3720863466698.711
30.04390086849983	3823486826878.41
30.07147684879438	3928941127067.508
30.09905282908893	4037304474178.817
30.12662880938348	4148657131592.938
30.15420478967803	4263081577089.993
30.18178076997258	4380662565715.834
30.20935675026713	4501487190608.838
30.23693273056168	4625644947231.808
30.26450871085623	4753227802620.573
30.29208469115078	4884330261241.351
30.31966067144533	5019049434942.638
30.34723665173988	5157485115519.404
30.37481263203443	5299739849230.678
30.40238861232898	5445919013080.959
30.42996459262353	5596130890362.649
30.45754057291808	5750486753893.412
30.48511655321263	5909100946498.281
30.51269253350718	6072090968166.208
30.54026851380173	6239577560065.052
30.56784449409628	6411684795718.838
30.59542047439083	6588540173682.386
30.62299645468539	6770274710801.13
30.65057243497994	6957023038872.349
30.67814841527449	7148923506155.776
30.70572439556904	7346118278933.076
30.73330037586359	7548753447860.571
30.76087635615814	7756979125744.21
30.78845233645269	7970949591671.114
30.81602831674724	8190823361582.18
30.84360429704179	8416763334359.643
30.87118027733634	8648936901259.609
30.89875625763089	8887516076883.172
30.92633223792544	9132677621966.885
30.95390821821999	9384603175842.258
30.98148419851454	9643479390221.461
31.00906017880909	9909498069625.143
31.03663615910364	10182856308181.54
31.06421213939819	10463756650408.61
31.09178811969274	10752407215191.07
31.11936409998729	11049021884190.54
31.14694008028184	11353820426920.03
31.17451606057639	11667028685655.17
31.20209204087094	11988878734746.56
31.22966802116549	12319609052056.21
31.25724400146004	12659464700798.18
31.28481998175459	13008697506656.98
31.31239596204914	13367566246184.37
31.33997194234369	13736336838062.43
31.36754792263824	14115282539472.25
31.39512390293279	14504684155709.25
31.42269988322734	14904830227049.62
31.45027586352189	15316017284884.91
31.47785184381644	15738550022890.78
31.50542782411099	16172741552438.07
31.53300380440554	16618913627190.49
31.56057978470009	17077396880797.87
31.58815576499464	17548531076329.47
31.61573174528919	18032665347656.08
31.64330772558374	18530158474970.39
31.67088370587829	19041379137701.34
31.69845968617284	19566706187253.64
31.72603566646739	20106528945442
31.75361164676194	20661247460303.43
31.78118762705649	21231272846239.64
31.80876360735104	21817027549589.5
31.83633958764559	22418945680990.81
31.86391556794014	23037473336139.17
31.89149154823469	23673068923027.58
31.91906752852924	24326203504800
31.94664350882379	24997361138760.69
31.97421948911834	25687039268880.9
32.00179546941289	26395749039406.45
32.02937144970744	27124015725501.03
32.05694743000199	27872379091094.25
32.08452341029654	28641393812770.38
32.11209939059109	29431629861177.52
32.13967537088564	30243672959262.78
32.16725135118019	31078124985713.89
32.19482733147474	31935604438895.46
32.22240331176929	32816746891098.74
0
1000	105.6583745	100000000000000.1
5	0	0	1
5	0	0	0
4.673998997513734	-0.05314570085533375
4.701574977808284	-0.08295853035471644
4.729150958102834	-0.1142368704173563
4.756726938397384	-0.1453389426987954
4.784302918691934	-0.1753365793198711
4.811878898986484	-0.2037547011667156
4.839454879281035	-0.2303896923900778
4.867030859575585	-0.2551947527775953
4.894606839870135	-0.2782103233684413
4.922182820164685	-0.2995226552517982
4.949758800459235	-0.31923944978646
4.977334780753785	-0.3374757467535725
5.004910761048335	-0.3543459397449251
5.032486741342885	-0.3699594455964342
5.060062721637435	-0.3844185430097611
5.087638701931986	-0.397817486632501
5.115214682226536	-0.4102423573866041
5.142790662521086	-0.4217713235310969
5.170366642815636	-0.4324751164749562
5.197942623110186	-0.4424176042550925
5.225518603404736	-0.4516563938168543
5.253094583699286	-0.4602434227405808
5.280670563993836	-0.4682255190762882
5.308246544288386	-0.4756449188879973
5.335822524582936	-0.4825397376878625
5.363398504877487	-0.4889443958722674
5.390974485172037	-0.4948900007279661
5.418550465466587	-0.5004046896630443
5.446126445761137	-0.5055139433579522
5.473702426055687	-0.5102408484976663
5.501278406350237	-0.5149112928909265
5.528854386644787	-0.5188955875070684
5.556430366939337	-0.5225326691814192
5.584006347233887	-0.5258428085731416
5.611582327528438	-0.5288453544132943
5.639158307822988	-0.5315587359215505
5.666734288117538	-0.5340004735979829
5.694310268412088	-0.5361871965717787
5.721886248706638	-0.5381346650004567
5.749462229001188	-0.5398577962750756
5.777038209295738	-0.5413677076469888
5.804614189590288	-0.5426860211593885
5.832190169884838	-0.5438012826607828
5.859766150179389	-0.544774091487979
5.887342130473939	-0.5455743251133558
5.914918110768489	-0.5462231406236011
5.942494091063039	-0.5467307999934724
5.970070071357589	-0.5471066245258174
5.997646051652139	-0.5473593155291314
6.025222031946689	-0.5474970319612213
6.052798012241239	-0.5475297860128571
6.080373992535789	-0.5474598109048259
6.107949972830339	-0.5472964393900361
6.13552595312489	-0.5470450553158255
6.16310193341944	-0.5467134715240145
6.19067791371399	-0.5463061598773371
6.21825389400854	-0.5458286097818612
6.24582987430309	-0.5452858187414981
6.27340585459764	-0.5446824673805747
6.30098183489219	-0.5440229482014015
6.32855781518674	-0.5433118759484807
6.35613379548129	-0.5425518618741481
6.383709775775841	-0.5417472404977987
6.411285756070391	-0.5409014172194883
6.438861736364941	-0.5400175844887815
6.466437716659491	-0.5390987314040718
6.494013696954041	-0.5381476514861518
6.521589677248591	-0.5371669474118934
6.549165657543141	-0.5361590305168564
6.576741637837691	-0.5351261105028265
6.604317618132241	-0.5340468712809928
6.631893598426791	-0.5329668413692985
6.659469578721342	-0.5318684565294446
6.687045559015892	-0.5307535764408465
6.714621539310442	-0.5296239340468962
6.742197519604992	-0.5284811438417348
6.769773499899542	-0.5273267099687569
6.797349480194092	-0.5261620339888262
6.824925460488642	-0.5249884222257645
6.852501440783192	-0.5238070926393474
6.880077421077742	-0.5226063951060561
6.907653401372293	-0.5214247548570086
6.935229381666843	-0.5202284177765535
6.962805361961393	-0.5190272574359326
6.990381342255943	-0.5178225433096819
7.017957322550493	-0.5166143160113034
7.045533302845043	-0.5153934866930043
7.073109283139593	-0.5142179780465831
7.100685263434143	-0.5130017386288243
7.128261243728693	-0.5117925949655384
7.155837224023244	-0.5105828441802651
7.183413204317794	-0.5093790063611114
7.210989184612344	-0.5081773386111681
7.238565164906894	-0.5069782934418819
7.266141145201444	-0.5057822902916883
7.293717125495994	-0.5045897176232345
7.321293105790544	-0.5034009348791804
7.348869086085094	-0.5022162743079508
7.376445066379644	-0.5010360426693922
7.404021046674194	-0.4998605228292196
7.431597026968745	-0.4987023323413985
7.459173007263295	-0.4975360621297366
7.486748987557845	-0.4963741269124024
7.514324967852395	-0.4952167809419158
7.541900948146945	-0.4940643152571046
7.569476928441495	-0.4929170644976827
7.597052908736045	-0.4917754152872678
7.624628889030595	-0.4906398166227052
7.652204869325145	-0.4895107928530909
7.679780849619696	-0.4883889600341658
7.707356829914246	-0.4871988250969858
7.734932810208796	-0.4860971532148037
7.762508790503346	-0.4850127958480205
7.790084770797896	-0.4839474067382191
7.817660751092446	-0.4829025852319286
7.845236731386996	-0.4818798683193056
7.872812711681546	-0.480880723919334
7.900388691976096	-0.4799065574172144
7.927964672270646	-0.4789585664253846
7.955540652565197	-0.4780381369059027
7.983116632859747	-0.4770277876277861
8.010692613154298	-0.4761823894980831
8.038268593448848	-0.475374943216828
8.065844573743398	-0.474603837632753
8.093420554037948	-0.4738674512952955
8.120996534332498	-0.4731641408791391
8.148572514627048	-0.4724922632544151
8.176148494921598	-0.4718501975728656
8.203724475216148	-0.471236362515191
8.231300455510699	-0.4706492286224001
8.258876435805249	-0.4700938866624085
8.286452416099799	-0.4695547963675504
8.314028396394349	-0.4690378377431259
8.341604376688899	-0.4685418733441691
8.369180356983449	-0.4680658269320248
8.396756337277999	-0.4676086801784728
8.424332317572549	-0.4671694695131123
8.451908297867099	-0.4667472831168564
8.47948427816165	-0.4663412580621955
8.5070602584562	-0.4659505775991579
8.53463623875075	-0.4655739715745664
8.5622122190453	-0.4652117675392664
8.58978819933985	-0.4648627414369906
8.6173641796344	-0.464526230067451
8.64494015992895	-0.4642016043931194
8.6725161402235	-0.4638882675452428
8.70009212051805	-0.4635856529601662
8.7276681008126	-0.4632932226308384
8.755244081107151	-0.4630104654630946
8.782820061401701	-0.4627368957288749
8.810396041696251	-0.462471931150619
8.837972021990801	-0.4622153817090779
8.865548002285351	-0.4619667135954903
8.893123982579901	-0.4617255259188531
8.920699962874451	-0.4614914363888631
8.948275943169001	-0.4612640803813343
8.975851923463551	-0.4610431100270275
9.003427903758102	-0.4608281933340884
9.031003884052652	-0.4606190133479849
9.058579864347202	-0.4604152673501758
9.086155844641752	-0.4602164590279137
9.113731824936302	-0.4600227550253078
9.141307805230852	-0.4598336678952892
9.168883785525402	-0.4596489406413288
9.196459765819952	-0.4594683269409883
9.224035746114502	-0.4592915906927295
9.251611726409052	-0.4591185055738803
9.279187706703603	-0.4589488546131033
9.306763686998153	-0.4587824297803333
9.334339667292703	-0.4586190315969394
9.361915647587253	-0.4584580363770086
9.389491627881803	-0.4583001834355164
9.417067608176353	-0.4581448339029364
9.444643588470903	-0.4579918123489392
9.472219568765453	-0.4578409503173939
9.499795549060003	-0.4576920861720934
9.527371529354554	-0.4575450649150796
9.554947509649104	-0.4573997379882535
9.582523489943654	-0.4572559630665189
9.610099470238204	-0.4571136038488175
9.637675450532754	-0.4569735748030177
9.665251430827304	-0.4568336941799916
9.692827411121854	-0.456694768469528
9.720403391416404	-0.4565566392122621
9.747979371710954	-0.4564190808127205
9.775555352005505	-0.4562815340392009
9.803131332300055	-0.4561384559656179
9.830707312594605	-0.4560185620576551
9.858283292889155	-0.4558801145225742
9.885859273183705	-0.4557445865357134
9.913435253478255	-0.4556080499696391
9.941011233772805	-0.4554739783559322
9.968587214067355	-0.455339971628179
9.996163194361905	-0.4552059534369316
10.02373917465646	-0.4550718508983653
10.05131515495101	-0.4549375944223145
10.07889113524556	-0.4548031175469125
10.10646711554011	-0.4546683567777256
10.13404309583466	-0.4545332514291196
10.16161907612921	-0.4543977434654025
10.18919505642376	-0.4542619896481138
10.21677103671831	-0.4541254968324067
10.24434701701286	-0.4539884225057385
10.27192299730741	-0.4538507181677511
10.29949897760196	-0.4537123379710013
10.32707495789651	-0.4535732386138325
10.35465093819106	-0.4534333792379622
10.38222691848561	-0.453292721330102
10.40980289878016	-0.4531512286269631
10.43737887907471	-0.4530088670230413
10.46495485936926	-0.4528657149282966
10.49253083966381	-0.4527215109706262
10.52010681995836	-0.4525763387768756
10.54768280025291	-0.4524301730323867
10.57525878054746	-0.4522829905567693
10.60283476084201	-0.4521347702152805
10.63041074113656	-0.4519854928339583
10.65798672143111	-0.4518351411181466
10.68556270172566	-0.4516836995740789
10.71313868202021	-0.4515311544332291
10.74071466231476	-0.4513776560873706
10.76829064260931	-0.4512228516164012
10.79586662290386	-0.4510668993167339
10.82344260319841	-0.4509097936423768
10.85101858349296	-0.4507515309223993
10.87859456378751	-0.4505921092524328
10.90617054408206	-0.4504315283931829
10.93374652437661	-0.4502697896752698
10.96132250467116	-0.4501068959097883
10.98889848496571	-0.4499428513040579
11.01647446526026	-0.4497777998064294
11.04405044555481	-0.4496114540969927
11.07162642584936	-0.4494439681518078
11.09920240614391	-0.4492753531954248
11.12677838643846	-0.4491056217218887
11.15435436673301	-0.4489347873763098
11.18193034702756	-0.4487628648488489
11.20950632732211	-0.4485898697793236
11.23708230761666	-0.4484158186709492
11.26465828791121	-0.4482407288119715
11.29223426820576	-0.448064579112222
11.31981024850031	-0.4478874707827656
11.34738622879486	-0.4477093825248009
11.37496220908941	-0.4475303335816599
11.40253818938396	-0.4473503435731793
11.43011416967851	-0.4471694324600626
11.45769014997306	-0.4469876205098687
11.48526613026761	-0.4468049282645442
11.51284211056216	-0.4466213765094216
11.54041809085671	-0.4464369862436158
11.56799407115126	-0.4462517518141879
11.59557005144581	-0.4460657508679799
11.62314603174036	-0.4458789775933569
11.65072201203491	-0.4456914532848953
11.67829799232946	-0.4455031992207275
11.70587397262401	-0.4453142366452942
11.73344995291856	-0.4451245867529931
11.76102593321311	-0.4449342706726894
11.78860191350766	-0.4447433094530595
11.81617789380221	-0.4445517240487431
11.84375387409676	-0.4443595061539426
11.87132985439131	-0.4441667377670402
11.89890583468586	-0.4439734096909582
11.92648181498041	-0.4437795420418416
11.95405779527496	-0.4435851546812357
11.98163377556951	-0.443390267214055
12.00920975586406	-0.4431948989868055
12.03678573615861	-0.4429990690860537
12.06436171645316	-0.4428027963371352
12.09193769674771	-0.4426060993030924
12.11951367704226	-0.4424089593918509
12.14708965733681	-0.4422114725877214
12.17466563763136	-0.4420136183672592
12.20224161792591	-0.441815413727376
12.22981759822046	-0.44161687530279
12.25739357851501	-0.4414180193800303
12.28496955880956	-0.4412188619101102
12.31254553910411	-0.4410194185200359
12.34012151939866	-0.4408197045232969
12.36769749969321	-0.440619734929461
12.39527347998776	-0.4404194587059284
12.42284946028231	-0.4402190310979177
12.45042544057686	-0.4400183951707988
12.47800142087141	-0.439817563642997
12.50557740116597	-0.4396165489563307
12.53315338146052	-0.4394153632968675
12.56072936175507	-0.4392140186113333
12.58830534204962	-0.4390125266201876
12.61588132234417	-0.4388108988281761
12.64345730263872	-0.4386091465329614
12.67103328293327	-0.4384073078021389
12.69860926322782	-0.4382053380312119
12.72618524352237	-0.4380032740073609
12.75376122381692	-0.437801126167039
12.78133720411147	-0.4375989048170473
12.80891318440602	-0.4373966201484912
12.83648916470057	-0.4371942822586389
12.86406514499512	-0.4369919011866772
12.89164112528967	-0.4367894869752574
12.91921710558422	-0.4365870497830387
12.94679308587877	-0.4363847635752869
12.97436906617332	-0.4361823294862796
13.00194504646787	-0.4359798940433311
13.02952102676242	-0.4357774647838988
13.05709700705697	-0.4355750490264821
13.08467298735152	-0.4353726538671899
13.11224896764607	-0.4351702861759311
13.13982494794062	-0.4349679525921776
13.16740092823517	-0.4347656595202459
13.19497690852972	-0.4345634131240375
13.22255288882427	-0.4343612396224175
13.25012886911882	-0.4341591026563206
13.27770484941337	-0.4339570274974064
13.30528082970792	-0.4337550193506516
13.33285681000247	-0.4335530832469248
13.36043279029702	-0.4333512240438838
13.38800877059157	-0.4331494464268384
13.41558475088612	-0.4329477549095735
13.44316073118067	-0.4327461538351295
13.47073671147522	-0.4325446473765338
13.49831269176977	-0.4323432494638005
13.52588867206432	-0.4321419431301248
13.55346465235887	-0.4319407421325818
13.58104063265342	-0.4317396500345397
13.60861661294797	-0.4315386702754026
13.63619259324252	-0.4313378061718947
13.66376857353707	-0.4311370609196407
13.69134455383162	-0.4309364375948561
13.71892053412617	-0.430735939156076
13.74649651442072	-0.4305355684458934
13.77407249471527	-0.4303353328400319
13.80164847500982	-0.4301352252561627
13.82922445530437	-0.4299352528552459
13.85680043559892	-0.4297354180688379
13.88437641589347	-0.4295357232396049
13.91195239618802	-0.4293361706224648
13.93952837648257	-0.4291367623850553
13.96710435677712	-0.428937500606537
13.99468033707167	-0.4287383872715186
14.02225631736622	-0.4285394242458972
14.04983229766077	-0.4283406171217616
14.07740827795532	-0.4281419606509732
14.10498425824987	-0.4279434597584734
14.13256023854442	-0.4277451160864602
14.16013621883897	-0.4275469312138645
14.18771219913352	-0.4273489066577573
14.21528817942807	-0.4271510438747309
14.24286415972262	-0.4269533442622535
14.27044014001717	-0.4267558091599988
14.29801612031172	-0.4265584398511506
14.32559210060627	-0.4263612383547503
14.35316808090082	-0.426164204189339
14.38074406119537	-0.4259673392747764
14.40832004148992	-0.4257706446883567
14.43589602178447	-0.4255741214602659
14.46347200207902	-0.4253777705746802
14.49104798237357	-0.4251815929708418
14.51862396266812	-0.4249855895441143
14.54619994296267	-0.4247897611470177
14.57377592325722	-0.4245941085902426
14.60135190355177	-0.4243986326528532
14.62892788384632	-0.424203334038347
14.65650386414087	-0.4240082134562313
14.68407984443542	-0.4238132715622548
14.71165582472997	-0.4236185089755247
14.73923180502452	-0.4234239262793595
14.76680778531907	-0.4232295240221013
14.79438376561362	-0.4230353027178666
14.82195974590817	-0.4228412628471919
14.84953572620272	-0.422647404857476
14.87711170649727	-0.4224537355194744
14.90468768679182	-0.4222602183764715
14.93226366708637	-0.4220669218980425
14.95983964738092	-0.4218737970897152
14.98741562767547	-0.4216808549411185
15.01499160797002	-0.4214880964413552
15.04256758826457	-0.421295522010284
15.07014356855912	-0.4211031319304274
15.09771954885368	-0.4209109264238242
15.12529552914823	-0.4207189056737111
15.15287150944278	-0.4205270696806112
15.18044748973733	-0.4203354189187486
15.20802347003188	-0.4201439532882085
15.23559945032643	-0.4199526728625295
15.26317543062098	-0.4197615776941336
15.29075141091553	-0.4195706678148583
15.31832739121008	-0.4193799432364779
15.34590337150463	-0.4191894039512186
15.37347935179918	-0.4189990499322626
15.40105533209373	-0.4188088811342457
15.42863131238828	-0.4186188977327046
15.45620729268283	-0.4184290991468929
15.48378327297738	-0.4182394855194362
15.51135925327193	-0.4180500567377802
15.53893523356648	-0.4178608126741735
15.56651121386103	-0.4176717531860908
15.59408719415558	-0.4174828781166487
15.62166317445013	-0.417294187295009
15.64923915474468	-0.4171056805367741
15.67681513503923	-0.4169173576443727
15.70439111533378	-0.4167292186328502
15.73196709562833	-0.4165412627944213
15.75954307592288	-0.4163534901379895
15.78711905621743	-0.4161659004241014
15.81469503651198	-0.4159784934042584
15.84227101680653	-0.415791268821748
15.86984699710108	-0.4156042264129814
15.89742297739563	-0.4154173659100405
15.92499895769018	-0.4152306870465167
15.95257493798473	-0.4150441895741029
15.98015091827928	-0.4148578662870732
16.00772689857383	-0.4146717332208362
16.03530287886838	-0.4144857783512457
16.06287885916293	-0.4143000030453904
16.09045483945748	-0.4141144072575749
16.11803081975203	-0.4139289907424389
16.14560680004658	-0.4137437531980742
16.17318278034113	-0.4135586942992226
16.20075876063568	-0.4133738137079755
16.22833474093023	-0.4131891110780386
16.25591072122478	-0.4130045856654055
16.28348670151933	-0.4128202378396077
16.31106268181388	-0.412636066911611
16.33863866210843	-0.412452072540588
16.36621464240298	-0.4122682544701253
16.39379062269753	-0.4120846162811137
16.42136660299208	-0.4119011436874144
16.44894258328663	-0.4117178519362134
16.47651856358118	-0.411534734611452
16.50409454387573	-0.4113517915159796
16.53167052417028	-0.4111690234360396
16.55924650446483	-0.4109864276031999
16.58682248475938	-0.4108040048594087
16.61439846505393	-0.4106217548097167
16.64197444534848	-0.410439677041339
16.66955042564303	-0.4102577710868371
16.69712640593758	-0.4100760362294278
16.72470238623213	-0.4098944684027125
16.75227836652668	-0.4097130882070942
16.77985434682123	-0.4095318637212723
16.80743032711578	-0.4093508091207259
16.83500630741033	-0.409169926895928
16.86258228770488	-0.408989212527037
16.89015826799943	-0.4088086777863015
16.91773424829398	-0.4086282986814989
16.94531022858853	-0.4084480912733493
16.97288620888308	-0.4082680520513082
17.00046218917763	-0.4080881803860247
17.02803816947218	-0.4079084758422681
17.05561414976673	-0.4077289380273858
17.08319013006128	-0.4075495674431682
17.11076611035583	-0.4073703618932328
17.13834209065038	-0.4071913219004414
17.16591807094493	-0.4070124470863075
17.19349405123948	-0.4068337370537543
17.22107003153403	-0.4066551913427919
17.24864601182858	-0.4064768091839293
17.27622199212313	-0.4062985845576241
17.30379797241768	-0.4061205445420052
17.33137395271223	-0.405942651093809
17.35894993300678	-0.4057649217767128
17.38652591330133	-0.405587356042473
17.41410189359588	-0.4054099523667812
17.44167787389043	-0.4052327104044721
17.46925385418498	-0.4050556298144469
17.49682983447953	-0.4048787102587289
17.52440581477408	-0.4047019514020433
17.55198179506863	-0.4045253529116098
17.57955777536318	-0.4043489144570294
17.60713375565773	-0.4041726357102196
17.63470973595228	-0.4039965164231917
17.66228571624683	-0.4038205561050182
17.68986169654139	-0.4036447545196496
17.71743767683594	-0.4034691113492718
17.74501365713049	-0.4032936262782253
17.77258963742504	-0.4031182989930064
17.80016561771959	-0.4029431291822662
17.82774159801414	-0.4027681165368078
17.85531757830869	-0.4025932607495835
17.88289355860324	-0.4024185615156894
17.91046953889779	-0.4022440185654125
17.93804551919234	-0.4020696315303366
17.96562149948689	-0.4018954001435471
17.99319747978144	-0.4017213241084956
18.02077346007599	-0.4015474031308431
18.04834944037054	-0.4013736369184812
18.07592542066509	-0.401200025181568
18.10350140095964	-0.401026567632588
18.13107738125419	-0.4008532639864503
18.15865336154874	-0.4006801139606539
18.18622934184329	-0.4005071164767743
18.21380532213784	-0.4003342724258422
18.24138130243239	-0.4001615804882415
18.26895728272694	-0.3999890679836635
18.29653326302149	-0.3998166591608014
18.32410924331604	-0.3996444240532425
18.35168522361059	-0.3994723411202151
18.37926120390514	-0.3993004097222564
18.40683718419969	-0.3991286295141274
18.43441316449424	-0.3989570002040184
18.46198914478879	-0.3987855218746374
18.48956512508334	-0.398614193465993
18.51714110537789	-0.3984430151457289
18.54471708567244	-0.3982719866586594
18.57229306596699	-0.3981011077511964
18.59986904626154	-0.3979303781713411
18.62744502655609	-0.3977597976686782
18.65502100685064	-0.3975893659943687
18.68259698714519	-0.3974190829011424
18.71017296743974	-0.3972489481432903
18.73774894773429	-0.3970789622061718
18.76532492802884	-0.3969091236813324
18.79290090832339	-0.3967394332152875
18.82047688861794	-0.3965698778527151
18.84805286891249	-0.3964004905511004
18.87562884920704	-0.3962312412643329
18.90320482950159	-0.3960621383138605
18.93078080979614	-0.3958931816877814
18.95835679009069	-0.3957243711999707
18.98593277038524	-0.3955557066338703
19.01350875067979	-0.3953871877420355
19.04108473097434	-0.3952188143438759
19.06866071126889	-0.3950505861919217
19.09623669156344	-0.3948825030593478
19.12381267185799	-0.3947145647201412
19.15138865215254	-0.3945467709492813
19.17896463244709	-0.394379121522834
19.20654061274164	-0.3942116162180021
19.23411659303619	-0.394044254813153
19.26169257333074	-0.3938770370878336
19.28926855362529	-0.3937099628312783
19.31684453391984	-0.3935430318063812
19.34442051421439	-0.393376243806682
19.37199649450894	-0.3932095986167257
19.39957247480349	-0.3930430960221706
19.42714845509804	-0.3928767358097889
19.45472443539259	-0.3927105177674656
19.48230041568714	-0.3925444416841991
19.50987639598169	-0.392378507350102
19.53745237627624	-0.3922127145564025
19.56502835657079	-0.3920470631122588
19.59260433686534	-0.3918815527795718
19.62018031715989	-0.3917161833653238
19.64775629745444	-0.3915509546641175
19.67533227774899	-0.3913858664715857
19.70290825804354	-0.3912209185844374
19.73048423833809	-0.3910561108005324
19.75806021863264	-0.3908914429190082
19.78563619892719	-0.3907269147404979
19.81321217922174	-0.3905625260675351
19.84078815951629	-0.3903982773950254
19.86836413981084	-0.3902341672030392
19.89594012010539	-0.3900701958920424
19.92351610039994	-0.3899063632617037
19.95109208069449	-0.389742669112717
19.97866806098904	-0.389579113246781
20.00624404128359	-0.3894156954665809
20.03382002157814	-0.389252415575771
20.06139600187269	-0.3890892733789604
20.08897198216724	-0.3889262686816967
20.11654796246179	-0.3887634010704184
20.14412394275634	-0.3886006707991388
20.17169992305089	-0.3884380774710049
20.19927590334544	-0.3882756208982812
20.22685188363999	-0.3881133008946229
20.25442786393454	-0.3879511172755634
20.2820038442291	-0.387789069859473
20.30957982452365	-0.3876271584696145
20.3371558048182	-0.3874653829391124
20.36473178511275	-0.3873037431251264
20.3923077654073	-0.3871422366745969
20.41988374570185	-0.3869808671687304
20.4474597259964	-0.3868196327676989
20.47503570629095	-0.3866585332907385
20.5026116865855	-0.3864975685573949
20.53018766688005	-0.3863367383875753
20.5577636471746	-0.3861760426015883
20.58533962746915	-0.3860154810201758
20.6129156077637	-0.3858550534645386
20.64049158805825	-0.3856947597563579
20.6680675683528	-0.3855345997817212
20.69564354864735	-0.3853745732338921
20.7232195289419	-0.3852146799953782
20.75079550923645	-0.3850549198888411
20.778371489531	-0.3848952927372454
20.80594746982555	-0.3847357983637087
20.8335234501201	-0.3845764365912148
20.86109943041465	-0.3844172072420035
20.8886754107092	-0.3842581101361333
20.91625139100375	-0.3840991450875054
20.9438273712983	-0.383940312558901
20.97140335159285	-0.383781611301031
20.9989793318874	-0.3836230416061143
21.02655531218195	-0.3834646033005455
21.0541312924765	-0.3833062962111541
21.08170727277105	-0.3831481201652057
21.1092832530656	-0.3829900749904009
21.13685923336015	-0.3828321605148758
21.1644352136547	-0.382674376567202
21.19201119394925	-0.3825167229763858
21.2195871742438	-0.3823591994109986
21.24716315453835	-0.382201806024813
21.2747391348329	-0.3820445425015042
21.30231511512745	-0.3818874086749774
21.329891095422	-0.3817304043800601
21.35746707571655	-0.3815735294528335
21.3850430560111	-0.3814167837312633
21.41261903630565	-0.3812601670564988
21.4401950166002	-0.3811036792758533
21.46777099689475	-0.3809473202506919
21.4953469771893	-0.3807910879850496
21.52292295748385	-0.380634985519393
21.5504989377784	-0.3804790112823245
21.57807491807295	-0.3803231651143951
21.6056508983675	-0.3801674468562164
21.63322687866205	-0.3800118563484937
21.6608028589566	-0.3798563934320559
21.68837883925115	-0.3797010579478816
21.7159548195457	-0.3795458497371219
21.74353079984025	-0.3793907686411215
21.7711067801348	-0.379235814760548
21.79868276042935	-0.3790809874239277
21.8262587407239	-0.3789262867021091
21.85383472101845	-0.3787717124278738
21.881410701313	-0.3786172644272125
21.90898668160755	-0.3784629425087138
21.9365626619021	-0.3783087464260071
21.96413864219665	-0.3781546756748712
21.9917146224912	-0.3780007259368364
22.01929060278575	-0.3778469190215092
22.0468665830803	-0.3776932213308808
22.07444256337485	-0.3775396533189935
22.1020185436694	-0.3773862103525359
22.12959452396395	-0.3772328922726738
22.1571705042585	-0.3770796989209873
22.18474648455305	-0.3769266301394686
22.2123224648476	-0.3767736857705197
22.23989844514215	-0.3766208656569501
22.2674744254367	-0.3764681696419753
22.29505040573125	-0.376315597569215
22.3226263860258	-0.376163149313788
22.35020236632035	-0.3760108246540427
22.3777783466149	-0.3758586234676136
22.40535432690945	-0.3757065456002151
22.432930307204	-0.3755545908980096
22.46050628749855	-0.3754027592075924
22.4880822677931	-0.3752510503759781
22.51565824808765	-0.3750994642505894
22.5432342283822	-0.3749480006792466
22.57081020867675	-0.3747966595101589
22.5983861889713	-0.3746454405213859
22.62596216926585	-0.3744943437067317
22.6535381495604	-0.3743433688478255
22.68111412985495	-0.3741925157946712
22.7086901101495	-0.3740417843974697
22.73626609044405	-0.3738911745065809
22.7638420707386	-0.3737406859724666
22.79141805103315	-0.3735903186455916
22.8189940313277	-0.3734400723762568
22.84657001162225	-0.3732899470142934
22.87414599191681	-0.3731399416692463
22.90172197221136	-0.3729900576682111
22.92929795250591	-0.3728402941652713
22.95687393280046	-0.3726906510124698
22.98444991309501	-0.3725411280623641
23.01202589338956	-0.3723917251679552
23.03960187368411	-0.3722424421826404
23.06717785397866	-0.3720932789601806
23.09475383427321	-0.3719442353546785
23.12232981456776	-0.3717953112205624
23.14990579486231	-0.3716465063863382
23.17748177515686	-0.3714978207621763
23.20505775545141	-0.3713492541765998
23.23263373574596	-0.371200806485
23.26020971604051	-0.3710524775429843
23.28778569633506	-0.3709042672063702
23.31536167662961	-0.3707561753311773
23.34293765692416	-0.3706082017736195
23.37051363721871	-0.3704603463900915
23.39808961751326	-0.3703126090371556
23.42566559780781	-0.3701649896243133
23.45324157810236	-0.3700174879004667
23.48081755839691	-0.3698701037724916
23.50839353869146	-0.3697228370970824
23.53596951898601	-0.3695756877311703
23.56354549928056	-0.3694286555319248
23.59112147957511	-0.3692817403567545
23.61869745986966	-0.369134942063308
23.64627344016421	-0.3689882605094745
23.67384942045876	-0.368841695553385
23.70142540075331	-0.3686952470664926
23.72900138104786	-0.3685489148799796
23.75657736134241	-0.3684026988659962
23.78415334163696	-0.3682565988837854
23.81172932193151	-0.3681106147928846
23.83930530222606	-0.3679647464531243
23.86688128252061	-0.3678189937246263
23.89445726281516	-0.3676733564678022
23.92203324310971	-0.3675278345433526
23.94960922340426	-0.3673824278122651
23.97718520369881	-0.3672371360460437
24.00476118399336	-0.367091959288551
24.03233716428791	-0.3669468973179762
24.05991314458246	-0.3668019499975763
24.08748912487701	-0.3666571171908823
24.11506510517156	-0.3665123987617258
24.14264108546611	-0.3663677945742833
24.17021706576066	-0.3662233044931605
24.19779304605521	-0.366078928383555
24.22536902634976	-0.3659346661116158
24.25294500664431	-0.3657905167783425
24.28052098693886	-0.3656464816360836
24.30809696723341	-0.3655025599336769
24.33567294752796	-0.3653587515396359
24.36324892782251	-0.365215056322623
24.39082490811706	-0.3650714741514522
24.41840088841161	-0.3649280048950909
24.44597686870616	-0.3647846484226623
24.47355284900071	-0.3646414046034481
24.50112882929526	-0.3644982733068901
24.52870480958981	-0.3643552540709814
24.55628078988436	-0.3642123474958206
24.58385677017891	-0.3640695530598089
24.61143275047346	-0.3639268706287007
24.63900873076801	-0.3637843000690889
24.66658471106256	-0.3636418412481517
24.69416069135711	-0.3634994940335146
24.72173667165166	-0.3633572582931688
24.74931265194621	-0.3632151338954244
24.77688863224076	-0.3630731207088789
24.80446461253531	-0.3629312185633429
24.83204059282986	-0.3627894274113846
24.85961657312441	-0.3626477470804182
24.88719255341896	-0.3625061774394199
24.91476853371351	-0.3623647183575791
24.94234451400806	-0.3622233697042986
24.96992049430261	-0.3620821313491951
24.99749647459716	-0.3619410031620999
25.02507245489171	-0.3617999850130592
25.05264843518626	-0.3616590767723348
25.08022441548081	-0.3615182782873668
25.10780039577536	-0.3613775894764993
25.13537637606991	-0.361237010188138
25.16295235636446	-0.361096540293354
25.19052833665901	-0.3609561796633257
25.21810431695356	-0.3608159281693244
25.24568029724811	-0.3606757856826972
25.27325627754266	-0.3605357520748447
25.30083225783721	-0.3603958272171952
25.32840823813176	-0.3602560109811713
25.35598421842631	-0.3601163034456515
25.38356019872086	-0.3599767040514076
25.41113617901541	-0.3598372128742764
25.43871215930996	-0.3596978297857765
25.46628813960452	-0.3595585546578497
25.49386411989907	-0.3594193873628362
25.52144010019362	-0.3592803277734535
25.54901608048817	-0.3591413757627779
25.57659206078272	-0.3590025312042289
25.60416804107727	-0.3588637939715541
25.63174402137182	-0.3587251635265851
25.65932000166637	-0.3585866404305516
25.68689598196092	-0.3584482241049169
25.71447196225547	-0.3583098619246997
25.74204794255002	-0.3581717134998718
25.76962392284457	-0.3580336172845869
25.79719990313912	-0.3578956277196081
25.82477588343367	-0.3577577445378124
25.85235186372822	-0.3576199675875513
25.87992784402277	-0.3574822967364188
25.90750382431732	-0.3573447320195201
25.93507980461187	-0.3572072729583797
25.96265578490642	-0.3570699196168156
25.99023176520097	-0.3569326718737622
26.01780774549552	-0.3567955296084528
26.04538372579007	-0.3566584927004374
26.07295970608462	-0.3565215610296037
26.10053568637917	-0.3563847344762022
26.12811166667372	-0.3562480129208758
26.15568764696827	-0.3561113962446951
26.18326362726282	-0.3559748840056179
26.21083960755737	-0.3558384767680572
26.23841558785192	-0.3557021740797904
26.26599156814647	-0.3555659758208651
26.29356754844102	-0.3554298818714193
26.32114352873557	-0.3552938921117023
26.34871950903012	-0.3551580064220916
26.37629548932467	-0.355022224683106
26.40387146961922	-0.3548865467754143
26.43144744991377	-0.3547509725798437
26.45902343020832	-0.3546155019993338
26.48659941050287	-0.3544801348696121
26.51417539079742	-0.3543448710935601
26.54175137109197	-0.3542097105526952
26.56932735138652	-0.3540746531287643
26.59690333168107	-0.3539396987037515
26.62447931197562	-0.3538048471598906
26.65205529227017	-0.3536700983796882
26.67963127256472	-0.3535354522459594
26.70720725285927	-0.3534009086418968
26.73478323315382	-0.3532664675274174
26.76235921344837	-0.3531321286463096
26.78993519374292	-0.3529978919425641
26.81751117403747	-0.3528637572987551
26.84508715433202	-0.3527297245975345
26.87266313462657	-0.3525957937216326
26.90023911492112	-0.3524619645538573
26.92781509521567	-0.3523282369770934
26.95539107551022	-0.3521946108743033
26.98296705580477	-0.3520610861285252
27.01054303609932	-0.3519276627356967
27.03811901639387	-0.3517943403387572
27.06569499668842	-0.3516611189410607
27.09327097698297	-0.351527998427516
27.12084695727752	-0.3513949786832368
27.14842293757207	-0.351262059593551
27.17599891786662	-0.3511292410440079
27.20357489816117	-0.3509965229203819
27.23115087845572	-0.3508639051086761
27.25872685875027	-0.3507313874951241
27.28630283904482	-0.3505989699488444
27.31387881933937	-0.3504666523928444
27.34145479963392	-0.3503344346965479
27.36903077992847	-0.3502023167469389
27.39660676022302	-0.3500702984311559
27.42418274051757	-0.3499383796364948
27.45175872081212	-0.3498065602504143
27.47933470110667	-0.3496748401605407
27.50691068140122	-0.3495432192546769
27.53448666169577	-0.3494116974208145
27.56206264199032	-0.3492802745856222
27.58963862228487	-0.3491489505615425
27.61721460257942	-0.3490177252706633
27.64479058287397	-0.3488865986007109
27.67236656316852	-0.3487555704395106
27.69994254346307	-0.3486246406749843
27.72751852375762	-0.3484938091951507
27.75509450405217	-0.3483630758881234
27.78267048434672	-0.3482324406421093
27.81024646464127	-0.3481019033454076
27.83782244493582	-0.3479714638542892
27.86539842523037	-0.3478411221182671
27.89297440552492	-0.3477108780010393
27.92055038581947	-0.3475807313932736
27.94812636611402	-0.347450682186251
27.97570234640857	-0.3473207302721104
28.00327832670312	-0.3471908755443363
28.03085430699767	-0.347061117898825
28.05843028729223	-0.3469314572365183
28.08600626758678	-0.3468018934711763
28.11358224788133	-0.3466724254887323
28.14115822817588	-0.3465430549164501
28.16873420847043	-0.3464137808859277
28.19631018876498	-0.3462846032904975
28.22388616905953	-0.3461555220234157
28.25146214935408	-0.3460265369778842
28.27903812964863	-0.3458976480470686
28.30661410994318	-0.3457688551241141
28.33419009023773	-0.3456401581021576
28.36176607053228	-0.3455115568743404
28.38934205082683	-0.3453830512104953
28.41691803112138	-0.3452546412785548
28.44449401141593	-0.3451263268200666
28.47206999171048	-0.3449981077281624
28.49964597200503	-0.3448699838957058
28.52722195229958	-0.3447419552154147
28.55479793259413	-0.3446140215799168
28.58237391288868	-0.3444861828817773
28.60994989318323	-0.3443584390135159
28.63752587347778	-0.3442307898676151
28.66510185377233	-0.3441032356099653
28.69267783406688	-0.343975775561341
28.72025381436143	-0.3438484098893247
28.74782979465598	-0.3437211384888406
28.77540577495053	-0.3435939612559606
28.80298175524508	-0.3434668780878826
28.83055773553963	-0.3433398888829081
28.85813371583418	-0.3432129935404208
28.88570969612873	-0.3430861919608664
28.91328567642328	-0.3429594840457323
28.94086165671783	-0.3428328693278243
28.96843763701238	-0.3427063484838032
28.99601361730693	-0.3425799210456946
29.02358959760148	-0.3424535869155685
29.05116557789603	-0.3423273459949004
29.07874155819058	-0.3422011981845724
29.10631753848513	-0.3420751433848732
29.13389351877968	-0.341949181495498
29.16146949907423	-0.3418233124155472
29.18904547936878	-0.3416975360435238
29.21662145966333	-0.3415718524022727
29.24419743995788	-0.3414462611300077
29.27177342025243	-0.3413207622464273
29.29934940054698	-0.3411953556479936
29.32692538084153	-0.3410700412309921
29.35450136113608	-0.3409448188915337
29.38207734143063	-0.3408196885255569
29.40965332172518	-0.3406946500288298
29.43722930201973	-0.3405697032969522
29.46480528231428	-0.3404448482253581
29.49238126260883	-0.3403200848860394
29.51995724290338	-0.3401954128042181
29.54753322319793	-0.3400708320533329
29.57510920349248	-0.3399463425298579
29.60268518378703	-0.3398219441308267
29.63026116408158	-0.3396976367538214
29.65783714437613	-0.3395734202969641
29.68541312467068	-0.3394492946589077
29.71298910496523	-0.3393252597388282
29.74056508525978	-0.3392013154364167
29.76814106555433	-0.3390774615638846
29.79571704584888	-0.338953698205839
29.82329302614343	-0.338830025174953
29.85086900643798	-0.3387064423721392
29.87844498673253	-0.3385829496984278
29.90602096702708	-0.3384595470549612
29.93359694732163	-0.3383362343429863
29.96117292761618	-0.3382130114638459
29.98874890791073	-0.3380898783189664
30.01632488820528	-0.3379668348098425
30.04390086849983	-0.3378438809564389
30.07147684879438	-0.3377210164177547
30.09905282908893	-0.3375982412081124
30.12662880938348	-0.3374755552283524
30.15420478967803	-0.3373529583795378
30.18178076997258	-0.3372304505629497
30.20935675026713	-0.3371080316800834
30.23693273056168	-0.3369857016326437
30.26450871085623	-0.3368634603225423
30.29208469115078	-0.3367413076518933
30.31966067144533	-0.3366192434149024
30.34723665173988	-0.3364972677321145
30.37481263203443	-0.3363753804071375
30.40238861232898	-0.3362535813449165
30.42996459262353	-0.3361318704510307
30.45754057291808	-0.3360102476320514
30.48511655321263	-0.3358887127962656
30.51269253350718	-0.3357672658552855
30.54026851380173	-0.3356459067281344
30.56784449409628	-0.3355246353537898
30.59542047439083	-0.3354034504404983
30.62299645468539	-0.3352823538846126
30.65057243497994	-0.3351613447365914
30.67814841527449	-0.3350404229043309
30.70572439556904	-0.3349195882958199
30.73330037586359	-0.3347988408191398
30.76087635615814	-0.3346781803824663
30.78845233645269	-0.3345576068940693
30.81602831674724	-0.3344371202623145
30.84360429704179	-0.3343167203956631
30.87118027733634	-0.334196406861771
30.89875625763089	-0.3340761803264302
30.92633223792544	-0.3339560402848385
30.95390821821999	-0.3338359866427905
30.98148419851454	-0.3337160193065531
31.00906017880909	-0.3335961381827116
31.03663615910364	-0.3334763431780943
31.06421213939819	-0.3333566341997303
31.09178811969274	-0.3332370111548258
31.11936409998729	-0.3331174739507498
31.14694008028184	-0.3329980224754491
31.17451606057639	-0.3328786566790377
31.20209204087094	-0.3327593764473661
31.22966802116549	-0.332640181688018
31.25724400146004	-0.3325210723087555
31.28481998175459	-0.3324020482175123
31.31239596204914	-0.3322831093223886
31.33997194234369	-0.332164255531646
31.36754792263824	-0.3320454867537038
31.39512390293279	-0.3319268028971358
31.42269988322734	-0.3318082039948571
31.45027586352189	-0.3316896896466073
31.47785184381644	-0.3315712599787629
31.50542782411099	-0.3314529148787407
31.53300380440554	-0.331334654250407
31.56057978470009	-0.3312164780012504
31.58815576499464	-0.3310983860400097
31.61573174528919	-0.3309803782760033
31.64330772558374	-0.3308624546188888
31.67088370587829	-0.3307446149785616
31.69845968617284	-0.3306268592651071
31.72603566646739	-0.3305091873887756
31.75361164676194	-0.3303915992599694
31.78118762705649	-0.3302740947892346
31.80876360735104	-0.3301566738872558
31.83633958764559	-0.3300393364648536
31.86391556794014	-0.3299220824329822
31.89149154823469	-0.3298049117027281
31.91906752852924	-0.329687824185309
31.94664350882379	-0.3295708197920735
31.97421948911834	-0.3294538984344997
32.00179546941289	-0.3293370600241959
32.02937144970744	-0.3292203044728993
32.05694743000199	-0.3291036316924762
32.08452341029654	-0.3289870415949218
32.11209939059109	-0.3288705340923597
32.13967537088564	-0.3287541090970423
32.16725135118019	-0.3286377665213497
32.19482733147474	-0.3285215062777906
32.22240331176929	-0.3284053282790016
