0
1000	105.6583745	100000000000000.1
5	0	0	1
5	0	0	0
4.673998997513734	108.64210589808
4.701574977808284	406.2470619898108
4.729150958102834	821.6135723433669
4.756726938397384	1363.842382456896
4.784302918691934	2038.816470727441
4.811878898986484	2850.143330811273
4.839454879281035	3799.871379699677
4.867030859575585	4889.010891626003
4.894606839870135	6117.904204252293
4.922182820164685	7486.485429737095
4.949758800459235	8994.461110739176
4.977334780753785	10641.43498521461
5.004910761048335	12426.99346001235
5.032486741342885	14350.76353462029
5.060062721637435	16412.45143387573
5.087638701931986	18611.86775012708
5.115214682226536	20948.94317134518
5.142790662521086	23423.73766479153
5.170366642815636	26036.44514014152
5.197942623110186	28787.39502193431
5.225518603404736	31677.05174256567
5.253094583699286	34706.01287108588
5.280670563993836	37875.00638303617
5.308246544288386	41184.88742706533
5.335822524582936	44636.63483751404
5.363398504877487	48231.34756584919
5.390974485172037	51970.24114936258
5.418550465466587	55854.6442965047
5.446126445761137	59885.99564037247
5.473702426055687	64065.84069202926
5.501278406350237	68396.16724471765
5.528854386644787	72878.93150396561
5.556430366939337	77515.0184945237
5.584006347233887	82306.6509155658
5.611582327528438	87256.21705065189
5.639158307822988	92365.20731779834
5.666734288117538	97635.50672009152
5.694310268412088	103070.5340677693
5.721886248706638	108672.0111010442
5.749462229001188	114442.3477321591
5.777038209295738	120384.802218048
5.804614189590288	126501.5396718491
5.832190169884838	132795.9591710086
5.859766150179389	139270.4512008425
5.887342130473939	145928.0858883919
5.914918110768489	152773.1444398978
5.942494091063039	159807.3486808104
5.970070071357589	167035.2361550807
5.997646051652139	174459.9594266137
6.025222031946689	182085.2139245765
6.052798012241239	189914.99589901
6.080373992535789	197953.1677033325
6.107949972830339	206203.5424461554
6.13552595312489	214670.665079051
6.16310193341944	223358.3304499523
6.19067791371399	232271.409040344
6.21825389400854	241415.085727813
6.24582987430309	250793.3640248736
6.27340585459764	256193.8165420568
6.30098183489219	270272.9605726662
6.32855781518674	280384.95307221
6.35613379548129	290751.721713342
6.383709775775841	301379.7507202209
6.411285756070391	312274.0729745406
6.438861736364941	323439.7346696292
6.466437716659491	334883.8538432433
6.494013696954041	346611.596522224
6.521589677248591	358630.6563827825
6.549165657543141	370946.6834955497
6.576741637837691	383565.4005219692
6.604317618132241	396494.603759822
6.631893598426791	406447.3406265276
6.659469578721342	423311.8193703883
6.687045559015892	437215.4274475413
6.714621539310442	451457.9367330244
6.742197519604992	466048.1685328834
6.769773499899542	480993.8335364851
6.797349480194092	496303.3871457513
6.824925460488642	511984.4393862634
6.852501440783192	528046.3294403682
6.880077421077742	544498.9998431461
6.907653401372293	561349.8251374697
6.935229381666843	578609.6480215761
6.962805361961393	596286.1638604604
6.990381342255943	610498.2156482807
7.017957322550493	632933.6971821822
7.045533302845043	651924.6786231055
7.073109283139593	671374.3674508726
7.100685263434143	691294.9820161276
7.128261243728693	711695.8286916603
7.155837224023244	732589.704863534
7.183413204317794	753987.6813794312
7.210989184612344	775903.3546085379
7.238565164906894	798347.4637721379
7.266141145201444	821332.8501519173
7.293717125495994	844873.8373694839
7.321293105790544	868982.8931919879
7.348869086085094	893673.9739056272
7.376445066379644	918951.2350251919
7.404021046674194	944860.0681452473
7.431597026968745	971383.2987194539
7.459173007263295	998547.6120790486
7.486748987557845	1026367.927334878
7.514324967852395	1054862.034926187
7.541900948146945	1084043.580999865
7.569476928441495	1113931.048103942
7.597052908736045	1144540.900302736
7.624628889030595	1175891.824130613
7.652204869325145	1208001.929334582
7.679780849619696	1240888.890330636
7.707356829914246	1274571.930442191
7.734932810208796	1301052.859948663
7.762508790503346	1344406.337008725
7.790084770797896	1380599.82805237
7.817660751092446	1417670.020226056
7.845236731386996	1455638.954272846
7.872812711681546	1494530.096716095
7.900388691976096	1534364.796946918
7.927964672270646	1575168.065637447
7.955540652565197	1616963.485764179
7.983116632859747	1659774.327124926
8.010692613154298	1703626.337983152
8.038268593448848	1748545.770130191
8.065844573743398	1794558.507324762
8.093420554037948	1841692.117107896
8.120996534332498	1889974.196385263
8.148572514627048	1939432.966633475
8.176148494921598	1990097.421244536
8.203724475216148	2041998.432061285
8.231300455510699	2095166.465054725
8.258876435805249	2149632.439314329
8.286452416099799	2205431.482453027
8.314028396394349	2262592.90904005
8.341604376688899	2321150.471430875
8.369180356983449	2381141.997254441
8.396756337277999	2442600.92869411
8.424332317572549	2505565.25529195
8.451908297867099	2570069.809759093
8.47948427816165	2636157.209889285
8.5070602584562	2703865.858359107
8.53463623875075	2773232.465255951
8.5622122190453	2843835.403821843
8.58978819933985	2916833.708337358
8.6173641796344	2991279.086285545
8.64494015992895	3067155.211451267
8.6725161402235	3145951.377653464
8.70009212051805	3225785.77137072
8.7276681008126	3308507.138717885
8.755244081107151	3392669.995989254
8.782820061401701	3479444.763293398
8.810396041696251	3567621.303954508
8.837972021990801	3658839.125347012
8.865548002285351	3751532.84621421
8.893123982579901	3847404.403705657
8.920699962874451	3945072.906599091
8.948275943169001	4045734.044964271
8.975851923463551	4148026.329260225
9.003427903758102	4253957.089491596
9.031003884052652	4362329.610775729
9.058579864347202	4472867.096791075
9.086155844641752	4586815.076002402
9.113731824936302	4703183.848411578
9.141307805230852	4822941.842702344
9.168883785525402	4944947.278761928
9.196459765819952	5070975.690226572
9.224035746114502	5200015.396525311
9.251611726409052	5331777.119470671
9.279187706703603	5467515.36895353
9.306763686998153	5606191.861397125
9.334339667292703	5748925.365716813
9.361915647587253	5895186.359811554
9.389491627881803	6044566.222894787
9.417067608176353	6198445.639672203
9.444643588470903	6355424.062445183
9.472219568765453	6517384.362129369
9.499795549060003	6683254.855808223
9.527371529354554	6852951.194206197
9.554947509649104	7027496.365285785
9.582523489943654	7206297.764445077
9.610099470238204	7389152.192224829
9.637675450532754	7577360.226538192
9.665251430827304	7769409.333495156
9.692827411121854	7967606.800572897
9.720403391416404	8170644.512351986
9.747979371710954	8378270.385153884
9.775555352005505	8591862.975191291
9.803131332300055	8810850.085048115
9.830707312594605	9034410.873923711
9.858283292889155	9265040.94094364
9.885859273183705	9501370.890070558
9.913435253478255	9743593.279377764
9.941011233772805	9991411.430059375
9.968587214067355	10246467.66350731
9.996163194361905	10507780.94482144
10.02373917465646	10753041.36111926
10.05131515495101	11050450.82585809
10.07889113524556	11332499.61796255
10.10646711554011	11620885.34254749
10.13404309583466	11917783.08461484
10.16161907612921	12222176.74515355
10.18919505642376	12534331.93860956
10.21677103671831	12853665.05303149
10.24434701701286	13182175.09459487
10.27192299730741	13519018.13757427
10.29949897760196	13863771.58650057
10.32707495789651	14218246.88296603
10.35465093819106	14581690.17677689
10.38222691848561	14954317.83162837
10.40980289878016	15335650.99238946
10.43737887907471	15727943.70781544
10.46495485936926	16130065.15897215
10.49253083966381	16542451.50578111
10.52010681995836	16964548.7270975
10.54768280025291	17398529.02453002
10.57525878054746	17833827.41670331
10.60283476084201	18299763.15613281
10.63041074113656	18767173.96169878
10.65798672143111	19247123.24981586
10.68556270172566	19739305.64308719
10.71313868202021	20244009.66266542
10.74071466231476	20760525.10998484
10.76829064260931	21291577.85671551
10.79586662290386	21835978.35486932
10.82344260319841	22394165.40240725
10.85101858349296	22966461.83777023
10.87859456378751	23552561.2929446
10.90617054408206	24154532.73591257
10.93374652437661	24771736.92267211
10.96132250467116	25404332.43636243
10.98889848496571	26052421.0436669
11.01647446526026	26717740.39630544
11.04405044555481	27399683.41882726
11.07162642584936	28098842.52132222
11.09920240614391	28815599.61372357
11.12677838643846	29549499.46968462
11.15435436673301	30302969.66923297
11.18193034702756	31075247.55769611
11.20950632732211	31866856.43297736
11.23708230761666	32678259.21120958
11.26465828791121	33508978.88551412
11.29223426820576	34361624.7053247
11.31981024850031	35235380.69020389
11.34738622879486	36130846.22413446
11.37496220908941	37048573.06431653
11.40253818938396	37988243.13506872
11.43011416967851	38952037.96897134
11.45769014997306	39939564.58551418
11.48526613026761	40951394.691732
11.51284211056216	41988024.61215717
11.54041809085671	43048966.68173768
11.56799407115126	44137422.31106397
11.59557005144581	45252268.62012608
11.62314603174036	46394292.97075613
11.65072201203491	47552406.81837714
11.67829799232946	48761829.88603468
11.70587397262401	49987792.55352498
11.73344995291856	51244619.86466739
11.76102593321311	52531485.97054005
11.78860191350766	53849213.77447086
11.81617789380221	55198420.85336743
11.84375387409676	56579782.05481958
11.87132985439131	57993345.47542653
11.89890583468586	59441130.39728386
11.92648181498041	60923067.11110063
11.95405779527496	62439844.32746647
11.98163377556951	63992171.11732378
12.00920975586406	65580770.51158499
12.03678573615861	67205176.79221711
12.06436171645316	68868702.83476718
12.09193769674771	70570527.72128046
12.11951367704226	72311449.26926175
12.14708965733681	74092237.49613743
12.17466563763136	75913705.69081675
12.20224161792591	77774984.62606905
12.22981759822046	79680226.34891827
12.25739357851501	81628162.51984067
12.28496955880956	83619665.56647532
12.31254553910411	85655537.22228853
12.34012151939866	87736480.43831389
12.36769749969321	89863368.5899989
12.39527347998776	92036202.20146845
12.42284946028231	94257481.41398385
12.45042544057686	96526909.52038908
12.47800142087141	98845348.92165594
12.50557740116597	101213389.876357
12.53315338146052	103632066.4545751
12.56072936175507	106102033.945265
12.58830534204962	108622826.4548536
12.61588132234417	111191575.8673679
12.64345730263872	113826868.1740396
12.67103328293327	116509754.618117
12.69860926322782	119247808.6720815
12.72618524352237	122041691.3622045
12.75376122381692	124892111.8283678
12.78133720411147	127799856.4796408
12.80891318440602	130764549.8041208
12.83648916470057	133789235.1972876
12.86406514499512	136873305.1571997
12.89164112528967	140017438.548554
12.91921710558422	143222342.2520243
12.94679308587877	146488661.0402009
12.97436906617332	149817099.3493655
13.00194504646787	153207399.7877
13.02952102676242	156662000.4060556
13.05709700705697	160180588.5756122
13.08467298735152	163763661.2247903
13.11224896764607	167411819.0115584
13.13982494794062	171125617.0196915
13.16740092823517	174905582.1757916
13.19497690852972	178752158.5807967
13.22255288882427	182665997.2779303
13.25012886911882	186646257.768593
13.27770484941337	190696035.2065717
13.30528082970792	194814316.8228974
13.33285681000247	199001486.8997096
13.36043279029702	203257931.0918604
13.38800877059157	207583998.2699629
13.41558475088612	211979888.3681515
13.44316073118067	216446191.1357418
13.47073671147522	220981383.963811
13.49831269176977	225589404.8889658
13.52588867206432	230268319.4942436
13.55346465235887	235018504.6220524
13.58104063265342	239839888.1018126
13.60861661294797	244732452.1401986
13.63619259324252	249696792.8275763
13.66376857353707	254732874.1809446
13.69134455383162	259840542.960315
13.71892053412617	265019837.8884322
13.74649651442072	270270050.5315632
13.77407249471527	275593052.2031133
13.80164847500982	280987443.3151547
13.82922445530437	286452783.528011
13.85680043559892	291989627.8807086
13.88437641589347	297559366.0137991
13.91195239618802	303276869.378376
13.93952837648257	309026444.4861593
13.96710435677712	314846492.5128543
13.99468033707167	320736812.1581897
14.02225631736622	326695821.7644143
14.04983229766077	332725716.2093586
14.07740827795532	338824521.662147
14.10498425824987	344992204.9482719
14.13256023854442	351228408.813889
14.16013621883897	357532343.7474432
14.18771219913352	363903493.5993515
14.21528817942807	370341707.0393755
14.24286415972262	376846425.4085397
14.27044014001717	383417284.5820084
14.29801612031172	390051309.7490223
14.32559210060627	396752288.5110294
14.35316808090082	403517198.1917577
14.38074406119537	410345596.378206
14.40832004148992	417236922.0794042
14.43589602178447	424190101.1562033
14.46347200207902	431205048.8982531
14.49104798237357	438280716.7655602
14.51862396266812	445416655.5295716
14.54619994296267	452611794.6634482
14.57377592325722	459865397.9687333
14.60135190355177	467176111.0637648
14.62892788384632	474545106.0033504
14.65650386414087	481970396.2454196
14.68407984443542	489409573.7248307
14.71165582472997	496986850.592909
14.73923180502452	504576465.4604664
14.76680778531907	512219208.7357086
14.79438376561362	519914037.1011016
14.82195974590817	527660668.0390505
14.84953572620272	535457658.8753909
14.87711170649727	543304772.0396746
14.90468768679182	551200835.0574524
14.93226366708637	559143462.4744688
14.95983964738092	567135585.5069685
14.98741562767547	575173672.521217
15.01499160797002	583257662.8826207
15.04256758826457	591386367.2055513
15.07014356855912	599558912.0383012
15.09771954885368	607774741.8403389
15.12529552914823	616032653.8440441
15.15287150944278	624332198.7237778
15.18044748973733	632672304.086612
15.20802347003188	641052170.964136
15.23559945032643	649470960.5937306
15.26317543062098	657926125.2472633
15.29075141091553	666420806.3489237
15.31832739121008	674951963.9319459
15.34590337150463	683518845.0614355
15.37347935179918	692120394.3607126
15.40105533209373	700756173.6580793
15.42863131238828	709425289.4396454
15.45620729268283	718127048.7444313
15.48378327297738	726860540.8989861
15.51135925327193	735625199.4885607
15.53893523356648	744420185.5936601
15.56651121386103	753244671.6452428
15.59408719415558	762098183.2578188
15.62166317445013	770979687.2803028
15.64923915474468	779887116.4107839
15.67681513503923	788823490.6272622
15.70439111533378	797785425.8407898
15.73196709562833	806772668.1440482
15.75954307592288	815784217.8271244
15.78711905621743	824820133.0943043
15.81469503651198	833879429.448926
15.84227101680653	842961468.573465
15.86984699710108	852065621.3441533
15.89742297739563	861191268.8002692
15.92499895769018	870337551.3958862
15.95257493798473	879504402.5260652
15.98015091827928	888691012.0692163
16.00772689857383	897896521.0466586
16.03530287886838	907118628.5337318
16.06287885916293	916361164.0836005
16.09045483945748	925621075.090264
16.11803081975203	934898024.2994202
16.14560680004658	944191261.1686648
16.17318278034113	953500360.8236034
16.20075876063568	962824678.6579714
16.22833474093023	972164017.0173453
16.25591072122478	981517805.6847966
16.28348670151933	990885388.8501385
16.31106268181388	1000266495.434103
16.33863866210843	1009660724.405891
16.36621464240298	1019067196.524283
16.39379062269753	1028486110.98632
16.42136660299208	1037916768.745227
16.44894258328663	1047358834.150048
16.47651856358118	1056809749.028415
16.50409454387573	1066273425.928831
16.53167052417028	1075747234.123363
16.55924650446483	1085230807.218692
16.58682248475938	1094723688.032792
16.61439846505393	1104225478.03075
16.64197444534848	1113736058.875137
16.66955042564303	1123254733.404779
16.69712640593758	1132781779.682733
16.72470238623213	1142316057.065569
16.75227836652668	1151857827.168638
16.77985434682123	1161406639.621161
16.80743032711578	1170961849.382463
16.83500630741033	1180524223.157103
16.86258228770488	1190092018.891104
16.89015826799943	1199666010.783561
16.91773424829398	1209245393.355484
16.94531022858853	1218828999.307407
16.97288620888308	1228419141.829499
17.00046218917763	1238013978.710353
17.02803816947218	1247613326.826338
17.05561414976673	1257216604.385821
17.08319013006128	1266824354.505994
17.11076611035583	1276435884.109096
17.13834209065038	1286050857.323864
17.16591807094493	1295669212.811656
17.19349405123948	1305290838.33921
17.22107003153403	1314915411.594524
17.24864601182858	1324542772.057997
17.27622199212313	1334172473.422051
17.30379797241768	1343804622.583851
17.33137395271223	1353439261.609862
17.35894993300678	1363075625.290705
17.38652591330133	1372713671.929384
17.41410189359588	1382353611.289853
17.44167787389043	1391992834.388749
17.46925385418498	1401635805.777176
17.49682983447953	1411279701.404284
17.52440581477408	1420924762.8523
17.55198179506863	1430570448.565907
17.57955777536318	1440216852.108908
17.60713375565773	1449863671.815011
17.63470973595228	1459510978.959966
17.66228571624683	1469158681.873159
17.68986169654139	1478806469.18047
17.71743767683594	1488453888.470582
17.74501365713049	1498101550.418795
17.77258963742504	1507748926.234339
17.80016561771959	1517396188.154312
17.82774159801414	1527042876.294875
17.85531757830869	1536688777.801873
17.88289355860324	1546334230.408653
17.91046953889779	1555978764.332556
17.93804551919234	1565622447.209964
17.96562149948689	1575264933.725824
17.99319747978144	1584904198.2464
18.02077346007599	1594545224.652909
18.04834944037054	1604184378.711303
18.07592542066509	1613822357.966309
18.10350140095964	1623458663.731841
18.13107738125419	1633093417.340036
18.15865336154874	1642726393.281828
18.18622934184329	1652357478.052441
18.21380532213784	1661987045.632507
18.24138130243239	1671614575.8618
18.26895728272694	1681240364.714872
18.29653326302149	1690864145.730391
18.32410924331604	1700485686.379226
18.35168522361059	1710105168.30021
18.37926120390514	1719722206.810632
18.40683718419969	1729337032.983202
18.43441316449424	1738949565.802553
18.46198914478879	1748559485.212182
18.48956512508334	1758166859.343704
18.51714110537789	1767771935.854906
18.54471708567244	1777374552.41346
18.57229306596699	1786972856.064845
18.59986904626154	1796570389.10998
18.62744502655609	1806164906.887189
18.65502100685064	1815756432.136626
18.68259698714519	1825345188.657312
18.71017296743974	1834930850.336049
18.73774894773429	1844513684.240153
18.76532492802884	1854093585.421571
18.79290090832339	1863670336.29567
18.82047688861794	1873244181.240059
18.84805286891249	1882814723.709445
18.87562884920704	1892382125.733127
18.90320482950159	1901946167.652061
18.93078080979614	1911507015.267582
18.95835679009069	1921064460.34996
18.98593277038524	1930618490.006317
19.01350875067979	1940168943.21519
19.04108473097434	1949716341.249075
19.06866071126889	1959260211.48413
19.09623669156344	1968800463.17259
19.12381267185799	1978337461.622507
19.15138865215254	1987870851.577267
19.17896463244709	1997400491.525718
19.20654061274164	2006923932.923569
19.23411659303619	2016447069.420894
19.26169257333074	2025965721.023377
19.28926855362529	2035481180.21104
19.31684453391984	2044992740.026063
19.34442051421439	2054500354.557646
19.37199649450894	2064004095.841791
19.39957247480349	2073504613.538523
19.42714845509804	2083000974.2115
19.45472443539259	2092492920.631573
19.48230041568714	2101981445.032607
19.50987639598169	2111466194.738589
19.53745237627624	2120947036.377237
19.56502835657079	2130422862.495224
19.59260433686534	2139895662.271141
19.62018031715989	2149364446.703086
19.64775629745444	2158828931.346973
19.67533227774899	2168289071.27647
19.70290825804354	2177745525.371425
19.73048423833809	2187198282.681438
19.75806021863264	2196646290.203244
19.78563619892719	2206090311.100702
19.81321217922174	2215530114.445294
19.84078815951629	2224965942.901042
19.86836413981084	2234397042.65426
19.89594012010539	2243824256.575236
19.92351610039994	2253244481.139798
19.95109208069449	2262663607.064191
19.97866806098904	2272078404.273719
20.00624404128359	2281488857.9702
20.03382002157814	2290854954.642445
20.06139600187269	2300296729.083494
20.08897198216724	2309693980.239797
20.11654796246179	2319086964.15308
20.14412394275634	2328475670.194912
20.17169992305089	2337859603.680163
20.19927590334544	2347238902.659615
20.22685188363999	2356614041.2037
20.25442786393454	2365984778.60816
20.2820038442291	2375351136.927766
20.30957982452365	2384713277.138072
20.3371558048182	2394070687.070448
20.36473178511275	2403423574.132679
20.3923077654073	2412772265.34265
20.41988374570185	2422116207.179818
20.4474597259964	2431455545.537498
20.47503570629095	2440790448.148767
20.5026116865855	2450120595.042506
20.53018766688005	2459446059.224473
20.5577636471746	2468767042.889638
20.58533962746915	2478083571.519782
20.6129156077637	2487395224.690059
20.64049158805825	2496702421.099349
20.6680675683528	2506005163.49433
20.69564354864735	2515302979.071054
20.7232195289419	2524594996.882491
20.75079550923645	2533883829.7929
20.778371489531	2543167873.03096
20.80594746982555	2552447182.542481
20.8335234501201	2561721562.375371
20.86109943041465	2570990961.646872
20.8886754107092	2580255866.054898
20.91625139100375	2589516023.586105
20.9438273712983	2598771396.283926
20.97140335159285	2608021900.561343
20.9989793318874	2617267805.914103
21.02655531218195	2626508885.825417
21.0541312924765	2635744867.259976
21.08170727277105	2644976367.44895
21.1092832530656	2654203073.056505
21.13685923336015	2663424840.888165
21.1644352136547	2672641495.033002
21.19201119394925	2681853594.761189
21.2195871742438	2691060589.038404
21.24716315453835	2700262339.195374
21.2747391348329	2709459598.682738
21.30231511512745	2718651846.192479
21.329891095422	2727839286.856349
21.35746707571655	2737021949.054299
21.3850430560111	2746198961.254864
21.41261903630565	2755371828.440911
21.4401950166002	2764539736.700108
21.46777099689475	2773701863.265623
21.4953469771893	2782860049.311958
21.52292295748385	2792012966.717856
21.5504989377784	2801160203.115592
21.57807491807295	2810299930.845706
21.6056508983675	2819437542.231373
21.63322687866205	2828570488.248814
21.6608028589566	2837698282.508448
21.68837883925115	2846820896.850556
21.7159548195457	2855938437.079943
21.74353079984025	2865050982.781316
21.7711067801348	2874158116.025247
21.79868276042935	2883260350.018836
21.8262587407239	2892357255.252479
21.85383472101845	2901449228.657099
21.881410701313	2910535928.634236
21.90898668160755	2919617881.729441
21.9365626619021	2928694286.435614
21.96413864219665	2937765516.0009
21.9917146224912	2946831654.399051
22.01929060278575	2955891950.50955
22.0468665830803	2964947928.899543
22.07444256337485	2973998306.025961
22.1020185436694	2983043559.727475
22.12959452396395	2992083547.051128
22.1571705042585	3001118205.809156
22.18474648455305	3010147718.902187
22.2123224648476	3019171927.500338
22.23989844514215	3028191031.679159
22.2674744254367	3037204715.588828
22.29505040573125	3046213138.728581
22.3226263860258	3055216101.944591
22.35020236632035	3064213777.297549
22.3777783466149	3073206274.780933
22.40535432690945	3082146930.225912
22.432930307204	3091174656.637504
22.46050628749855	3100151075.425978
22.4880822677931	3109122030.891539
22.51565824808765	3118088034.390858
22.5432342283822	3127044792.911121
22.57081020867675	3136000515.352574
22.5983861889713	3144950275.248604
22.62596216926585	3153894539.289823
22.6535381495604	3162833320.690205
22.68111412985495	3171766681.084039
22.7086901101495	3180694509.327322
22.73626609044405	3189616938.522865
22.7638420707386	3198534316.999424
22.79141805103315	3207445887.191782
22.8189940313277	3216351862.067793
22.84657001162225	3225252347.951499
22.87414599191681	3234147166.69724
22.90172197221136	3243036650.398114
22.92929795250591	3251920531.581786
22.95687393280046	3260798903.470491
22.98444991309501	3269671857.363238
23.01202589338956	3278539174.41874
23.03960187368411	3287400994.995244
23.06717785397866	3296257328.509424
23.09475383427321	3305107871.556652
23.12232981456776	3313952781.966805
23.14990579486231	3322792068.647768
23.17748177515686	3331626041.128778
23.20505775545141	3340453687.687134
23.23263373574596	3349276805.040784
23.26020971604051	3358093032.088438
23.28778569633506	3366904539.368828
23.31536167662961	3375709542.626909
23.34293765692416	3384509284.01179
23.37051363721871	3393303314.134187
23.39808961751326	3402091753.634036
23.42566559780781	3410874476.050087
23.45324157810236	3419651290.972618
23.48081755839691	3428422403.154484
23.50839353869146	3437187844.685687
23.53596951898601	3445947427.222453
23.56354549928056	3454701342.903181
23.59112147957511	3463449484.315606
23.61869745986966	3472189582.742986
23.64627344016421	3480926197.645378
23.67384942045876	3489657256.068679
23.70142540075331	3498382219.021497
23.72900138104786	3507101479.043709
23.75657736134241	3515814861.279167
23.78415334163696	3524522187.851537
23.81172932193151	3533222886.210885
23.83930530222606	3541918907.624832
23.86688128252061	3550608438.926722
23.89445726281516	3559292535.323594
23.92203324310971	3567970594.570914
23.94960922340426	3576642466.979286
23.97718520369881	3585308620.244555
24.00476118399336	3593968841.950828
24.03233716428791	3602622695.853688
24.05991314458246	3611271032.708425
24.08748912487701	3619913099.744227
24.11506510517156	3628549540.806814
24.14264108546611	3637179613.110732
24.17021706576066	3645803919.463102
24.19779304605521	3654421902.378294
24.22536902634976	3663034223.624476
24.25294500664431	3671640774.429513
24.28052098693886	3680240812.518583
24.30809696723341	3688834740.020369
24.33567294752796	3697422387.27347
24.36324892782251	3706004062.058318
24.39082490811706	3714580069.562725
24.41840088841161	3723149860.708537
24.44597686870616	3731713533.54464
24.47355284900071	3740270962.067737
24.50112882929526	3748822310.761292
24.52870480958981	3757367391.611959
24.55628078988436	3765906442.812285
24.58385677017891	3774439142.599583
24.61143275047346	3782965542.21865
24.63900873076801	3791485849.778026
24.66658471106256	3800000226.760139
24.69416069135711	3808508257.710995
24.72173667165166	3817010018.901946
24.74931265194621	3825505283.798169
24.77688863224076	3833994999.417324
24.80446461253531	3842478150.977571
24.83204059282986	3850954891.391278
24.85961657312441	3859421709.949693
24.88719255341896	3867887526.217929
24.91476853371351	3876343071.166256
24.94234451400806	3884795091.340906
24.96992049430261	3893240462.791703
24.99749647459716	3901679697.835399
25.02507245489171	3910112282.903537
25.05264843518626	3918538403.673854
25.08022441548081	3926958319.444028
25.10780039577536	3935371857.572549
25.13537637606991	3943779063.491296
25.16295235636446	3952178152.33846
25.19052833665901	3960572483.71887
25.21810431695356	3968956275.194597
25.24568029724811	3977338095.841137
25.27325627754266	3985713776.112891
25.30083225783721	3994083092.881852
25.32840823813176	4002445903.614847
25.35598421842631	4010802295.372603
25.38356019872086	4019152921.025002
25.41113617901541	4027486340.808432
25.43871215930996	4035831426.769835
25.46628813960452	4044158956.278186
25.49386411989907	4052488667.9124
25.52144010019362	4060804518.105436
25.54901608048817	4069112399.23016
25.57659206078272	4077412398.004416
25.60416804107727	4085704540.556567
25.63174402137182	4093933507.133784
25.65932000166637	4102264206.006376
25.68689598196092	4110528559.410541
25.71447196225547	4118788441.807488
25.74204794255002	4127038849.312412
25.76962392284457	4135248001.453684
25.79719990313912	4143485099.284439
25.82477588343367	4151716140.488069
25.85235186372822	4159941600.928476
25.87992784402277	4168160893.355678
25.90750382431732	4176374114.309266
25.93507980461187	4184581246.537663
25.96265578490642	4192780014.254407
25.99023176520097	4200970405.6571
26.01780774549552	4209147598.341845
26.04538372579007	4217315579.922001
26.07295970608462	4225504443.826259
26.10053568637917	4233672350.912417
26.12811166667372	4241832968.442607
26.15568764696827	4249986352.44621
26.18326362726282	4258132017.41527
26.21083960755737	4266270172.093662
26.23841558785192	4274391780.670914
26.26599156814647	4282517194.999553
26.29356754844102	4290598553.252401
26.32114352873557	4298706308.466511
26.34871950903012	4306807835.318933
26.37629548932467	4314901579.527221
26.40387146961922	4322988848.052414
26.43144744991377	4331069424.302709
26.45902343020832	4339142713.91009
26.48659941050287	4347208603.171498
26.51417539079742	4355268294.918834
26.54175137109197	4363316296.366987
26.56932735138652	4371321905.257208
26.59690333168107	4379364242.560833
26.62447931197562	4387397089.00408
26.65205529227017	4395422713.502159
26.67963127256472	4403442173.222403
26.70720725285927	4411455170.684817
26.73478323315382	4419461259.859786
26.76235921344837	4427460267.303214
26.78993519374292	4435451954.790418
26.81751117403747	4443438273.653587
26.84508715433202	4451415654.501699
26.87266313462657	4459324492.124269
26.90023911492112	4467324739.018939
26.92781509521567	4475281520.578623
26.95539107551022	4483231050.468288
26.98296705580477	4491173173.411587
27.01054303609932	4499107634.958986
27.03811901639387	4507034173.113689
27.06569499668842	4514952550.706801
27.09327097698297	4522862643.06801
27.12084695727752	4530766395.797387
27.14842293757207	4538625604.978583
27.17599891786662	4546504496.302138
27.20357489816117	4554381631.19281
27.23115087845572	4562252162.20954
27.25872685875027	4570116059.986699
27.28630283904482	4577973092.660443
27.31387881933937	4585823060.243872
27.34145479963392	4593665436.846157
27.36903077992847	4601500490.981192
27.39660676022302	4609327775.57112
27.42418274051757	4617147326.872886
27.45175872081212	4624923288.651403
27.47933470110667	4632724933.678084
27.50691068140122	4640524706.756326
27.53448666169577	4648312542.345162
27.56206264199032	4656096537.10356
27.58963862228487	4663874079.999532
27.61721460257942	4671644562.899417
27.64479058287397	4679408162.421809
27.67236656316852	4687164465.436053
27.69994254346307	4694912273.663544
27.72751852375762	4702653009.639997
27.75509450405217	4710389233.024057
27.78267048434672	4718089823.787004
27.81024646464127	4725808351.898294
27.83782244493582	4733515764.658076
27.86539842523037	4741218653.049222
27.89297440552492	4748913523.977754
27.92055038581947	4756600472.709682
27.94812636611402	4764279302.878656
27.97570234640857	4771949085.517852
28.00327832670312	4779610053.42568
28.03085430699767	4787262518.666574
28.05843028729223	4794897850.668466
28.08600626758678	4802500906.819066
28.11358224788133	4810132743.590649
28.14115822817588	4817753182.29411
28.16873420847043	4825366002.545795
28.19631018876498	4832971094.147263
28.22388616905953	4840568906.790145
28.25146214935408	4848158234.152225
28.27903812964863	4855739719.891813
28.30661410994318	4863313215.453727
28.33419009023773	4870878149.935029
28.36176607053228	4878435458.559227
28.38934205082683	4885986980.793433
28.41691803112138	4893489055.045524
28.44449401141593	4901018432.594524
28.47206999171048	4908547190.025848
28.49964597200503	4916066197.95611
28.52722195229958	4923577513.888156
28.55479793259413	4931081880.731514
28.58237391288868	4938578197.679135
28.60994989318323	4946067495.815079
28.63752587347778	4953549230.609525
28.66510185377233	4961022671.650329
28.69267783406688	4968483578.055958
28.72025381436143	4975948902.044706
28.74782979465598	4983371452.97072
28.77540577495053	4990821445.256502
28.80298175524508	4998247590.644167
28.83055773553963	5005672767.113483
28.85813371583418	5013088953.306564
28.88570969612873	5020496766.19223
28.91328567642328	5027896914.239674
28.94086165671783	5035287785.882953
28.96843763701238	5042669446.333784
28.99601361730693	5050042198.872281
29.02358959760148	5057406852.284859
29.05116557789603	5064739522.14873
29.07874155819058	5072094353.562801
29.10631753848513	5079401841.521742
29.13389351877968	5086738372.864873
29.16146949907423	5094051866.22842
29.18904547936878	5101366827.043158
29.21662145966333	5108671156.040143
29.24419743995788	5115968422.480456
29.27177342025243	5123256397.986084
29.29934940054698	5130536225.140276
29.32692538084153	5137807445.200612
29.35450136113608	5145070562.515847
29.38207734143063	5152321362.109954
29.40965332172518	5159573908.167408
29.43722930201973	5166809064.572022
29.46480528231428	5173992427.866516
29.49238126260883	5181217396.030472
29.51995724290338	5188426321.960344
29.54753322319793	5195626120.129544
29.57510920349248	5202823257.898812
29.60268518378703	5210011529.803079
29.63026116408158	5217191738.879499
29.65783714437613	5224362732.721714
29.68541312467068	5231522261.921645
29.71298910496523	5238677530.420617
29.74056508525978	5245820789.697915
29.76814106555433	5252952115.256926
29.79571704584888	5260090319.361268
29.82329302614343	5267187488.949552
29.85086900643798	5274299276.380473
29.87844498673253	5281410813.943057
29.90602096702708	5288501971.766988
29.93359694732163	5295584690.018934
29.96117292761618	5302662110.589271
29.98874890791073	5309729461.535334
30.01632488820528	5316788021.017301
30.04390086849983	5323837886.491881
30.07147684879438	5330884008.546069
30.09905282908893	5337900231.131222
30.12662880938348	5344922229.569465
30.15420478967803	5351937796.618387
30.18178076997258	5358936956.59871
30.20935675026713	5365886946.526054
30.23693273056168	5372878014.070414
30.26450871085623	5379853031.253748
30.29208469115078	5386773762.872993
30.31966067144533	5393770545.138294
30.34723665173988	5400722090.593044
30.37481263203443	5407662342.443138
30.40238861232898	5414633017.809168
30.42996459262353	5421514012.86625
30.45754057291808	5428427262.540165
30.48511655321263	5435327768.782981
30.51269253350718	5442224933.283382
30.54026851380173	5449116452.093227
30.56784449409628	5455986556.91256
30.59542047439083	5462810714.026834
30.62299645468539	5469667275.28518
30.65057243497994	5476520950.887186
30.67814841527449	5483362055.61884
30.70572439556904	5490188869.677361
30.73330037586359	5497011809.364384
30.76087635615814	5503823113.925795
30.78845233645269	5510629827.689899
30.81602831674724	5517426834.669023
30.84360429704179	5524215422.693752
30.87118027733634	5530988773.026095
30.89875625763089	5537759488.758562
30.92633223792544	5544528622.139876
30.95390821821999	5551276850.929156
30.98148419851454	5557993158.917258
31.00906017880909	5564725422.092204
31.03663615910364	5571448433.260305
31.06421213939819	5578171847.769261
31.09178811969274	5584869984.699677
31.11936409998729	5591563362.574913
31.14694008028184	5598241283.173287
31.17451606057639	5604925399.830768
31.20209204087094	5611591382.766907
31.22966802116549	5618247751.478012
31.25724400146004	5624893822.828752
31.28481998175459	5631524409.052384
31.31239596204914	5638151372.243812
31.33997194234369	5644771723.568568
31.36754792263824	5651375030.463655
31.39512390293279	5657924729.602946
31.42269988322734	5664511474.465264
31.45027586352189	5671083397.699286
31.47785184381644	5677659264.050659
31.50542782411099	5684217864.947272
31.53300380440554	5690767770.305119
31.56057978470009	5697304634.751971
31.58815576499464	5703828561.939331
31.61573174528919	5710353391.413046
31.64330772558374	5716864890.74713
31.67088370587829	5723365839.869361
31.69845968617284	5729853812.257979
31.72603566646739	5736332889.732274
31.75361164676194	5742814918.804304
31.78118762705649	5749272979.560202
31.80876360735104	5755718736.133452
31.83633958764559	5762119012.270196
31.86391556794014	5768544671.325823
31.89149154823469	5774966520.149781
31.91906752852924	5781385398.66225
31.94664350882379	5787788608.898107
31.97421948911834	5794184015.198648
32.00179546941289	5800563611.552098
32.02937144970744	5806943189.56041
32.05694743000199	5813305609.716495
32.08452341029654	5819660497.464904
32.11209939059109	5826003293.962007
32.13967537088564	5832342101.937057
32.16725135118019	5838675733.469809
32.19482733147474	5844996267.8606
32.22240331176929	5851301774.934582
0
1000	105.6583745	100000000000000.1
5	0	0	1
5	0	0	0
4.673998997513734	-82.18629305536581
4.701574977808284	-116.7875090024719
4.729150958102834	-152.9941634803025
4.756726938397384	-189.4247461212228
4.784302918691934	-225.1571730423699
4.811878898986484	-259.6097050505042
4.839454879281035	-292.4393785618234
4.867030859575585	-323.4655440021286
4.894606839870135	-352.6153961782362
4.922182820164685	-379.8862370599267
4.949758800459235	-405.319733736138
4.977334780753785	-428.9845337954808
5.004910761048335	-450.9646213281277
5.032486741342885	-471.3515880613624
5.060062721637435	-490.2395648614989
5.087638701931986	-507.7219568633132
5.115214682226536	-523.889398639348
5.142790662521086	-538.8285319394981
5.170366642815636	-552.6213350636042
5.197942623110186	-565.3448189950559
5.225518603404736	-577.0709640779992
5.253094583699286	-587.8668110997613
5.280670563993836	-597.7946481022366
5.308246544288386	-606.9122531108801
5.335822524582936	-615.2731659548336
5.363398504877487	-622.9269712998704
5.390974485172037	-629.9195811825981
5.418550465466587	-636.2935095783696
5.446126445761137	-642.0881344466146
5.473702426055687	-647.3399446827716
5.501278406350237	-652.197940076542
5.528854386644787	-656.4471910918501
5.556430366939337	-660.2401611463497
5.584006347233887	-663.6059425315481
5.611582327528438	-666.5718551393055
5.639158307822988	-669.1635425966757
5.666734288117538	-671.4050665313364
5.694310268412088	-673.3189981031069
5.721886248706638	-674.9265062031473
5.749462229001188	-676.2474419256298
5.777038209295738	-677.3132593994
5.804614189590288	-678.1140690196955
5.832190169884838	-678.6798582034896
5.859766150179389	-679.0261950818592
5.887342130473939	-679.1677079991907
5.914918110768489	-679.1181387625331
5.942494091063039	-678.8903936353144
5.970070071357589	-678.4965919437063
5.997646051652139	-677.9481122348674
6.025222031946689	-677.2556359600645
6.052798012241239	-676.4304866564995
6.080373992535789	-675.4796388215431
6.107949972830339	-674.4116504819885
6.13552595312489	-673.2374857794888
6.16310193341944	-671.9634167077497
6.19067791371399	-670.5969505117463
6.21825389400854	-669.1449908540571
6.24582987430309	-667.6140013648978
6.27340585459764	-666.0100448022398
6.30098183489219	-664.3388099729494
6.32855781518674	-662.6042122406195
6.35613379548129	-660.814169189316
6.383709775775841	-658.9719526278739
6.411285756070391	-657.0819455799996
6.438861736364941	-655.1482534214698
6.466437716659491	-653.1747193544119
6.494013696954041	-651.1649377589098
6.521589677248591	-649.1222646492685
6.549165657543141	-647.0498235752225
6.576741637837691	-644.9505032377951
6.604317618132241	-642.8045000230786
6.631893598426791	-640.6565213772058
6.659469578721342	-638.4898414880194
6.687045559015892	-636.306739569333
6.714621539310442	-634.1093468081808
6.742197519604992	-631.8996558437531
6.769773499899542	-629.6795295880966
6.797349480194092	-627.4507094411748
6.824925460488642	-625.2148229472849
6.852501440783192	-622.9733909351939
6.880077421077742	-620.7270257845911
6.907653401372293	-618.478770047868
6.935229381666843	-616.229012566549
6.962805361961393	-613.9788970821136
6.990381342255943	-611.7294882658597
7.017957322550493	-609.4817768263521
7.045533302845043	-607.236684261238
7.073109283139593	-604.995067280479
7.100685263434143	-602.7577219257838
7.128261243728693	-600.5253874090059
7.155837224023244	-598.2983114439202
7.183413204317794	-596.0780589419046
7.210989184612344	-593.8647600803002
7.238565164906894	-591.6589535594944
7.266141145201444	-589.4611359657292
7.293717125495994	-587.2717645057995
7.321293105790544	-585.0912595493393
7.348869086085094	-582.9200069933072
7.376445066379644	-580.7583604619438
7.404021046674194	-578.6066433542464
7.431597026968745	-576.4648565028064
7.459173007263295	-574.3338809596557
7.486748987557845	-572.2136664820938
7.514324967852395	-570.1044325200206
7.541900948146945	-568.0063763724554
7.569476928441495	-565.9196746420778
7.597052908736045	-563.8444845898327
7.624628889030595	-561.7809453971759
7.652204869325145	-559.7291793429634
7.679780849619696	-557.6892929013814
7.707356829914246	-555.661263663828
7.734932810208796	-553.6454086876411
7.762508790503346	-551.6416770422181
7.790084770797896	-549.6501205269327
7.817660751092446	-547.6707792622958
7.845236731386996	-545.7036824137931
7.872812711681546	-543.7488488564619
7.900388691976096	-541.8062877819928
7.927964672270646	-539.8759992492558
7.955540652565197	-537.957974678142
7.983116632859747	-536.0531178274782
8.010692613154298	-534.1593666925972
8.038268593448848	-532.2778059975753
8.065844573743398	-530.4083886809814
8.093420554037948	-528.5510660410671
8.120996534332498	-526.7057856668615
8.148572514627048	-524.8724908051772
8.176148494921598	-523.0511202412588
8.203724475216148	-521.2416083828493
8.231300455510699	-519.4438854281232
8.258876435805249	-517.661145200251
8.286452416099799	-515.8865459377802
8.314028396394349	-514.1232086765577
8.341604376688899	-512.3710558502728
8.369180356983449	-510.630020238326
8.396756337277999	-508.9000472653
8.424332317572549	-507.1810980075003
8.451908297867099	-505.4731531725358
8.47948427816165	-503.7762184389586
8.5070602584562	-502.0903317298382
8.53463623875075	-498.6079268060549
8.5622122190453	-497.7213787564562
8.58978819933985	-496.4707359550151
8.6173641796344	-495.1152169866784
8.64494015992895	-493.7234671642004
8.6725161402235	-492.3212673105368
8.70009212051805	-490.9203040221263
8.7276681008126	-489.5265145163297
8.755244081107151	-488.1431337322497
8.782820061401701	-486.7719919202889
8.810396041696251	-485.3838685379915
8.837972021990801	-484.0465274279128
8.865548002285351	-482.7237552323165
8.893123982579901	-481.4151286568576
8.920699962874451	-480.1202500481511
8.948275943169001	-478.8387423680456
8.975851923463551	-477.5702454560524
9.003427903758102	-476.3144131977135
9.031003884052652	-475.0709113413665
9.058579864347202	-473.8394157864954
9.086155844641752	-472.6161157883706
9.113731824936302	-471.4078104116716
9.141307805230852	-470.210905606998
9.168883785525402	-469.025163906581
9.196459765819952	-467.8503875351241
9.224035746114502	-466.6864565767239
9.251611726409052	-465.5334288547815
9.279187706703603	-464.3918598088015
9.306763686998153	-463.2642330091711
9.334339667292703	-462.1681652959188
9.361915647587253	-460.9965289024497
9.389491627881803	-459.8863399736521
9.417067608176353	-458.7847850414906
9.444643588470903	-457.6916357394774
9.472219568765453	-456.6066632107115
9.499795549060003	-455.5296380507942
9.527371529354554	-454.460330248797
9.554947509649104	-453.3985091263988
9.582523489943654	-452.3439432752915
9.610099470238204	-451.2964004929735
9.637675450532754	-450.2555435863774
9.665251430827304	-449.2213579139258
9.692827411121854	-448.1935013549354
9.720403391416404	-447.1717365486086
9.747979371710954	-446.1558246726078
9.775555352005505	-445.1455254043498
9.803131332300055	-444.1405968784566
9.830707312594605	-443.1407956406754
9.858283292889155	-442.14587659854
9.885859273183705	-441.1555929690646
9.913435253478255	-440.1695380725473
9.941011233772805	-439.1877961840474
9.968587214067355	-438.2099502953166
9.996163194361905	-437.2357440077453
10.02373917465646	-436.2649185532521
10.05131515495101	-435.2972127948122
10.07889113524556	-434.3323632176478
10.10646711554011	-433.370103912212
10.13404309583466	-432.41016654998
10.16161907612921	-431.4522803530051
10.18919505642376	-430.495816504828
10.21677103671831	-429.5412627979898
10.24434701701286	-428.5879534207228
10.27192299730741	-427.6356008551223
10.29949897760196	-426.6839150408154
10.32707495789651	-425.7326033961169
10.35465093819106	-424.7813708120771
10.38222691848561	-423.8299196269433
10.40980289878016	-422.8779495866304
10.43737887907471	-421.9251577953649
10.46495485936926	-420.9713382498684
10.49253083966381	-420.0159756675466
10.52010681995836	-419.0588577188967
10.54768280025291	-418.0996706012514
10.57525878054746	-417.1380977999867
10.60283476084201	-416.1738200689492
10.63041074113656	-415.2065154463498
10.65798672143111	-414.235859324731
10.68556270172566	-413.2615246074236
10.71313868202021	-412.2831820107402
10.74071466231476	-411.3011513948413
10.76829064260931	-410.3138247272859
10.79586662290386	-409.3214317420731
10.82344260319841	-408.3236195327158
10.85101858349296	-407.3200314923224
10.87859456378751	-406.3103072664446
10.90617054408206	-405.294082712047
10.93374652437661	-404.2709898627123
10.96132250467116	-403.2406569001752
10.98889848496571	-402.2027081322167
11.01647446526026	-401.1568798928708
11.04405044555481	-400.1025483822639
11.07162642584936	-399.0394401824646
11.09920240614391	-397.9671644789933
11.12677838643846	-396.8853271215704
11.15435436673301	-395.7935306929649
11.18193034702756	-394.6913745909177
11.20950632732211	-393.578455123663
11.23708230761666	-392.4543656195572
11.26465828791121	-391.3186965513207
11.29223426820576	-390.1711073644619
11.31981024850031	-389.0110337759344
11.34738622879486	-387.8381302295816
11.37496220908941	-386.6519778485464
11.40253818938396	-385.452156064672
11.43011416967851	-384.2382428503567
11.45769014997306	-383.0098149705175
11.48526613026761	-381.7664482552948
11.51284211056216	-380.5077178941129
11.54041809085671	-379.233198751721
11.56799407115126	-377.9424770390751
11.59557005144581	-376.6351035923429
11.62314603174036	-375.3106668246094
11.65072201203491	-373.9687442203414
11.67829799232946	-372.6089148834402
11.70587397262401	-371.2307599765649
11.73344995291856	-369.8338631848947
11.76102593321311	-368.4178112046761
11.78860191350766	-366.9821942568603
11.81617789380221	-365.5266066260646
11.84375387409676	-364.0506279709421
11.87132985439131	-362.5539014798149
11.89890583468586	-361.0360193710534
11.92648181498041	-359.4965982285682
11.95405779527496	-357.9352616390535
11.98163377556951	-356.3516408526749
12.00920975586406	-354.7453754670507
12.03678573615861	-353.1161141340691
12.06436171645316	-351.4635152889931
12.09193769674771	-349.7872479011727
12.11951367704226	-348.0869670343637
12.14708965733681	-346.3624166596942
12.17466563763136	-344.6132781956283
12.20224161792591	-342.8392707216659
12.22981759822046	-341.0401277357379
12.25739357851501	-339.2155979850615
12.28496955880956	-337.3654463089813
12.31254553910411	-335.4894544920657
12.34012151939866	-333.5874221255456
12.36769749969321	-331.6591674750587
12.39527347998776	-329.7044798241988
12.42284946028231	-327.7233176882394
12.45042544057686	-325.7155133563378
12.47800142087141	-323.6809683756763
12.50557740116597	-321.6196070497572
12.53315338146052	-319.5313772653252
12.56072936175507	-317.4162513069905
12.58830534204962	-315.2742266565268
12.61588132234417	-313.1053267737141
12.64345730263872	-310.9096018555066
12.67103328293327	-308.6871981385677
12.69860926322782	-306.4380704313084
12.72618524352237	-304.1624339059151
12.75376122381692	-301.8604543236248
12.78133720411147	-299.5323272708883
12.80891318440602	-297.1782787295853
12.83648916470057	-294.7985655888917
12.86406514499512	-292.393476100024
12.89164112528967	-289.9633302732254
12.91921710558422	-287.5084802153609
12.94679308587877	-285.0295083119856
12.97436906617332	-282.5264205968643
13.00194504646787	-279.9998623791014
13.02952102676242	-277.4503173107
13.05709700705697	-274.8783028119452
13.08467298735152	-272.2843700684763
13.11224896764607	-269.6691039575649
13.13982494794062	-267.0331229035621
13.16740092823517	-264.3770786640219
13.19497690852972	-261.7016560504586
13.22255288882427	-259.0063284868878
13.25012886911882	-256.2944572287608
13.27770484941337	-253.5655609770583
13.30528082970792	-250.8204364385545
13.33285681000247	-248.0599034489479
13.36043279029702	-245.2848040401622
13.38800877059157	-242.4960014449706
13.41558475088612	-239.6943790401143
13.44316073118067	-236.8808392295081
13.47073671147522	-234.0563022695093
13.49831269176977	-231.223241082674
13.52588867206432	-228.3794061742095
13.55346465235887	-225.5272965854046
13.58104063265342	-222.6679027456967
13.60861661294797	-219.8022333664975
13.63619259324252	-216.9313141248506
13.66376857353707	-214.0561863027657
13.69134455383162	-211.177905386032
13.71892053412617	-208.2975396263705
13.74649651442072	-205.4161685707829
13.77407249471527	-202.5332807109094
13.80164847500982	-199.6533090593139
13.82922445530437	-196.7757626030154
13.85680043559892	-193.901738913431
13.88437641589347	-191.0323315320989
13.91195239618802	-188.1686282151199
13.93952837648257	-185.3117091989977
13.96710435677712	-182.4626454935207
13.99468033707167	-179.6224972071725
14.02225631736622	-176.7923119103777
14.04983229766077	-173.9733632764554
14.07740827795532	-171.1661662504885
14.10498425824987	-168.3719640156509
14.13256023854442	-165.5917408819372
14.16013621883897	-162.8264621628715
14.18771219913352	-160.0770728369628
14.21528817942807	-157.344496275532
14.24286415972262	-154.6296330399505
14.27044014001717	-151.9333597509986
14.29801612031172	-149.2565280326826
14.32559210060627	-146.6000394612034
14.35316808090082	-143.9645270202787
14.38074406119537	-141.3508483778886
14.40832004148992	-138.7597481385729
14.43589602178447	-136.1919415722737
14.46347200207902	-133.6481139796428
14.49104798237357	-131.1289201513214
14.51862396266812	-128.6349839181713
14.54619994296267	-126.1668977896764
14.57377592325722	-123.7252226778373
14.60135190355177	-121.310346125011
14.62892788384632	-118.9230624008501
14.65650386414087	-116.5636927718912
14.68407984443542	-114.2326691019679
14.71165582472997	-111.9303909433849
14.73923180502452	-109.6572257398132
14.76680778531907	-107.4135090921578
14.79438376561362	-105.1995450838452
14.82195974590817	-103.015606661772
14.84953572620272	-100.8619360689222
14.87711170649727	-98.73874906390724
14.90468768679182	-96.64622340227943
14.93226366708637	-94.58451165943995
14.95983964738092	-92.55373756598358
14.98741562767547	-90.55399703089584
15.01499160797002	-88.58535886942146
15.04256758826457	-86.64786556003297
15.07014356855912	-84.74153402707157
15.09771954885368	-82.8663564457071
15.12529552914823	-81.02230106594376
15.15287150944278	-79.20923532271249
15.18044748973733	-77.42724558565376
15.20802347003188	-75.6761538780185
15.23559945032643	-73.95584033287035
15.26317543062098	-72.26616518599921
15.29075141091553	-70.60696967474232
15.31832739121008	-68.97807693519161
15.34590337150463	-67.37929289545167
15.37347935179918	-65.81040716275906
15.40105533209373	-64.27119390242298
15.42863131238828	-62.76134586793919
15.45620729268283	-61.28074960890128
15.48378327297738	-59.82906954195983
15.51135925327193	-58.40602580075954
15.53893523356648	-57.01132706546719
15.56651121386103	-55.6446713797616
15.59408719415558	-54.30574694823285
15.62166317445013	-52.99423291326904
15.64923915474468	-51.70980011063345
15.67681513503923	-50.45211180305814
15.70439111533378	-49.22077015113828
15.73196709562833	-48.0155396225876
15.75954307592288	-46.8360091568403
15.78711905621743	-45.68181791585934
15.81469503651198	-44.55260063690032
15.84227101680653	-43.4479882447387
15.86984699710108	-42.36760843889937
15.89742297739563	-41.31108625600098
15.92499895769018	-40.27804460739545
15.95257493798473	-39.268104792349
15.98015091827928	-38.28084096525613
16.00772689857383	-37.31596964411128
16.03530287886838	-36.37306270700471
16.06287885916293	-35.4517390619915
16.09045483945748	-34.55161807401881
16.11803081975203	-33.67231995600102
16.14560680004658	-32.81346613727725
16.17318278034113	-31.97467961006764
16.20075876063568	-31.1555852545626
16.22833474093023	-30.35581014329633
16.25591072122478	-29.57494840603387
16.28348670151933	-28.81270701164409
16.31106268181388	-28.06868470394288
16.33863866210843	-27.3425195134562
16.36621464240298	-26.63385279014233
16.39379062269753	-25.94232941058156
16.42136660299208	-25.26759796817203
16.44894258328663	-24.60931094705279
16.47651856358118	-23.96712488046564
16.50409454387573	-23.34070049425515
16.53167052417028	-22.72967266751136
16.55924650446483	-22.13377453138672
16.58682248475938	-21.55264893889393
16.61439846505393	-20.98597414478571
16.64197444534848	-20.43343302595257
16.66955042564303	-19.89471316118393
16.69712640593758	-19.36950689959993
16.72470238623213	-18.85751141838553
16.75227836652668	-18.3584287704375
16.77985434682123	-17.87196592251343
16.80743032711578	-17.39781164475066
16.83500630741033	-16.93573163732083
16.86258228770488	-16.48542382680382
16.89015826799943	-16.0466147355417
16.91773424829398	-15.61903580000728
16.94531022858853	-15.20242337203762
16.97288620888308	-14.79651871334051
17.00046218917763	-14.40106798374858
17.02803816947218	-14.01582222367367
17.05561414976673	-13.6405373311928
17.08319013006128	-13.27495593567324
17.11076611035583	-12.91888175754495
17.13834209065038	-12.57206636196272
17.16591807094493	-12.23428451088798
17.19349405123948	-11.90531559050361
17.22107003153403	-11.58494357100246
17.24864601182858	-11.27295696285761
17.27622199212313	-10.9691487698995
17.30379797241768	-10.67331643950603
17.33137395271223	-10.38526181019455
17.35894993300678	-10.10477625332012
17.38652591330133	-9.83170147677475
17.41410189359588	-9.565836826597442
17.44167787389043	-9.307000936880142
17.46925385418498	-9.055016499168783
17.49682983447953	-8.809710205475199
17.52440581477408	-8.570912689739028
17.55198179506863	-8.338458467951664
17.57955777536318	-8.112185877140124
17.60713375565773	-7.891937013395401
17.63470973595228	-7.677546607243986
17.66228571624683	-7.468887436299721
17.68986169654139	-7.265801042337522
17.71743767683594	-7.068143774018492
17.74501365713049	-6.875775389273838
17.77258963742504	-6.68855899513412
17.80016561771959	-6.506360987174343
17.82774159801414	-6.329050988704832
17.85531757830869	-6.15650178982771
17.88289355860324	-5.9885892864694
17.91046953889779	-5.82518363208731
17.93804551919234	-5.666185306056081
17.96562149948689	-5.511470054297915
17.99319747978144	-5.360925468904504
18.02077346007599	-5.214441921350439
18.04834944037054	-5.071912506711958
18.07592542066509	-4.933232988085912
18.10350140095964	-4.798301741286747
18.13107738125419	-4.667019699892299
18.15865336154874	-4.539290300702516
18.18622934184329	-4.41501246926233
18.21380532213784	-4.29410918603206
18.24138130243239	-4.176483861670673
18.26895728272694	-4.062049314852016
18.29653326302149	-3.950720583557989
18.32410924331604	-3.842414876822534
18.35168522361059	-3.73705152692199
18.37926120390514	-3.634551942057923
18.40683718419969	-3.534839559573576
18.43441316449424	-3.437839799740563
18.46198914478879	-3.343474730126263
18.48956512508334	-3.251684771876988
18.51714110537789	-3.16239554078799
18.54471708567244	-3.075539866430441
18.57229306596699	-2.991052325158849
18.59986904626154	-2.908869199974737
18.62744502655609	-2.828928440912667
18.65502100685064	-2.75116962597488
18.68259698714519	-2.675533922637414
18.71017296743974	-2.601964049947393
18.73774894773429	-2.530400210296301
18.76532492802884	-2.460796626233387
18.79290090832339	-2.393096273967536
18.82047688861794	-2.327247656836666
18.84805286891249	-2.263200638424086
18.87562884920704	-2.200906410053591
18.90320482950159	-2.140317458801508
18.93078080979614	-2.081387536033237
18.95835679009069	-2.024071626474732
18.98593277038524	-1.968325917828237
19.01350875067979	-1.914104456537135
19.04108473097434	-1.861372748318329
19.06866071126889	-1.810086975696715
19.09623669156344	-1.760207799619537
19.12381267185799	-1.711696931433852
19.15138865215254	-1.664517107212069
19.17896463244709	-1.618632062512651
19.20654061274164	-1.574006507584723
19.23411659303619	-1.530606103023621
19.26169257333074	-1.48839743588285
19.28926855362529	-1.447345568203566
19.31684453391984	-1.407423997921877
19.34442051421439	-1.368599436007268
19.37199649450894	-1.330841912262612
19.39957247480349	-1.294122263768505
19.42714845509804	-1.258412114744359
19.45472443539259	-1.223683856777223
19.48230041568714	-1.189910629423022
19.50987639598169	-1.157066301183682
19.53745237627624	-1.125125450862528
19.56502835657079	-1.094061542530409
19.59260433686534	-1.063854335166569
19.62018031715989	-1.034478560134212
19.64775629745444	-1.005911434014941
19.67533227774899	-0.9781307910439255
19.70290825804354	-0.9511150674440012
19.73048423833809	-0.9248432860668389
19.75806021863264	-0.8992950413424893
19.78563619892719	-0.8744504845379113
19.81321217922174	-0.8502903093244309
19.84078815951629	-0.8267941750726816
19.86836413981084	-0.803947119202016
19.89594012010539	-0.78172975799488
19.92351610039994	-0.7601247948404121
19.95109208069449	-0.7391154037380321
19.97866806098904	-0.7186852173208911
20.00624404128359	-0.6988183151113481
20.03382002157814	-0.6794992120102459
20.06139600187269	-0.6607128470210964
20.08897198216724	-0.6424445722096828
20.11654796246179	-0.6246790623363342
20.14412394275634	-0.6074047435082934
20.17169992305089	-0.5906070238425081
20.19927590334544	-0.5742727870438707
20.22685188363999	-0.558389275232455
20.25442786393454	-0.5429440797308253
20.2820038442291	-0.5279251320357011
20.30957982452365	-0.5133206949748442
20.3371558048182	-0.4991193540495595
20.36473178511275	-0.4853100089627682
20.3923077654073	-0.4718809997650321
20.41988374570185	-0.4588236577796423
20.4474597259964	-0.4461268792873767
20.47503570629095	-0.4337807278581926
20.5026116865855	-0.4217755392684964
20.53018766688005	-0.4101019144676845
20.5577636471746	-0.3987507126880368
20.58533962746915	-0.3877130446983382
20.6129156077637	-0.3769802662012714
20.64049158805825	-0.3665439713743196
20.6680675683528	-0.3563952950158391
20.69564354864735	-0.346527750276343
20.7232195289419	-0.3369328920968798
20.75079550923645	-0.3276031972099854
20.778371489531	-0.3185313487779143
20.80594746982555	-0.3097102310550222
20.8335234501201	-0.3011329241579044
20.86109943041465	-0.2927926989437825
20.8886754107092	-0.2846830119973457
20.91625139100375	-0.276797500726002
20.9438273712983	-0.2691294479312214
20.97140335159285	-0.2616739591860205
20.9989793318874	-0.2544246357700622
21.02655531218195	-0.2473757841463012
21.0541312924765	-0.2405218672374818
21.08170727277105	-0.2338575003728619
21.1092832530656	-0.2273774473169317
21.13685923336015	-0.2210766163805022
21.1644352136547	-0.2149500566143283
21.19201119394925	-0.2089929540852292
21.2195871742438	-0.2032002379923434
21.24716315453835	-0.1975681817433305
21.2747391348329	-0.1920919564347468
21.30231511512745	-0.1867672552214866
21.329891095422	-0.1815898898051352
21.35746707571655	-0.1765557873514901
21.3850430560111	-0.1716609874713057
21.41261903630565	-0.1669016392644507
21.4401950166002	-0.1622739984275132
21.46777099689475	-0.1577744244247474
21.4953469771893	-0.1533990735364735
21.52292295748385	-0.1491451466381274
21.5504989377784	-0.1450089833035976
21.57807491807295	-0.14098732687725
21.6056508983675	-0.1370770103995982
21.63322687866205	-0.1332749542740406
21.6608028589566	-0.129578163981868
21.68837883925115	-0.1259837278454996
21.7159548195457	-0.1224888148398483
21.74353079984025	-0.1190906724516514
21.7711067801348	-0.1157863808348553
21.79868276042935	-0.1125738531364
21.8262587407239	-0.1094503072239678
21.85383472101845	-0.1064132808027295
21.881410701313	-0.103460379432686
21.90898668160755	-0.1005892747662406
21.9365626619021	-0.09779770282111153
21.96413864219665	-0.09508346228875268
21.9917146224912	-0.09244441287834278
22.01929060278575	-0.08987847369629257
22.0468665830803	-0.08738346155500022
22.07444256337485	-0.08495774739561705
22.1020185436694	-0.08259925382913427
22.12959452396395	-0.08030611979077194
22.1571705042585	-0.07807653553437922
22.18474648455305	-0.07590874130076754
22.2123224648476	-0.07380102601250926
22.23989844514215	-0.07175172599545029
22.2674744254367	-0.06975922372708214
22.29505040573125	-0.06782194661183358
22.3226263860258	-0.06593822246428087
22.35020236632035	-0.06410686771026385
22.3777783466149	-0.06232628881723455
22.40535432690945	-0.06059507920047079
22.432930307204	-0.05891187108965824
22.46050628749855	-0.05727533452135286
22.4880822677931	-0.05568417635154696
22.51565824808765	-0.05413713928849356
22.5432342283822	-0.05263300094588936
22.57081020867675	-0.0511705729164681
22.5983861889713	-0.04974860157929841
22.62596216926585	-0.04836617145914175
22.6535381495604	-0.04702208880329361
22.68111412985495	-0.04571529079975749
22.7086901101495	-0.04444474397726803
22.73626609044405	-0.04320944344462675
22.7638420707386	-0.04200841214489883
22.79141805103315	-0.04084070012466712
22.8189940313277	-0.03970538381846812
22.84657001162225	-0.03860156534847511
22.87414599191681	-0.03752828669962436
22.90172197221136	-0.03648487917406579
22.92929795250591	-0.03547042960378409
22.95687393280046	-0.03448413498223211
22.98444991309501	-0.03352521448523755
23.01202589338956	-0.03259290889576221
23.03960187368411	-0.03168648004000344
23.06717785397866	-0.03080521023495116
23.09475383427321	-0.02994840174748423
23.12232981456776	-0.02911537626506657
23.14990579486231	-0.02830541072155137
23.17748177515686	-0.02751799871782948
23.20505775545141	-0.02675245093303935
23.23263373574596	-0.02600816074466232
23.26020971604051	-0.02528453829796624
23.28778569633506	-0.02458101007120889
23.31536167662961	-0.02389701844935087
23.34293765692416	-0.02323202130636301
23.37051363721871	-0.02258549159618457
23.39808961751326	-0.02195691695236438
23.42566559780781	-0.02134574838968442
23.45324157810236	-0.02075160926837196
23.48081755839691	-0.02017397614492147
23.50839353869146	-0.01961239083523491
23.53596951898601	-0.01906640782458337
23.56354549928056	-0.01853559393944687
23.59112147957511	-0.01801952802571577
23.61869745986966	-0.01751780063332587
23.64627344016421	-0.01703001370737626
23.67384942045876	-0.01655578028576045
23.70142540075331	-0.01609469228926729
23.72900138104786	-0.01564644942459326
23.75657736134241	-0.01521066687214557
23.78415334163696	-0.01478699797325313
23.81172932193151	-0.01437510606735122
23.83930530222606	-0.01397466394177799
23.86688128252061	-0.01358535351173408
23.89445726281516	-0.01320686555617328
23.92203324310971	-0.01283889947407604
23.94960922340426	-0.01248116305130331
23.97718520369881	-0.01213334257475066
24.00476118399336	-0.01179522455424351
24.03233716428791	-0.01146650988895246
24.05991314458246	-0.01114693730209781
24.08748912487701	-0.01083625274717067
24.11506510517156	-0.01053420922101505
24.14264108546611	-0.01024056658047057
24.17021706576066	-0.009955091362624261
24.19779304605521	-0.009677556608706846
24.22536902634976	-0.009407741691657449
24.25294500664431	-0.009145409145001768
24.28052098693886	-0.00889039910196862
24.30809696723341	-0.008642485061310176
24.33567294752796	-0.008401469750264795
24.36324892782251	-0.00816716135850187
24.39082490811706	-0.007939373397159119
24.41840088841161	-0.007717924560602931
24.44597686870616	-0.007502638590982242
24.47355284900071	-0.007293344145656666
24.50112882929526	-0.007089874667606827
24.52870480958981	-0.006892049953089834
24.55628078988436	-0.006699751216688347
24.58385677017891	-0.006512806626948561
24.61143275047346	-0.006331067328330602
24.63900873076801	-0.006154388649819519
24.66658471106256	-0.005982630078138707
24.69416069135711	-0.005815655408639126
24.72173667165166	-0.005653333788374572
24.74931265194621	-0.005495550290880325
24.77688863224076	-0.005341986723024449
24.80446461253531	-0.005192929172729124
24.83204059282986	-0.005047945621374949
24.85961657312441	-0.004907000168587209
24.88719255341896	-0.004769980916040769
24.91476853371351	-0.004636778777443765
24.94234451400806	-0.004507287592962472
24.96992049430261	-0.004381404112142908
24.99749647459716	-0.004259027940482605
25.02507245489171	-0.004140061474245559
25.05264843518626	-0.004024409831428891
25.08022441548081	-0.00391180372178126
25.10780039577536	-0.00380252943848578
25.13537637606991	-0.003696313420717556
25.16295235636446	-0.003593068170930961
25.19052833665901	-0.003492708247566072
25.21810431695356	-0.003395150285868379
25.24568029724811	-0.003300313007510345
25.27325627754266	-0.003208117220512469
25.30083225783721	-0.003118485810796494
25.32840823813176	-0.003031343726554051
25.35598421842631	-0.002946831068486488
25.38356019872086	-0.00286442895240835
25.41113617901541	-0.002784286283688788
25.43871215930996	-0.002706338341186709
25.46628813960452	-0.002630523000147337
25.49386411989907	-0.002556780666443457
25.52144010019362	-0.002485054221263049
25.54901608048817	-0.002415288976674152
25.57659206078272	-0.002347432642643643
25.60416804107727	-0.002281435306250217
25.63174402137182	-0.002216427297430978
25.65932000166637	-0.002154098859053644
25.68689598196092	-0.002093555443858482
25.71447196225547	-0.002034746423504853
25.74204794255002	-0.001977621675688729
25.76962392284457	-0.001922131793789471
25.79719990313912	-0.00186822827691402
25.82477588343367	-0.001815863778792864
25.85235186372822	-0.001764992921738402
25.87992784402277	-0.001715586627899691
25.90750382431732	-0.001667705945880931
25.93507980461187	-0.001620966741339905
25.96265578490642	-0.001575599100252469
25.99023176520097	-0.001531496790025004
26.01780774549552	-0.001488625653227776
26.04538372579007	-0.001446950245655273
26.07295970608462	-0.001406436068393616
26.10053568637917	-0.001367049789902649
26.12811166667372	-0.0013287592604295
26.15568764696827	-0.001291533485859169
26.18326362726282	-0.001255280358395486
26.21083960755737	-0.001220101876708718
26.23841558785192	-0.00118590668273435
26.26599156814647	-0.001152667328008173
26.29356754844102	-0.001120357125879126
26.32114352873557	-0.001088950132255642
26.34871950903012	-0.001058421126579457
26.37629548932467	-0.00102874559308335
26.40387146961922	-0.0009998997023662934
26.43144744991377	-0.0009718602933068414
26.45902343020832	-0.0009446019988065266
26.48659941050287	-0.0009181089748484178
26.51417539079742	-0.0008923569983794569
26.54175137109197	-0.0008673253680943761
26.56932735138652	-0.0008429939581135317
26.59690333168107	-0.0008193432032474694
26.62447931197562	-0.0007963540845159514
26.65205529227017	-0.0007740081149286182
26.67963127256472	-0.000752287325533092
26.70720725285927	-0.0007311742517351256
26.73478323315382	-0.0007106496936197757
26.76235921344837	-0.0006907018586802202
26.78993519374292	-0.000671312406139154
26.81751117403747	-0.0006524657265863153
26.84508715433202	-0.0006341466447372417
26.87266313462657	-0.0006163404083324723
26.90023911492112	-0.0005990326772253854
26.92781509521567	-0.000582209512664479
26.95539107551022	-0.0005658573667748505
26.98296705580477	-0.0005499630722426741
27.01054303609932	-0.0005345121342644413
27.03811901639387	-0.0005194957038929832
27.06569499668842	-0.0005048999336208493
27.09327097698297	-0.000490713055648491
27.12084695727752	-0.0004769236296963714
27.14842293757207	-0.0004635205346406551
27.17599891786662	-0.0004504929602921211
27.20357489816117	-0.0004378303993242689
27.23115087845572	-0.000425522639356856
27.25872685875027	-0.0004135597552025509
27.28630283904482	-0.0004019306587049073
27.31387881933937	-0.0003906289396329428
27.34145479963392	-0.0003796439458718498
27.36903077992847	-0.0003689693335279576
27.39660676022302	-0.0003585901461945816
27.42418274051757	-0.0003485035037581823
27.45175872081212	-0.0003386997526099182
27.47933470110667	-0.0003291709223209717
27.50691068140122	-0.000319909304643981
27.53448666169577	-0.0003109074152735161
27.56206264199032	-0.0003021569992057726
27.58963862228487	-0.0002936530651171799
27.61721460257942	-0.0002853877340745318
27.64479058287397	-0.0002773543214466613
27.67236656316852	-0.0002695463288596589
27.69994254346307	-0.0002619574394496852
27.72751852375762	-0.0002545815131932228
27.75509450405217	-0.000247412582317705
27.78267048434672	-0.0002404448467949543
27.81024646464127	-0.0002336726699194002
27.83782244493582	-0.0002270897963977642
27.86539842523037	-0.0002206925459949072
27.89297440552492	-0.0002144749394973033
27.92055038581947	-0.0002084319401856027
27.94812636611402	-0.0002025586517719505
27.97570234640857	-0.000196850314824621
28.00327832670312	-0.0001913023032503319
28.03085430699767	-0.0001859101208365076
28.05843028729223	-0.0001806693978554034
28.08600626758678	-0.0001755758877316554
28.11358224788133	-0.0001706249274770666
28.14115822817588	-0.0001658136297050695
28.16873420847043	-0.000161137559822949
28.19631018876498	-0.0001565929216584182
28.22388616905953	-0.0001521760259690196
28.25146214935408	-0.0001478832870863113
28.27903812964863	-0.0001437112200415214
28.30661410994318	-0.0001396564378698608
28.33419009023773	-0.000135715649010266
28.36176607053228	-0.0001318856547731807
28.38934205082683	-0.0001281628703257322
28.41691803112138	-0.0001245452869884567
28.44449401141593	-0.0001210294669226371
28.47206999171048	-0.0001176125535330335
28.49964597200503	-0.0001142917692781586
28.52722195229958	-0.0001110644141256912
28.55479793259413	-0.0001079278637023715
28.58237391288868	-0.000104879567386463
28.60994989318323	-0.0001019170464039069
28.63752587347778	-9.903789194764008e-05
28.66510185377233	-9.623940730911077e-05
28.69267783406688	-9.352007034389966e-05
28.72025381436143	-9.087730162029764e-05
28.74782979465598	-8.830894908321277e-05
28.77540577495053	-8.581292079832435e-05
28.80298175524508	-8.338718342688678e-05
28.83055773553963	-8.10297607238315e-05
28.85813371583418	-7.873873206024057e-05
28.88570969612873	-7.651223097107109e-05
28.91328567642328	-7.434844372882084e-05
28.94086165671783	-7.224533162739996e-05
28.96843763701238	-7.020176546122892e-05
28.99601361730693	-6.821579537575707e-05
29.02358959760148	-6.628580121660472e-05
29.05116557789603	-6.441020815042504e-05
29.07874155819058	-6.258748553169816e-05
29.10631753848513	-6.081614579766381e-05
29.13389351877968	-5.909474340344753e-05
29.16146949907423	-5.742187382475187e-05
29.18904547936878	-5.579617269987393e-05
29.21662145966333	-5.42162167412107e-05
29.24419743995788	-5.268104327025089e-05
29.27177342025243	-5.118953015458938e-05
29.29934940054698	-4.9737114268836e-05
29.32692538084153	-4.832947076196807e-05
29.35450136113608	-4.696043155164052e-05
29.38207734143063	-4.562992123999972e-05
29.40965332172518	-4.433692686406147e-05
29.43722930201973	-4.308040951897141e-05
29.46480528231428	-4.185934846685177e-05
29.49238126260883	-4.067258171500998e-05
29.51995724290338	-3.951949419170628e-05
29.54753322319793	-3.839896943936769e-05
29.57510920349248	-3.731009025266636e-05
29.60268518378703	-3.625196492903341e-05
29.63026116408158	-3.522372669541881e-05
29.65783714437613	-3.422453311160968e-05
29.68541312467068	-3.325356546614063e-05
29.71298910496523	-3.231002817293478e-05
29.74056508525978	-3.139314817309629e-05
29.76814106555433	-3.050205210826418e-05
29.79571704584888	-2.963626837282023e-05
29.82329302614343	-2.879496127793595e-05
29.85086900643798	-2.797744036696413e-05
29.87844498673253	-2.718303452204102e-05
29.90602096702708	-2.641109147817308e-05
29.93359694732163	-2.566097734379123e-05
29.96117292761618	-2.493207612831675e-05
29.98874890791073	-2.42237892771904e-05
30.01632488820528	-2.353553521473621e-05
30.04390086849983	-2.286665395266805e-05
30.07147684879438	-2.22167971436468e-05
30.09905282908893	-2.15853329338424e-05
30.12662880938348	-2.097174193071036e-05
30.15420478967803	-2.037551930756619e-05
30.18178076997258	-1.979617443685279e-05
30.20935675026713	-1.923323052847292e-05
30.23693273056168	-1.868622427353408e-05
30.26450871085623	-1.815470549380258e-05
30.29208469115078	-1.763823679711733e-05
30.31966067144533	-1.713632039218559e-05
30.34723665173988	-1.664869737126872e-05
30.37481263203443	-1.617489107841994e-05
30.40238861232898	-1.571451092726791e-05
30.42996459262353	-1.526717729533713e-05
30.45754057291808	-1.483252124822802e-05
30.48511655321263	-1.441018426755771e-05
30.51269253350718	-1.399981798292533e-05
30.54026851380173	-1.360108390812803e-05
30.56784449409628	-1.321365318181998e-05
30.59542047439083	-1.28371504327521e-05
30.62299645468539	-1.247138336029095e-05
30.65057243497994	-1.211599246483609e-05
30.67814841527449	-1.177068410367118e-05
30.70572439556904	-1.143517288414174e-05
30.73330037586359	-1.110918145639207e-05
30.76087635615814	-1.079244030886489e-05
30.78845233645269	-1.048468756677027e-05
30.81602831674724	-1.018566879370124e-05
30.84360429704179	-9.895136796547445e-06
30.87118027733634	-9.612808245621312e-06
30.89875625763089	-9.338541076338542e-06
30.92633223792544	-9.072063909006328e-06
30.95390821821999	-8.813156054285989e-06
30.98148419851454	-8.56160303379454e-06
31.00906017880909	-8.317196427180953e-06
31.03663615910364	-8.079733723535196e-06
31.06421213939819	-7.849018179888388e-06
31.09178811969274	-7.624858693520532e-06
31.11936409998729	-7.407069707242518e-06
31.14694008028184	-7.195443661731319e-06
31.17451606057639	-6.989870937272505e-06
31.20209204087094	-6.790174484481941e-06
31.22966802116549	-6.59591457745788e-06
31.25724400146004	-6.407482372499141e-06
31.28481998175459	-6.224323763535777e-06
31.31239596204914	-6.04636712063392e-06
31.33997194234369	-5.87347065807241e-06
31.36754792263824	-5.705492240796328e-06
31.39512390293279	-5.542292877419303e-06
31.42269988322734	-5.38371282825724e-06
31.45027586352189	-5.229672017502762e-06
31.47785184381644	-5.080017542387695e-06
31.50542782411099	-4.934624871437942e-06
31.53300380440554	-4.793372968991399e-06
31.56057978470009	-4.656144213518701e-06
31.58815576499464	-4.522824314104669e-06
31.61573174528919	-4.393302226696122e-06
31.64330772558374	-4.26747007088175e-06
31.67088370587829	-4.145223047608455e-06
31.69845968617284	-4.026459358067756e-06
31.72603566646739	-3.911080123897807e-06
31.75361164676194	-3.798989308796959e-06
31.78118762705649	-3.690093641614939e-06
31.80876360735104	-3.584302540967614e-06
31.83633958764559	-3.481528041407373e-06
31.86391556794014	-3.381684721170699e-06
31.89149154823469	-3.284689631515965e-06
31.91906752852924	-3.190462227657976e-06
31.94664350882379	-3.098924301299895e-06
31.97421948911834	-3.009999914758447e-06
32.00179546941289	-2.923615336674126e-06
32.02937144970744	-2.83969897929444e-06
32.05694743000199	-2.758181337315145e-06
32.08452341029654	-2.678994928261553e-06
32.11209939059109	-2.602074234389697e-06
32.13967537088564	-2.527355646084888e-06
32.16725135118019	-2.454777406733479e-06
32.19482733147474	-2.384279559041973e-06
32.22240331176929	-2.315803892776234e-06
