0
1000	1776.86	100000000000000.1
5	0	0	1
5	0	0	0
7.494979834713454	1.0764034910803
7.519733422974787	4.115987284944896
7.544487011236121	8.460110956496708
7.569240599497454	14.20676780163973
7.593994187758788	21.41355680888966
7.618747776020121	30.11108197751274
7.643501364281454	40.31256797633196
7.668254952542788	52.02047437895473
7.693008540804121	65.23094936893335
7.717762129065455	79.93679091435739
7.742515717326788	96.12939570761584
7.767269305588122	113.8000271757887
7.792022893849455	132.9406270262719
7.816776482110789	153.5443213497839
7.841530070372122	175.6057227421938
7.866283658633455	199.1210966634036
7.891037246894789	224.0884379526019
7.915790835156122	250.5074889056725
7.940544423417456	278.3797194560167
7.965298011678789	307.7082839001111
7.990051599940123	338.4979637138028
8.014805188201457	370.7551028936874
8.03955877646279	404.4875400850958
8.064312364724124	439.7045403214687
8.089065952985457	476.4167281189528
8.113819541246791	514.6360230615385
8.138573129508124	554.3755784435781
8.163326717769458	595.6497232951148
8.188080306030791	638.4739077773861
8.212833894292125	682.8646518556063
8.237587482553458	728.842254046682
8.262341070814792	776.4269370732488
8.287094659076125	825.6303028775233
8.311848247337458	876.4749197831561
8.336601835598792	928.9847842343737
8.361355423860125	983.1766497530047
8.386109012121459	1039.070535851484
8.410862600382792	1096.698963382762
8.435616188644126	1156.08067305249
8.460369776905459	1217.240020008764
8.485123365166793	1280.212277721582
8.509876953428126	1345.018146794389
8.534630541689459	1411.686988359923
8.559384129950793	1480.243952017327
8.584137718212126	1550.710567231946
8.60889130647346	1623.13810685118
8.633644894734793	1697.532526250852
8.658398482996127	1773.947878717308
8.68315207125746	1852.401465833296
8.707905659518794	1932.941130525953
8.732659247780127	2015.589860703741
8.75741283604146	2100.393788861518
8.782166424302794	2187.385793241379
8.806920012564127	2276.608600535425
8.831673600825461	2368.104599574335
8.856427189086794	2461.910745859932
8.881180777348128	2558.072486103732
8.905934365609461	2656.635480432809
8.930687953870795	2757.636539793129
8.955441542132128	2861.137586187068
8.980195130393462	2967.170591771155
9.004948718654795	3075.796439323915
9.029702306916128	3187.066163714654
9.054455895177462	3301.032279115007
9.079209483438795	3417.739330776323
9.103963071700129	3537.249708931041
9.128716659961462	3659.610951124086
9.153470248222796	3784.902792658069
9.178223836484129	3913.17203227397
9.202977424745463	4044.466146424191
9.227731013006796	4178.870662293672
9.252484601268129	4316.441579475942
9.277238189529463	4457.236176652364
9.301991777790796	4601.3468702743
9.32674536605213	4748.817927299326
9.351498954313463	4899.733401796101
9.376252542574797	5054.166852865303
9.40100613083613	5212.186286170938
9.425759719097464	5373.879850733824
9.450513307358797	5539.310957889115
9.47526689562013	5708.582092532831
9.500020483881464	5881.754194450596
9.524774072142797	6058.939330567413
9.549527660404131	6240.191744822657
9.574281248665464	6425.627497760644
9.599034836926798	6431.607858851099
9.623788425188131	6809.376708739123
9.648542013449465	7007.883307165012
9.673295601710798	7210.953376445774
9.698049189972132	7418.67956691809
9.722802778233465	7631.123456727561
9.747556366494798	7848.500625636111
9.772309954756132	8070.82310433563
9.797063543017465	8298.220831514967
9.821817131278799	8530.81999099681
9.846570719540132	8768.735439664619
9.871324307801466	9012.082298095669
9.896077896062799	9260.990989526024
9.920831484324133	9515.575636039213
9.945585072585466	9775.980368733082
9.970338660846799	10042.32345834263
9.995092249108133	10314.73647400338
10.01984583736947	10593.35698955605
10.0445994256308	10878.35573865511
10.06935301389213	11026.33202388887
10.09410660215347	11467.95744791992
10.1188601904148	11772.89672448287
10.14361377867613	12084.76989712367
10.16836736693747	12403.76672159904
10.1931209551988	12730.02636763939
10.21787454346013	13063.74309419681
10.24262813172147	13405.0621142784
10.2673817199828	13754.16819887314
10.29213530824413	14111.23365694275
10.31688889650547	14476.45573336648
10.3416424847668	14849.99435778651
10.36639607302813	15232.05718471151
10.39114966128947	15622.81940517632
10.4159032495508	16022.52096625936
10.44065683781213	16431.34333069243
10.46541042607347	16849.48840694389
10.4901640143348	17277.03871719193
10.51491760259614	17714.4217892695
10.53967119085747	17992.30797501455
10.5644247791188	18619.48514324736
10.58917836738014	19087.59312206889
10.61393195564147	19566.60393780168
10.6386855439028	20056.56508444178
10.66343913216414	20557.93320489345
10.68819272042547	21070.76281085017
10.7129463086868	21595.49838137656
10.73769989694814	22132.39521089181
10.76245348520947	22681.81928860248
10.7872070734708	23244.31904032028
10.81196066173214	23819.68188826306
10.83671424999347	24408.94674243313
10.8614678382548	25011.77253551878
10.88622142651614	25629.24579823664
10.91097501477747	26261.15256671332
10.9357286030388	26908.10328838653
10.96048219130014	27570.55726636445
10.98523577956147	28248.75129842178
11.0099893678228	28943.23788594954
11.03474295608414	29654.42425669354
11.05949654434547	30382.74955496017
11.0842501326068	31128.44487559225
11.10900372086814	31892.18870306732
11.13375730912947	32674.31068974532
11.1585108973908	33475.41916602141
11.18326448565214	34295.80584191463
11.20801807391347	35136.40651694118
11.23277166217481	35997.17803653905
11.25752525043614	36878.85931221311
11.28227883869747	37781.83481256822
11.30703242695881	38706.93356223502
11.33178601522014	39654.64081145268
11.35653960348147	40625.29310699749
11.38129319174281	41619.85934832884
11.40604678000414	42638.50335099571
11.43080036826547	43682.26932794211
11.45555395652681	44751.71006321407
11.48030754478814	45846.78406948846
11.50506113304947	46969.26483433739
11.52981472131081	48118.87067035928
11.55456830957214	49297.11135121861
11.57932189783347	50503.86462314935
11.60407548609481	51740.65439745903
11.62882907435614	53008.00392922688
11.65358266261747	54306.00618243517
11.67833625087881	55636.20842725293
11.70308983914014	56999.2801626511
11.72784342740147	58395.88430668661
11.75259701566281	59827.26449528938
11.77735060392414	61293.26335683483
11.80210419218547	62795.6450019777
11.82685778044681	64335.14631419519
11.85161136870814	65912.94019330261
11.87636495696947	67529.45900672225
11.90111854523081	69185.78312351601
11.92587213349214	70883.41082817438
11.95062572175348	72622.56759548557
11.97537931001481	74405.35212914951
12.00013289827614	76231.87650829993
12.02488648653748	78103.30131006517
12.04964007479881	80021.5750048232
12.07439366306014	81987.21484703581
12.09914725132148	84001.17233407612
12.12390083958281	86065.47284397135
12.14865442784414	88180.94038212163
12.17340801610548	90348.32873013422
12.19816160436681	92569.67441274578
12.22291519262814	94846.31167982669
12.24766878088948	97178.92367460718
12.27242236915081	99569.41880203791
12.29717595741214	102019.5597518861
12.32192954567348	104530.27863779
12.34668313393481	107103.2628583672
12.37143672219614	109739.8853442661
12.39619031045748	112441.9765415095
12.42094389871881	115211.3981254335
12.44569748698014	118049.2100837297
12.47045107524148	120958.0103092777
12.49520466350281	123937.9314810523
12.51995825176414	126992.369097995
12.54471184002548	130122.4757117347
12.56946542828681	133330.0806699177
12.59421901654814	136617.6185908798
12.61897260480948	139986.7953497968
12.64372619307081	143440.0287866434
12.66847978133215	146977.3535930272
12.69323336959348	150603.6057880475
12.71798695785481	154319.8533377197
12.74274054611615	158127.9824530531
12.76749413437748	162030.8092768092
12.79224772263881	165742.2126305034
12.81700131090015	170129.3071595582
12.84175489916148	174329.8510324376
12.86650848742281	178634.4356662552
12.89126207568415	183045.8691605285
12.91601566394548	187567.0013518412
12.94076925220681	192200.1758104311
12.96552284046815	196948.4560806613
12.99027642872948	201814.1455600024
13.01503001699081	206800.7862949273
13.03978360525215	211910.92856293
13.06453719351348	217148.2030934833
13.08929078177481	222515.0157980313
13.11404437003615	228015.1748043205
13.13879795829748	233651.0711842867
13.16355154655881	239427.5796007233
13.18830513482015	245347.0512501171
13.21305872308148	251412.9347017016
13.23781231134281	257629.5979895121
13.26256589960415	264000.0240016715
13.28731948786548	270528.4236390083
13.31207307612681	277218.7732427323
13.33682666438815	284074.9597801816
13.36158025264948	291096.735774125
13.38633384091082	298300.6678016035
13.41108742917215	305679.1865928298
13.43584101743348	313240.3533184776
13.46059460569482	320988.9739620387
13.48534819395615	328929.1464041628
13.51010178221748	337066.2751400045
13.53485537047882	345404.9642395726
13.55960895874015	353950.1041539813
13.58436254700148	362706.5053235532
13.60911613526282	371679.592399614
13.63386972352415	380875.0001365796
13.65862331178548	390298.2439082951
13.68337690004682	399954.600926509
13.70813048830815	409850.0158007219
13.73288407656948	419985.7799071783
13.75763766483082	430380.8168961533
13.78239125309215	441028.5474466846
13.80714484135348	451940.0988879728
13.83189842961482	463121.5966389087
13.85665201787615	474579.5971798484
13.88140560613748	486320.7277814174
13.90615919439882	498352.2113094713
13.93091278266015	510681.0342206328
13.95566637092148	523315.0294014777
13.98041995918282	536261.2490898988
14.00517354744415	549528.1303571888
14.02992713570548	563121.3756198389
14.05468072396682	577051.3958582773
14.07943431222815	591325.4213797312
14.10418790048949	605951.9932508123
14.12894148875082	620940.3828331841
14.15369507701215	636248.039281272
14.17844866527349	652036.8070583153
14.20320225353482	668163.5196641205
14.22795584179615	684688.6973764147
14.25270943005749	701621.8937418316
14.27746301831882	718972.4913666365
14.30221660658015	736752.4211990953
14.32697019484149	754970.9169885325
14.35172378310282	773639.5066089227
14.37647737136415	792768.9441248733
14.40123095962549	812370.6260331225
14.42598454788682	832456.158231072
14.45073813614815	853037.1934274309
14.47549172440949	874125.8594208061
14.50024531267082	895735.7328465536
14.52499890093215	917878.6987757153
14.54975248919349	940568.007367537
14.57450607745482	963817.2223584674
14.59925966571615	987640.2426622519
14.62401325397749	1012050.209343907
14.64876684223882	1037062.568577063
14.67352043050015	1062692.075557435
14.69827401876149	1088954.054385971
14.72302760702282	1115863.802637903
14.74778119528415	1143436.928054683
14.77253478354549	1171690.76866568
14.79728837180682	1200641.141483515
14.82204196006816	1230305.151634912
14.84679554832949	1260700.532432466
14.87154913659082	1291845.865666313
14.89630272485216	1323758.76991244
14.92105631311349	1356458.942501988
14.94580990137482	1389965.352210106
14.97056348963616	1424297.90983118
14.99531707789749	1459477.456431032
15.02007066615882	1495522.81545982
15.04482425442016	1532457.376433381
15.06957784268149	1570302.796859044
15.09433143094282	1609080.935475219
15.11908501920416	1648815.04705745
15.14383860746549	1689528.348351676
15.16859219572682	1731245.382143081
15.19334578398816	1773931.736715999
15.21809937224949	1817789.185207695
15.24285296051082	1862246.480158644
15.26760654877216	1908651.29914441
15.29236013703349	1955768.86862018
15.31711372529482	2004047.63807258
15.34186731355616	2053516.163071801
15.36662090181749	2104203.795500951
15.39137449007882	2156140.30510116
15.41612807834016	2209355.983270597
15.44088166660149	2263884.449341452
15.46563525486282	2319756.111476565
15.49038884312416	2377004.465159281
15.51514243138549	2435664.883714084
15.53989601964683	2495766.661871241
15.56464960790816	2557352.100181323
15.58940319616949	2620454.885366959
15.61415678443083	2685114.129485495
15.63891037269216	2751361.945294819
15.66366396095349	2819245.106424812
15.68841754921483	2888800.505054035
15.71317113747616	2960069.958832594
15.73792472573749	3033093.8165958
15.76267831399883	3107917.900582538
15.78743190226016	3184585.52023367
15.81218549052149	3263142.184178417
15.83693907878283	3343632.996944299
15.86169266704416	3426107.818445388
15.88644625530549	3510614.769860418
15.91119984356683	3597203.440409072
15.93595343182816	3685926.863443159
15.96070702008949	3776832.106414827
15.98546060835083	3869979.352502152
16.01021419661216	3965421.250460262
16.03496778487349	4063213.94129076
16.05972137313483	4163415.018427294
16.08447496139616	4266086.688766236
16.10922854965749	4371286.284280309
16.13398213791883	4479078.130824537
16.15873572618016	4589526.092166129
16.18348931444149	4702692.601897535
16.20824290270283	4818648.629744131
16.23299649096416	4937460.81055329
16.2577500792255	5059200.149062039
16.28250366748683	5183946.10093045
16.30725725574816	5311749.364857922
16.3320108440095	5442708.899935205
16.35676443227083	5576894.644186609
16.38151802053216	5714386.628631935
16.4062716087935	5855261.130207644
16.43102519705483	5999614.07619648
16.45577878531616	6147519.542134014
16.4805323735775	6299068.717397741
16.50528596183883	6454351.20147833
16.53003955010016	6613449.296865621
16.5547931383615	6776485.663357436
16.57954672662283	6943528.899290931
16.60430031488416	7114687.835252474
16.6290539031455	7290062.082103008
16.65380749140683	7469261.342424789
16.67856107966816	7653879.863477089
16.7033146679295	7842538.402772273
16.72806825619083	8035844.629651243
16.75282184445216	8233912.957704592
16.7775754327135	8436861.164108023
16.80232902097483	8644807.393648246
16.82708260923616	8857878.250066336
16.8518361974975	9076198.130155968
16.87658978575883	9299896.394025382
16.90134337402016	9529106.087888235
16.9260969622815	9763948.713050973
16.95085055054283	10004602.93922005
16.97560413880417	10251173.0931844
17.0003577270655	10503818.54798464
17.02511131532683	10762688.19172924
17.04986490358817	11027935.80696369
17.0746184918495	11299717.1028157
17.09937208011083	11578195.64390936
17.12412566837217	11863534.73724466
17.1488792566335	12155903.86970416
17.17363284489483	12455476.41899353
17.19838643315617	12762430.10699599
17.2231400214175	13076943.67634171
17.24789360967883	13399209.20414968
17.27264719794017	13729413.95001321
17.2974007862015	14067754.48570517
17.32215437446283	14414430.02123238
17.34690796272417	14769648.69643803
17.3716615509855	15133617.38658024
17.39641513924683	15506555.75329568
17.42116872750817	15888682.84529471
17.4459223157695	16280224.75350051
17.47067590403083	16681414.22451911
17.49542949229217	17092488.98307329
17.5201830805535	17513691.21230965
17.54493666881483	17945275.23208898
17.56969025707617	18387488.6869165
17.5944438453375	18840600.93557018
17.61919743359883	19304877.87627072
17.64395102186017	19780594.9378843
17.6687046101215	20268068.91202036
17.69345819838284	20767482.75774826
17.71821178664417	21279239.1898476
17.7429653749055	21803605.78013057
17.76771896316684	22340894.05027929
17.79247255142817	22891421.89320858
17.8172261396895	23455515.96186219
17.84197972795084	24033508.38369939
17.86673331621217	24625746.1123095
17.8914869044735	25232577.640708
17.91624049273484	25854362.19363273
17.94099408099617	26491469.5986293
17.9657476692575	27144277.11231946
17.99050125751884	27813172.26510693
18.01525484578017	28498549.5911442
18.0400084340415	29200818.27667877
18.06476202230284	29920393.16853857
18.08951561056417	30657701.19683503
18.1142691988255	31413179.38444901
18.13902278708684	32187274.99435408
18.16377637534817	32980449.03225117
18.1885299636095	33793168.12025265
18.21328355187084	34625918.19740017
18.23803714013217	35479191.39841273
18.2627907283935	36353493.69092982
18.28754431665484	37249342.58755354
18.31229790491617	38167271.22658728
18.3370514931775	39107822.86191116
18.36180508143884	40071552.74768169
18.38655866970017	41059037.8458955
18.41131225796151	42070859.87718195
18.43606584622284	43107619.58301413
18.46081943448417	44169932.89278043
18.48557302274551	45258427.25351906
18.51032661100684	46373750.63148326
18.53508019926817	47516564.75228517
18.55983378752951	48687543.0215534
18.58458737579084	49887384.58840392
18.60934096405217	51116800.1659993
18.63409455231351	52376518.37240633
18.65884814057484	53667286.68745624
18.68360172883617	54989871.46300252
18.70835531709751	56345052.53179727
18.73310890535884	57733629.39131984
18.75786249362017	59156452.49133021
18.78261608188151	60614337.80415585
18.80736967014284	62108158.89849179
18.83212325840417	63638801.99804824
18.85687684666551	65207175.14735116
18.88163043492684	66814208.39667211
18.90638402318817	68460855.43307386
18.93113761144951	70148006.23022904
18.95589119971084	71876919.93548872
18.98064478797217	73648365.26429789
19.00539837623351	75463477.98517416
19.03015196449484	77323335.22988313
19.05490555275617	79229040.48242803
19.07965914101751	81181723.3027025
19.10441272927884	83182543.64239472
19.12916631754018	85232687.38140395
19.15391990580151	87333371.12401234
19.17867349406284	89485841.47592221
19.20342708232418	91691375.68788819
19.22818067058551	93951281.38207895
19.25293425884684	96266900.42205568
19.27768784710818	98639606.47076041
19.30244143536951	101070807.0051206
19.32719502363084	103561944.7356794
19.35194861189218	106114481.3780621
19.37670220015351	108729978.9340525
19.40145578841484	111409943.4658514
19.42620937667618	114155981.7358648
19.45096296493751	116969717.7155424
19.47571655319884	119852826.1016671
19.50047014146018	122807016.5326488
19.52522372972151	125834041.8780665
19.54997731798284	128935698.7304132
19.57473090624418	132113819.2881356
19.59948449450551	135370219.0394556
19.62423808276684	138707086.9917305
19.64899167102818	142126133.7717456
19.67374525928951	145629479.9314692
19.69849884755084	149219208.3049226
19.72325243581218	152897439.0289307
19.74800602407351	156666364.577698
19.77275961233484	160528219.2709954
19.79751320059618	164485295.6201995
19.82226678885751	168539937.8696181
19.84702037711885	172694557.8337466
19.87177396538018	176951620.4575365
19.89652755364151	181313649.3551627
19.92128114190285	185783237.7343614
19.94603473016418	190363036.2175224
19.97078831842551	195055762.6315891
19.99554190668685	199864203.0036656
20.02029549494818	204791211.9935729
20.04504908320951	209839706.7545599
20.06980267147085	215012702.2332208
20.09455625973218	220313253.305048
20.11930984799351	225744507.860377
20.14406343625485	231309696.5494992
20.16881702451618	237012115.2707289
20.19357061277751	242855158.6213543
20.21832420103885	248842327.1564022
20.24307778930018	254977055.6867124
20.26783137756151	261263109.8592622
20.29258496582285	267704167.4539093
20.31733855408418	274304086.09109
20.34209214234551	281066752.518619
20.36684573060685	287996190.5763738
20.39159931886818	295096520.6233872
20.41635290712951	302371941.0068427
20.44110649539085	309826817.4581948
20.46586008365218	317465482.2596353
20.49061367191351	325292558.1794894
20.51536726017485	333312664.5361809
20.54012084843618	341530561.8040729
20.56487443669752	349951161.1090817
20.58962802495885	358579365.0624911
20.61438161322018	367420395.6622519
20.63913520148152	376479479.1648188
20.66388878974285	385761962.9603453
20.68864237800418	395273392.0119238
20.71339596626552	405019402.8089204
20.73814955452685	415005777.2336464
20.76290314278818	425238453.0351657
20.78765673104952	435723503.1339096
20.81241031931085	446467153.1733937
20.83716390757218	457475781.2788877
20.86191749583352	468755932.3804044
20.88667108409485	480314319.8172853
20.91142467235618	492157737.0936882
20.93617826061752	504293293.807791
20.96093184887885	516728171.828917
20.98568543714018	529469750.9361045
21.01043902540152	542525605.6273541
21.03519261366285	555903484.7812277
21.05994620192418	569611325.8055087
21.08469979018552	583657292.9903889
21.10945337844685	598049702.837338
21.13420696670818	612797118.5839533
21.15896055496952	627908289.3697361
21.18371414323085	643392198.564303
21.20846773149218	659258038.9614233
21.23322131975352	675515160.0910798
21.25797490801485	692173433.938028
21.28272849627619	709242543.0635418
21.30748208453752	726732694.8659972
21.33223567279885	744654272.0839541
21.35698926106019	763017934.2638866
21.38174284932152	781834578.5779576
21.40649643758285	801115382.8052169
21.43125002584419	820871800.9988858
21.45600361410552	841115566.5678293
21.48075720236685	861858708.9061455
21.50551079062819	883113544.4811934
21.53026437888952	904892706.2213858
21.55501796715085	927209127.4605621
21.57977155541219	950076065.3804375
21.60452514367352	973507099.8015138
21.62927873193485	997516156.9216738
21.65403232019619	1022117502.001786
21.67878590845752	1047325742.290068
21.70353949671885	1073155843.878312
21.72829308498019	1099623180.524931
21.75304667324152	1126743461.599263
21.77780026150285	1154532793.73121
21.80255384976419	1183007685.421175
21.82730743802552	1212185063.902202
21.85206102628685	1242082259.930066
21.87681461454819	1272717035.315264
21.90156820280952	1304107590.180429
21.92632179107085	1336272580.211671
21.95107537933219	1369231111.650297
21.97582896759352	1403002768.040586
22.00058255585486	1437607613.332223
22.02533614411619	1473066209.008399
22.05008973237752	1509399664.125633
22.07484332063886	1546629461.880764
22.09959690890019	1584777819.508598
22.12435049716152	1623867381.911701
22.14910408542286	1663921370.378669
22.17385767368419	1704963585.121186
22.19861126194552	1747018410.317281
22.22336485020686	1790110844.978606
22.24811843846819	1834266491.615913
22.27287202672952	1879511590.282725
22.29762561499086	1925872961.934941
22.32237920325219	1973378349.365406
22.34713279151352	2022055796.625164
22.37188637977486	2071934284.794628
22.39663996803619	2123043459.540001
22.42139355629752	2175413702.615423
22.44614714455886	2229076129.110833
22.47090073282019	2284062632.566263
22.49565432108152	2340405896.7461
22.52040790934286	2398139387.432756
22.54516149760419	2457297439.797718
22.56991508586552	2517915199.855311
22.59466867412686	2580028715.658213
22.61942226238819	2643674862.796822
22.64417585064952	2708891502.087531
22.66892943891086	2775717387.528178
22.69368302717219	2844192237.346409
22.71843661543353	2914356746.428718
22.74319020369486	2986252621.402937
22.76794379195619	3059922597.767214
22.79269738021753	3135410471.121438
22.81745096847886	3212761081.286309
22.84220455674019	3292020453.379622
22.86695814500153	3373235670.026739
22.89171173326286	3456454992.540319
22.91646532152419	3541727915.04761
22.94121890978553	3629105120.174141
22.96597249804686	3718638527.341269
22.99072608630819	3810381403.772958
23.01547967456953	3904388244.315536
23.04023326283086	4000714911.378497
23.06498685109219	4099418773.281868
23.08974043935353	4200558393.810623
23.11449402761486	4304193946.875367
23.13924761587619	4410387032.957574
23.16400120413753	4519200781.61415
23.18875479239886	4630699895.343914
23.21350838066019	4744950639.313747
23.23826196892153	4862020956.342383
23.26301555718286	4981980435.679742
23.28776914544419	5104900393.342545
23.31252273370553	5230853919.407176
23.33727632196686	5359915893.6282
23.36202991022819	5492163045.870986
23.38678349848953	5627674013.13197
23.41153708675086	5766527897.239651
23.4362906750122	5908811619.046732
23.46104426327353	6054605422.446738
23.48579785153486	6203997450.075082
23.5105514397962	6357076510.739387
23.53530502805753	6513933649.306305
23.56005861631886	6674662112.939169
23.5848122045802	6839357463.331748
23.60956579284153	7008117675.546848
23.63431938110286	7181043045.231021
23.6590729693642	7358236412.876254
23.68382655762553	7539803158.021007
23.70858014588686	7725851237.303909
23.7333337341482	7916491280.835027
23.75808732240953	8111836655.030858
23.78284091067086	8312003528.311636
23.8075944989322	8517110948.589251
23.83234808719353	8727280827.413427
23.85710167545486	8942638227.38924
23.8818552637162	9163311133.264597
23.90660885197753	9389430836.700369
23.93136244023886	9621131815.939651
23.9561160285002	9858551838.292341
23.98086961676153	10101832106.01724
24.00562320502286	10351117286.46835
24.0303767932842	10606555693.15414
24.05513038154553	10868299165.98008
24.07988396980686	11136503418.71265
24.1046375580682	11411327955.23536
24.12939114632953	11692936227.85416
24.15414473459087	11981495726.55163
24.1788983228522	12277178067.8034
24.20365191111353	12580159127.53676
24.22840549937487	12890619099.15673
24.2531590876362	13208742616.16768
24.27791267589753	13534718988.9921
24.30266626415887	13868742000.03503
24.3274198524202	14211010375.91792
24.35217344068153	14561727693.44539
24.37692702894287	14921102563.42135
24.4016806172042	15289348754.43374
24.42643420546553	15666685296.53875
24.45118779372687	16053336650.40842
24.4759413819882	16449532825.39104
24.50069497024953	16855509506.82682
24.52544855851087	17271508144.25079
24.5502021467722	17697776233.68884
24.57495573503353	18134567347.75605
24.59970932329487	18582141317.6344
24.6244629115562	19040764397.41367
24.64921649981753	19510709404.28485
24.67397008807887	19992255927.54741
24.6987236763402	20485690426.45111
24.72347726460153	20991306441.56571
24.74823085286287	21509404791.35653
24.7729844411242	22040293685.03293
24.79773802938553	22584288966.94245
24.82249161764687	23141714266.40876
24.8472452059082	23712901347.54554
24.87199879416954	24298189724.01358
24.89675238243087	24897927889.67149
24.9215059706922	25512472573.19757
24.94625955895354	26142189425.10311
24.97101314721487	26787453095.13255
24.9957667354762	27448647514.63803
25.02052032373754	28126166068.32604
25.04527391199887	28820411870.01734
25.0700275002602	29531798053.1168
25.09478108852154	30260747773.69376
25.11953467678287	31007694840.74867
25.1442882650442	31773083699.28654
25.16904185330554	32557369772.11275
25.19379544156687	33361019721.91164
25.2185490298282	34184511745.4576
25.24330261808954	35028335876.88873
25.26805620635087	35892994187.45051
25.2928097946122	36779001307.85532
25.31756338287354	37686884264.35633
25.34231697113487	38617183465.49412
25.3670705593962	39570452461.60069
25.39182414765754	40547258565.06938
25.41657773591887	41548182953.29698
25.4413313241802	42573821369.16683
25.46608491244154	43624784132.02111
25.49083850070287	44701696668.48053
25.5155920889642	45805200467.26031
25.54034567722554	46935950522.69865
25.56509926548687	48094621422.35243
25.58985285374821	49281902083.08093
25.61460644200954	50498499387.07175
25.63936003027087	51745137152.03768
25.66411361853221	53022557359.50531
25.68886720679354	54331520287.71801
25.71362079505487	55672804950.54262
25.73837438331621	57047209657.51446
25.76312797157754	58455552462.16131
25.78788155983887	59898671501.83642
25.81263514810021	61377425684.26811
25.83738873636154	62892695278.02626
25.86214232462287	64445382144.00175
25.88689591288421	66036410265.15497
25.91164950114554	67666726842.76682
25.93640308940687	69337302166.15076
25.96115667766821	71049130676.8985
25.98591026592954	72803231220.67542
26.01066385419087	74600648088.26176
26.03541744245221	76442451004.44646
26.06017103071354	78329736132.89349
26.08492461897487	80263627211.03516
26.10967820723621	82245275287.5515
26.13443179549754	84275859971.05312
26.15918538375887	86356589971.61034
26.18393897202021	88488703982.8943
26.20869256028154	90673471175.44016
26.23344614854287	92912192069.36801
26.25819973680421	95206199604.08464
26.28295332506554	97556858997.02333
26.30770691332688	99965570046.86983
26.33246050158821	102433766432.0413
26.35721408984954	104962917636.4651
26.38196767811088	107554529300.6699
26.40672126637221	110210144246.5795
26.43147485463354	112931343592.9054
26.45622844289488	115719747317.9525
26.48098203115621	118577015515.6105
26.50573561941754	121504849352.4626
26.53048920767888	124504991762.106
26.55524279594021	127579229176.8767
26.57999638420154	130729391810.681
26.60474997246288	133957355238.1282
26.62950356072421	137265041277.8025
26.65425714898554	140654419530.0862
26.67901073724688	144127507856.0584
26.70376432550821	147686374189.3643
26.72851791376954	151333137545.3717
26.75327150203088	155069969215.3085
26.77802509029221	158899094172.2437
26.80277867855354	162822792875.3789
26.82753226681488	166843401045.2188
26.85228585507621	170963312953.5509
26.87703944333754	175184981811.341
26.90179303159888	179510921395.0962
26.92654661986021	183943707683.6501
26.95130020812154	188485980288.5566
26.97605379638288	193140443970.3134
27.00080738464421	197909870383.6652
27.02556097290555	202797099528.3807
27.05031456116688	207805042107.9075
27.07506814942821	212936679970.7281
27.09982173768955	218195069148.6557
27.12457532595088	223583341058.8985
27.14932891421221	229104704577.3381
27.17408250247355	234762447315.8216
27.19883609073488	240559939361.9505
27.22358967899621	246500633005.7506
27.24834326725755	252588066168.9988
27.27309685551888	258825864230.3388
27.29785044378021	265217742132.0467
27.32260403204155	271767506509.7136
27.34735762030288	278479058344.3059
27.37211120856421	285356394673.9509
27.39686479682555	292403611626.5535
27.42161838508688	299624905932.8963
27.44637197334821	307024579248.0801
27.47112556160955	314607038436.3818
27.49587914987088	322376799619.1224
27.52063273813221	330338490518.9997
27.54538632639355	338496853221.2931
27.57013991465488	346856747067.8075
27.59489350291621	355423151295.465
27.61964709117755	364201168268.9077
27.64440067943888	373196026720.9528
27.66915426770021	382413083755.8405
27.69390785596155	391857830285.6285
27.71866144422288	401535891842.8897
27.74341503248422	411453033213.6546
27.76816862074555	421615161711.4599
27.79292220900688	432028330633.4888
27.81767579726822	442698743818.7861
27.84242938552955	453632754390.7701
27.86718297379088	464836878799.7077
27.89193656205222	476317790441.4826
27.91669015031355	488082328178.4611
27.94144373857488	500137499832.2075
27.96619732683622	512490487660.1478
27.99095091509755	525148650273.6805
28.01570450335888	538119528444.1783
28.04045809162022	551410849265.3441
28.06521167988155	565030530968.4475
28.08996526814288	578986687010.6527
28.11471885640422	593287632283.5072
28.13947244466555	607941886390.4209
28.16422603292688	622958179777.0662
28.18897962118822	638345458374.8354
28.21373320944955	654112889642.3604
28.23848679771088	670269867562.775
28.26324038597222	686826018231.1466
28.28799397423355	703791205530.561
28.31274756249488	721175537208.5115
28.33750115075622	738989392562.7083
28.36225473901755	757243319895.854
28.38700832727888	775948260655.3822
28.41176191554022	795115337662.0482
28.43651550380155	814755971323.5571
28.46126909206289	834881863590.7974
28.48602268032422	855505005949.7357
28.51077626858555	876637687609.6577
28.53552985684689	898292499677.0149
28.56028344510822	920482345472.8523
28.58503703336955	943220446824.1973
28.60979062163089	966520352040.1544
28.63454420989222	990395946674.9463
28.65929779815355	1014861455713.678
28.68405138641489	1039931458568.191
28.70880497467622	1065620893849.395
28.73355856293755	1091945069739.329
28.75831215119889	1118919672254.607
28.78306573946022	1146560776689.565
28.80781932772155	1174884854150.19
28.83257291598289	1203908783510.985
28.85732650424422	1233649860734.312
28.88208009250555	1264125811001.914
28.90683368076689	1295354789870.463
28.93158726902822	1327355414631.611
28.95634085728955	1360146753664.043
28.98109444555089	1393748348710.881
29.00584803381222	1428180224951.979
29.03060162207355	1463462902320.896
29.05535521033489	1499617407968.579
29.08010879859622	1536665289473.022
29.10486238685755	1574628626473.474
29.12961597511889	1613530044437.647
29.15436956338022	1653392728145.88
29.17912315164156	1694240434809.219
29.20387673990289	1736097511399.5
29.22863032816422	1778988904209.973
29.25338391642556	1822940177090.338
29.27813750468689	1867977525749.05
29.30289109294822	1914127793441.182
29.32764468120956	1961418487302.51
29.35239826947089	2009877793517.01
29.37715185773222	2059534596897.02
29.40190544599356	2110418494656.708
29.42665903425489	2162559816358.465
29.45141262251622	2215989640781.079
29.47616621077756	2270739815619.8
29.50091979903889	2326842976925.528
29.52567338730022	2384332565427.312
29.55042697556156	2443242849559.159
29.57518056382289	2503608945052.051
29.59993415208422	2565466835505.252
29.62468774034556	2628853394350.633
29.64944132860689	2693806405984.955
29.67419491686822	2760364590235.022
29.69894850512956	2828567623095.083
29.72370209339089	2898456161174.11
29.74845568165222	2970071867143.205
29.77320926991356	3043457433543.321
29.79796285817489	3118656608430.941
29.82271644643622	3195714220950.076
29.84747003469756	3274676208768.511
29.87222362295889	3355589644987.859
29.89697721122023	3438502767131.641
29.92173079948156	3523465005085.027
29.94648438774289	3610527010700.37
29.97123797600423	3699740687749.658
29.99599156426556	3791159224166.935
30.02074515252689	3884837122773.64
30.04549874078823	3980830232388.527
30.07025232904956	4079195784527.053
30.09500591731089	4179992426217.289
30.11975950557223	4283280251850.625
30.14451309383356	4389120843450.485
30.16926668209489	4497577305251.445
30.19402027035623	4608714301695.227
30.21877385861756	4722598096057.543
30.24352744687889	4839296589883.1
30.26828103514023	4958879363910.004
30.29303462340156	5081417718109.217
30.31778821166289	5206984717765.407
30.34254179992423	5335655231170.995
30.36729538818556	5467505982163.422
30.39204897644689	5602615587827.707
30.41680256470823	5741064611771.307
30.44155615296956	5882935607222.328
30.46630974123089	6028313170255.332
30.49106332949223	6177283988242.394
30.51581691775356	6329936891716.402
30.54057050601489	6486362908015.416
30.56532409427623	6646655315076.87
30.59007768253756	6810909697393.454
30.61483127079889	6979224002563.544
30.63958485906023	7151698599944.256
30.66433844732156	7328436342704.641
30.6890920355829	7509542624969.793
30.71384562384423	7695125447210.468
30.73859921210556	7885295481569.156
30.7633528003669	8080166133769.315
30.78810638862823	8279853622905.388
30.81285997688956	8484477026969.239
30.8376135651509	8694158380467.505
30.86236715341223	8909022730964.656
30.88712074167356	9129198219076.947
30.9118743299349	9354816153339.266
30.93662791819623	9586011090637.508
30.96138150645756	9822920912572.061
30.9861350947189	10065686914494.4
31.01088868298023	10314453881644.05
31.03564227124156	10569370182571.71
31.0603958595029	10830587850567.78
31.08514944776423	11098262684469.45
31.10990303602556	11372554331528.17
31.1346566242869	11653626387900.68
31.15941021254823	11941646487357.43
31.18416380080956	12236786432832.66
31.2089173890709	12539222252917.63
31.23367097733223	12849134336328.7
31.25842456559356	13166707533379.17
31.2831781538549	13492131263550.29
31.30793174211623	13825599633929.87
31.33268533037756	14167311549496.93
31.3574389186389	14517470834634.32
31.38219250690023	14876286320387.16
31.40694609516157	15243972139967.91
31.4316996834229	15620747511725.31
31.45645327168423	16006837213257.28
31.48120685994557	16402471559646.37
31.5059604482069	16807886547039.74
31.53071403646823	17223324012572.72
31.55546762472957	17649031774013.58
31.5802212129909	18085263778340.42
31.60497480125223	18532280251650.42
31.62972838951357	18990347858055.85
31.6544819777749	19459739854951.71
31.67923556603623	19940736256303.22
31.70398915429757	20433624005249.38
31.7287427425589	20938697136346.98
31.75349633082023	21456256951072.84
31.77824991908157	21986612226849.82
31.8030035073429	22530079353206.2
31.82775709560423	23086982552259.33
31.85251068386557	23657654065088.88
31.8772642721269	24242434349448.54
31.90201786038823	24841672283244.14
31.92677144864957	25455725373919.77
31.9515250369109	26084959968902.2
31.97627862517223	26729751477531.12
32.00103221343357	27390484734287.43
32.0257858016949	28067553538606.59
32.05053938995623	28761362249041.53
32.07529297821757	29472324677667.63
32.1000465664789	30200865030971.8
32.12480015474024	30947417971002.51
32.14955374300157	31712428938214.89
32.1743073312629	32496354376261.01
32.19906091952424	33299662022125.28
32.22381450778557	34122831181751.33
0
1000	1776.86	100000000000000.1
5	0	0	1
5	0	0	0
7.494979834713454	-0.0546446863888284
7.519733422974787	-0.08042831730955567
7.544487011236121	-0.107560896052762
7.569240599497454	-0.1348869811201261
7.593994187758788	-0.1616709266836032
7.618747776020121	-0.1874730985326059
7.643501364281454	-0.2120513532934856
7.668254952542788	-0.235291219215596
7.693008540804121	-0.2571587961009894
7.717762129065455	-0.2776697279360456
7.742515717326788	-0.296869026549927
7.767269305588122	-0.3148180696520236
7.792022893849455	-0.3315862981394773
7.816776482110789	-0.3472459791283835
7.841530070372122	-0.3618689651254028
7.866283658633455	-0.3755247493299133
7.891037246894789	-0.3882793638542552
7.915790835156122	-0.4001948188965925
7.940544423417456	-0.41132888288977
7.965298011678789	-0.4217350817214172
7.990051599940123	-0.4314628280886301
8.014805188201457	-0.440557626459288
8.03955877646279	-0.449061317563308
8.064312364724124	-0.4570123391769143
8.089065952985457	-0.4644459884838825
8.113819541246791	-0.4713946769406682
8.138573129508124	-0.4778881722843515
8.163326717769458	-0.4839538247230745
8.188080306030791	-0.4896167758312111
8.212833894292125	-0.4949001494514981
8.237587482553458	-0.4998931136891847
8.262341070814792	-0.5044707707658903
8.287094659076125	-0.508722949769626
8.311848247337458	-0.5126674205630584
8.336601835598792	-0.5163208117301025
8.361355423860125	-0.5196986923096333
8.386109012121459	-0.5228156478437455
8.410862600382792	-0.5256853509713716
8.435616188644126	-0.5283206268486011
8.460369776905459	-0.5307335137076562
8.485123365166793	-0.5330012643522072
8.509876953428126	-0.5349943417013039
8.534630541689459	-0.5367923680401914
8.559384129950793	-0.5384058313268447
8.584137718212126	-0.5398447799377408
8.60889130647346	-0.5411188283104201
8.633644894734793	-0.5422371638695634
8.658398482996127	-0.5432085555758863
8.68315207125746	-0.5440413638991255
8.707905659518794	-0.5447435519342515
8.732659247780127	-0.5453161168608658
8.75741283604146	-0.5457802245215689
8.782166424302794	-0.5461357738722759
8.806920012564127	-0.5463891537315938
8.831673600825461	-0.5465464115626582
8.856427189086794	-0.5466132707113093
8.881180777348128	-0.5465951470109779
8.905934365609461	-0.5464971647425626
8.930687953870795	-0.546324171944132
8.955441542132128	-0.5460807550702028
8.980195130393462	-0.5457711983332941
9.004948718654795	-0.5453996914793872
9.029702306916128	-0.54497010416186
9.054455895177462	-0.5444861159869988
9.079209483438795	-0.5439512061413432
9.103963071700129	-0.5433686637807449
9.128716659961462	-0.5427415979334484
9.153470248222796	-0.5420729469362954
9.178223836484129	-0.5413654874225972
9.202977424745463	-0.5406218428794842
9.227731013006796	-0.5398457567737898
9.252484601268129	-0.5390372745601693
9.277238189529463	-0.5381995829077503
9.301991777790796	-0.5373346977804844
9.32674536605213	-0.5364442563921482
9.351498954313463	-0.5355471235816764
9.376252542574797	-0.5345987340628906
9.40100613083613	-0.5336437184298658
9.425759719097464	-0.5326706989025317
9.450513307358797	-0.5316809091928807
9.47526689562013	-0.5306741528823707
9.500020483881464	-0.5296551361590517
9.524774072142797	-0.5286232129729715
9.549527660404131	-0.5275795422087401
9.574281248665464	-0.5265252157094289
9.599034836926798	-0.5254612621648816
9.623788425188131	-0.524388650759674
9.648542013449465	-0.5233082945965458
9.673295601710798	-0.5222210539100725
9.698049189972132	-0.5211277390843306
9.722802778233465	-0.5200285291746264
9.747556366494798	-0.5189253813107774
9.772309954756132	-0.5178183610832942
9.797063543017465	-0.5167080973461216
9.821817131278799	-0.5155951803921618
9.846570719540132	-0.5144801642999539
9.871324307801466	-0.5133635691235542
9.896077896062799	-0.5122458829372231
9.920831484324133	-0.5111275637455568
9.945585072585466	-0.5100090412688251
9.970338660846799	-0.5088902422074645
9.995092249108133	-0.507772554070134
10.01984583736947	-0.5066558327193837
10.0445994256308	-0.5055404031904496
10.06935301389213	-0.5044265685210458
10.09410660215347	-0.5033146111693342
10.1188601904148	-0.50220479433025
10.14361377867613	-0.5010973631583853
10.16836736693747	-0.4999925459048861
10.1931209551988	-0.4988905549751568
10.21787454346013	-0.4978009279356571
10.24262813172147	-0.4967044958601459
10.2673817199828	-0.4956106025430253
10.29213530824413	-0.4945194355982199
10.31688889650547	-0.4934312120793973
10.3416424847668	-0.4923461844755355
10.36639607302813	-0.4912646482317372
10.39114966128947	-0.4901869512679167
10.4159032495508	-0.4891135061431031
10.44065683781213	-0.4880448057647808
10.46541042607347	-0.486886871473328
10.4901640143348	-0.4858335521927263
10.51491760259614	-0.4847965150473872
10.53967119085747	-0.4837774787460104
10.5644247791188	-0.4827780791306046
10.58917836738014	-0.4817998607026303
10.61393195564147	-0.4808442691154637
10.6386855439028	-0.4799126447013097
10.66343913216414	-0.4790062170817297
10.68819272042547	-0.4781261008916691
10.7129463086868	-0.4771764508140944
10.73769989694814	-0.4763659960698244
10.76245348520947	-0.4755902369688611
10.7872070734708	-0.474847932000955
10.81196066173214	-0.4741377394158824
10.83671424999347	-0.4734582630238015
10.8614678382548	-0.4728080864291141
10.88622142651614	-0.4721857982769911
10.91097501477747	-0.4715900105439805
10.9357286030388	-0.4710193714659218
10.96048219130014	-0.4704784174519252
10.98523577956147	-0.469953201723973
11.0099893678228	-0.4694490600661255
11.03474295608414	-0.4689650036071675
11.05949654434547	-0.4685001278268769
11.0842501326068	-0.4680536737407693
11.10900372086814	-0.4676253339161801
11.13375730912947	-0.4672188341208113
11.1585108973908	-0.4667960731859315
11.18326448565214	-0.4664230022394074
11.20801807391347	-0.4660584585941557
11.23277166217481	-0.465703029811061
11.25752525043614	-0.4653605135727569
11.28227883869747	-0.4650302986611845
11.30703242695881	-0.4647118039155044
11.33178601522014	-0.4644044766108278
11.35653960348147	-0.464107790934338
11.38129319174281	-0.4638212465472903
11.40604678000414	-0.4635443672251761
11.43080036826547	-0.4632766995704437
11.45555395652681	-0.4630176248949689
11.48030754478814	-0.4627671301509318
11.50506113304947	-0.4625246244329942
11.52981472131081	-0.4622897308965577
11.55456830957214	-0.4620620898262326
11.57932189783347	-0.4618413577981508
11.60407548609481	-0.4616272068753129
11.62882907435614	-0.4614193238361523
11.65358266261747	-0.4612174094361884
11.67833625087881	-0.4610211777023886
11.70308983914014	-0.4608299857063558
11.72784342740147	-0.4606440302672632
11.75259701566281	-0.4604645067584055
11.77735060392414	-0.4602878492668433
11.80210419218547	-0.4601161014579749
11.82685778044681	-0.4599486199170801
11.85161136870814	-0.4597851558155051
11.87636495696947	-0.4596254959428849
11.90111854523081	-0.4594694412204039
11.92587213349214	-0.4593168023769937
11.95062572175348	-0.4591672662442812
11.97537931001481	-0.4590209413856021
12.00013289827614	-0.4588775207285666
12.02488648653748	-0.4587368417706075
12.04964007479881	-0.458598748151838
12.07439366306014	-0.4584630894512955
12.09914725132148	-0.4583297209803629
12.12390083958281	-0.4581985035766321
12.14865442784414	-0.4580693034010019
12.17340801610548	-0.4579419917404181
12.19816160436681	-0.4578160640492935
12.22291519262814	-0.4576922211236282
12.24766878088948	-0.4575699302050129
12.27242236915081	-0.457449074332789
12.29717595741214	-0.4573295412741641
12.32192954567348	-0.4572112233997007
12.34668313393481	-0.4570940175368554
12.37143672219614	-0.4569778248118876
12.39619031045748	-0.4568625504873782
12.42094389871881	-0.4567481038004426
12.44569748698014	-0.4566345132007288
12.47045107524148	-0.4565214541915636
12.49520466350281	-0.4564089635723592
12.51995825176414	-0.4562969655950525
12.54471184002548	-0.4561853879544696
12.56946542828681	-0.4560741616909646
12.59421901654814	-0.4559632211369961
12.61897260480948	-0.4558525039265457
12.64372619307081	-0.4557419511030564
12.66847978133215	-0.4556315073957887
12.69323336959348	-0.4555217461559545
12.71798695785481	-0.455411402503788
12.74274054611615	-0.4553009740221156
12.76749413437748	-0.4551904071982867
12.79224772263881	-0.4550796506662849
12.81700131090015	-0.4549686551063582
12.84175489916148	-0.454857373149041
12.86650848742281	-0.4547457592826498
12.89126207568415	-0.4546337697633222
12.91601566394548	-0.4545213625266308
12.94076925220681	-0.4544086072825342
12.96552284046815	-0.4542952359375627
12.99027642872948	-0.4541813202437266
13.01503001699081	-0.4540668245595011
13.03978360525215	-0.4539517149412868
13.06453719351348	-0.4538359590812388
13.08929078177481	-0.4537195262480277
13.11404437003615	-0.4536023872301571
13.13879795829748	-0.4534845142814865
13.16355154655881	-0.4533658810686209
13.18830513482015	-0.4532465235563145
13.21305872308148	-0.453126290416952
13.23781231134281	-0.4530052209951075
13.26256589960415	-0.4528832946991875
13.28731948786548	-0.4527604923331772
13.31207307612681	-0.4526367960464659
13.33682666438815	-0.4525121892856768
13.36158025264948	-0.4523866567483084
13.38633384091082	-0.45226018433801
13.41108742917215	-0.4521327591213183
13.43584101743348	-0.4520044339033479
13.46059460569482	-0.4518750621160411
13.48534819395615	-0.4517447001644792
13.51010178221748	-0.4516133401013576
13.53485537047882	-0.4514809751612445
13.55960895874015	-0.4513475997096378
13.58436254700148	-0.4512132091944133
13.60911613526282	-0.4510778000994685
13.63386972352415	-0.4509413699003844
13.65862331178548	-0.4508039170219519
13.68337690004682	-0.4506655803717633
13.70813048830815	-0.4505260648800204
13.73288407656948	-0.4503855170259509
13.75763766483082	-0.4502439406102448
13.78239125309215	-0.4501013405238342
13.80714484135348	-0.4499577226638865
13.83189842961482	-0.4498130938577564
13.85665201787615	-0.4496674617938908
13.88140560613748	-0.4495208349588127
13.90615919439882	-0.4493732225794356
13.93091278266015	-0.4492246848260218
13.95566637092148	-0.4490751250307434
13.98041995918282	-0.448924608024256
14.00517354744415	-0.4487731463661511
14.02992713570548	-0.4486207531739306
14.05468072396682	-0.4484674420660978
14.07943431222815	-0.4483132271118103
14.10418790048949	-0.4481581227860243
14.12894148875082	-0.4480021439292614
14.15369507701215	-0.4478453057112928
14.17844866527349	-0.4476876024898453
14.20320225353482	-0.4475290945491027
14.22795584179615	-0.4473697760110949
14.25270943005749	-0.4472096627823278
14.27746301831882	-0.4470487709006271
14.30221660658015	-0.446887116519174
14.32697019484149	-0.4467247158912024
14.35172378310282	-0.446561585355338
14.37647737136415	-0.4463977413215706
14.40123095962549	-0.4462332002578644
14.42598454788682	-0.4460679653440982
14.45073813614815	-0.4459020809563917
14.47549172440949	-0.4457355502343994
14.50024531267082	-0.4455683896305049
14.52499890093215	-0.4454006156166221
14.54975248919349	-0.4452322435288664
14.57450607745482	-0.4450632916042127
14.59925966571615	-0.444893774579924
14.62401325397749	-0.4447237088286202
14.64876684223882	-0.4445531103600298
14.67352043050015	-0.4443819792734557
14.69827401876149	-0.4442103645687902
14.72302760702282	-0.4440382658102604
14.74778119528415	-0.4438656983319326
14.77253478354549	-0.4436926771959632
14.79728837180682	-0.4435192146717239
14.82204196006816	-0.4433453360279113
14.84679554832949	-0.4431710434219537
14.87154913659082	-0.4429963564655827
14.89630272485216	-0.4428212891685645
14.92105631311349	-0.4426458340846491
14.94580990137482	-0.4424700504170574
14.97056348963616	-0.4422939295591302
14.99531707789749	-0.4421174847327094
15.02007066615882	-0.4419407289113044
15.04482425442016	-0.4417636748275955
15.06957784268149	-0.4415863349803802
15.09433143094282	-0.441408721641021
15.11908501920416	-0.4412308468594447
15.14383860746549	-0.4410527224697431
15.16859219572682	-0.4408743287580012
15.19334578398816	-0.4406957437597279
15.21809937224949	-0.4405169455618859
15.24285296051082	-0.4403379446916581
15.26760654877216	-0.4401587514392367
15.29236013703349	-0.4399793758752634
15.31711372529482	-0.4397998278682809
15.34186731355616	-0.4396201171075007
15.36662090181749	-0.4394402531525676
15.39137449007882	-0.4392602456560801
15.41612807834016	-0.4390803780253663
15.44088166660149	-0.4389003030163633
15.46563525486282	-0.43872341552431
15.49038884312416	-0.4385386494880278
15.51514243138549	-0.4383583033779426
15.53989601964683	-0.4381776992817121
15.56464960790816	-0.4379969702622696
15.58940319616949	-0.4378161469734839
15.61415678443083	-0.4376352444138359
15.63891037269216	-0.4374542731978579
15.66366396095349	-0.4372731773992303
15.68841754921483	-0.4370921062067818
15.71317113747616	-0.4369109935710476
15.73792472573749	-0.4367298460704109
15.76267831399883	-0.4365486701317742
15.78743190226016	-0.436367472026598
15.81218549052149	-0.4361862578662988
15.83693907878283	-0.436005033596896
15.86169266704416	-0.4358238049927777
15.88644625530549	-0.4356425776494301
15.91119984356683	-0.435461376718395
15.93595343182816	-0.4352801667545938
15.96070702008949	-0.4350989717985793
15.98546060835083	-0.4349177966296228
16.01021419661216	-0.4347366458953351
16.03496778487349	-0.4345555241169784
16.05972137313483	-0.4343744357060516
16.08447496139616	-0.434193385032566
16.10922854965749	-0.4340123769211039
16.13398213791883	-0.433831335796948
16.15873572618016	-0.4336505044682837
16.18348931444149	-0.4334696427536245
16.20824290270283	-0.4332888397043947
16.23299649096416	-0.4331080851267813
16.2577500792255	-0.4329274024298106
16.28250366748683	-0.4327467842400101
16.30725725574816	-0.4325662348049641
16.3320108440095	-0.4323857572997611
16.35676443227083	-0.4322053546921085
16.38151802053216	-0.4320250298239082
16.4062716087935	-0.4318447886322724
16.43102519705483	-0.4316646269233481
16.45577878531616	-0.4314845504708135
16.4805323735775	-0.4313045615687044
16.50528596183883	-0.4311246669454427
16.53003955010016	-0.4309448581933247
16.5547931383615	-0.4307651467526017
16.57954672662283	-0.430585532314825
16.60430031488416	-0.4304060168819716
16.6290539031455	-0.4302266024553526
16.65380749140683	-0.4300472926316134
16.67856107966816	-0.429868086013697
16.7033146679295	-0.4296889857623923
16.72806825619083	-0.4295099936926562
16.75282184445216	-0.4293311115327414
16.7775754327135	-0.429152340945489
16.80232902097483	-0.4289736835352685
16.82708260923616	-0.428795140851162
16.8518361974975	-0.4286167143888928
16.87658978575883	-0.4284384055922557
16.90134337402016	-0.42826021677898
16.9260969622815	-0.4280821473644638
16.95085055054283	-0.4279041995665914
16.97560413880417	-0.4277263746403011
17.0003577270655	-0.4275486737981303
17.02511131532683	-0.4273710982110633
17.04986490358817	-0.4271936490093621
17.0746184918495	-0.4270163272833779
17.09937208011083	-0.4268391340843435
17.12412566837217	-0.4266620704251458
17.1488792566335	-0.4264851385275775
17.17363284489483	-0.4263083366004243
17.19838643315617	-0.4261316670040695
17.2231400214175	-0.4259551306057596
17.24789360967883	-0.4257787282431468
17.27264719794017	-0.4256024607233293
17.2974007862015	-0.4254263288228354
17.32215437446283	-0.4252503332879652
17.34690796272417	-0.4250744748352782
17.3716615509855	-0.4248987541521472
17.39641513924683	-0.4247231720702125
17.42116872750817	-0.4245477288537423
17.4459223157695	-0.4243724252875838
17.47067590403083	-0.4241972619504518
17.49542949229217	-0.4240222393951258
17.5201830805535	-0.4238473581490251
17.54493666881483	-0.4236726187147712
17.56969025707617	-0.4234980215707421
17.5944438453375	-0.4233235671716133
17.61919743359883	-0.4231492559488909
17.64395102186017	-0.4229750882470782
17.6687046101215	-0.4228010645877354
17.69345819838284	-0.4226271852707356
17.71821178664417	-0.422453450639389
17.7429653749055	-0.422279861016102
17.76771896316684	-0.4221064167028551
17.79247255142817	-0.4219331179816708
17.8172261396895	-0.4217599651150722
17.84197972795084	-0.4215869583465299
17.86673331621217	-0.4214140979009013
17.8914869044735	-0.4212413841437935
17.91624049273484	-0.4210688169429452
17.94099408099617	-0.4208963966170452
17.9657476692575	-0.4207241233176136
17.99050125751884	-0.4205519971778433
18.01525484578017	-0.4203800183106506
18.0400084340415	-0.4202081868024617
18.06476202230284	-0.4200365026897129
18.08951561056417	-0.4198649658240214
18.1142691988255	-0.4196935729043643
18.13902278708684	-0.4195223374133299
18.16377637534817	-0.4193512441514503
18.1885299636095	-0.4191802986099099
18.21328355187084	-0.4190095007951761
18.23803714013217	-0.4188388507012757
18.2627907283935	-0.4186683483100886
18.28754431665484	-0.4184979935916344
18.31229790491617	-0.4183277865043531
18.3370514931775	-0.418157726995378
18.36180508143884	-0.417987815000801
18.38655866970017	-0.4178180500506921
18.41131225796151	-0.4176484327244106
18.43606584622284	-0.4174789626502518
18.46081943448417	-0.4173096397340081
18.48557302274551	-0.4171404639170283
18.51032661100684	-0.4169714346657201
18.53508019926817	-0.4168025525976585
18.55983378752951	-0.4166338171001367
18.58458737579084	-0.4164652281097769
18.60934096405217	-0.41629678548442
18.63409455231351	-0.4161284897398255
18.65884814057484	-0.4159603392358814
18.68360172883617	-0.4157923345943643
18.70835531709751	-0.415624475640796
18.73310890535884	-0.415456762194703
18.75786249362017	-0.4152891940698122
18.78261608188151	-0.4151217710742404
18.80736967014284	-0.4149544930106762
18.83212325840417	-0.4147873596765569
18.85687684666551	-0.414620370864239
18.88163043492684	-0.4144535267192391
18.90638402318817	-0.4142868262918437
18.93113761144951	-0.4141202697027375
18.95589119971084	-0.413953856721926
18.98064478797217	-0.4137875871112223
19.00539837623351	-0.4136214606162574
19.03015196449484	-0.4134554769337738
19.05490555275617	-0.4132896354756527
19.07965914101751	-0.4131239807507151
19.10441272927884	-0.4129583836569115
19.12916631754018	-0.412792968173545
19.15391990580151	-0.4126276957606982
19.17867349406284	-0.4124625648036173
19.20342708232418	-0.4122975750544824
19.22818067058551	-0.4121327262673691
19.25293425884684	-0.4119680182025775
19.27768784710818	-0.4118034506392677
19.30244143536951	-0.4116390234245412
19.32719502363084	-0.4114747367980075
19.35194861189218	-0.4113106206365523
19.37670220015351	-0.4111465785573375
19.40145578841484	-0.4109827089928532
19.42620937667618	-0.4108189782553891
19.45096296493751	-0.4106553860585069
19.47571655319884	-0.4104919320564938
19.50047014146018	-0.410328615337894
19.52522372972151	-0.4101654411953245
19.54997731798284	-0.4100023992436784
19.57473090624418	-0.4098394958430552
19.59948449450551	-0.4096767296006986
19.62423808276684	-0.4095141287396789
19.64899167102818	-0.4093516089638565
19.67374525928951	-0.4091892511201202
19.69849884755084	-0.4090270299410593
19.72325243581218	-0.4088649446335891
19.74800602407351	-0.4087029948225098
19.77275961233484	-0.4085411802077312
19.79751320059618	-0.4083795005117296
19.82226678885751	-0.4082179554660069
19.84702037711885	-0.408056544806507
19.87177396538018	-0.4078952682010917
19.89652755364151	-0.4077341255659515
19.92128114190285	-0.4075731165254333
19.94603473016418	-0.407412240823946
19.97078831842551	-0.4072514982068769
19.99554190668685	-0.4070908884206323
20.02029549494818	-0.4069304112126634
20.04504908320951	-0.4067700663314846
20.06980267147085	-0.4066098535266875
20.09455625973218	-0.4064497725489538
20.11930984799351	-0.4062898231361625
20.14406343625485	-0.4061300050715811
20.16881702451618	-0.4059703180932174
20.19357061277751	-0.4058107619559763
20.21832420103885	-0.4056513364159686
20.24307778930018	-0.405492041230501
20.26783137756151	-0.405332876158062
20.29258496582285	-0.405173840958305
20.31733855408418	-0.4050149353920246
20.34209214234551	-0.404856159221128
20.36684573060685	-0.4046975119756362
20.39159931886818	-0.4045389938613762
20.41635290712951	-0.4043806044577408
20.44110649539085	-0.4042223435478207
20.46586008365218	-0.4040642109313779
20.49061367191351	-0.4039062064522281
20.51536726017485	-0.4037483301171298
20.54012084843618	-0.4035905831112904
20.56487443669752	-0.403432939005266
20.58962802495885	-0.4032754584007074
20.61438161322018	-0.403118097448431
20.63913520148152	-0.4029605621449611
20.66388878974285	-0.4028037333891757
20.68864237800418	-0.4026467462707459
20.71339596626552	-0.4024898839486123
20.73814955452685	-0.4023331471034784
20.76290314278818	-0.4021765357024115
20.78765673104952	-0.402020049593383
20.81241031931085	-0.4018636885911203
20.83716390757218	-0.4017074524986676
20.86191749583352	-0.4015513408204763
20.88667108409485	-0.4013953539962556
20.91142467235618	-0.401239491483972
20.93617826061752	-0.4010837530759936
20.96093184887885	-0.4009281385660437
20.98568543714018	-0.4007726477491926
21.01043902540152	-0.4006172804218466
21.03519261366285	-0.4004620363817392
21.05994620192418	-0.4003069154279209
21.08469979018552	-0.4001519173607511
21.10945337844685	-0.3999970417908857
21.13420696670818	-0.3998422889074498
21.15896055496952	-0.3996876583384806
21.18371414323085	-0.3995331498927013
21.20846773149218	-0.3993787633806868
21.23322131975352	-0.3992244986153574
21.25797490801485	-0.3990703554129604
21.28272849627619	-0.3989163335951991
21.30748208453752	-0.3987624329944476
21.33223567279885	-0.3986086534689049
21.35698926106019	-0.3984549926818107
21.38174284932152	-0.3983014541914124
21.40649643758285	-0.3981480361622027
21.43125002584419	-0.3979947384130718
21.45600361410552	-0.3978415607637945
21.48075720236685	-0.3976885030350538
21.50551079062819	-0.3975355650484592
21.53026437888952	-0.3973827466265568
21.55501796715085	-0.3972300475928385
21.57977155541219	-0.3970774677717461
21.60452514367352	-0.3969250069934829
21.62927873193485	-0.3967726650749399
21.65403232019619	-0.3966204418475424
21.67878590845752	-0.3964683371393515
21.70353949671885	-0.3963163507793541
21.72829308498019	-0.3961644825974721
21.75304667324152	-0.3960127324245796
21.77780026150285	-0.3958611000925306
21.80255384976419	-0.3957095854342084
21.82730743802552	-0.3955581882836174
21.85206102628685	-0.3954069086110072
21.87681461454819	-0.3952557459937788
21.90156820280952	-0.395104700383245
21.92632179107085	-0.3949537716149611
21.95107537933219	-0.3948029595252945
21.97582896759352	-0.3946522639514201
22.00058255585486	-0.3945016847313177
22.02533614411619	-0.3943512217037675
22.05008973237752	-0.3942008747083466
22.07484332063886	-0.394050643585426
22.09959690890019	-0.393900528104345
22.12435049716152	-0.3937505282541035
22.14910408542286	-0.3936006438090511
22.17385767368419	-0.3934508746131306
22.19861126194552	-0.3933012205109024
22.22336485020686	-0.3931516813475125
22.24811843846819	-0.3930022569686408
22.27287202672952	-0.3928529472204146
22.29762561499086	-0.3927037519492603
22.32237920325219	-0.3925546710016203
22.34713279151352	-0.3924057041899346
22.37188637977486	-0.3922568514208691
22.39663996803619	-0.392108112504486
22.42139355629752	-0.3919594872649088
22.44614714455886	-0.3918109754727419
22.47090073282019	-0.3916625765651173
22.49565432108152	-0.3915143395213451
22.52040790934286	-0.3913661231819168
22.54516149760419	-0.3912180637684008
22.56991508586552	-0.3910701176864788
22.59466867412686	-0.3909222836333641
22.61942226238819	-0.3907745632002311
22.64417585064952	-0.3906269551785229
22.66892943891086	-0.3904794594214299
22.69368302717219	-0.3903320757827414
22.71843661543353	-0.3901848041168423
22.74319020369486	-0.3900376442787108
22.76794379195619	-0.3898905961239152
22.79269738021753	-0.3897436595086114
22.81745096847886	-0.3895968342895403
22.84220455674019	-0.3894501207940622
22.86695814500153	-0.3893035178258454
22.89171173326286	-0.3891570258314894
22.91646532152419	-0.3890106446719293
22.94121890978553	-0.3888643742088493
22.96597249804686	-0.3887182143045404
22.99072608630819	-0.3885721648218335
23.01547967456953	-0.3884262256240653
23.04023326283086	-0.3882803965750589
23.06498685109219	-0.3881346775391124
23.08974043935353	-0.387989068452313
23.11449402761486	-0.3878435690282497
23.13924761587619	-0.3876981792082458
23.16400120413753	-0.3875528988593525
23.18875479239886	-0.3874077278491436
23.21350838066019	-0.3872626660457351
23.23826196892153	-0.3871177133178078
23.26301555718286	-0.3869728695346341
23.28776914544419	-0.3868281345661118
23.31252273370553	-0.3866835082828043
23.33727632196686	-0.3865389898907155
23.36202991022819	-0.3863945807001098
23.38678349848953	-0.3862502798394791
23.41153708675086	-0.3861060871759322
23.4362906750122	-0.3859620025779031
23.46104426327353	-0.3858180259147695
23.48579785153486	-0.3856741570566397
23.5105514397962	-0.3855303958742252
23.53530502805753	-0.3853867422387648
23.56005861631886	-0.3852431960219732
23.5848122045802	-0.3850997570313518
23.60956579284153	-0.3849564252772031
23.63431938110286	-0.3848132005636913
23.6590729693642	-0.384670082763214
23.68382655762553	-0.3845270717484838
23.70858014588686	-0.3843841673925288
23.7333337341482	-0.3842413695686926
23.75808732240953	-0.3840986781506347
23.78284091067086	-0.3839560930123306
23.8075944989322	-0.3838136140280726
23.83234808719353	-0.383671241051806
23.85710167545486	-0.3835289740014542
23.8818552637162	-0.3833868127317311
23.90660885197753	-0.3832447571180624
23.93136244023886	-0.3831028070360951
23.9561160285002	-0.3829609623616917
23.98086961676153	-0.3828192229709252
24.00562320502286	-0.3826775887400727
24.0303767932842	-0.3825360595456086
24.05513038154553	-0.3823946352641969
24.07988396980686	-0.382253315641328
24.1046375580682	-0.3821121008164471
24.12939114632953	-0.38197099054941
24.15414473459087	-0.3818299847209614
24.1788983228522	-0.3816890832127131
24.20365191111353	-0.3815482859075533
24.22840549937487	-0.3814075926904387
24.2531590876362	-0.3812670034500681
24.27791267589753	-0.3811265180828468
24.30266626415887	-0.3809861365038766
24.3274198524202	-0.3808458566819344
24.35217344068153	-0.3807056818131332
24.37692702894287	-0.3805656103269864
24.4016806172042	-0.3804256421086077
24.42643420546553	-0.3802857770430327
24.45118779372687	-0.3801460150152592
24.4759413819882	-0.3800063559102829
24.50069497024953	-0.3798667996131264
24.52544855851087	-0.3797273460088654
24.5502021467722	-0.3795879949826516
24.57495573503353	-0.3794487466719806
24.59970932329487	-0.3793096004718353
24.6244629115562	-0.379170556483952
24.64921649981753	-0.379031614580943
24.67397008807887	-0.378892774616691
24.6987236763402	-0.3787540363629061
24.72347726460153	-0.3786153986748568
24.74823085286287	-0.3784768685464546
24.7729844411242	-0.3783384340931953
24.79773802938553	-0.3782001022166069
24.82249161764687	-0.3780618712973007
24.8472452059082	-0.3779237422937171
24.87199879416954	-0.3777857143705344
24.89675238243087	-0.3776477874124644
24.9215059706922	-0.3775099613044083
24.94625955895354	-0.3773722359314587
24.97101314721487	-0.3772346111788983
24.9957667354762	-0.3770970869322014
25.02052032373754	-0.3769596630770333
25.04527391199887	-0.376822339499251
25.0700275002602	-0.3766851161258867
25.09478108852154	-0.3765479927569111
25.11953467678287	-0.3764109693208441
25.1442882650442	-0.3762740457048067
25.16904185330554	-0.3761372217962429
25.19379544156687	-0.3760004974829091
25.2185490298282	-0.3758638726528656
25.24330261808954	-0.3757273471944677
25.26805620635087	-0.3755909209963588
25.2928097946122	-0.3754545939474637
25.31756338287354	-0.375318365758022
25.34231697113487	-0.3751822366626695
25.3670705593962	-0.3750462063993291
25.39182414765754	-0.3749102748677999
25.41657773591887	-0.3747744419860288
25.4413313241802	-0.3746387077794962
25.46608491244154	-0.3745031882310249
25.49083850070287	-0.3743675327963706
25.5155920889642	-0.3742320934304011
25.54034567722554	-0.3740967519446159
25.56509926548687	-0.3739615086511319
25.58985285374821	-0.3738263628276589
25.61460644200954	-0.3736913147435761
25.63936003027087	-0.3735563642928023
25.66411361853221	-0.3734215113694764
25.68886720679354	-0.3732867558679602
25.71362079505487	-0.3731520976828411
25.73837438331621	-0.3730175367089348
25.76312797157754	-0.3728830728412884
25.78788155983887	-0.3727487059751829
25.81263514810021	-0.3726144349500999
25.83738873636154	-0.3724802622408016
25.86214232462287	-0.3723461859967663
25.88689591288421	-0.372212206259954
25.91164950114554	-0.3720783229658859
25.93640308940687	-0.3719445360251992
25.96115667766821	-0.3718108453402714
25.98591026592954	-0.371677250810159
26.01066385419087	-0.37154375233243
26.03541744245221	-0.3714103498039527
26.06017103071354	-0.3712770430431168
26.08492461897487	-0.3711438321150105
26.10967820723621	-0.3710107168294547
26.13443179549754	-0.3708776970816306
26.15918538375887	-0.3707447727668778
26.18393897202021	-0.3706119437806948
26.20869256028154	-0.3704792100187398
26.23344614854287	-0.3703465713768315
26.25819973680421	-0.370214027750949
26.28295332506554	-0.370081579037232
26.30770691332688	-0.3699492251288612
26.33246050158821	-0.3698169659288245
26.35721408984954	-0.3696848013306064
26.38196767811088	-0.3695527312309678
26.40672126637221	-0.3694207555268183
26.43147485463354	-0.3692888741152185
26.45622844289488	-0.3691570868933791
26.48098203115621	-0.3690253937586618
26.50573561941754	-0.3688937946085802
26.53048920767888	-0.3687622893407991
26.55524279594021	-0.3686308778433617
26.57999638420154	-0.3684995600345778
26.60474997246288	-0.3683683358028582
26.62950356072421	-0.3682372050464143
26.65425714898554	-0.368106167663565
26.67901073724688	-0.3679752235527347
26.70376432550821	-0.3678443726124515
26.72851791376954	-0.3677136147413445
26.75327150203088	-0.3675829498381418
26.77802509029221	-0.3674523778016675
26.80277867855354	-0.367321898398927
26.82753226681488	-0.367191511790634
26.85228585507621	-0.3670612177598661
26.87703944333754	-0.3669310162101406
26.90179303159888	-0.3668009070467385
26.92654661986021	-0.3666708901781787
26.95130020812154	-0.3665409655196704
26.97605379638288	-0.366411133002519
27.00080738464421	-0.36628139260632
27.02556097290555	-0.3661517445219353
27.05031456116688	-0.3660221853942404
27.07506814942821	-0.3658927199056696
27.09982173768955	-0.3657633460119474
27.12457532595088	-0.3656340636181991
27.14932891421221	-0.3655048726295841
27.17408250247355	-0.3653757729513011
27.19883609073488	-0.3652467644885927
27.22358967899621	-0.3651178471467516
27.24834326725755	-0.3649890208311239
27.27309685551888	-0.3648602854471147
27.29785044378021	-0.3647316406755119
27.32260403204155	-0.3646030869152897
27.34735762030288	-0.3644746238092412
27.37211120856421	-0.3643462512597256
27.39686479682555	-0.3642179691697047
27.42161838508688	-0.3640897774425661
27.44637197334821	-0.3639616759820222
27.47112556160955	-0.3638336646920497
27.49587914987088	-0.3637057434768519
27.52063273813221	-0.3635779122408339
27.54538632639355	-0.3634501707896459
27.57013991465488	-0.3633225192226645
27.59489350291621	-0.363194957356675
27.61964709117755	-0.3630674851009487
27.64440067943888	-0.362940102373135
27.66915426770021	-0.3628128091404543
27.69390785596155	-0.3626861382287188
27.71866144422288	-0.3625584897935357
27.74341503248422	-0.3624314642331197
27.76816862074555	-0.3623045276259526
27.79292220900688	-0.3621776800963607
27.81767579726822	-0.3620509212152279
27.84242938552955	-0.3619242510858376
27.86718297379088	-0.3617976696148719
27.89193656205222	-0.3616711767091978
27.91669015031355	-0.361544772275891
27.94144373857488	-0.3614184562222728
27.96619732683622	-0.3612922284559708
27.99095091509755	-0.3611660888850252
28.01570450335888	-0.3610400374180824
28.04045809162022	-0.3609140742704463
28.06521167988155	-0.3607881987694886
28.08996526814288	-0.3606624110834972
28.11471885640422	-0.3605367111182814
28.13947244466555	-0.3604110987797767
28.16422603292688	-0.3602855739740446
28.18897962118822	-0.3601601366072735
28.21373320944955	-0.360034786585778
28.23848679771088	-0.3599095238159998
28.26324038597222	-0.3597843482045077
28.28799397423355	-0.3596592597000141
28.31274756249488	-0.3595342581208049
28.33750115075622	-0.3594093434171114
28.36225473901755	-0.359284515496541
28.38700832727888	-0.3591597742669564
28.41176191554022	-0.3590351196364641
28.43651550380155	-0.3589105515134042
28.46126909206289	-0.3587860698063412
28.48602268032422	-0.3586616744240554
28.51077626858555	-0.3585373652755363
28.53552985684689	-0.3584131421735354
28.56028344510822	-0.3582890052220635
28.58503703336955	-0.3581649542420391
28.60979062163089	-0.3580409891450777
28.63454420989222	-0.3579171098435245
28.65929779815355	-0.357793316250941
28.68405138641489	-0.3576696082831498
28.70880497467622	-0.3575459858607674
28.73355856293755	-0.3574224489164588
28.75831215119889	-0.3572989974218252
28.78306573946022	-0.3571756300858334
28.80781932772155	-0.3570523487155235
28.83257291598289	-0.356929152427583
28.85732650424422	-0.3568060411358083
28.88208009250555	-0.3566830147541775
28.90683368076689	-0.3565600731968529
28.93158726902822	-0.3564372163781838
28.95634085728955	-0.3563144442127095
28.98109444555089	-0.3561917566151621
29.00584803381222	-0.3560691535004694
29.03060162207355	-0.3559466345826572
29.05535521033489	-0.3558242002082352
29.08010879859622	-0.3557018500743025
29.10486238685755	-0.3555795840934076
29.12961597511889	-0.355457402178306
29.15436956338022	-0.3553353042419374
29.17912315164156	-0.3552132901974093
29.20387673990289	-0.3550913599579867
29.22863032816422	-0.3549695134370832
29.25338391642556	-0.3548477505482555
29.27813750468689	-0.3547260711981571
29.30289109294822	-0.3546044753154995
29.32764468120956	-0.3544829628069269
29.35239826947089	-0.3543615335864432
29.37715185773222	-0.3542401875681646
29.40190544599356	-0.3541189246663198
29.42665903425489	-0.3539977447952499
29.45141262251622	-0.3538766478694076
29.47616621077756	-0.3537556338033576
29.50091979903889	-0.3536347025117759
29.52567338730022	-0.353513853906164
29.55042697556156	-0.3533930879082022
29.57518056382289	-0.3532724044297053
29.59993415208422	-0.3531518033857866
29.62468774034556	-0.3530312846916523
29.64944132860689	-0.3529108482625985
29.67419491686822	-0.3527904940140075
29.69894850512956	-0.3526702218613432
29.72370209339089	-0.3525500317201459
29.74845568165222	-0.3524299235060259
29.77320926991356	-0.3523098971736883
29.79796285817489	-0.3521899525576662
29.82271644643622	-0.3520700896125026
29.84747003469756	-0.3519503082541834
29.87222362295889	-0.3518306083988557
29.89697721122023	-0.3517109899628225
29.92173079948156	-0.3515914528625387
29.94648438774289	-0.3514719970146074
29.97123797600423	-0.3513526223357758
29.99599156426556	-0.3512333287429332
30.02074515252689	-0.3511141161431464
30.04549874078823	-0.35099498447443
30.07025232904956	-0.3508759336440202
30.09500591731089	-0.3507569635692589
30.11975950557223	-0.3506380741675807
30.14451309383356	-0.3505192653565118
30.16926668209489	-0.3504005370536685
30.19402027035623	-0.3502818891767544
30.21877385861756	-0.3501633216435597
30.24352744687889	-0.3500448343719579
30.26828103514023	-0.3499264273178402
30.29303462340156	-0.3498081003187112
30.31778821166289	-0.3496898533326691
30.34254179992423	-0.3495716862784045
30.36729538818556	-0.3494535990747329
30.39204897644689	-0.3493355916405909
30.41680256470823	-0.3492176638950345
30.44155615296956	-0.3490998157572368
30.46630974123089	-0.3489820471464868
30.49106332949223	-0.3488643579821892
30.51581691775356	-0.3487467481813054
30.54057050601489	-0.3486292176688041
30.56532409427623	-0.3485117663618658
30.59007768253756	-0.3483943941803326
30.61483127079889	-0.3482771010441497
30.63958485906023	-0.3481598868733657
30.66433844732156	-0.3480427515881302
30.6890920355829	-0.3479256951086922
30.71384562384423	-0.3478087173553979
30.73859921210556	-0.3476918182486869
30.7633528003669	-0.3475749977019792
30.78810638862823	-0.3474582556498758
30.81285997688956	-0.347341592006939
30.8376135651509	-0.347225006694196
30.86236715341223	-0.3471084996328109
30.88712074167356	-0.3469920707441022
30.9118743299349	-0.3468757199495718
30.93662791819623	-0.3467594471709608
30.96138150645756	-0.3466432523303571
30.9861350947189	-0.3465271353504304
31.01088868298023	-0.3464110953130611
31.03564227124156	-0.3462951337479933
31.0603958595029	-0.3461792498247446
31.08514944776423	-0.3460634434640161
31.10990303602556	-0.3459477145869688
31.1346566242869	-0.3458320631151085
31.15941021254823	-0.3457164889702117
31.18416380080956	-0.3456009920742779
31.2089173890709	-0.3454855723494976
31.23367097733223	-0.3453702297182303
31.25842456559356	-0.3452549642240753
31.2831781538549	-0.34513977550222
31.30793174211623	-0.3450246636570874
31.33268533037756	-0.344909628604345
31.3574389186389	-0.3447946702642133
31.38219250690023	-0.3446797885585398
31.40694609516157	-0.3445649834099132
31.4316996834229	-0.3444502547413316
31.45645327168423	-0.3443356024760576
31.48120685994557	-0.3442210265375488
31.5059604482069	-0.3441065268753081
31.53071403646823	-0.3439921033589627
31.55546762472957	-0.3438777559386827
31.5802212129909	-0.3437634845384894
31.60497480125223	-0.3436492890824961
31.62972838951357	-0.3435351694949018
31.6544819777749	-0.3434211256999807
31.67923556603623	-0.3433071576220619
31.70398915429757	-0.3431932651854889
31.7287427425589	-0.3430794483145271
31.75349633082023	-0.3429657069331322
31.77824991908157	-0.3428520409642282
31.8030035073429	-0.3427384503266726
31.82775709560423	-0.3426249349112355
31.85251068386557	-0.3425114956484135
31.8772642721269	-0.3423981299164519
31.90201786038823	-0.3422848398723834
31.92677144864957	-0.3421716248232207
31.9515250369109	-0.3420584846747987
31.97627862517223	-0.3419454193484552
32.00103221343357	-0.3418324287684735
32.0257858016949	-0.3417195128600898
32.05053938995623	-0.3416066715489706
32.07529297821757	-0.3414939047610333
32.1000465664789	-0.3413812124223731
32.12480015474024	-0.3412685944592299
32.14955374300157	-0.3411560507979701
32.1743073312629	-0.3410435813650784
32.19906091952424	-0.3409311860871519
32.22381450778557	-0.3408188648908969
