0
1000	105.6583745	100000000000000.1
5	0	0	1
5	0	0	0
4.673998997513734	0.03678769122794692
4.701574977808284	0.1361963326676726
4.729150958102834	0.2732758449985881
4.756726938397384	0.4508001763329894
4.784302918691934	0.6705896048095124
4.811878898986484	0.9337890897780623
4.839454879281035	1.241079645040552
4.867030859575585	1.592832419041799
4.894606839870135	1.98921864927014
4.922182820164685	2.430287190052829
4.949758800459235	2.916018748981006
4.977334780753785	3.44636358080056
5.004910761048335	4.021267494977701
5.032486741342885	4.640689627728199
5.060062721637435	5.304614417563922
5.087638701931986	6.013059505828693
5.115214682226536	6.766080778016467
5.142790662521086	7.563775405944098
5.170366642815636	8.406283500394537
5.197942623110186	9.293788807100494
5.225518603404736	10.22651875379566
5.253094583699286	11.20474406719256
5.280670563993836	12.22877811539142
5.308246544288386	13.29897608592365
5.335822524582936	14.41573407719618
5.363398504877487	15.57948815776028
5.390974485172037	16.79071343108466
5.418550465466587	18.04992313144573
5.446126445761137	19.35766776789044
5.473702426055687	20.71453432702068
5.501278406350237	22.12125493608561
5.528854386644787	23.57855468050121
5.556430366939337	25.08681481864557
5.584006347233887	26.64685123210441
5.611582327528438	28.25953614233617
5.639158307822988	29.92545459982952
5.666734288117538	31.64532238064713
5.694310268412088	33.42035383779869
5.721886248706638	35.25121846971739
5.749462229001188	37.13881172086809
5.777038209295738	39.08431541670887
5.804614189590288	41.08854868134755
5.832190169884838	43.15272870150942
5.859766150179389	45.27776015308334
5.887342130473939	47.46475230546559
5.914918110768489	49.71525381579622
5.942494091063039	52.02993834431852
5.970070071357589	54.41044928742186
5.997646051652139	56.85793249987025
6.025222031946689	59.37377184974074
6.052798012241239	61.95964754167998
6.080373992535789	64.61663858402291
6.107949972830339	67.34658349079614
6.13552595312489	70.15040353898605
6.16310193341944	73.03020516291717
6.19067791371399	75.9871451287583
6.21825389400854	79.02319418076662
6.24582987430309	82.14031404256922
6.27340585459764	85.33965056531332
6.30098183489219	88.62370910651613
6.32855781518674	91.9937835816247
6.35613379548129	95.45239655249112
6.383709775775841	99.0016870258675
6.411285756070391	102.6435868939199
6.438861736364941	106.3801859804616
6.466437716659491	110.2142770836996
6.494013696954041	114.1477509021024
6.521589677248591	118.1836201421711
6.549165657543141	122.324069836628
6.576741637837691	126.5713399597034
6.604317618132241	130.9286548608205
6.631893598426791	135.3980690560469
6.659469578721342	139.9832770928059
6.687045559015892	144.6869163381066
6.714621539310442	149.5117547481359
6.742197519604992	154.4609379511777
6.769773499899542	159.5380146746405
6.797349480194092	164.7456851383302
6.824925460488642	170.0871630793763
6.852501440783192	175.566702354056
6.880077421077742	181.187683139099
6.907653401372293	186.9529843478053
6.935229381666843	192.867177730906
6.962805361961393	198.9332246879385
6.990381342255943	205.1562595767084
7.017957322550493	211.5395290837402
7.045533302845043	218.0867936004234
7.073109283139593	224.80334679994
7.100685263434143	231.6929984079062
7.128261243728693	238.7604688468603
7.155837224023244	246.0100858076315
7.183413204317794	253.4470592543122
7.210989184612344	261.076164969775
7.238565164906894	268.9021442981621
7.266141145201444	276.9299239592744
7.293717125495994	285.1662208943835
7.321293105790544	293.6145496602286
7.348869086085094	302.2818075559894
7.376445066379644	311.1736316315587
7.404021046674194	320.295745280212
7.431597026968745	329.6538933895368
7.459173007263295	339.2544853020787
7.486748987557845	349.1037032620564
7.514324967852395	359.2096964612911
7.541900948146945	369.5770145354567
7.569476928441495	380.2138527365
7.597052908736045	391.1266892465584
7.624628889030595	402.3228101081058
7.652204869325145	413.8109363820558
7.679780849619696	425.5970059251076
7.707356829914246	437.6901661837589
7.734932810208796	450.098731873233
7.762508790503346	462.8296867055859
7.790084770797896	475.8931582694893
7.817660751092446	489.2970711809609
7.845236731386996	503.0503154871517
7.872812711681546	517.1625331257356
7.900388691976096	531.6431689639505
7.927964672270646	546.5021479533985
7.955540652565197	561.7497937666799
7.983116632859747	577.3953470412849
8.010692613154298	593.4497452846795
8.038268593448848	609.9214770094501
8.065844573743398	626.8313842337939
8.093420554037948	644.1792210973731
8.120996534332498	662.0103307091532
8.148572514627048	680.253782528502
8.176148494921598	699.0016644769297
8.203724475216148	718.2439840182748
8.231300455510699	737.9887535450226
8.258876435805249	758.2637421816728
8.286452416099799	779.0483019580702
8.314028396394349	800.3861302382469
8.341604376688899	822.2930408854071
8.369180356983449	844.7678333423435
8.396756337277999	867.8393686481907
8.424332317572549	891.5125371805988
8.451908297867099	915.8128393256071
8.47948427816165	940.7493419500771
8.5070602584562	966.3445534449662
8.53463623875075	992.6102781278457
8.5622122190453	1019.569390880303
8.58978819933985	1047.238448020356
8.6173641796344	1075.638324448919
8.64494015992895	1104.785010754913
8.6725161402235	1134.700028034387
8.70009212051805	1165.400446130721
8.7276681008126	1196.91849026504
8.755244081107151	1229.303520449042
8.782820061401701	1262.462041661179
8.810396041696251	1296.540321737538
8.837972021990801	1331.51050169285
8.865548002285351	1367.41158766851
8.893123982579901	1404.250708300434
8.920699962874451	1442.073702349408
8.948275943169001	1480.890363302428
8.975851923463551	1520.733086790072
9.003427903758102	1561.628669238452
9.031003884052652	1603.602603388921
9.058579864347202	1646.689837030557
9.086155844641752	1690.915146480244
9.113731824936302	1736.305074424695
9.141307805230852	1782.900841951335
9.168883785525402	1830.866236034244
9.196459765819952	1879.813894719529
9.224035746114502	1930.202810549854
9.251611726409052	1981.91678904576
9.279187706703603	2035.009076506479
9.306763686998153	2089.49111259682
9.334339667292703	2145.427650532391
9.361915647587253	2202.84289090067
9.389491627881803	2261.771170147998
9.417067608176353	2322.254718660676
9.444643588470903	2384.349696550182
9.472219568765453	2448.073501001715
9.499795549060003	2513.481833728609
9.527371529354554	2580.62692749896
9.554947509649104	2649.544809350197
9.582523489943654	2720.432824305949
9.610099470238204	2792.888718816437
9.637675450532754	2867.417785817442
9.665251430827304	2943.915070336715
9.692827411121854	3022.426663243552
9.720403391416404	3103.018347271672
9.747979371710954	3185.738035246683
9.775555352005505	3270.632866616629
9.803131332300055	3357.781647497088
9.830707312594605	3447.226573202699
9.858283292889155	3539.028500301784
9.885859273183705	3633.250296572319
9.913435253478255	3729.961532197223
9.941011233772805	3829.21880388108
9.968587214067355	3931.108030014891
9.996163194361905	4035.650313600787
10.02373917465646	4142.961027072874
10.05131515495101	4253.101716286039
10.07889113524556	4366.169343377914
10.10646711554011	4482.147433040492
10.13404309583466	4601.205165539413
10.16161907612921	4723.394798329214
10.18919505642376	4848.817166732608
10.21677103671831	4977.480330824187
10.24434701701286	5109.553322047869
10.27192299730741	5245.087809620488
10.29949897760196	5384.176029649906
10.32707495789651	5526.902586785346
10.35465093819106	5673.374592619002
10.38222691848561	5823.677496638069
10.40980289878016	5977.916748837895
10.43737887907471	6136.17137258866
10.46495485936926	6298.575288356353
10.49253083966381	6465.214703728872
10.52010681995836	6636.211378420488
10.54768280025291	6811.6389035893
10.57525878054746	6991.644609192838
10.60283476084201	7176.339929278581
10.63041074113656	7365.839058771958
10.65798672143111	7560.251048413177
10.68556270172566	7759.73461440794
10.71313868202021	7964.345733708196
10.74071466231476	8174.284247160579
10.76829064260931	8389.647943998874
10.79586662290386	8610.582142209925
10.82344260319841	8837.232697430427
10.85101858349296	9069.703982047107
10.87859456378751	9308.177149003994
10.90617054408206	9552.789692373708
10.93374652437661	9803.68869542476
10.96132250467116	10061.02819064421
10.98889848496571	10324.96244895046
11.01647446526026	10595.65753891253
11.04405044555481	10873.27593409048
11.07162642584936	11157.9808222074
11.09920240614391	11449.94434933417
11.12677838643846	11749.26661126404
11.15435436673301	12056.34319914432
11.18193034702756	12371.14275390649
11.20950632732211	12693.91600801626
11.23708230761666	13024.85451563008
11.26465828791121	13364.13992064216
11.29223426820576	13711.98877161688
11.31981024850031	14068.59417376004
11.34738622879486	14434.14917899595
11.37496220908941	14808.86642738066
11.40253818938396	15192.96738130844
11.43011416967851	15586.63637526418
11.45769014997306	15990.10573903945
11.48526613026761	16403.63593910474
11.51284211056216	16827.40938858294
11.54041809085671	17261.6709364577
11.56799407115126	17706.64794638266
11.59557005144581	18162.58973924452
11.62314603174036	18629.75073611361
11.65072201203491	19108.31934682793
11.67829799232946	19598.61076893567
11.70587397262401	20100.87480197949
11.73344995291856	20615.30566124776
11.76102593321311	21142.23092029368
11.78860191350766	21681.89370302872
11.81617789380221	22234.52603177282
11.84375387409676	22800.51074340753
11.87132985439131	23380.01272428532
11.89890583468586	23973.36606833074
11.92648181498041	24580.83318127575
11.95405779527496	25202.71096931366
11.98163377556951	25839.28989826379
12.00920975586406	26490.95180804463
12.03678573615861	27157.7432842631
12.06436171645316	27840.193304907
12.09193769674771	28538.55749603685
12.11951367704226	29253.12768419756
12.14708965733681	29984.2147047266
12.17466563763136	30732.13237607813
12.20224161792591	31497.19763358104
12.22981759822046	32279.71004002439
12.25739357851501	33080.02985711551
12.28496955880956	33898.45178711027
12.31254553910411	34735.30496051313
12.34012151939866	35590.91682534086
12.36769749969321	36465.61937751072
12.39527347998776	37359.74188138741
12.42284946028231	38273.60718665225
12.45042544057686	39207.55447970376
12.47800142087141	40161.92701189861
12.50557740116597	41137.04708517398
12.53315338146052	42133.25182784197
12.56072936175507	43150.87757597611
12.58830534204962	44190.26135708702
12.61588132234417	45251.72603202642
12.64345730263872	46335.6222285171
12.67103328293327	47442.21966804326
12.69860926322782	48572.01400794788
12.72618524352237	49725.18065161884
12.75376122381692	50902.0966135811
12.78133720411147	52103.09017418513
12.80891318440602	53328.47603080737
12.83648916470057	54578.60948968438
12.86406514499512	55853.7793156748
12.89164112528967	57154.31177062961
12.91921710558422	58480.48675494287
12.94679308587877	59832.71115834204
12.97436906617332	61211.19818591324
13.00194504646787	62616.27605503322
13.02952102676242	64048.23537875905
13.05709700705697	65507.3806866507
13.08467298735152	66993.9873372321
13.11224896764607	68508.33666029606
13.13982494794062	70050.70258446249
13.16740092823517	71621.3523293186
13.19497690852972	73220.54133680605
13.22255288882427	74848.53468699993
13.25012886911882	76505.59460546086
13.27770484941337	78191.88042953754
13.30528082970792	79907.70443682071
13.33285681000247	81653.25780509974
13.36043279029702	83428.75600415903
13.38800877059157	85234.40229444965
13.41558475088612	87070.39025253417
13.44316073118067	88936.90529622219
13.47073671147522	90834.113869764
13.49831269176977	92762.19426831161
13.52588867206432	94721.31095806934
13.55346465235887	96711.58487044141
13.58104063265342	98733.1587023333
13.60861661294797	100786.1574474602
13.63619259324252	102870.6883054669
13.66376857353707	104986.8538331876
13.69134455383162	107134.7436084426
13.71892053412617	109314.4345606757
13.74649651442072	111526.021940021
13.77407249471527	113769.4612392384
13.80164847500982	116044.9087266366
13.82922445530437	118352.3452308797
13.85680043559892	120691.7926480083
13.88437641589347	123063.2562521726
13.91195239618802	125466.7318450478
13.93952837648257	127902.2014257423
13.96710435677712	130369.634973964
13.99468033707167	132868.9906348263
14.02225631736622	135400.1710059296
14.04983229766077	137963.2380257711
14.07740827795532	140557.9592343949
14.10498425824987	143184.3711985265
14.13256023854442	145842.2934938891
14.16013621883897	148531.637890457
14.18771219913352	151252.2805624153
14.21528817942807	154004.0896236598
14.24286415972262	156786.918193823
14.27044014001717	159600.6103365466
14.29801612031172	162445.0051467499
14.32559210060627	165319.9085349646
14.35316808090082	168225.1558319507
14.38074406119537	171160.541352117
14.40832004148992	174125.8824909185
14.43589602178447	177120.8811723147
14.46347200207902	180145.4134054257
14.49104798237357	183199.2031073165
14.51862396266812	186282.0112825828
14.54619994296267	189393.5919927363
14.57377592325722	192533.6868785544
14.60135190355177	195702.0342252768
14.62892788384632	198898.3538920101
14.65650386414087	202122.3829623954
14.68407984443542	205373.8306388943
14.71165582472997	208652.4064654721
14.73923180502452	211957.8150727578
14.76680778531907	215289.7540607911
14.79438376561362	218647.8994388822
14.82195974590817	222031.9949598349
14.84953572620272	225441.6778421956
14.87711170649727	228876.640067057
14.90468768679182	232336.5576117646
14.93226366708637	235821.1138688528
14.95983964738092	239329.9574504212
14.98741562767547	242862.7845777655
15.01499160797002	246419.2438841108
15.04256758826457	249999.0029475525
15.07014356855912	253601.7240802129
15.09771954885368	257227.0683310808
15.12529552914823	260874.6944304913
15.15287150944278	264544.2588808695
15.18044748973733	268235.6189711202
15.20802347003188	271947.8270992079
15.23559945032643	275681.1589686125
15.26317543062098	279435.0616762271
15.29075141091553	283209.0256714289
15.31832739121008	287003.1969021238
15.34590337150463	290816.7532618467
15.37347935179918	294649.5195047549
15.40105533209373	298501.1527908436
15.42863131238828	302371.3183347196
15.45620729268283	306259.6777715025
15.48378327297738	310165.8973660307
15.51135925327193	314089.6592026885
15.53893523356648	318030.625080863
15.56651121386103	321988.4706730572
15.59408719415558	325962.870504374
15.62166317445013	329953.4743039472
15.64923915474468	333960.0464058607
15.67681513503923	337982.199177369
15.70439111533378	342019.6496213929
15.73196709562833	346072.0808500006
15.75954307592288	350139.1724227013
15.78711905621743	354220.6543728343
15.81469503651198	358316.2140110494
15.84227101680653	362425.5566040165
15.86984699710108	366548.391047737
15.89742297739563	370684.4299535995
15.92499895769018	374833.3754577722
15.95257493798473	378994.9780943673
15.98015091827928	383168.9466609982
16.00772689857383	387355.0097072507
16.03530287886838	391552.9018605772
16.06287885916293	395762.4474084866
16.09045483945748	399983.0658762259
16.11803081975203	404214.8841688975
16.14560680004658	408457.4885734872
16.17318278034113	412710.6397856944
16.20075876063568	416974.0867193416
16.22833474093023	421247.6054032568
16.25591072122478	425530.9559971894
16.28348670151933	429823.9098847677
16.31106268181388	434126.2375940169
16.33863866210843	438437.7037043725
16.36621464240298	442758.1063771932
16.39379062269753	447087.227406079
16.42136660299208	451424.858858352
16.44894258328663	455770.7893661409
16.47651856358118	460124.8162804905
16.50409454387573	464486.7181738782
16.53167052417028	468856.3421128712
16.55924650446483	473233.4753517336
16.58682248475938	477617.8686971344
16.61439846505393	482009.5095689184
16.64197444534848	486408.0638949609
16.66955042564303	490813.3993895925
16.69712640593758	495225.3443192793
16.72470238623213	499643.7332916365
16.75227836652668	504068.390581681
16.77985434682123	508499.1636596654
16.80743032711578	512935.8913067738
16.83500630741033	517378.4209203665
16.86258228770488	521826.5989604853
16.89015826799943	526280.2691708317
16.91773424829398	530739.2963507746
16.94531022858853	535203.5432548802
16.97288620888308	539672.8496322605
17.00046218917763	544147.1064907567
17.02803816947218	548626.1625828296
17.05561414976673	553109.8923921376
17.08319013006128	557598.1799224376
17.11076611035583	562090.8833813187
17.13834209065038	566589.5586633177
17.16591807094493	571089.0740025131
17.19349405123948	575594.3435064538
17.22107003153403	580103.5675838139
17.24864601182858	584616.6446367631
17.27622199212313	589133.4579444424
17.30379797241768	593653.8996249514
17.33137395271223	598177.8838374062
17.35894993300678	602705.2932077714
17.38652591330133	607236.0363144432
17.41410189359588	611770.0305448506
17.44167787389043	616307.1605769935
17.46925385418498	620847.3311493675
17.49682983447953	625390.5024530304
17.52440581477408	629936.5430853785
17.55198179506863	634485.3868883834
17.57955777536318	639036.9388548475
17.60713375565773	643591.1228650642
17.63470973595228	648147.8652013334
17.66228571624683	652707.0953378672
17.68986169654139	657268.7261774519
17.71743767683594	661832.6875025865
17.74501365713049	666399.0763433729
17.77258963742504	670967.3281117062
17.80016561771959	675537.8868134706
17.82774159801414	680110.510677455
17.85531757830869	684685.1215374899
17.88289355860324	689261.6743110556
17.91046953889779	693840.0964230949
17.93804551919234	698420.3386531511
17.96562149948689	703002.3414203585
17.99319747978144	707586.0427862172
18.02077346007599	712171.3880920592
18.04834944037054	716758.3254479322
18.07592542066509	721346.8260533699
18.10350140095964	725936.7998082394
18.13107738125419	730528.2374031767
18.15865336154874	735121.0498850638
18.18622934184329	739715.2241129513
18.21380532213784	744310.6986086287
18.24138130243239	748907.4270539975
18.26895728272694	753505.3737449475
18.29653326302149	758104.4927601003
18.32410924331604	762704.7409207725
18.35168522361059	767306.092884918
18.37926120390514	771908.4944281867
18.40683718419969	776511.9295698628
18.43441316449424	781116.289863433
18.46198914478879	785721.6396994382
18.48956512508334	790327.8936425769
18.51714110537789	794935.013909351
18.54471708567244	799542.9705462506
18.57229306596699	804151.7415866534
18.59986904626154	808761.2655426629
18.62744502655609	813371.5881314666
18.65502100685064	817982.602702713
18.68259698714519	822594.3051525198
18.71017296743974	827206.6700337831
18.73774894773429	831819.6643062372
18.76532492802884	836433.2669557126
18.79290090832339	841047.4396063338
18.82047688861794	845662.1689538647
18.84805286891249	850277.4330280403
18.87562884920704	854893.2014016723
18.90320482950159	859509.4500587248
18.93078080979614	864126.1664038565
18.95835679009069	868743.3188425936
18.98593277038524	873360.8836844979
19.01350875067979	877978.840020136
19.04108473097434	882597.1746881525
19.06866071126889	887215.8608205725
19.09623669156344	891834.8694074849
19.12381267185799	896454.2050009221
19.15138865215254	901073.883254915
19.17896463244709	905693.7270787725
19.20654061274164	910313.9309879321
19.23411659303619	914934.3756758682
19.26169257333074	919555.0097132259
19.28926855362529	924175.8843887415
19.31684453391984	928796.9526637567
19.34442051421439	933418.1874617116
19.37199649450894	938039.582824655
19.39957247480349	942661.1615517704
19.42714845509804	947282.8728707338
19.45472443539259	951904.6675816334
19.48230041568714	956526.6124563301
19.50987639598169	961148.6681621079
19.53745237627624	965770.8103652617
19.56502835657079	970392.9832074718
19.59260433686534	975015.2611898183
19.62018031715989	979637.5894025518
19.64775629745444	984259.9334274484
19.67533227774899	988882.2831207948
19.70290825804354	993504.6821042689
19.73048423833809	998127.1000111124
19.75806021863264	1002749.48320586
19.78563619892719	1007371.867814638
19.81321217922174	1011994.228954254
19.84078815951629	1016616.564456553
19.86836413981084	1021238.850947904
19.89594012010539	1025861.101434213
19.92351610039994	1030483.280746501
19.95109208069449	1035105.400766158
19.97866806098904	1039727.452079875
20.00624404128359	1044349.335739529
20.03382002157814	1048971.213576762
20.06139600187269	1053592.978505443
20.08897198216724	1058214.62616074
20.11654796246179	1062836.164961726
20.14412394275634	1067457.584613405
20.17169992305089	1072078.879774274
20.19927590334544	1076700.030146027
20.22685188363999	1081321.045556832
20.25442786393454	1085941.910500816
20.2820038442291	1090562.624806642
20.30957982452365	1095183.197004637
20.3371558048182	1099803.576131822
20.36473178511275	1104423.786437806
20.3923077654073	1109043.826051096
20.41988374570185	1113663.681910568
20.4474597259964	1118283.344015611
20.47503570629095	1122902.825528147
20.5026116865855	1127522.094867077
20.53018766688005	1132141.17330707
20.5577636471746	1136760.034848928
20.58533962746915	1141378.70777613
20.6129156077637	1145997.130193281
20.64049158805825	1150615.344715499
20.6680675683528	1155233.345079819
20.69564354864735	1159851.097138627
20.7232195289419	1164468.633154961
20.75079550923645	1169085.907084674
20.778371489531	1173702.958031147
20.80594746982555	1178319.74784409
20.8335234501201	1182936.311109591
20.86109943041465	1187552.60918174
20.8886754107092	1192168.645230472
20.91625139100375	1196784.518859826
20.9438273712983	1201399.926374244
20.97140335159285	1206015.186058641
20.9989793318874	1210630.169169352
21.02655531218195	1215244.879904994
21.0541312924765	1219859.29014184
21.08170727277105	1224473.449195919
21.1092832530656	1229087.31553241
21.13685923336015	1233700.899036961
21.1644352136547	1238314.181075945
21.19201119394925	1242927.196528233
21.2195871742438	1247539.897760142
21.24716315453835	1252152.307846222
21.2747391348329	1256764.421929439
21.30231511512745	1261376.224901457
21.329891095422	1265987.733600802
21.35746707571655	1270598.954790617
21.3850430560111	1275209.804667557
21.41261903630565	1279820.409255312
21.4401950166002	1284430.700551247
21.46777099689475	1289040.60651596
21.4953469771893	1293650.257921771
21.52292295748385	1298259.586951834
21.5504989377784	1302868.558009981
21.57807491807295	1307477.234764491
21.6056508983675	1312085.58624786
21.63322687866205	1316693.567485997
21.6608028589566	1321301.261092703
21.68837883925115	1325908.613284125
21.7159548195457	1330515.629349303
21.74353079984025	1335122.315113272
21.7711067801348	1339728.655075316
21.79868276042935	1344334.667665748
21.8262587407239	1348940.321295022
21.85383472101845	1353545.651883462
21.881410701313	1358150.624922251
21.90898668160755	1362755.262296899
21.9365626619021	1367359.544534011
21.96413864219665	1371963.606639667
21.9917146224912	1376567.043082088
22.01929060278575	1381170.272415863
22.0468665830803	1385773.183205312
22.07444256337485	1390375.697739813
22.1020185436694	1394977.869598557
22.12959452396395	1399579.675475148
22.1571705042585	1404181.114609037
22.18474648455305	1408782.207548853
22.2123224648476	1413382.948432997
22.23989844514215	1417983.319501972
22.2674744254367	1422583.316638381
22.29505040573125	1427182.948411045
22.3226263860258	1431782.209115084
22.35020236632035	1436381.104668313
22.3777783466149	1440979.639002033
22.40535432690945	1445577.792203272
22.432930307204	1450175.573685435
22.46050628749855	1454772.986559093
22.4880822677931	1459370.015059903
22.51565824808765	1463966.705050904
22.5432342283822	1468562.94872339
22.57081020867675	1473158.898555609
22.5983861889713	1477754.384053189
22.62596216926585	1482349.529279236
22.6535381495604	1486944.296357039
22.68111412985495	1491538.672033605
22.7086901101495	1496132.656020193
22.73626609044405	1500726.268078622
22.7638420707386	1505319.500726931
22.79141805103315	1509912.34795871
22.8189940313277	1514504.790817528
22.84657001162225	1519096.844487907
22.87414599191681	1523688.518505024
22.90172197221136	1528279.796146946
22.92929795250591	1532870.672864359
22.95687393280046	1537461.16020459
22.98444991309501	1542051.255836265
23.01202589338956	1546640.958873404
23.03960187368411	1551230.267959087
23.06717785397866	1555819.181896117
23.09475383427321	1560407.686720219
23.12232981456776	1564995.787310215
23.14990579486231	1569583.550353504
23.17748177515686	1574170.759224981
23.20505775545141	1578757.687253113
23.23263373574596	1583344.221000141
23.26020971604051	1587930.26895914
23.28778569633506	1592515.99315598
23.31536167662961	1597101.239922625
23.34293765692416	1601686.150810961
23.37051363721871	1606270.616522359
23.39808961751326	1610854.681089412
23.42566559780781	1615438.332282003
23.45324157810236	1620021.561848042
23.48081755839691	1624604.383423998
23.50839353869146	1629186.792043834
23.53596951898601	1633768.784914427
23.56354549928056	1638350.369451634
23.59112147957511	1642931.547729053
23.61869745986966	1647512.300002961
23.64627344016421	1652092.633779867
23.67384942045876	1656672.534821297
23.70142540075331	1661252.036364645
23.72900138104786	1665831.102919104
23.75657736134241	1670409.767837545
23.78415334163696	1674987.990385073
23.81172932193151	1679565.763733203
23.83930530222606	1684143.18294761
23.86688128252061	1688720.125471972
23.89445726281516	1693296.671711048
23.92203324310971	1697872.789931746
23.94960922340426	1702448.457462009
23.97718520369881	1707023.708945502
24.00476118399336	1711598.538185855
24.03233716428791	1716172.900242221
24.05991314458246	1720746.870302835
24.08748912487701	1725320.376240798
24.11506510517156	1729893.475655289
24.14264108546611	1734466.137784426
24.17021706576066	1739038.383342772
24.19779304605521	1743610.15336761
24.22536902634976	1748181.51494102
24.25294500664431	1752752.438148696
24.28052098693886	1757322.906919494
24.30809696723341	1761892.931014248
24.33567294752796	1766462.523601953
24.36324892782251	1771031.657460247
24.39082490811706	1775600.381164879
24.41840088841161	1780168.660258173
24.44597686870616	1784736.496007814
24.47355284900071	1789303.872251166
24.50112882929526	1793870.812111096
24.52870480958981	1798437.416187806
24.55628078988436	1803003.321758715
24.58385677017891	1807568.915180303
24.61143275047346	1812134.044216712
24.63900873076801	1816698.732459291
24.66658471106256	1821262.990261599
24.69416069135711	1825826.783440348
24.72173667165166	1830390.123305174
24.74931265194621	1834953.000434408
24.77688863224076	1839515.471859136
24.80446461253531	1844077.433722192
24.83204059282986	1848638.948552931
24.85961657312441	1853200.018940552
24.88719255341896	1857760.640842887
24.91476853371351	1862320.724224725
24.94234451400806	1866880.395777599
24.96992049430261	1871439.623640114
24.99749647459716	1875998.409483575
25.02507245489171	1880556.714439722
25.05264843518626	1885114.54315148
25.08022441548081	1889671.916269504
25.10780039577536	1894228.830275908
25.13537637606991	1898785.252607214
25.16295235636446	1903341.204684092
25.19052833665901	1907896.715038005
25.21810431695356	1912451.731600606
25.24568029724811	1917006.312371208
25.27325627754266	1921560.423107854
25.30083225783721	1926114.047965255
25.32840823813176	1930667.186144751
25.35598421842631	1935219.857058682
25.38356019872086	1939772.067956448
25.41113617901541	1944323.792068616
25.43871215930996	1948875.001663245
25.46628813960452	1953425.769610317
25.49386411989907	1957976.049841499
25.52144010019362	1962525.886022825
25.54901608048817	1967075.229006684
25.57659206078272	1971624.081138866
25.60416804107727	1976172.462612055
25.63174402137182	1980720.341946048
25.65932000166637	1985267.743999266
25.68689598196092	1989814.634793998
25.71447196225547	1994361.06361251
25.74204794255002	1998906.994670038
25.76962392284457	2003452.426414147
25.79719990313912	2007997.422175441
25.82477588343367	2012541.898531063
25.85235186372822	2017085.908980989
25.87992784402277	2021629.404168049
25.90750382431732	2026172.40610459
25.93507980461187	2030714.901939262
25.96265578490642	2035256.900730889
25.99023176520097	2039798.40974495
26.01780774549552	2044339.410412439
26.04538372579007	2048879.929172847
26.07295970608462	2053419.985562113
26.10053568637917	2057959.531238531
26.12811166667372	2062498.385354785
26.15568764696827	2067037.073281418
26.18326362726282	2071575.097204581
26.21083960755737	2076112.61438756
26.23841558785192	2080649.614926383
26.26599156814647	2085186.104183658
26.29356754844102	2089722.010790688
26.32114352873557	2094257.519587054
26.34871950903012	2098792.527283457
26.37629548932467	2103327.029357867
26.40387146961922	2107861.00257617
26.43144744991377	2112394.476718313
26.45902343020832	2116927.415801031
26.48659941050287	2121459.815264069
26.51417539079742	2125991.711636985
26.54175137109197	2130523.051645983
26.56932735138652	2135053.881770236
26.59690333168107	2139584.217467637
26.62447931197562	2144114.108931068
26.65205529227017	2148643.485009545
26.67963127256472	2153172.338810627
26.70720725285927	2157700.655930246
26.73478323315382	2162228.427193477
26.76235921344837	2166755.643934553
26.78993519374292	2171282.29746835
26.81751117403747	2175808.371970252
26.84508715433202	2180333.810830811
26.87266313462657	2184858.790899572
26.90023911492112	2189383.411783366
26.92781509521567	2193907.513336468
26.95539107551022	2198431.091233885
26.98296705580477	2202954.140834557
27.01054303609932	2207476.657286892
27.03811901639387	2211998.635639986
27.06569499668842	2216520.070937778
27.09327097698297	2221040.958339266
27.12084695727752	2225561.293264047
27.14842293757207	2230080.910398487
27.17599891786662	2234599.909996337
27.20357489816117	2239118.475359057
27.23115087845572	2243636.548360252
27.25872685875027	2248154.112403757
27.28630283904482	2252671.15868821
27.31387881933937	2257187.678526688
27.34145479963392	2261703.665851956
27.36903077992847	2266219.104608746
27.39660676022302	2270733.986104386
27.42418274051757	2275248.233419961
27.45175872081212	2279761.896871709
27.47933470110667	2284274.998405743
27.50691068140122	2288787.585318723
27.53448666169577	2293299.599976992
27.56206264199032	2297811.083133193
27.58963862228487	2302322.029287098
27.61721460257942	2306832.398220673
27.64479058287397	2311342.222711292
27.67236656316852	2315851.474560334
27.69994254346307	2320360.116939487
27.72751852375762	2324868.162485959
27.75509450405217	2329375.654009551
27.78267048434672	2333882.58267785
27.81024646464127	2338388.953696424
27.83782244493582	2342894.753727312
27.86539842523037	2347400.004875318
27.89297440552492	2351904.60758782
27.92055038581947	2356408.753312636
27.94812636611402	2360912.292360214
27.97570234640857	2365415.287268895
28.00327832670312	2369917.441388962
28.03085430699767	2374419.237785513
28.05843028729223	2378920.402475385
28.08600626758678	2383420.978394876
28.11358224788133	2387920.980265288
28.14115822817588	2392420.394838239
28.16873420847043	2396919.248343345
28.19631018876498	2401417.479338937
28.22388616905953	2405915.15540854
28.25146214935408	2410412.167999727
28.27903812964863	2414908.597089493
28.30661410994318	2419404.444702327
28.33419009023773	2423899.65983362
28.36176607053228	2428394.309543488
28.38934205082683	2432888.347653352
28.41691803112138	2437381.812904605
28.44449401141593	2441874.659411155
28.47206999171048	2446366.907221211
28.49964597200503	2450858.568956478
28.52722195229958	2455349.590228261
28.55479793259413	2459839.999156577
28.58237391288868	2464329.740978649
28.60994989318323	2468818.924808587
28.63752587347778	2473307.507282683
28.66510185377233	2477795.448559763
28.69267783406688	2482282.764223702
28.72025381436143	2486769.482582159
28.74782979465598	2491255.597445362
28.77540577495053	2495741.083256636
28.80298175524508	2500225.883048528
28.83055773553963	2504710.117912383
28.85813371583418	2509193.669666602
28.88570969612873	2513676.594420654
28.91328567642328	2518158.933844428
28.94086165671783	2522640.629575592
28.96843763701238	2527121.689549897
28.99601361730693	2531602.13267516
29.02358959760148	2536082.003504657
29.05116557789603	2540561.235153683
29.07874155819058	2545038.428823901
29.10631753848513	2549516.452355105
29.13389351877968	2553993.722120808
29.16146949907423	2558470.316589985
29.18904547936878	2562946.246384371
29.21662145966333	2567421.493916286
29.24419743995788	2571896.181183116
29.27177342025243	2576370.130448241
29.29934940054698	2580843.453329076
29.32692538084153	2585316.141587536
29.35450136113608	2589788.204365088
29.38207734143063	2594259.646551934
29.40965332172518	2598729.449398706
29.43722930201973	2603199.472882674
29.46480528231428	2607668.87095063
29.49238126260883	2612137.560606362
29.51995724290338	2616605.591315432
29.54753322319793	2621072.927712901
29.57510920349248	2625539.630597626
29.60268518378703	2630005.666028314
29.63026116408158	2634471.038018907
29.65783714437613	2638935.722197962
29.68541312467068	2643399.83501831
29.71298910496523	2647861.812646805
29.74056508525978	2652324.565143668
29.76814106555433	2656786.485880885
29.79571704584888	2661247.80360742
29.82329302614343	2665708.345709058
29.85086900643798	2670168.25749011
29.87844498673253	2674627.456634061
29.90602096702708	2679085.96666965
29.93359694732163	2683543.730095931
29.96117292761618	2688000.884553745
29.98874890791073	2692457.3174306
30.01632488820528	2696913.241904357
30.04390086849983	2701366.903829684
30.07147684879438	2705821.28193326
30.09905282908893	2710274.957896436
30.12662880938348	2714727.92016318
30.15420478967803	2719180.103312526
30.18178076997258	2723631.670363072
30.20935675026713	2728082.849714945
30.23693273056168	2732532.386616303
30.26450871085623	2736981.783333851
30.29208469115078	2741430.424944547
30.31966067144533	2745878.379342926
30.34723665173988	2750325.720646344
30.37481263203443	2754771.314912025
30.40238861232898	2759217.123948512
30.42996459262353	2763662.197965334
30.45754057291808	2768106.535491094
30.48511655321263	2772550.111194416
30.51269253350718	2776992.951704998
30.54026851380173	2781435.064613516
30.56784449409628	2785876.426604925
30.59542047439083	2790317.096530313
30.62299645468539	2794757.053377202
30.65057243497994	2799196.28337225
30.67814841527449	2803634.922224359
30.70572439556904	2808071.174145071
30.73330037586359	2812508.33164152
30.76087635615814	2816944.473615764
30.78845233645269	2821379.993529201
30.81602831674724	2825814.72101869
30.84360429704179	2830248.694059299
30.87118027733634	2834681.893825198
30.89875625763089	2839114.319922941
30.92633223792544	2843546.015796892
30.95390821821999	2847976.980548951
30.98148419851454	2852407.202002583
31.00906017880909	2856836.687249857
31.03663615910364	2861265.539565101
31.06421213939819	2865692.024616607
31.09178811969274	2870119.233428061
31.11936409998729	2874545.6663154
31.14694008028184	2878971.535119804
31.17451606057639	2883395.888521426
31.20209204087094	2887820.007947685
31.22966802116549	2892243.322652138
31.25724400146004	2896665.828074247
31.28481998175459	2901087.543791288
31.31239596204914	2905508.472547073
31.33997194234369	2909928.634577628
31.36754792263824	2914348.027222923
31.39512390293279	2918766.734238313
31.42269988322734	2923183.618366988
31.45027586352189	2927600.790574603
31.47785184381644	2932016.995132804
31.50542782411099	2936432.246506352
31.53300380440554	2940846.962260228
31.56057978470009	2945260.818522183
31.58815576499464	2949673.816701154
31.61573174528919	2954086.058887294
31.64330772558374	2958497.533635562
31.67088370587829	2962908.174566044
31.69845968617284	2967318.034977997
31.72603566646739	2971727.116662709
31.75361164676194	2976135.493973152
31.78118762705649	2980541.522586764
31.80876360735104	2984948.373507286
31.83633958764559	2989353.62984387
31.86391556794014	2993759.043569918
31.89149154823469	2998163.25593644
31.91906752852924	3002566.68689302
31.94664350882379	3006969.095779783
31.97421948911834	3011370.911093317
32.00179546941289	3015771.742356829
32.02937144970744	3020171.841477694
32.05694743000199	3024571.110099444
32.08452341029654	3028969.542934406
32.11209939059109	3033367.242345053
32.13967537088564	3037764.266394722
32.16725135118019	3042158.918268298
32.19482733147474	3046553.72487306
32.22240331176929	3050948.240306041
0
1000	105.6583745	100000000000000.1
5	0	0	1
5	0	0	0
4.673998997513734	-0.02769134778478374
4.701574977808284	-0.03875486425859735
4.729150958102834	-0.05027238087951712
4.756726938397384	-0.06183432543528875
4.784302918691934	-0.07316727937319903
4.811878898986484	-0.08409839410682364
4.839454879281035	-0.09452548397419921
4.867030859575585	-0.1043945643604928
4.894606839870135	-0.1136838193079874
4.922182820164685	-0.1223924527104246
4.949758800459235	-0.1305330485963262
4.977334780753785	-0.1381263858850351
5.004910761048335	-0.1451979468570045
5.032486741342885	-0.1517755864220019
5.060062721637435	-0.157887994156491
5.087638701931986	-0.1635636965928438
5.115214682226536	-0.1688304268998923
5.142790662521086	-0.1737147436396595
5.170366642815636	-0.1782418175506425
5.197942623110186	-0.1824353307785831
5.225518603404736	-0.1863174504171144
5.253094583699286	-0.1899088501946769
5.280670563993836	-0.1932287623870701
5.308246544288386	-0.1962950477239698
5.335822524582936	-0.1991242749921033
5.363398504877487	-0.2017318047622599
5.390974485172037	-0.2041318735545026
5.418550465466587	-0.2063376760618157
5.446126445761137	-0.2083614439535361
5.473702426055687	-0.2102145203986147
5.501278406350237	-0.211944713584135
5.528854386644787	-0.2134822846575057
5.556430366939337	-0.2148760758467434
5.584006347233887	-0.2161351727457421
5.611582327528438	-0.2172681114511245
5.639158307822988	-0.2182829071867977
5.666734288117538	-0.2191870826475693
5.694310268412088	-0.2199876957400581
5.721886248706638	-0.2206913664903941
5.749462229001188	-0.2213043029591613
5.777038209295738	-0.2218381810426536
5.804614189590288	-0.2222857432126743
5.832190169884838	-0.222658328744992
5.859766150179389	-0.2229609232147557
5.887342130473939	-0.2231981964657127
5.914918110768489	-0.2233745323359248
5.942494091063039	-0.2234940480161476
5.970070071357589	-0.2235606099854169
5.997646051652139	-0.2235778483735217
6.025222031946689	-0.2235491703239412
6.052798012241239	-0.2235077956934232
6.080373992535789	-0.2233926995819611
6.107949972830339	-0.2232386884826464
6.13552595312489	-0.2230489345742804
6.16310193341944	-0.2228264802553084
6.19067791371399	-0.2225742297109627
6.21825389400854	-0.2222949432341284
6.24582987430309	-0.2219912339424427
6.27340585459764	-0.2216655665514627
6.30098183489219	-0.2213202578861656
6.32855781518674	-0.220943565853474
6.35613379548129	-0.2205672604537526
6.383709775775841	-0.220178288458471
6.411285756070391	-0.2197781508558055
6.438861736364941	-0.2193682120271194
6.466437716659491	-0.2189497127629774
6.494013696954041	-0.2185237819197977
6.521589677248591	-0.2180914468734529
6.549165657543141	-0.2176536429064403
6.576741637837691	-0.2172112216482439
6.604317618132241	-0.2167634970445038
6.631893598426791	-0.2163142971823586
6.659469578721342	-0.2158626995755432
6.687045559015892	-0.2154092642131781
6.714621539310442	-0.2149544975102329
6.742197519604992	-0.2144988588657442
6.769773499899542	-0.2140427608837994
6.797349480194092	-0.2135865803405962
6.824925460488642	-0.2131306565994535
6.852501440783192	-0.2126752969185573
6.880077421077742	-0.2122214188084675
6.907653401372293	-0.2117679120419737
6.935229381666843	-0.211315682026971
6.962805361961393	-0.2108649443266692
6.990381342255943	-0.210415895233791
7.017957322550493	-0.2099687132336303
7.045533302845043	-0.2095235603519721
7.073109283139593	-0.2090805833975097
7.100685263434143	-0.2086399151075401
7.128261243728693	-0.2082016752049247
7.155837224023244	-0.2077656726778518
7.183413204317794	-0.2073326388820302
7.210989184612344	-0.2069023446636588
7.238565164906894	-0.2064748618960359
7.266141145201444	-0.2060502531328094
7.293717125495994	-0.2056285724071477
7.321293105790544	-0.2052098659589776
7.348869086085094	-0.2047941728973343
7.376445066379644	-0.2043815258041048
7.404021046674194	-0.2039719512847748
7.431597026968745	-0.2035651756032681
7.459173007263295	-0.2031618423577752
7.486748987557845	-0.2027616505218278
7.514324967852395	-0.2023646025318444
7.541900948146945	-0.2019706965514525
7.569476928441495	-0.2015799269294189
7.597052908736045	-0.2011922846065418
7.624628889030595	-0.200807757477692
7.652204869325145	-0.2004263307143539
7.679780849619696	-0.2000479870523082
7.707356829914246	-0.1996723537644748
7.734932810208796	-0.1993001643468242
7.762508790503346	-0.1989310164412811
7.790084770797896	-0.1985648792543104
7.817660751092446	-0.1982017204185056
7.845236731386996	-0.1978415062506416
7.872812711681546	-0.1974842019588638
7.900388691976096	-0.1971297718069746
7.927964672270646	-0.1967781792418482
7.955540652565197	-0.1964293869884071
7.983116632859747	-0.1960680609013061
8.010692613154298	-0.1957356599908972
8.038268593448848	-0.1953967087352591
8.065844573743398	-0.1950592574790105
8.093420554037948	-0.1947239766576929
8.120996534332498	-0.1943910020582139
8.148572514627048	-0.1940603529059818
8.176148494921598	-0.1937320107056167
8.203724475216148	-0.1934059419786989
8.231300455510699	-0.1930821068529152
8.258876435805249	-0.1927592404099189
8.286452416099799	-0.1924398580416567
8.314028396394349	-0.1921226847176243
8.341604376688899	-0.1918076779266796
8.369180356983449	-0.1914947949127757
8.396756337277999	-0.1911839926891651
8.424332317572549	-0.1908752280403002
8.451908297867099	-0.1905684575128888
8.47948427816165	-0.1902636373969061
8.5070602584562	-0.1899607236968091
8.53463623875075	-0.1896494749393112
8.5622122190453	-0.1893596411983519
8.58978819933985	-0.1890626815359522
8.6173641796344	-0.1887671295482621
8.64494015992895	-0.1884731616207101
8.6725161402235	-0.18818077932046
8.70009212051805	-0.1878899524286031
8.7276681008126	-0.1876006411954347
8.755244081107151	-0.18731280210679
8.782820061401701	-0.1870263898355493
8.810396041696251	-0.1867413219593228
8.837972021990801	-0.1864576323291532
8.865548002285351	-0.1861752287099947
8.893123982579901	-0.1858940622304043
8.920699962874451	-0.1856140838384432
8.948275943169001	-0.1853352442757677
8.975851923463551	-0.1850574940515895
9.003427903758102	-0.184780783416494
9.031003884052652	-0.1845050623361061
9.058579864347202	-0.1842302804645942
9.086155844641752	-0.1839564140436663
9.113731824936302	-0.1836833557764379
9.141307805230852	-0.1834110812660247
9.168883785525402	-0.1831395388833284
9.196459765819952	-0.1828686766680233
9.224035746114502	-0.1825984423012421
9.251611726409052	-0.1823287830781729
9.279187706703603	-0.1820596458805588
9.306763686998153	-0.1817909771490983
9.334339667292703	-0.1815227228557403
9.361915647587253	-0.1812548443619128
9.389491627881803	-0.1809872534178236
9.417067608176353	-0.1807199103992474
9.444643588470903	-0.1804527592629024
9.472219568765453	-0.1801857434223442
9.499795549060003	-0.1799188057184032
9.527371529354554	-0.1796518883881343
9.554947509649104	-0.1793849330285842
9.582523489943654	-0.1791178805350265
9.610099470238204	-0.1788506707828288
9.637675450532754	-0.1785832557667476
9.665251430827304	-0.1783155502510588
9.692827411121854	-0.1780475035685011
9.720403391416404	-0.1777790530572466
9.747979371710954	-0.1775101352671311
9.775555352005505	-0.1772406859303591
9.803131332300055	-0.1769706399323215
9.830707312594605	-0.1766999312825454
9.858283292889155	-0.1764284930857934
9.885859273183705	-0.1761562575133312
9.913435253478255	-0.1758831628515556
9.941011233772805	-0.1756091244908729
9.968587214067355	-0.1753340788012887
9.996163194361905	-0.1750579540084491
10.02373917465646	-0.1747806772917377
10.05131515495101	-0.1745021747560676
10.07889113524556	-0.174222371404073
10.10646711554011	-0.1739411911087391
10.13404309583466	-0.173658556586509
10.16161907612921	-0.1733743893709135
10.18919505642376	-0.1730886164400661
10.21677103671831	-0.172801142942749
10.24434701701286	-0.1725118934540097
10.27192299730741	-0.1722207845918825
10.29949897760196	-0.1719277316951093
10.32707495789651	-0.1716326488000384
10.35465093819106	-0.1713354486184731
10.38222691848561	-0.17103604251654
10.40980289878016	-0.1707343404946476
10.43737887907471	-0.1704302511686149
10.46495485936926	-0.1701236870302833
10.49253083966381	-0.1698145427628828
10.52010681995836	-0.1695027281475005
10.54768280025291	-0.1691881461661635
10.57525878054746	-0.1688706983603616
10.60283476084201	-0.1685502848189799
10.63041074113656	-0.1682268041680353
10.65798672143111	-0.1679001535623222
10.68556270172566	-0.1675702286790786
10.71313868202021	-0.1672369237137872
10.74071466231476	-0.1669001373660552
10.76829064260931	-0.1665597482286664
10.79586662290386	-0.1662156522392407
10.82344260319841	-0.1658677377547508
10.85101858349296	-0.1655158916844207
10.87859456378751	-0.1651599994979972
10.90617054408206	-0.1647999452370682
10.93374652437661	-0.1644356115295738
10.96132250467116	-0.1640668796076586
10.98889848496571	-0.1636936293290182
11.01647446526026	-0.1633157484173892
11.04405044555481	-0.162933094577368
11.07162642584936	-0.1625455532849114
11.09920240614391	-0.1621529993257624
11.12677838643846	-0.1617553063022982
11.15435436673301	-0.1613523466739018
11.18193034702756	-0.1609439918020023
11.20950632732211	-0.1605301119999457
11.23708230761666	-0.1601105765878643
11.26465828791121	-0.1596852539527084
11.29223426820576	-0.1592540426549446
11.31981024850031	-0.1588167437546964
11.34738622879486	-0.1583732555715562
11.37496220908941	-0.1579234439270367
11.40253818938396	-0.1574671741743001
11.43011416967851	-0.1570043112768824
11.45769014997306	-0.156534719894566
11.48526613026761	-0.1560582644764595
11.51284211056216	-0.1555748093613477
11.54041809085671	-0.1550842188853735
11.56799407115126	-0.1545864018839256
11.59557005144581	-0.154081128267737
11.62314603174036	-0.1535683105849077
11.65072201203491	-0.1530478151858147
11.67829799232946	-0.152519509109965
11.70587397262401	-0.1519832602143159
11.73344995291856	-0.1514389373127548
11.76102593321311	-0.1508864103261048
11.78860191350766	-0.1503255504421287
11.81617789380221	-0.149756230285087
11.84375387409676	-0.1491783146272134
11.87132985439131	-0.1485916995818451
11.89890583468586	-0.147996253262372
11.92648181498041	-0.147391855771609
11.95405779527496	-0.1467783896087599
11.98163377556951	-0.1461557398926958
12.00920975586406	-0.1455237945919294
12.03678573615861	-0.144882444761073
12.06436171645316	-0.1442315847835375
12.09193769674771	-0.1435711126201979
12.11951367704226	-0.1429009211049986
12.14708965733681	-0.1422209348432677
12.17466563763136	-0.1415310550662739
12.20224161792591	-0.1408311965627072
12.22981759822046	-0.1401212789823945
12.25739357851501	-0.1394012271126224
12.28496955880956	-0.1386709711573272
12.31254553910411	-0.1379304470185856
12.34012151939866	-0.137179596579804
12.36769749969321	-0.1364183679899618
12.39527347998776	-0.1356467185667552
12.42284946028231	-0.1348646044227706
12.45042544057686	-0.1340719967714941
12.47800142087141	-0.1332688716729985
12.50557740116597	-0.1324552128786445
12.53315338146052	-0.131631012107152
12.56072936175507	-0.130796269316145
12.58830534204962	-0.1299509929682277
12.61588132234417	-0.1290952002906205
12.64345730263872	-0.1282289175273603
12.67103328293327	-0.1273521801819681
12.69860926322782	-0.1264650332660391
12.72618524352237	-0.1255675314823376
12.75376122381692	-0.1246597394772405
12.78133720411147	-0.1237417320279244
12.80891318440602	-0.1228135942281913
12.83648916470057	-0.1218754216594262
12.86406514499512	-0.1209273205456238
12.89164112528967	-0.1199694078914361
12.91921710558422	-0.1190018116022105
12.94679308587877	-0.1180246698459649
12.97436906617332	-0.1170381341533644
13.00194504646787	-0.1160423649185836
13.02952102676242	-0.1150375344506185
13.05709700705697	-0.1140238262524404
13.08467298735152	-0.1130014350131482
13.11224896764607	-0.1119705665759657
13.13982494794062	-0.1109314378814441
13.16740092823517	-0.1098842768853144
13.19497690852972	-0.1088293224505121
13.22255288882427	-0.107766826881093
13.25012886911882	-0.1066970448683173
13.27770484941337	-0.1056202497411406
13.30528082970792	-0.1045367224033963
13.33285681000247	-0.1034467537417708
13.36043279029702	-0.1023506443584399
13.38800877059157	-0.1012487042772207
13.41558475088612	-0.1001412526235993
13.44316073118067	-0.0990286172791046
13.47073671147522	-0.09791113451062115
13.49831269176977	-0.09678914520077983
13.52588867206432	-0.0956630082009253
13.55346465235887	-0.09453307911861618
13.58104063265342	-0.09339972355911023
13.60861661294797	-0.09226331329644438
13.63619259324252	-0.09112422577054136
13.66376857353707	-0.08998284356654822
13.69134455383162	-0.0888395538778646
13.71892053412617	-0.08769474795440337
13.74649651442072	-0.08654882053770656
13.77407249471527	-0.08540216765060378
13.80164847500982	-0.08425519267692569
13.82922445530437	-0.08310829571853541
13.85680043559892	-0.08196187962232368
13.88437641589347	-0.080816347758635
13.91195239618802	-0.07967210341451909
13.93952837648257	-0.07852954918666567
13.96710435677712	-0.07738908637595404
13.99468033707167	-0.07625111438554298
14.02225631736622	-0.07511603012440773
14.04983229766077	-0.07398422368709408
14.07740827795532	-0.07285609302112642
14.10498425824987	-0.07173202032222549
14.13256023854442	-0.07061238670161377
14.16013621883897	-0.06949756792316818
14.18771219913352	-0.06838793387728749
14.21528817942807	-0.0672838480722641
14.24286415972262	-0.0661856671445835
14.27044014001717	-0.06509374038947847
14.29801612031172	-0.06400840931296274
14.32559210060627	-0.06293000175593916
14.35316808090082	-0.06185885379048283
14.38074406119537	-0.06079527560949123
14.40832004148992	-0.05973957349841232
14.43589602178447	-0.05869204404780398
14.46347200207902	-0.05765297385411626
14.49104798237357	-0.05662263924739595
14.51862396266812	-0.05560130604620781
14.54619994296267	-0.05458922933994944
14.57377592325722	-0.0535866532986211
14.60135190355177	-0.05259380630700339
14.62892788384632	-0.05161092008212617
14.65650386414087	-0.05063820041345926
14.68407984443542	-0.04967584638955311
14.71165582472997	-0.04872404561554491
14.73923180502452	-0.04778297418354909
14.76680778531907	-0.04685279666804106
14.79438376561362	-0.04593366614552101
14.82195974590817	-0.04502572423767366
14.84953572620272	-0.04412910117717502
14.87711170649727	-0.04324391080306005
14.90468768679182	-0.0423702715313107
14.93226366708637	-0.04150827486519222
14.95983964738092	-0.04065800650543384
14.98741562767547	-0.0398195413794464
15.01499160797002	-0.038992943823445
15.04256758826457	-0.03817826778004788
15.07014356855912	-0.03737555701022683
15.09771954885368	-0.03658484531847946
15.12529552914823	-0.03580615679009361
15.15287150944278	-0.03503950148214913
15.18044748973733	-0.03428489436351822
15.20802347003188	-0.03354232724696637
15.23559945032643	-0.0328117878653006
15.26317543062098	-0.03209325554409066
15.29075141091553	-0.03138670148949422
15.31832739121008	-0.0306920890806528
15.34590337150463	-0.03000937416569127
15.37347935179918	-0.02933850536038895
15.40105533209373	-0.02867942434862895
15.42863131238828	-0.02803206161425644
15.45620729268283	-0.02739635548622428
15.48378327297738	-0.02677222398944194
15.51135925327193	-0.02615958403755453
15.53893523356648	-0.02555834709670526
15.56651121386103	-0.02496841948146734
15.59408719415558	-0.02438970264741762
15.62166317445013	-0.02382209347979962
15.64923915474468	-0.02326548457776633
15.67681513503923	-0.02271976453373611
15.70439111533378	-0.02218481443252264
15.73196709562833	-0.02166052361119515
15.75954307592288	-0.02114676639397814
15.78711905621743	-0.0206434179823067
15.81469503651198	-0.02015035086816948
15.84227101680653	-0.01966743507779429
15.86984699710108	-0.01919453840823924
15.89742297739563	-0.01873152665672744
15.92499895769018	-0.01827826384259517
15.95257493798473	-0.01783461242175324
15.98015091827928	-0.017400430221535
16.00772689857383	-0.01697558407329747
16.03530287886838	-0.01655992959219628
16.06287885916293	-0.01615332493244316
16.09045483945748	-0.01575562763255271
16.11803081975203	-0.01536669478532185
16.14560680004658	-0.01498638320025321
16.17318278034113	-0.0146145495585046
16.20075876063568	-0.01425105056046285
16.22833474093023	-0.01389574306605341
16.25591072122478	-0.01354848143519721
16.28348670151933	-0.01320912912323695
16.31106268181388	-0.01287754136532701
16.33863866210843	-0.01255357688624777
16.36621464240298	-0.01223709515883644
16.39379062269753	-0.01192795650464703
16.42136660299208	-0.01162602218834489
16.44894258328663	-0.01133115450601799
16.47651856358118	-0.01104321686759006
16.50409454387573	-0.01076207387352369
16.53167052417028	-0.01048758907731647
16.55924650446483	-0.01021963453535964
16.58682248475938	-0.00995807644570759
16.61439846505393	-0.009702784800444956
16.64197444534848	-0.009453631079660071
16.66955042564303	-0.009210488298722886
16.69712640593758	-0.008973231051120927
16.72470238623213	-0.008741735547041682
16.75227836652668	-0.008515879647887453
16.77985434682123	-0.008295542896905319
16.80743032711578	-0.008080604670875848
16.83500630741033	-0.007870951908567998
16.86258228770488	-0.007666467410830064
16.89015826799943	-0.007467037658364364
16.91773424829398	-0.007272550909121211
16.94531022858853	-0.007082897209942124
16.97288620888308	-0.006897968405433541
17.00046218917763	-0.0067176581442246
17.02803816947218	-0.006541861882757149
17.05561414976673	-0.006370476886751748
17.08319013006128	-0.006203400724187431
17.11076611035583	-0.006040537452740031
17.13834209065038	-0.005881788197337955
17.16591807094493	-0.005727057413678523
17.19349405123948	-0.005576251339458241
17.22107003153403	-0.005429277985202426
17.24864601182858	-0.005286047123591973
17.27622199212313	-0.005146470277395576
17.30379797241768	-0.005010460706110947
17.33137395271223	-0.004877933391414365
17.35894993300678	-0.004748803822229174
17.38652591330133	-0.004622992907238338
17.41410189359588	-0.004500419456843441
17.44167787389043	-0.004381005159208545
17.46925385418498	-0.004264673333731246
17.49682983447953	-0.004151348911636599
17.52440581477408	-0.004040958415913664
17.55198179506863	-0.003933429940663849
17.57955777536318	-0.003828693129926603
17.60713375565773	-0.003726679156044253
17.63470973595228	-0.003627319746845943
17.66228571624683	-0.003530551071460538
17.68986169654139	-0.003436307769948202
17.71743767683594	-0.003344526891427683
17.74501365713049	-0.003255146897444503
17.77258963742504	-0.003168107639055215
17.80016561771959	-0.003083350333762346
17.82774159801414	-0.003000817542340449
17.85531757830869	-0.002920453145590913
17.88289355860324	-0.002842202321060757
17.91046953889779	-0.002766010775081211
17.93804551919234	-0.002691827780769297
17.96562149948689	-0.002619601495578625
17.99319747978144	-0.002549282041498016
18.02077346007599	-0.002480820719274289
18.04834944037054	-0.002414169985818634
18.07592542066509	-0.002349283431736509
18.10350140095964	-0.002286115759002194
18.13107738125419	-0.002224622758797335
18.15865336154874	-0.002164761289531315
18.18622934184329	-0.002106488666865478
18.21380532213784	-0.002049765060282377
18.24138130243239	-0.001994549791026836
18.26895728272694	-0.001940803762781987
18.29653326302149	-0.001888488838151057
18.32410924331604	-0.00183756781829266
18.35168522361059	-0.001788004422802814
18.37926120390514	-0.001739763269853042
18.40683718419969	-0.001692809856592856
18.43441316449424	-0.001647110539823951
18.46198914478879	-0.001602632058311457
18.48956512508334	-0.001559343399644123
18.51714110537789	-0.00151721291141365
18.54471708567244	-0.001476210195142825
18.57229306596699	-0.001436305618362977
18.59986904626154	-0.001397470297204536
18.62744502655609	-0.001359676079270731
18.65502100685064	-0.001322895526797131
18.68259698714519	-0.001287101900099089
18.71017296743974	-0.001252269141308587
18.73774894773429	-0.001218371503265735
18.76532492802884	-0.001185384993973855
18.79290090832339	-0.001153285138441411
18.82047688861794	-0.001122048444381268
18.84805286891249	-0.001091652023375079
18.87562884920704	-0.001062073576490865
18.90320482950159	-0.001033291380174297
18.93078080979614	-0.001005284272412876
18.95835679009069	-0.0009780316391719169
18.98593277038524	-0.0009515134011008925
19.01350875067979	-0.0009257097215160989
19.04108473097434	-0.0009006021407523641
19.06866071126889	-0.0008761718173545172
19.09623669156344	-0.0008524006792841501
19.12381267185799	-0.0008292711259299037
19.15138865215254	-0.0008067660165017408
19.17896463244709	-0.0007848686586681795
19.20654061274164	-0.0007635627974341806
19.23411659303619	-0.0007428326042571716
19.26169257333074	-0.0007226626663985677
19.28926855362529	-0.0007030377614896236
19.31684453391984	-0.0006839437314409729
19.34442051421439	-0.0006653661265291807
19.37199649450894	-0.0006472910924000383
19.39957247480349	-0.0006297051400950533
19.42714845509804	-0.0006125951368381765
19.45472443539259	-0.0005959482970279064
19.48230041568714	-0.0005797521734319782
19.50987639598169	-0.0005639946485817193
19.53745237627624	-0.0005486639263631155
19.56502835657079	-0.0005337483566681102
19.59260433686534	-0.0005192371145890351
19.62018031715989	-0.000505119146328849
19.64775629745444	-0.0004913838586296832
19.67533227774899	-0.0004780209399242295
19.70290825804354	-0.0004650203531080685
19.73048423833809	-0.0004523723284801761
19.75806021863264	-0.0004400673568488423
19.78563619892719	-0.0004280961828002306
19.81321217922174	-0.0004164497981267422
19.84078815951629	-0.0004051193056307281
19.86836413981084	-0.0003940964465083487
19.89594012010539	-0.0003833727817804898
19.92351610039994	-0.0003729402276571246
19.95109208069449	-0.0003627909166355247
19.97866806098904	-0.0003529171918791418
20.00624404128359	-0.0003433116017312648
20.03382002157814	-0.0003339668943609983
20.06139600187269	-0.0003248760125391089
20.08897198216724	-0.0003160320885412552
20.11654796246179	-0.0003074283389842733
20.14412394275634	-0.0002990584719571543
20.17169992305089	-0.0002909160550526408
20.19927590334544	-0.0002829949286788161
20.22685188363999	-0.0002752890988134202
20.25442786393454	-0.0002677927326597539
20.2820038442291	-0.0002605001544090024
20.30957982452365	-0.0002534058411069102
20.3371558048182	-0.0002465044186227247
20.36473178511275	-0.0002397906577183607
20.3923077654073	-0.0002332593924660004
20.41988374570185	-0.0002269058362147546
20.4474597259964	-0.0002207250911949
20.47503570629095	-0.0002147124692908581
20.5026116865855	-0.000208863408843197
20.53018766688005	-0.0002031734713073897
20.5577636471746	-0.0001976383379956882
20.58533962746915	-0.0001922538069004312
20.6129156077637	-0.0001870157895970873
20.64049158805825	-0.0001819203082253702
20.6680675683528	-0.0001769634325806723
20.69564354864735	-0.0001721415238260465
20.7232195289419	-0.0001674508562723068
20.75079550923645	-0.0001628878648032486
20.778371489531	-0.0001584490807208559
20.80594746982555	-0.000154131129184348
20.8335234501201	-0.0001499307267136508
20.86109943041465	-0.0001458446787559469
20.8886754107092	-0.0001418698773139475
20.91625139100375	-0.0001380032986345634
20.9438273712983	-0.000134241954464696
20.97140335159285	-0.00013058308103217
20.9989793318874	-0.0001270238458349821
21.02655531218195	-0.0001235615395037289
21.0541312924765	-0.0001201935260889473
21.08170727277105	-0.0001169172411034707
21.1092832530656	-0.00011373018961443
21.13685923336015	-0.0001106299443838348
21.1644352136547	-0.0001076141440566787
21.19201119394925	-0.0001046804913955204
21.2195871742438	-0.000101826715688761
21.24716315453835	-9.90507185808756e-05
21.2747391348329	-9.635034785491334e-05
21.30231511512745	-9.372354548774357e-05
21.329891095422	-9.116830930951683e-05
21.35746707571655	-8.868269151012722e-05
21.3850430560111	-8.626479718376998e-05
21.41261903630565	-8.391278291076551e-05
21.4401950166002	-8.162485537582826e-05
21.46777099689475	-7.93992700219647e-05
21.4953469771893	-7.723430200731533e-05
21.52292295748385	-7.512835896269367e-05
21.5504989377784	-7.307980612289869e-05
21.57807491807295	-7.108708080480427e-05
21.6056508983675	-6.914866278362514e-05
21.63322687866205	-6.72630731551614e-05
21.6608028589566	-6.542887322718605e-05
21.68837883925115	-6.364466343932824e-05
21.7159548195457	-6.190908231082437e-05
21.74353079984025	-6.022080541550359e-05
21.7711067801348	-5.857852294744173e-05
21.79868276042935	-5.698102689453984e-05
21.8262587407239	-5.542707588345312e-05
21.85383472101845	-5.391548368337891e-05
21.881410701313	-5.244509632137028e-05
21.90898668160755	-5.101479121658944e-05
21.9365626619021	-4.962347633679741e-05
21.96413864219665	-4.827008937658818e-05
21.9917146224912	-4.695359695687966e-05
22.01929060278575	-4.567299384517914e-05
22.0468665830803	-4.442728564764283e-05
22.07444256337485	-4.321555611814852e-05
22.1020185436694	-4.203686282910896e-05
22.12959452396395	-4.089030550744937e-05
22.1571705042585	-3.977500837784381e-05
22.18474648455305	-3.869011950449774e-05
22.2123224648476	-3.76348101498689e-05
22.23989844514215	-3.660827414995094e-05
22.2674744254367	-3.560972730574583e-05
22.29505040573125	-3.463840679055866e-05
22.3226263860258	-3.369355778653432e-05
22.35020236632035	-3.277448550046912e-05
22.3777783466149	-3.188047456253137e-05
22.40535432690945	-3.101084183535138e-05
22.432930307204	-3.016492278005677e-05
22.46050628749855	-2.934207095616029e-05
22.4880822677931	-2.854165753433283e-05
22.51565824808765	-2.7763070821774e-05
22.5432342283822	-2.700571579989802e-05
22.57081020867675	-2.626901367405339e-05
22.5983861889713	-2.555239155859108e-05
22.62596216926585	-2.485532266248847e-05
22.6535381495604	-2.417726403758075e-05
22.68111412985495	-2.351769737676279e-05
22.7086901101495	-2.287611848934393e-05
22.73626609044405	-2.225203692124785e-05
22.7638420707386	-2.164497558500379e-05
22.79141805103315	-2.105447039931202e-05
22.8189940313277	-2.048006993796653e-05
22.84657001162225	-1.992133508792368e-05
22.87414599191681	-1.937783108970713e-05
22.90172197221136	-1.884915857441173e-05
22.92929795250591	-1.833490549790026e-05
22.95687393280046	-1.783467865066641e-05
22.98444991309501	-1.734809553571009e-05
23.01202589338956	-1.68747840802112e-05
23.03960187368411	-1.641438235463835e-05
23.06717785397866	-1.596653829912743e-05
23.09475383427321	-1.553090945696662e-05
23.12232981456776	-1.510716271502589e-05
23.14990579486231	-1.469496816222228e-05
23.17748177515686	-1.429402305846193e-05
23.20505775545141	-1.390401472548232e-05
23.23263373574596	-1.352464488074457e-05
23.26020971604051	-1.315562336995177e-05
23.28778569633506	-1.279666794822601e-05
23.31536167662961	-1.244750406692787e-05
23.34293765692416	-1.210786466599337e-05
23.37051363721871	-1.177748997166395e-05
23.39808961751326	-1.145612729948751e-05
23.42566559780781	-1.114352631295425e-05
23.45324157810236	-1.083945754472965e-05
23.48081755839691	-1.054368373018926e-05
23.50839353869146	-1.025597861045804e-05
23.53596951898601	-9.976122093384565e-06
23.56354549928056	-9.703900087503288e-06
23.59112147957511	-9.439104340277018e-06
23.61869745986966	-9.181532280524821e-06
23.64627344016421	-8.930986864941275e-06
23.67384942045876	-8.687276428614607e-06
23.70142540075331	-8.450211026486752e-06
23.72900138104786	-8.219616737256615e-06
23.75657736134241	-7.995313530625204e-06
23.78415334163696	-7.777129788680573e-06
23.81172932193151	-7.564898571682099e-06
23.83930530222606	-7.358457492095287e-06
23.86688128252061	-7.157648591872294e-06
23.89445726281516	-6.962318222906245e-06
23.92203324310971	-6.772316930588455e-06
23.94960922340426	-6.58749934039865e-06
23.97718520369881	-6.407721334697294e-06
24.00476118399336	-6.232851100309738e-06
24.03233716428791	-6.062752039188621e-06
24.05991314458246	-5.897293983828391e-06
24.08748912487701	-5.736350315425925e-06
24.11506510517156	-5.579797868335947e-06
24.14264108546611	-5.427516837029428e-06
24.17021706576066	-5.279390696446111e-06
24.19779304605521	-5.135306056615048e-06
24.22536902634976	-4.995152693082197e-06
24.25294500664431	-4.858821249374174e-06
24.28052098693886	-4.72621183137141e-06
24.30809696723341	-4.597220797696861e-06
24.33567294752796	-4.471749423064636e-06
24.36324892782251	-4.3497016739677e-06
24.39082490811706	-4.230984136203387e-06
24.41840088841161	-4.115505944263721e-06
24.44597686870616	-4.003178712549697e-06
24.47355284900071	-3.893916468368848e-06
24.50112882929526	-3.787635586676322e-06
24.52870480958981	-3.684253107152521e-06
24.55628078988436	-3.583693331306666e-06
24.58385677017891	-3.485877623343916e-06
24.61143275047346	-3.390731107330938e-06
24.63900873076801	-3.298180949028134e-06
24.66658471106256	-3.208156300923791e-06
24.69416069135711	-3.120588248681269e-06
24.72173667165166	-3.035409758968424e-06
24.74931265194621	-2.952555628638708e-06
24.77688863224076	-2.871962435233666e-06
24.80446461253531	-2.793567238677979e-06
24.83204059282986	-2.717312674860839e-06
24.85961657312441	-2.643139083054777e-06
24.88719255341896	-2.570989676691078e-06
24.91476853371351	-2.500809217760374e-06
24.94234451400806	-2.432543975127734e-06
24.96992049430261	-2.366141683918438e-06
24.99749647459716	-2.301551505951149e-06
25.02507245489171	-2.238723991195482e-06
25.05264843518626	-2.17761104023098e-06
25.08022441548081	-2.118164901618249e-06
25.10780039577536	-2.060342108848933e-06
25.13537637606991	-2.004097397139836e-06
25.16295235636446	-1.949387699994756e-06
25.19052833665901	-1.896171125414144e-06
25.21810431695356	-1.844406924284039e-06
25.24568029724811	-1.794055459576119e-06
25.27325627754266	-1.745078176341389e-06
25.30083225783721	-1.697437572480018e-06
25.32840823813176	-1.651097170270098e-06
25.35598421842631	-1.606020742768387e-06
25.38356019872086	-1.562175353888554e-06
25.41113617901541	-1.519526662231494e-06
25.43871215930996	-1.478042007153988e-06
25.46628813960452	-1.437689618782826e-06
25.49386411989907	-1.398438594043942e-06
25.52144010019362	-1.360258873305924e-06
25.54901608048817	-1.323121217624808e-06
25.57659206078272	-1.286997186576977e-06
25.60416804107727	-1.251859116667138e-06
25.63174402137182	-1.21767952110605e-06
25.65932000166637	-1.18443345102066e-06
25.68689598196092	-1.152094849199955e-06
25.71447196225547	-1.120638946992511e-06
25.74204794255002	-1.09004165130741e-06
25.76962392284457	-1.060279526438876e-06
25.79719990313912	-1.031329776356246e-06
25.82477588343367	-1.00317022744927e-06
25.85235186372822	-9.757793117188945e-07
25.87992784402277	-9.491360504037125e-07
25.90750382431732	-9.232195943740265e-07
25.93507980461187	-8.980110329618112e-07
25.96265578490642	-8.73490601104381e-07
25.99023176520097	-8.496395155005143e-07
26.01780774549552	-8.264395052007131e-07
26.04538372579007	-8.03872797824573e-07
26.07295970608462	-7.819221061306507e-07
26.10053568637917	-7.60570614931358e-07
26.12811166667372	-7.398019683454042e-07
26.15568764696827	-7.196002573803722e-07
26.18326362726282	-6.999496642244198e-07
26.21083960755737	-6.808358634152101e-07
26.23841558785192	-6.622438590866708e-07
26.26599156814647	-6.441594072319379e-07
26.29356754844102	-6.265686524001846e-07
26.32114352873557	-6.094581172458721e-07
26.34871950903012	-5.928146923450663e-07
26.37629548932467	-5.766256262731325e-07
26.40387146961922	-5.608785159381836e-07
26.43144744991377	-5.455612971646882e-07
26.45902343020832	-5.306619683114103e-07
26.48659941050287	-5.161696801293921e-07
26.51417539079742	-5.020730540712608e-07
26.54175137109197	-4.883612885819442e-07
26.56932735138652	-4.750238767685669e-07
26.59690333168107	-4.620505984774838e-07
26.62447931197562	-4.494315125734427e-07
26.65205529227017	-4.371569494166488e-07
26.67963127256472	-4.252175035334665e-07
26.70720725285927	-4.13604026476562e-07
26.73478323315382	-4.023074158078821e-07
26.76235921344837	-3.913194474145644e-07
26.78993519374292	-3.806314913975413e-07
26.81751117403747	-3.702353568462244e-07
26.84508715433202	-3.601230763118884e-07
26.87266313462657	-3.502868997997016e-07
26.90023911492112	-3.407192889139853e-07
26.92781509521567	-3.314129111534414e-07
26.95539107551022	-3.223606343531774e-07
26.98296705580477	-3.135555212702974e-07
27.01054303609932	-3.04990668614448e-07
27.03811901639387	-2.966598414994065e-07
27.06569499668842	-2.885564960040172e-07
27.09327097698297	-2.806744209601407e-07
27.12084695727752	-2.730075746752181e-07
27.14842293757207	-2.655500803671808e-07
27.17599891786662	-2.582962217215754e-07
27.20357489816117	-2.512404385645666e-07
27.23115087845572	-2.443773226480691e-07
27.25872685875027	-2.377016135440643e-07
27.28630283904482	-2.3120807162886e-07
27.31387881933937	-2.248919800259848e-07
27.34145479963392	-2.187483706707069e-07
27.36903077992847	-2.127725337542298e-07
27.39660676022302	-2.069598879704246e-07
27.42418274051757	-2.013059770633445e-07
27.45175872081212	-1.95806466462545e-07
27.47933470110667	-1.904571400044301e-07
27.50691068140122	-1.852538967378901e-07
27.53448666169577	-1.801927478125411e-07
27.56206264199032	-1.752697224935704e-07
27.58963862228487	-1.704812394647537e-07
27.61721460257942	-1.658235337225751e-07
27.64479058287397	-1.612930339519232e-07
27.67236656316852	-1.568862662877077e-07
27.69994254346307	-1.525998516965984e-07
27.72751852375762	-1.484305034253098e-07
27.75509450405217	-1.443750245140645e-07
27.78267048434672	-1.404303053738351e-07
27.81024646464127	-1.365933214260183e-07
27.83782244493582	-1.328610562657062e-07
27.86539842523037	-1.292308058840867e-07
27.89297440552492	-1.256997099508508e-07
27.92055038581947	-1.222650605105728e-07
27.94812636611402	-1.18924223502671e-07
27.97570234640857	-1.156746367776699e-07
28.00327832670312	-1.125138081644363e-07
28.03085430699767	-1.094393135882428e-07
28.05843028729223	-1.064487952411559e-07
28.08600626758678	-1.035399598121579e-07
28.11358224788133	-1.007105192587165e-07
28.14115822817588	-9.795842430835792e-08
28.16873420847043	-9.528150571720193e-08
28.19631018876498	-9.267771011926126e-08
28.22388616905953	-9.014503993622069e-08
28.25146214935408	-8.768154421803297e-08
28.27903812964863	-8.528536442122953e-08
28.30661410994318	-8.2954625900631e-08
28.33419009023773	-8.068755592752885e-08
28.36176607053228	-7.848241501633836e-08
28.38934205082683	-7.63374967595333e-08
28.41691803112138	-7.425118925557613e-08
28.44449401141593	-7.222187583445954e-08
28.47206999171048	-7.024799978515627e-08
28.49964597200503	-6.832804685990186e-08
28.52722195229958	-6.646054414019303e-08
28.55479793259413	-6.464405892931676e-08
28.58237391288868	-6.287719767166564e-08
28.60994989318323	-6.115860489872238e-08
28.63752587347778	-5.948696220140444e-08
28.66510185377233	-5.786093901725843e-08
28.69267783406688	-5.627938751848698e-08
28.72025381436143	-5.474104741908296e-08
28.74782979465598	-5.324473903686372e-08
28.77540577495053	-5.178931526500571e-08
28.80298175524508	-5.037366100759014e-08
28.83055773553963	-4.899669299258943e-08
28.85813371583418	-4.765736057576514e-08
28.88570969612873	-4.635464975679859e-08
28.91328567642328	-4.508760128007207e-08
28.94086165671783	-4.385403228356271e-08
28.96843763701238	-4.265527434128501e-08
28.99601361730693	-4.148922151305253e-08
29.02358959760148	-4.035501038656648e-08
29.05116557789603	-3.92517818665812e-08
29.07874155819058	-3.817869429208314e-08
29.10631753848513	-3.713492661407281e-08
29.13389351877968	-3.611967912803362e-08
29.16146949907423	-3.513217343359127e-08
29.18904547936878	-3.41716521094708e-08
29.21662145966333	-3.323734841677433e-08
29.24419743995788	-3.232860968749217e-08
29.27177342025243	-3.144470596182794e-08
29.29934940054698	-3.058495857148099e-08
29.32692538084153	-2.974870738509402e-08
29.35450136113608	-2.893531030769214e-08
29.38207734143063	-2.814414279414891e-08
29.40965332172518	-2.737459737572631e-08
29.43722930201973	-2.662608319909012e-08
29.46480528231428	-2.589802557736154e-08
29.49238126260883	-2.518984908362294e-08
29.51995724290338	-2.450104484630065e-08
29.54753322319793	-2.383106702425983e-08
29.57510920349248	-2.317940111148398e-08
29.60268518378703	-2.254554664889636e-08
29.63026116408158	-2.192901684748425e-08
29.65783714437613	-2.132933822078719e-08
29.68541312467068	-2.074605022651504e-08
29.71298910496523	-2.01787049170187e-08
29.74056508525978	-1.96268665982701e-08
29.76814106555433	-1.909009521987285e-08
29.79571704584888	-1.856801268222233e-08
29.82329302614343	-1.806020155961491e-08
29.85086900643798	-1.756627179845157e-08
29.87844498673253	-1.708584399281777e-08
29.90602096702708	-1.661854909952356e-08
29.93359694732163	-1.616402816021325e-08
29.96117292761618	-1.57219320304206e-08
29.98874890791073	-1.529192111544131e-08
30.01632488820528	-1.487366511289523e-08
30.04390086849983	-1.446683353736454e-08
30.07147684879438	-1.407113340644772e-08
30.09905282908893	-1.368625125323607e-08
30.12662880938348	-1.331189137207652e-08
30.15420478967803	-1.29477661327107e-08
30.18178076997258	-1.259359576392664e-08
30.20935675026713	-1.224910814262941e-08
30.23693273056168	-1.191403858822972e-08
30.26450871085623	-1.158812966224771e-08
30.29208469115078	-1.127113097302965e-08
30.31966067144533	-1.096279103852729e-08
30.34723665173988	-1.066288975302659e-08
30.37481263203443	-1.03711885392887e-08
30.40238861232898	-1.008746323660621e-08
30.42996459262353	-9.811495805707168e-09
30.45754057291808	-9.543074164869436e-09
30.48511655321263	-9.2819920301439e-09
30.51269253350718	-9.028048759616838e-09
30.54026851380173	-8.781049201645853e-09
30.56784449409628	-8.540803547007101e-09
30.59542047439083	-8.307121543858511e-09
30.62299645468539	-8.079835593099572e-09
30.65057243497994	-7.858765168272706e-09
30.67814841527449	-7.643740335303124e-09
30.70572439556904	-7.43459580052773e-09
30.73330037586359	-7.231170786604578e-09
30.76087635615814	-7.033308911578484e-09
30.78845233645269	-6.840858071105216e-09
30.81602831674724	-6.653670323913587e-09
30.84360429704179	-6.471601780784711e-09
30.87118027733634	-6.294509272822355e-09
30.89875625763089	-6.122264195567717e-09
30.92633223792544	-5.954730704032115e-09
30.95390821821999	-5.791781134308263e-09
30.98148419851454	-5.633303857822015e-09
31.00906017880909	-5.479103806368518e-09
31.03663615910364	-5.32916887630342e-09
31.06421213939819	-5.183328299692288e-09
31.09178811969274	-5.041475585649495e-09
31.11936409998729	-4.903502425824324e-09
31.14694008028184	-4.769300652280535e-09
31.17451606057639	-4.638771746632464e-09
31.20209204087094	-4.511813495274661e-09
31.22966802116549	-4.388328232661364e-09
31.25724400146004	-4.268220966817173e-09
31.28481998175459	-4.151399305102148e-09
31.31239596204914	-4.037773383251016e-09
31.33997194234369	-3.927255796807298e-09
31.36754792263824	-3.819761534577458e-09
31.39512390293279	-3.715207913918989e-09
31.42269988322734	-3.613511824282762e-09
31.45027586352189	-3.514600732670166e-09
31.47785184381644	-3.418395791966913e-09
31.50542782411099	-3.324822983705896e-09
31.53300380440554	-3.233810311058073e-09
31.56057978470009	-3.145287744855062e-09
31.58815576499464	-3.05918717092614e-09
31.61573174528919	-2.975442338732272e-09
31.64330772558374	-2.893988811277606e-09
31.67088370587829	-2.81476391627711e-09
31.69845968617284	-2.737706698557724e-09
31.72603566646739	-2.662757873669771e-09
31.75361164676194	-2.589859782684705e-09
31.78118762705649	-2.51895634815526e-09
31.80876360735104	-2.449993031213496e-09
31.83633958764559	-2.382916789782738e-09
31.86391556794014	-2.317676037878643e-09
31.89149154823469	-2.254220605975496e-09
31.91906752852924	-2.19250170241359e-09
31.94664350882379	-2.13247187582346e-09
31.97421948911834	-2.07408497854374e-09
32.00179546941289	-2.017296131008711e-09
32.02937144970744	-1.962061687082615e-09
32.05694743000199	-1.908339200317592e-09
32.08452341029654	-1.856087391112878e-09
32.11209939059109	-1.805266114752679e-09
32.13967537088564	-1.755836330300825e-09
32.16725135118019	-1.707760070330715e-09
32.19482733147474	-1.661000411468969e-09
32.22240331176929	-1.61552144573203e-09
