0
1000	105.6583745	100000000000000.1
5	0	0	1
5	0	0	0
4.673998997513734	0.03678769122794692
4.701574977808284	0.1361963326676726
4.729150958102834	0.2732758449985881
4.756726938397384	0.4508001763329894
4.784302918691934	0.6705896048095124
4.811878898986484	0.9337890897780623
4.839454879281035	1.241079645040552
4.867030859575585	1.592832419041799
4.894606839870135	1.98921864927014
4.922182820164685	2.430287190052829
4.949758800459235	2.916018748981006
4.977334780753785	3.44636358080056
5.004910761048335	4.021267494977701
5.032486741342885	4.640689627728199
5.060062721637435	5.304614417563922
5.087638701931986	6.013059505828693
5.115214682226536	6.766080778016467
5.142790662521086	7.563775405944098
5.170366642815636	8.406283500394537
5.197942623110186	9.293788807100494
5.225518603404736	10.22651875379566
5.253094583699286	11.20474406719256
5.280670563993836	12.22877811539142
5.308246544288386	13.29897608592365
5.335822524582936	14.41573407719618
5.363398504877487	15.57948815776028
5.390974485172037	16.79071343108466
5.418550465466587	18.04992313144573
5.446126445761137	19.35766776789044
5.473702426055687	20.71453432702068
5.501278406350237	22.12125493608561
5.528854386644787	23.57855468050121
5.556430366939337	25.08681481864557
5.584006347233887	26.64685123210441
5.611582327528438	28.25953614233617
5.639158307822988	29.92545459982952
5.666734288117538	31.64532238064713
5.694310268412088	33.42035383779869
5.721886248706638	35.25121846971739
5.749462229001188	37.13881172086809
5.777038209295738	39.08429704677647
5.804614189590288	41.08849569641379
5.832190169884838	43.15263639571297
5.859766150179389	45.27762001424651
5.887342130473939	47.46458872887521
5.914918110768489	49.71504080364604
5.942494091063039	52.02970324545959
5.970070071357589	54.41016417837289
5.997646051652139	56.85762423636512
6.025222031946689	59.3734095368708
6.052798012241239	61.95901165894441
6.080373992535789	64.61581983821168
6.107949972830339	67.34526322876464
6.13552595312489	70.1489821248332
6.16310193341944	73.02835508444115
6.19067791371399	75.98532716079897
6.21825389400854	79.0213678740533
6.24582987430309	82.13836502215094
6.27340585459764	85.33779917420875
6.30098183489219	88.62196032871658
6.32855781518674	91.99243327635068
6.35613379548129	95.45115779849404
6.383709775775841	99.00048542866294
6.411285756070391	102.6422830221573
6.438861736364941	106.3784569840532
6.466437716659491	110.2115684989496
6.494013696954041	114.1435758558574
6.521589677248591	118.1772436042261
6.549165657543141	122.3147028923695
6.576741637837691	126.5581321255966
6.604317618132241	130.9104082187094
6.631893598426791	135.3740150816826
6.659469578721342	139.9513588013537
6.687045559015892	144.6460051409797
6.714621539310442	149.4599208182451
6.742197519604992	154.3963894477847
6.769773499899542	159.458392592659
6.797349480194092	164.6488784214138
6.824925460488642	169.9707636907117
6.852501440783192	175.4278563640118
6.880077421077742	181.0234928262776
6.907653401372293	186.7605675395856
6.935229381666843	192.6432554973651
6.962805361961393	198.6742652731793
6.990381342255943	204.857136846352
7.017957322550493	211.1988372800384
7.045533302845043	217.6993211593561
7.073109283139593	224.3637524151484
7.100685263434143	231.1981414887081
7.128261243728693	238.2037502350959
7.155837224023244	245.386514516601
7.183413204317794	252.7506103050094
7.210989184612344	254.6033507539143
7.238565164906894	268.042881813794
7.266141145201444	275.9799566372002
7.293717125495994	284.1181985328812
7.321293105790544	292.4608233997704
7.348869086085094	301.0146001019879
7.376445066379644	309.7858714616446
7.404021046674194	318.7782286421923
7.431597026968745	327.9987609805466
7.459173007263295	337.4518294308764
7.486748987557845	347.1434523059448
7.514324967852395	357.0829447096856
7.541900948146945	367.2724197713226
7.569476928441495	377.7207350816871
7.597052908736045	388.4326997819161
7.624628889030595	399.4176984490616
7.652204869325145	410.6797949795318
7.679780849619696	422.2289827583568
7.707356829914246	434.0698943936896
7.734932810208796	446.2099380462764
7.762508790503346	458.6571671379077
7.790084770797896	471.4259889913836
7.817660751092446	484.3910915288416
7.845236731386996	497.9403306843474
7.872812711681546	511.7098202947681
7.900388691976096	525.8337276469566
7.927964672270646	540.3182442805082
7.955540652565197	555.1775238863488
7.983116632859747	570.4187058157055
8.010692613154298	586.0476885057011
8.038268593448848	602.087662599153
8.065844573743398	618.5473668697593
8.093420554037948	635.4317063688283
8.120996534332498	652.757209645088
8.148572514627048	670.5466300073916
8.176148494921598	688.8008950936866
8.203724475216148	707.5402799751363
8.231300455510699	726.7713308740726
8.258876435805249	746.5085150985533
8.286452416099799	766.7835287575439
8.314028396394349	787.5912010066123
8.341604376688899	808.9599185411943
8.369180356983449	830.8901079484643
8.396756337277999	853.4187276332084
8.424332317572549	876.5390407533158
8.451908297867099	900.2931036837474
8.47948427816165	924.679581255261
8.5070602584562	949.7276892345828
8.53463623875075	975.4418077490614
8.5622122190453	1001.861482009322
8.58978819933985	1028.987724494158
8.6173641796344	1056.85189597716
8.64494015992895	1085.468276254351
8.6725161402235	1114.865869330417
8.70009212051805	1145.050650405285
8.7276681008126	1176.068077650139
8.755244081107151	1207.917958110315
8.782820061401701	1240.646024359469
8.810396041696251	1274.258691397145
8.837972021990801	1308.787729787814
8.865548002285351	1344.261336469325
8.893123982579901	1380.695572806273
8.920699962874451	1418.133616488891
8.948275943169001	1456.590542436359
8.975851923463551	1496.093781021778
9.003427903758102	1536.687885159111
9.031003884052652	1578.374803314978
9.058579864347202	1621.225076466827
9.086155844641752	1665.24362469039
9.113731824936302	1710.454103539848
9.141307805230852	1756.918389727115
9.168883785525402	1804.639749278479
9.196459765819952	1853.686521843445
9.224035746114502	1904.077309629766
9.251611726409052	1955.846433970127
9.279187706703603	2009.038163270631
9.306763686998153	2063.694572019117
9.334339667292703	2119.840686599154
9.361915647587253	2177.538057752262
9.389491627881803	2236.82601578678
9.417067608176353	2297.729172159366
9.444643588470903	2360.312581628746
9.472219568765453	2424.621644094262
9.499795549060003	2490.692996786498
9.527371529354554	2558.582880784282
9.554947509649104	2628.346050866966
9.582523489943654	2700.015890873815
9.610099470238204	2773.668180593794
9.637675450532754	2849.345038455214
9.665251430827304	2927.10579990113
9.692827411121854	3006.996614180289
9.720403391416404	3089.097918787697
9.747979371710954	3173.449943812336
9.775555352005505	3260.123432060707
9.803131332300055	3349.189646190052
9.830707312594605	3440.706630151343
9.858283292889155	3534.736430530217
9.885859273183705	3631.348707618199
9.913435253478255	3730.629509824815
9.941011233772805	3832.644758135525
9.968587214067355	3937.450844541916
9.996163194361905	4045.157361845147
10.02373917465646	4155.829026449907
10.05131515495101	4269.544472350807
10.07889113524556	4386.373406710217
10.10646711554011	4506.434021275286
10.13404309583466	4629.794651198454
10.16161907612921	4756.548779440768
10.18919505642376	4886.773118447585
10.21677103671831	5020.596038115861
10.24434701701286	5158.100244860061
10.27192299730741	5299.384596927682
10.29949897760196	5444.554739206989
10.32707495789651	5593.699882133944
10.35465093819106	5746.961610217151
10.38222691848561	5904.435396635853
10.40980289878016	6066.238082911576
10.43737887907471	6232.48024975957
10.46495485936926	6403.290045213994
10.49253083966381	6578.802005294943
10.52010681995836	6759.134010153208
10.54768280025291	6944.419839441894
10.57525878054746	7134.780159566631
10.60283476084201	7330.375564265983
10.63041074113656	7531.348493286008
10.65798672143111	7737.841025054465
10.68556270172566	7949.980570475611
10.71313868202021	8167.963696350562
10.74071466231476	8391.923094924785
10.76829064260931	8622.106129863914
10.79586662290386	8858.453681351717
10.82344260319841	9101.351688763205
10.85101858349296	9350.920969022629
10.87859456378751	9607.332554075778
10.90617054408206	9870.770703775897
10.93374652437661	10141.4350926417
10.96132250467116	10419.5213694805
10.98889848496571	10705.21380886332
11.01647446526026	10998.75027070318
11.04405044555481	11300.32437523461
11.07162642584936	11610.16847218042
11.09920240614391	11928.48128715166
11.12677838643846	12255.52749593061
11.15435436673301	12591.53257711085
11.18193034702756	12936.73498419481
11.20950632732211	13291.39390658872
11.23708230761666	13655.75220644094
11.26465828791121	14030.08866866118
11.29223426820576	14414.66136443431
11.31981024850031	14809.76574085997
11.34738622879486	15215.68096664599
11.37496220908941	15632.70012230136
11.40253818938396	16061.11919941244
11.43011416967851	16501.26329959459
11.45769014997306	16953.42547596478
11.48526613026761	17417.96933839811
11.51284211056216	17895.2154607354
11.54041809085671	18385.50449004225
11.56799407115126	18889.19906330953
11.59557005144581	19406.65527781363
11.62314603174036	19938.23489753564
11.65072201203491	20484.36042222604
11.67829799232946	21045.40806631541
11.70587397262401	21621.78299879217
11.73344995291856	22213.90943013422
11.76102593321311	22822.19487801025
11.78860191350766	23447.0977184593
11.81617789380221	24089.05774376863
11.84375387409676	24748.56042840672
11.87132985439131	25426.07133248201
11.89890583468586	26122.07552235495
11.92648181498041	26837.08193359516
11.95405779527496	27571.60723491367
11.98163377556951	28326.18167304842
12.00920975586406	29101.32889943459
12.03678573615861	29897.65421787765
12.06436171645316	30715.71342031767
12.09193769674771	31556.09065690477
12.11951367704226	32419.40410994603
12.14708965733681	33306.27223324319
12.17466563763136	34217.33919954352
12.20224161792591	35153.2572725277
12.22981759822046	36114.6871693422
12.25739357851501	37102.36839859328
12.28496955880956	38116.99272349227
12.31254553910411	39159.29148852444
12.34012151939866	40230.02220093978
12.36769749969321	41329.9522902606
12.39527347998776	42459.88336486611
12.42284946028231	43620.63289352309
12.45042544057686	44813.01953784472
12.47800142087141	46037.9373762375
12.50557740116597	47296.26453721344
12.53315338146052	48588.89888963079
12.56072936175507	49916.7850609391
12.58830534204962	51280.87841241772
12.61588132234417	52682.1670993794
12.64345730263872	54121.66148198419
12.67103328293327	55600.38778154552
12.69860926322782	57119.45018635283
12.72618524352237	58679.92074958813
12.75376122381692	60282.94342878839
12.78133720411147	61929.67080169373
12.80891318440602	63621.29506738452
12.83648916470057	65357.4865720254
12.86406514499512	67144.1542946804
12.89164112528967	68977.9354317679
12.91921710558422	70861.69229705499
12.94679308587877	72796.82126863473
12.97436906617332	74784.70606303019
13.00194504646787	76826.77924824004
13.02952102676242	78924.52632971502
13.05709700705697	81079.46008447312
13.08467298735152	83293.13679588061
13.11224896764607	85567.1665002018
13.13982494794062	87903.18377594188
13.16740092823517	90302.88267756834
13.19497690852972	92767.98711743763
13.22255288882427	95300.3105734678
13.25012886911882	97901.66347369198
13.27770484941337	100554.6779625776
13.30528082970792	103319.0348004643
13.33285681000247	106138.9918012472
13.36043279029702	109035.8163733914
13.38800877059157	112011.6122930284
13.41558475088612	115068.5290763903
13.44316073118067	118208.7896495392
13.47073671147522	121434.6340779426
13.49831269176977	124748.4414233146
13.52588867206432	128152.5899550214
13.55346465235887	131649.5480990323
13.58104063265342	135241.837145041
13.60861661294797	138932.0559478655
13.63619259324252	142722.8862246712
13.66376857353707	146617.071578967
13.69134455383162	150617.4229229232
13.71892053412617	154726.8358273313
13.74649651442072	158948.2698716424
13.77407249471527	163284.7860243323
13.80164847500982	167739.6023310024
13.82922445530437	172315.8451960532
13.85680043559892	177016.8612762901
13.88437641589347	181846.0554062655
13.91195239618802	186806.9200307177
13.93952837648257	191903.0500059818
13.96710435677712	197138.1172351356
13.99468033707167	202515.9425351098
14.02225631736622	208040.4052689234
14.04983229766077	213715.5167290906
14.07740827795532	219545.3535193166
14.10498425824987	225534.1767634117
14.13256023854442	231686.3085096657
14.16013621883897	238006.2001017467
14.18771219913352	244498.4581987848
14.21528817942807	251167.7221757675
14.24286415972262	258018.8739341977
14.27044014001717	265056.8622859042
14.29801612031172	272286.7800887115
14.32559210060627	279713.8435279031
14.35316808090082	287343.5266160562
14.38074406119537	295181.2513474161
14.40832004148992	303232.7266571169
14.43589602178447	311503.7888609706
14.46347200207902	320000.4499859595
14.49104798237357	328728.8463763468
14.51862396266812	337695.3067671647
14.54619994296267	346906.3296830283
14.57377592325722	356368.5862728733
14.60135190355177	366088.938314562
14.62892788384632	376074.4225289813
14.65650386414087	386332.2778331603
14.68407984443542	396869.9409850714
14.71165582472997	407695.038159053
14.73923180502452	418815.4373233329
14.76680778531907	430239.1815229179
14.79438376561362	441974.5427121449
14.82195974590817	454030.0452358421
14.84953572620272	466414.4303580853
14.87711170649727	479136.6699391665
14.90468768679182	492205.9859642906
14.93226366708637	505631.8489195135
14.95983964738092	519423.9886564
14.98741562767547	533592.4195681254
15.01499160797002	548147.4065114706
15.04256758826457	563099.4867665356
15.07014356855912	578459.5272287062
15.09771954885368	594238.6535178738
15.12529552914823	610448.2935738098
15.15287150944278	627100.2245761803
15.18044748973733	644206.4990121201
15.20802347003188	661779.5522463212
15.23559945032643	679832.1257783617
15.26317543062098	698377.2880052374
15.29075141091553	717428.5020499867
15.31832739121008	736999.586572441
15.34590337150463	757104.7320322695
15.37347935179918	777758.5124849118
15.40105533209373	798975.9439163196
15.42863131238828	820772.3835735646
15.45620729268283	843163.6545127953
15.48378327297738	866165.997833267
15.51135925327193	889796.1044788361
15.53893523356648	914071.1147557016
15.56651121386103	939008.649244078
15.59408719415558	964626.7815010912
15.62166317445013	990944.0962635976
15.64923915474468	1017979.730260204
15.67681513503923	1045753.253134015
15.70439111533378	1074284.866882688
15.73196709562833	1103595.235975272
15.75954307592288	1133705.653954801
15.78711905621743	1164637.949540346
15.81469503651198	1196414.592366288
15.84227101680653	1229058.630328098
15.86984699710108	1262593.758584819
15.89742297739563	1297044.317448426
15.92499895769018	1332435.31972733
15.95257493798473	1368792.445697089
15.98015091827928	1406142.087015511
16.00772689857383	1444511.347242574
16.03530287886838	1483928.092494438
16.06287885916293	1524420.927301325
16.09045483945748	1566019.228631305
16.11803081975203	1608753.25835572
16.14560680004658	1652653.982942041
16.17318278034113	1697753.302916467
16.20075876063568	1744083.959069439
16.22833474093023	1791679.497479847
16.25591072122478	1840574.743256844
16.28348670151933	1890804.94277784
16.31106268181388	1942406.644408047
16.33863866210843	1995417.338572274
16.36621464240298	2049875.495886101
16.39379062269753	2105820.681823688
16.42136660299208	2163293.528047742
16.44894258328663	2222335.756006697
16.47651856358118	2282990.248968022
16.50409454387573	2345301.094445965
16.53167052417028	2409313.509742862
16.55924650446483	2475074.037397747
16.58682248475938	2542630.3700127
16.61439846505393	2612031.639566832
16.64197444534848	2683328.241257736
16.66955042564303	2756571.95422268
16.69712640593758	2831816.048986718
16.72470238623213	2909115.081818033
16.75227836652668	2988525.31399942
16.77985434682123	3070104.375228806
16.80743032711578	3153911.557251705
16.83500630741033	3240007.751183374
16.86258228770488	3328455.530470646
16.89015826799943	3419319.111306961
16.91773424829398	3512664.576943133
16.94531022858853	3608559.728680772
16.97288620888308	3707074.251261237
17.00046218917763	3808279.732673553
17.02803816947218	3912249.790674517
17.05561414976673	4019059.849402563
17.08319013006128	4128787.595751404
17.11076611035583	4241512.806873241
17.13834209065038	4357317.368514495
17.16591807094493	4476285.498111836
17.19349405123948	4598503.648187358
17.22107003153403	4724060.706468394
17.24864601182858	4853047.899025771
17.27622199212313	4985558.863095626
17.30379797241768	5121690.096915139
17.33137395271223	5261540.511806783
17.35894993300678	5405211.686998091
17.38652591330133	5552808.370031999
17.41410189359588	5704409.028414627
17.44167787389043	5860209.538165974
17.46925385418498	6020237.636727682
17.49682983447953	6184638.200386941
17.52440581477408	6353530.514176647
17.55198179506863	6527038.141946504
17.57955777536318	6705286.483904878
17.60713375565773	6888405.400745192
17.63470973595228	7076528.073953183
17.66228571624683	7269791.299081926
17.68986169654139	7468335.610406248
17.71743767683594	7672305.486492892
17.74501365713049	7881849.130663368
17.77258963742504	8097119.096773502
17.80016561771959	8318271.862622818
17.82774159801414	8545468.300534476
17.85531757830869	8778873.662976716
17.88289355860324	9018657.78772283
17.91046953889779	9264995.002836542
17.93804551919234	9518064.558348732
17.96562149948689	9778050.5428806
17.99319747978144	10045142.08052721
18.02077346007599	10319533.50653552
18.04834944037054	10601424.49294111
18.07592542066509	10891019.9442934
18.10350140095964	11188530.73785948
18.13107738125419	11494173.28602074
18.15865336154874	11808169.97882306
18.18622934184329	12130749.28403161
18.21380532213784	12462145.92245318
18.24138130243239	12802601.08426295
18.26895728272694	13152362.45995306
18.29653326302149	13511684.59901175
18.32410924331604	13880828.99534613
18.35168522361059	14260064.33000299
18.37926120390514	14649666.52652198
18.40683718419969	15049919.12729877
18.43441316449424	15461113.66156506
18.46198914478879	15883549.18555685
18.48956512508334	16317533.24964977
18.51714110537789	16763381.74491831
18.54471708567244	17221419.20463469
18.57229306596699	17691979.06135039
18.59986904626154	18175403.81423194
18.62744502655609	18672045.56314455
18.65502100685064	19182265.66042197
18.68259698714519	19706435.61751991
18.71017296743974	20244937.05336627
18.73774894773429	20798162.04339254
18.76532492802884	21366513.367152
18.79290090832339	21950404.89823939
18.82047688861794	22550261.76802109
18.84805286891249	23166520.70467975
18.87562884920704	23799630.50605552
18.90320482950159	24450052.17454029
18.93078080979614	25118259.36506045
18.95835679009069	25804738.68627527
18.98593277038524	26509990.09013687
19.01350875067979	27234527.29021558
19.04108473097434	27978877.73903861
19.06866071126889	28743583.74923288
19.09623669156344	29529202.2674198
19.12381267185799	30336305.46744296
19.15138865215254	31165481.22790647
19.17896463244709	32017333.62912167
19.20654061274164	32892483.02888915
19.23411659303619	33791567.22453935
19.26169257333074	34715240.91681664
19.28926855362529	35664177.07918838
19.31684453391984	36639067.04468989
19.34442051421439	37640621.0492921
19.37199649450894	38669568.80980501
19.39957247480349	39726659.92307
19.42714845509804	40812664.88962923
19.45472443539259	41928374.7072686
19.48230041568714	43074602.44904588
19.50987639598169	44252183.25993682
19.53745237627624	45461975.35805102
19.56502835657079	46704860.39674112
19.59260433686534	47981743.64750312
19.62018031715989	49293556.47429739
19.64775629745444	50641254.20196349
19.67533227774899	52025819.48080783
19.70290825804354	53448261.13677221
19.73048423833809	54909616.1112906
19.75806021863264	56410949.49323908
19.78563619892719	57953354.83357152
19.81321217922174	59537958.08852796
19.84078815951629	61165912.96699551
19.86836413981084	62838406.54337393
19.89594012010539	64556658.13758749
19.92351610039994	66321920.18196605
19.95109208069449	68135479.62872019
19.97866806098904	69998658.38354212
20.00624404128359	71912815.58047411
20.03382002157814	73879345.98775542
20.06139600187269	75899683.68116727
20.08897198216724	77975301.68936355
20.11654796246179	80107713.32696988
20.14412394275634	82298473.76767732
20.17169992305089	84549179.96231988
20.19927590334544	86861473.59951314
20.22685188363999	89237040.36930951
20.25442786393454	91677612.91469464
20.2820038442291	94184970.71946718
20.30957982452365	96760942.51644367
20.3371558048182	99407406.8355794
20.36473178511275	102126293.9532412
20.3923077654073	104919586.6613385
20.41988374570185	107789321.2211047
20.4474597259964	110737592.01031
20.47503570629095	113766548.9669657
20.5026116865855	116878400.8302123
20.53018766688005	120075418.0578037
20.5577636471746	123359932.0309814
20.58533962746915	126734338.7115441
20.6129156077637	130201098.3982162
20.64049158805825	133762743.2192715
20.6680675683528	137421869.262004
20.69564354864735	141181144.204326
20.7232195289419	145043311.9964006
20.75079550923645	149011189.8527211
20.778371489531	153087671.146702
20.80594746982555	157275734.1863212
20.8335234501201	161578428.6961448
20.86109943041465	165998897.0559988
20.8886754107092	170540362.6414554
20.91625139100375	175206139.7287365
20.9438273712983	179999632.6932204
20.97140335159285	184924336.9365597
20.9989793318874	189983850.1195112
21.02655531218195	195181858.0456318
21.0541312924765	200522145.2718052
21.08170727277105	206008640.1397518
21.1092832530656	211645313.9638822
21.13685923336015	217436290.6336083
21.1644352136547	223385795.0526549
21.19201119394925	229498168.0600988
21.2195871742438	235777873.9927279
21.24716315453835	242229488.8637579
21.2747391348329	248857725.4382372
21.30231511512745	255667416.6020886
21.329891095422	262663537.0320084
21.35746707571655	269851185.8084602
21.3850430560111	277235610.4864244
21.41261903630565	284822196.3517115
21.4401950166002	292616456.9820998
21.46777099689475	300624178.9596758
21.4953469771893	308851098.0664874
21.52292295748385	317303257.358686
21.5504989377784	325986822.4400586
21.57807491807295	334908133.4357901
21.6056508983675	344073705.7910373
21.63322687866205	353490209.4117414
21.6608028589566	363164552.7458787
21.68837883925115	373103769.8232691
21.7159548195457	383315124.9132579
21.74353079984025	393806075.1097367
21.7711067801348	404584265.2779914
21.79868276042935	415657574.5593128
21.8262587407239	427034084.255491
21.85383472101845	438722094.3568037
21.881410701313	450730149.4139897
21.90898668160755	463067003.3128389
21.9365626619021	475741671.6399545
21.96413864219665	488763399.0667569
21.9917146224912	502141696.7638549
22.01929060278575	515886327.4011588
22.0468665830803	530007343.2210876
22.07444256337485	544515032.4002244
22.1020185436694	559420002.6721326
22.12959452396395	574733128.439875
22.1571705042585	590465595.2505462
22.18474648455305	606628892.7581459
22.2123224648476	623234818.064963
22.23989844514215	640295499.7887702
22.2674744254367	657823399.2457207
22.29505040573125	675831308.5524166
22.3226263860258	694332384.4029514
22.35020236632035	713340141.4487363
22.3777783466149	732868453.6874131
22.40535432690945	752931585.359471
22.432930307204	773544195.4045902
22.46050628749855	794721328.0665176
22.4880822677931	816478460.6831106
22.51565824808765	838831467.5945116
22.5432342283822	861796692.4917176
22.57081020867675	885390826.6052727
22.5983861889713	909631337.7624768
22.62596216926585	934535698.7437954
22.6535381495604	960122155.6156662
22.68111412985495	986409457.7750193
22.7086901101495	1013416752.82958
22.73626609044405	1041163798.945786
22.7638420707386	1069670847.586481
22.79141805103315	1098958727.377857
22.8189940313277	1129048848.103393
22.84657001162225	1159963194.638165
22.87414599191681	1191724642.293136
22.90172197221136	1224355479.682757
22.92929795250591	1257880479.463964
22.95687393280046	1292323809.111561
22.98444991309501	1327710672.613666
23.01202589338956	1364066889.684486
23.03960187368411	1401419038.837741
23.06717785397866	1439794413.931655
23.09475383427321	1479221064.053247
23.12232981456776	1519727768.331715
23.14990579486231	1561344173.698189
23.17748177515686	1604100632.837908
23.20505775545141	1648028483.238949
23.23263373574596	1693159754.027546
23.26020971604051	1739527442.636084
23.28778569633506	1787165435.634366
23.31536167662961	1836108555.441161
23.34293765692416	1886392623.085569
23.37051363721871	1938054227.70361
23.39808961751326	1991131301.504577
23.42566559780781	2045662577.311996
23.45324157810236	2101687912.454982
23.48081755839691	2159248260.124507
23.50839353869146	2218385692.628165
23.53596951898601	2279143440.358984
23.56354549928056	2341565917.552429
23.59112147957511	2405698722.942497
23.61869745986966	2471588839.246664
23.64627344016421	2539284321.786824
23.67384942045876	2608834715.420846
23.70142540075331	2680290853.499214
23.72900138104786	2753704896.943178
23.75657736134241	2829130771.567341
23.78415334163696	2906623365.243783
23.81172932193151	2986239424.770632
23.83930530222606	3068041231.669137
23.86688128252061	3152076366.259471
23.89445726281516	3238418514.781611
23.92203324310971	3327126732.164978
23.94960922340426	3418265877.232718
23.97718520369881	3511902595.802499
24.00476118399336	3608105358.784199
24.03233716428791	3706944506.431827
24.05991314458246	3808492330.098853
24.08748912487701	3912823095.878652
24.11506510517156	4020013064.049282
24.14264108546611	4130140674.849637
24.17021706576066	4243286445.562988
24.19779304605521	4359533128.781216
24.22536902634976	4478965743.626857
24.25294500664431	4601671632.842413
24.28052098693886	4727740576.646524
24.30809696723341	4857264688.77419
24.33567294752796	4990338833.469856
24.36324892782251	5127060250.814309
24.39082490811706	5267529040.978909
24.41840088841161	5411847866.777529
24.44597686870616	5560122323.660364
24.47355284900071	5712460877.655854
24.50112882929526	5868974976.208466
24.52870480958981	6029779100.85214
24.55628078988436	6194990884.737496
24.58385677017891	6364731218.794765
24.61143275047346	6539124263.993085
24.63900873076801	6718297602.388831
24.66658471106256	6902382290.312324
24.69416069135711	7091513081.09765
24.72173667165166	7285828299.645602
24.74931265194621	7485470132.755382
24.77688863224076	7690584641.786101
24.80446461253531	7901321917.493862
24.83204059282986	8117836152.372523
24.85961657312441	8340284910.057975
24.88719255341896	8568833577.030877
24.91476853371351	8803646692.851797
24.94234451400806	9044897159.627369
24.96992049430261	9292761341.800249
24.99749647459716	9547420672.993216
25.02507245489171	9809061521.936167
25.05264843518626	10077875356.08237
25.08022441548081	10354058906.28921
25.10780039577536	10637814285.95761
25.13537637606991	10929349232.60018
25.16295235636446	11228876827.20338
25.19052833665901	11536616926.5223
25.21810431695356	11852793725.84707
25.24568029724811	12177640159.22083
25.27325627754266	12511392699.67211
25.30083225783721	12854296055.73517
25.32840823813176	13206601231.31768
25.35598421842631	13568566100.13308
25.38356019872086	13940455623.46339
25.41113617901541	14322542049.28285
25.43871215930996	14715105049.22912
25.46628813960452	15118432003.67797
25.49386411989907	15532818267.52445
25.52144010019362	15958566900.41319
25.54901608048817	16395989905.72395
25.57659206078272	16845407408.54775
25.60416804107727	17307148438.13752
25.63174402137182	17781551039.92347
25.65932000166637	18268962549.57525
25.68689598196092	18769739891.07037
25.71447196225547	19284249581.92779
25.74204794255002	19812868161.11969
25.76962392284457	20355983531.995
25.79719990313912	20913992538.55746
25.82477588343367	21487303930.28686
25.85235186372822	22076337651.40046
25.87992784402277	22681524980.35837
25.90750382431732	23303309080.56996
25.93507980461187	23942145277.51423
25.96265578490642	24598501446.59095
25.99023176520097	25272858113.28797
26.01780774549552	25965709217.16597
26.04538372579007	26677563104.7767
26.07295970608462	27408938170.39687
26.10053568637917	28160373287.12551
26.12811166667372	28932417458.94392
26.15568764696827	29725636267.24903
26.18326362726282	30540610631.8745
26.21083960755737	31377937493.16704
26.23841558785192	32238230157.95153
26.26599156814647	33122118700.39057
26.29356754844102	34030250551.79929
26.32114352873557	34963288695.44226
26.34871950903012	35921923524.60615
26.37629548932467	36906850305.71383
26.40387146961922	37918792770.32617
26.43144744991377	38958492270.86547
26.45902343020832	40026710344.35214
26.48659941050287	41124229686.18376
26.51417539079742	42251854230.23974
26.54175137109197	43410410159.78062
26.56932735138652	44600746158.09039
26.59690333168107	45823729734.65429
26.62447931197562	47080270545.08335
26.65205529227017	48371275874.55857
26.67963127256472	49697695858.41871
26.70720725285927	51060502388.06947
26.73478323315382	52460694005.22402
26.76235921344837	53899296675.61832
26.78993519374292	55377364425.54954
26.81751117403747	56895980396.15269
26.84508715433202	58456257402.07243
26.87266313462657	60059339501.19994
26.90023911492112	61706398377.86689
26.92781509521567	63398644702.56219
26.95539107551022	65137316994.24772
26.98296705580477	66923689479.7084
27.01054303609932	68759071298.20743
27.03811901639387	70644807519.86502
27.06569499668842	72582280148.01219
27.09327097698297	74572909122.7542
27.12084695727752	76618153344.6844
27.14842293757207	78719511877.88707
27.17599891786662	80878523772.46683
27.20357489816117	83096774165.60631
27.23115087845572	85375886541.61795
27.25872685875027	87717532082.81839
27.28630283904482	90123427168.23505
27.31387881933937	92595335309.60936
27.34145479963392	95135068431.6306
27.36903077992847	97744488208.57643
27.39660676022302	100425507431.7496
27.42418274051757	103180091009.6256
27.45175872081212	106010263799.324
27.47933470110667	108918085847.7201
27.50691068140122	111905703159.9315
27.53448666169577	114975301064.6429
27.56206264199032	118129129978.3513
27.58963862228487	121369502112.7452
27.61721460257942	124698793082.3014
27.64479058287397	128119443818.0509
27.67236656316852	131633962176.6931
27.69994254346307	135244924944.5137
27.72751852375762	138954979233.7326
27.75509450405217	142766847266.5555
27.78267048434672	146683320387.9947
27.81024646464127	150707273976.0883
27.83782244493582	154841656434.9455
27.86539842523037	159089500003.5591
27.89297440552492	163453919428.6069
27.92055038581947	167938115104.1131
27.94812636611402	172545375314.1233
27.97570234640857	177279078528.2823
28.00327832670312	182142696090.7788
28.03085430699767	187139835497.4299
28.05843028729223	192274040332.3822
28.08600626758678	197549197920.5465
28.11358224788133	202969131767.8995
28.14115822817588	208537822911.2675
28.16873420847043	214259351368.0898
28.19631018876498	220137916387.9816
28.22388616905953	226177827986.4625
28.25146214935408	232383516348.8767
28.27903812964863	238759533097.0709
28.30661410994318	245310554583.4239
28.33419009023773	252041390700.0903
28.36176607053228	258956966153.3563
28.38934205082683	266062365400.1029
28.41691803112138	273362795129.5398
28.44449401141593	280863615898.2525
28.47206999171048	288570321119.0796
28.49964597200503	296488571596.4087
28.52722195229958	304624173642.0687
28.55479793259413	312983095112.6701
28.58237391288868	321571468390.2628
28.60994989318323	330395593967.4733
28.63752587347778	339461944772.3825
28.66510185377233	348777175619.7317
28.69267783406688	358348116819.8599
28.72025381436143	368181792187.7093
28.74782979465598	378285417570.538
28.77540577495053	388666400130.6644
28.80298175524508	399332364035.0172
28.83055773553963	410291131674.4247
28.85813371583418	421550743890.8904
28.88570969612873	433119463508.7914
28.91328567642328	445005778281.6578
28.94086165671783	457218409843.9561
28.96843763701238	469766321993.5306
28.99601361730693	482658718748.7302
29.02358959760148	495905062811.6694
29.05116557789603	509515075317.4674
29.07874155819058	523498741703.8007
29.10631753848513	537866325585.6348
29.13389351877968	552628371166.6969
29.16146949907423	567795711333.2395
29.18904547936878	583379477178.3794
29.21662145966333	599391106072.1656
29.24419743995788	615842348826.7433
29.27177342025243	632745279150.6738
29.29934940054698	650112305196.7822
29.32692538084153	667956170003.1429
29.35450136113608	686289972655.8489
29.38207734143063	705127167155.7657
29.40965332172518	724481586021.8027
29.43722930201973	744367422189.5955
29.46480528231428	764799296547.8278
29.49238126260883	785792184701.4739
29.51995724290338	807361503411.7212
29.54753322319793	829523086259.2963
29.57510920349248	852293202714.0275
29.60268518378703	875688512653.5923
29.63026116408158	899726338661.7018
29.65783714437613	924424192267.9226
29.68541312467068	949800241226.0033
29.71298910496523	975873116509.4949
29.74056508525978	1002661964415.074
29.76814106555433	1030186448091.359
29.79571704584888	1058466779004.638
29.82329302614343	1087523711506.319
29.85086900643798	1117378588093.002
29.87844498673253	1148053325859.928
29.90602096702708	1179570452229.885
29.93359694732163	1211953081949.438
29.96117292761618	1245225026806.186
29.98874890791073	1279410703248.612
30.01632488820528	1314535208560.774
30.04390086849983	1350624326008.239
30.07147684879438	1387704588819.54
30.09905282908893	1425803192835.322
30.12662880938348	1464948125051.341
30.15420478967803	1505168131309.51
30.18178076997258	1546492745938.225
30.20935675026713	1588952318873.979
30.23693273056168	1632577926017.616
30.26450871085623	1677401900294.868
30.29208469115078	1723456879867.126
30.31966067144533	1770776781383.66
30.34723665173988	1819396333139.883
30.37481263203443	1869351270299.68
30.40238861232898	1920678272821.604
30.42996459262353	1973415038953.854
30.45754057291808	2027600301614.039
30.48511655321263	2083273858956.736
30.51269253350718	2140476602771.188
30.54026851380173	2199250550503.676
30.56784449409628	2259638805283.578
30.59542047439083	2321685904552.649
30.62299645468539	2385437260676.767
30.65057243497994	2450939746153.088
30.67814841527449	2518241480551.34
30.70572439556904	2587391905647.546
30.73330037586359	2658441815060.356
30.76087635615814	2731443401445.834
30.78845233645269	2806450296093.696
30.81602831674724	2883517599294.813
30.84360429704179	2962701927619.144
30.87118027733634	3044061454601.33
30.89875625763089	3127655961418.146
30.92633223792544	3213546823951.449
30.95390821821999	3301797192821.021
30.98148419851454	3392471885705.781
31.00906017880909	3485637521228.888
31.03663615910364	3581362549555.651
31.06421213939819	3679717308535.381
31.09178811969274	3780774058182.293
31.11936409998729	3884607052925.435
31.14694008028184	3991292588825.604
31.17451606057639	4100909132665.701
31.20209204087094	4213536985696.026
31.22966802116549	4329259161243.918
31.25724400146004	4448160572562.814
31.28481998175459	4570328676183.411
31.31239596204914	4695853180612.004
31.33997194234369	4824826335178.016
31.36754792263824	4957342922778.671
31.39512390293279	5093500330890.479
31.42269988322734	5233398617173.283
31.45027586352189	5377140596618.344
31.47785184381644	5524831903017.919
31.50542782411099	5676581089391.658
31.53300380440554	5832499645935.075
31.56057978470009	5992702207602.218
31.58815576499464	6157306500884.113
31.61573174528919	6326433475968.276
31.64330772558374	6500207508487.709
31.67088370587829	6678756265892.342
31.69845968617284	6862210990714.921
31.72603566646739	7050706537771.534
31.75361164676194	7244381438995.881
31.78118762705649	7443378067775.404
31.80876360735104	7647842698826.311
31.83633958764559	7857925621626.486
31.86391556794014	8073781255358.739
31.89149154823469	8295568290574.605
31.91906752852924	8523449752985.622
31.94664350882379	8757593161941.132
31.97421948911834	8998170700336.467
32.00179546941289	9245359043722.34
32.02937144970744	9499340100160.924
32.05694743000199	9760300515067.98
32.08452341029654	10028432145190.71
32.11209939059109	10303932114560.38
32.13967537088564	10587002969058.22
32.16725135118019	10877852823327.18
32.19482733147474	11176695524283.03
32.22240331176929	11483750753389.17
0
1000	105.6583745	100000000000000.1
5	0	0	1
5	0	0	0
4.673998997513734	-0.02769134778478374
4.701574977808284	-0.03875486425859735
4.729150958102834	-0.05027238087951712
4.756726938397384	-0.06183432543528875
4.784302918691934	-0.07316727937319903
4.811878898986484	-0.08409839410682364
4.839454879281035	-0.09452548397419921
4.867030859575585	-0.1043945643604928
4.894606839870135	-0.1136838193079874
4.922182820164685	-0.1223924527104246
4.949758800459235	-0.1305330485963262
4.977334780753785	-0.1381263858850351
5.004910761048335	-0.1451979468570045
5.032486741342885	-0.1517755864220019
5.060062721637435	-0.157887994156491
5.087638701931986	-0.1635636965928438
5.115214682226536	-0.1688304268998923
5.142790662521086	-0.1737147436396595
5.170366642815636	-0.1782418175506425
5.197942623110186	-0.1824353307785831
5.225518603404736	-0.1863174504171144
5.253094583699286	-0.1899088501946769
5.280670563993836	-0.1932287623870701
5.308246544288386	-0.1962950477239698
5.335822524582936	-0.1991242749921033
5.363398504877487	-0.2017318047622599
5.390974485172037	-0.2041318735545026
5.418550465466587	-0.2063376760618157
5.446126445761137	-0.2083614439535361
5.473702426055687	-0.2102145203986147
5.501278406350237	-0.211944713584135
5.528854386644787	-0.2134822846575057
5.556430366939337	-0.2148760758467434
5.584006347233887	-0.2161351727457421
5.611582327528438	-0.2172681114511245
5.639158307822988	-0.2182829071867977
5.666734288117538	-0.2191870826475693
5.694310268412088	-0.2199876957400581
5.721886248706638	-0.2206913664903941
5.749462229001188	-0.2213043029591613
5.777038209295738	-0.2218343982595379
5.804614189590288	-0.2222816308467994
5.832190169884838	-0.2226541489771688
5.859766150179389	-0.2229568456860121
5.887342130473939	-0.2231943209395497
5.914918110768489	-0.2233708972820205
5.942494091063039	-0.2234906350368691
5.970070071357589	-0.2235573469567965
5.997646051652139	-0.2235746122519416
6.025222031946689	-0.2235457899419675
6.052798012241239	-0.2234753819727722
6.080373992535789	-0.2233634407722057
6.107949972830339	-0.2232142047726018
6.13552595312489	-0.2230303026753744
6.16310193341944	-0.2228142032597414
6.19067791371399	-0.2225682245276254
6.21825389400854	-0.2222945424041388
6.24582987430309	-0.2219951990032171
6.27340585459764	-0.2216721104694055
6.30098183489219	-0.2213270744082498
6.32855781518674	-0.2209618555774312
6.35613379548129	-0.2205778177081068
6.383709775775841	-0.2201765645026699
6.411285756070391	-0.2197594880872158
6.438861736364941	-0.2193278926962172
6.466437716659491	-0.2188829992317333
6.494013696954041	-0.2184259491598279
6.521589677248591	-0.2179578074495082
6.549165657543141	-0.2174795639395755
6.576741637837691	-0.21699213177386
6.604317618132241	-0.216491177717585
6.631893598426791	-0.2159548461112624
6.659469578721342	-0.2154702563711564
6.687045559015892	-0.2149544213580235
6.714621539310442	-0.2144327033204682
6.742197519604992	-0.2139063027929191
6.769773499899542	-0.2133759443492238
6.797349480194092	-0.2128422331608329
6.824925460488642	-0.2123057119808236
6.852501440783192	-0.2117668778329228
6.880077421077742	-0.2112277792182039
6.907653401372293	-0.2106858997300217
6.935229381666843	-0.2101429834636706
6.962805361961393	-0.2095995042904522
6.990381342255943	-0.2090583628761655
7.017957322550493	-0.2085099516871715
7.045533302845043	-0.2079664416297485
7.073109283139593	-0.2074231401134563
7.100685263434143	-0.2068805337920553
7.128261243728693	-0.20633889783485
7.155837224023244	-0.2057979320430589
7.183413204317794	-0.2052590512515668
7.210989184612344	-0.2047217540987709
7.238565164906894	-0.2041862148914585
7.266141145201444	-0.2036525944494398
7.293717125495994	-0.2031210409701441
7.321293105790544	-0.2025916908316936
7.348869086085094	-0.2020646693407068
7.376445066379644	-0.201540091429864
7.404021046674194	-0.2010180623094393
7.431597026968745	-0.2005036970185668
7.459173007263295	-0.199986629498471
7.486748987557845	-0.1994719600077634
7.514324967852395	-0.1989597651278241
7.541900948146945	-0.1984501485474089
7.569476928441495	-0.1979432336738735
7.597052908736045	-0.1974391652747616
7.624628889030595	-0.1969381132122344
7.652204869325145	-0.1964402775579239
7.679780849619696	-0.1959458952116691
7.707356829914246	-0.1954225464264988
7.734932810208796	-0.1949374530959399
7.762508790503346	-0.1944600518931658
7.790084770797896	-0.1939910146021438
7.817660751092446	-0.1935309888829989
7.845236731386996	-0.1930805952039235
7.872812711681546	-0.1926404239688093
7.900388691976096	-0.1922110328670527
7.927964672270646	-0.1917929444686274
7.955540652565197	-0.1913866440837374
7.983116632859747	-0.1909411423265075
8.010692613154298	-0.1905672593891521
8.038268593448848	-0.1902094256576847
8.065844573743398	-0.1898669639273159
8.093420554037948	-0.1895391721750364
8.120996534332498	-0.1892253407882033
8.148572514627048	-0.1889247654406531
8.176148494921598	-0.1886367562994546
8.203724475216148	-0.1883606443693711
8.231300455510699	-0.1880957856661364
8.258876435805249	-0.1878438578661486
8.286452416099799	-0.1875993277528155
8.314028396394349	-0.1873641644569029
8.341604376688899	-0.1871378848787156
8.369180356983449	-0.186920031990205
8.396756337277999	-0.1867101733704283
8.424332317572549	-0.1865078998128389
8.451908297867099	-0.1863128240042964
8.47948427816165	-0.1861245792749085
8.5070602584562	-0.1859428184172241
8.53463623875075	-0.1857670991814127
8.5622122190453	-0.1855973500188054
8.58978819933985	-0.1854331569322013
8.6173641796344	-0.1852742389306198
8.64494015992895	-0.1851203293201239
8.6725161402235	-0.1849711748306012
8.70009212051805	-0.1848265348006508
8.7276681008126	-0.1846861804150201
8.755244081107151	-0.1845498939893699
8.782820061401701	-0.1844174682959594
8.810396041696251	-0.1842886902830095
8.837972021990801	-0.1841634034213249
8.865548002285351	-0.1840414147888791
8.893123982579901	-0.1839225541596043
8.920699962874451	-0.1838066595009855
8.948275943169001	-0.1836935770358841
8.975851923463551	-0.1835831622227889
9.003427903758102	-0.1834752841700998
9.031003884052652	-0.1833698496561813
9.058579864347202	-0.1832671354413216
9.086155844641752	-0.1831651090298874
9.113731824936302	-0.1830659174955424
9.141307805230852	-0.1829686121466793
9.168883785525402	-0.1828730825230835
9.196459765819952	-0.1827792225425392
9.224035746114502	-0.1826869302763297
9.251611726409052	-0.1825961077410062
9.279187706703603	-0.1825066607057944
9.306763686998153	-0.1824184985151168
9.334339667292703	-0.1823315339258186
9.361915647587253	-0.1822456437815629
9.389491627881803	-0.182160828865815
9.417067608176353	-0.1820769721962397
9.444643588470903	-0.1819939986363176
9.472219568765453	-0.1819118357306042
9.499795549060003	-0.1818304136076052
9.527371529354554	-0.1817496648899777
9.554947509649104	-0.1816695246118882
9.582523489943654	-0.1815899301433587
9.610099470238204	-0.1815108211214538
9.637675450532754	-0.1814320778980289
9.665251430827304	-0.1813537743444225
9.692827411121854	-0.1812757927219126
9.720403391416404	-0.1811980803989412
9.747979371710954	-0.1811205866252495
9.775555352005505	-0.1810432625093143
9.803131332300055	-0.1809660609958084
9.830707312594605	-0.1808889368435313
9.858283292889155	-0.1808118466041712
9.885859273183705	-0.1807347486021837
9.913435253478255	-0.1806574317077111
9.941011233772805	-0.1805802284278337
9.968587214067355	-0.1805029108996604
9.996163194361905	-0.1804254412492466
10.02373917465646	-0.1803477836130851
10.05131515495101	-0.180269904069056
10.07889113524556	-0.1801917705741823
10.10646711554011	-0.1801133529082747
10.13404309583466	-0.1800346226227277
10.16161907612921	-0.1799555529938543
10.18919505642376	-0.1798760984393924
10.21677103671831	-0.1797962781495787
10.24434701701286	-0.1797160501419759
10.27192299730741	-0.1796353941083685
10.29949897760196	-0.1795542911793948
10.32707495789651	-0.1794727238871449
10.35465093819106	-0.1793906761293567
10.38222691848561	-0.1793081331349587
10.40980289878016	-0.1792250814307031
10.43737887907471	-0.1791415088086154
10.46495485936926	-0.1790575142306746
10.49253083966381	-0.1789728661305022
10.52010681995836	-0.1788876565377662
10.54768280025291	-0.1788018760446219
10.57525878054746	-0.1787155162580376
10.60283476084201	-0.1786285697573996
10.63041074113656	-0.1785410300520706
10.65798672143111	-0.1784528915387049
10.68556270172566	-0.1783641494581089
10.71313868202021	-0.1782747998514247
10.74071466231476	-0.1781848769199458
10.76829064260931	-0.1780943005093764
10.79586662290386	-0.1780031057288326
10.82344260319841	-0.1779112915306194
10.85101858349296	-0.1778188575968089
10.87859456378751	-0.1777258043025025
10.90617054408206	-0.1776321326796672
10.93374652437661	-0.1775378443814931
10.96132250467116	-0.1774429416472209
10.98889848496571	-0.1773474272673896
11.01647446526026	-0.1772513364119013
11.04405044555481	-0.1771546062691131
11.07162642584936	-0.1770572731463174
11.09920240614391	-0.1769593419732574
11.12677838643846	-0.1768608181915775
11.15435436673301	-0.1767617077229509
11.18193034702756	-0.1766620169381708
11.20950632732211	-0.1765617526271627
11.23708230761666	-0.1764609219698848
11.26465828791121	-0.1763595325080815
11.29223426820576	-0.1762576399269546
11.31981024850031	-0.1761551518173813
11.34738622879486	-0.1760521256782969
11.37496220908941	-0.1759485708011688
11.40253818938396	-0.175844496865034
11.43011416967851	-0.1757399139015445
11.45769014997306	-0.1756348322621022
11.48526613026761	-0.1755292625869332
11.51284211056216	-0.1754232157759628
11.54041809085671	-0.1753167029613679
11.56799407115126	-0.1752097968119689
11.59557005144581	-0.1751023779936974
11.62314603174036	-0.1749945237100816
11.65072201203491	-0.1748862468313196
11.67829799232946	-0.1747775603995292
11.70587397262401	-0.1746684775842577
11.73344995291856	-0.1745590116442562
11.76102593321311	-0.1744491758944549
11.78860191350766	-0.1743389836772896
11.81617789380221	-0.1742284483376927
11.84375387409676	-0.1741175610855085
11.87132985439131	-0.1740063818101643
11.89890583468586	-0.1738949009631047
11.92648181498041	-0.1737831314255548
11.95405779527496	-0.1736710859269741
11.98163377556951	-0.1735587770397244
12.00920975586406	-0.1734462171744795
12.03678573615861	-0.1733334185762945
12.06436171645316	-0.1732203933212659
12.09193769674771	-0.1731071533137194
12.11951367704226	-0.1729936839287432
12.14708965733681	-0.1728800523973902
12.17466563763136	-0.1727662427503774
12.20224161792591	-0.1726522658225109
12.22981759822046	-0.1725381321986418
12.25739357851501	-0.1724238522229236
12.28496955880956	-0.1723094360072602
12.31254553910411	-0.1721948934390447
12.34012151939866	-0.1720802341882733
12.36769749969321	-0.1719654677141073
12.39527347998776	-0.1718505644489217
12.42284946028231	-0.1717356165507799
12.45042544057686	-0.1716205909809455
12.47800142087141	-0.1715054957313319
12.50557740116597	-0.1713903385992815
12.53315338146052	-0.171275127201575
12.56072936175507	-0.1711598689856462
12.58830534204962	-0.1710445712386767
12.61588132234417	-0.1709292410950707
12.64345730263872	-0.1708138855426792
12.67103328293327	-0.1706985306818451
12.69860926322782	-0.1705831436739772
12.72618524352237	-0.1704677496143449
12.75376122381692	-0.170352354851954
12.78133720411147	-0.1702369656340194
12.80891318440602	-0.170121588111667
12.83648916470057	-0.1700062283488309
12.86406514499512	-0.1698908923370549
12.89164112528967	-0.16977558602194
12.91921710558422	-0.1696603153544542
12.94679308587877	-0.1695452029355237
12.97436906617332	-0.1694300391588518
13.00194504646787	-0.169314924950689
13.02952102676242	-0.1691998648162559
13.05709700705697	-0.1690848631171172
13.08467298735152	-0.1689699240693808
13.11224896764607	-0.1688550517416301
13.13982494794062	-0.1687402500525542
13.16740092823517	-0.1686255227682415
13.19497690852972	-0.1685108734990952
13.22255288882427	-0.1683963185414511
13.25012886911882	-0.1682818346041484
13.27770484941337	-0.1681674373647306
13.30528082970792	-0.1680531298104169
13.33285681000247	-0.1679389148148619
13.36043279029702	-0.1678247951388979
13.38800877059157	-0.1677107734312456
13.41558475088612	-0.1675968522291967
13.44316073118067	-0.1674830339592596
13.47073671147522	-0.1673693209377727
13.49831269176977	-0.1672557208920151
13.52588867206432	-0.1671422244222216
13.55346465235887	-0.1670288390136332
13.58104063265342	-0.166915566586134
13.60861661294797	-0.1668024089778402
13.63619259324252	-0.1666893679464059
13.66376857353707	-0.1665764451703072
13.69134455383162	-0.1664636422501035
13.71892053412617	-0.1663509607096706
13.74649651442072	-0.1662384019973962
13.77407249471527	-0.1661259701953686
13.80164847500982	-0.1660136608873048
13.82922445530437	-0.1659014780533055
13.85680043559892	-0.1657894228667838
13.88437641589347	-0.1656774964344268
13.91195239618802	-0.1655656997792729
13.93952837648257	-0.1654540337596071
13.96710435677712	-0.1653424982786368
13.99468033707167	-0.1652311071291912
14.02225631736622	-0.1651198345262608
14.04983229766077	-0.1650087016994037
14.07740827795532	-0.1648977038444656
14.10498425824987	-0.1647868417440676
14.13256023854442	-0.1646761160786799
14.16013621883897	-0.1645655274888992
14.18771219913352	-0.1644550765766682
14.21528817942807	-0.1643447639063651
14.24286415972262	-0.1642345900058166
14.27044014001717	-0.1641245553672636
14.29801612031172	-0.1640146604482905
14.32559210060627	-0.1639049070507688
14.35316808090082	-0.1637952963368725
14.38074406119537	-0.1636858181739455
14.40832004148992	-0.163576486199099
14.43589602178447	-0.1634672954545705
14.46347200207902	-0.1633582464055072
14.49104798237357	-0.1632493393409378
14.51862396266812	-0.1631405745028292
14.54619994296267	-0.1630319521029602
14.57377592325722	-0.1629234723274373
14.60135190355177	-0.1628151357386904
14.62892788384632	-0.1627069416428403
14.65650386414087	-0.1625988905558919
14.68407984443542	-0.1624909825784389
14.71165582472997	-0.1623832177925996
14.73923180502452	-0.1622755962625542
14.76680778531907	-0.1621681180350686
14.79438376561362	-0.1620607831400031
14.82195974590817	-0.1619535915908079
14.84953572620272	-0.1618465433850035
14.87711170649727	-0.1617396388529458
14.90468768679182	-0.161632877232858
14.93226366708637	-0.1615262588287362
14.95983964738092	-0.1614197835822004
14.98741562767547	-0.1613134514225529
15.01499160797002	-0.1612072622671466
15.04256758826457	-0.1611012160217417
15.07014356855912	-0.1609953125808474
15.09771954885368	-0.1608895518280522
15.12529552914823	-0.1607839336363392
15.15287150944278	-0.1606784580869837
15.18044748973733	-0.1605731245731273
15.20802347003188	-0.1604679331609123
15.23559945032643	-0.160362883686658
15.26317543062098	-0.1602579759785304
15.29075141091553	-0.1601532098567726
15.31832739121008	-0.160048585133922
15.34590337150463	-0.1599441016150169
15.37347935179918	-0.1598397590977896
15.40105533209373	-0.1597355573728463
15.42863131238828	-0.1596314963622032
15.45620729268283	-0.1595275754974351
15.48378327297738	-0.1594237947168687
15.51135925327193	-0.1593201537743844
15.53893523356648	-0.1592166524016827
15.56651121386103	-0.1591132902615068
15.59408719415558	-0.1590100665522304
15.62166317445013	-0.1589069919421225
15.64923915474468	-0.1588040404569343
15.67681513503923	-0.1587012330331887
15.70439111533378	-0.1585985614023847
15.73196709562833	-0.1584960509415534
15.75954307592288	-0.1583936407642121
15.78711905621743	-0.1582913837005514
15.81469503651198	-0.1581892641203063
15.84227101680653	-0.1580872813539454
15.86984699710108	-0.1579854350319324
15.89742297739563	-0.1578837248370639
15.92499895769018	-0.1577821504660997
15.95257493798473	-0.1576807116198828
15.98015091827928	-0.1575794081685931
16.00772689857383	-0.1574782395234297
16.03530287886838	-0.1573772054467733
16.06287885916293	-0.1572763056514999
16.09045483945748	-0.1571755398457358
16.11803081975203	-0.1570749077356146
16.14560680004658	-0.1569744090263286
16.17318278034113	-0.1568740434226062
16.20075876063568	-0.1567738106289653
16.22833474093023	-0.1566737103498684
16.25591072122478	-0.1565737434061787
16.28348670151933	-0.1564739070369287
16.31106268181388	-0.1563742022814564
16.33863866210843	-0.1562746288515152
16.36621464240298	-0.1561751864612486
16.39379062269753	-0.1560758748258159
16.42136660299208	-0.1559766936611163
16.44894258328663	-0.1558776426837865
16.47651856358118	-0.1557787216112722
16.50409454387573	-0.155679930161918
16.53167052417028	-0.155581268324256
16.55924650446483	-0.155482735262392
16.58682248475938	-0.1553843309663663
16.61439846505393	-0.1552860551587596
16.64197444534848	-0.1551879075547546
16.66955042564303	-0.1550898874188729
16.69712640593758	-0.1549919960906265
16.72470238623213	-0.1548942315179332
16.75227836652668	-0.1547965941165438
16.77985434682123	-0.1546990836058944
16.80743032711578	-0.1546017003607283
16.83500630741033	-0.1545044429379914
16.86258228770488	-0.1544073115773568
16.89015826799943	-0.1543103059779365
16.91773424829398	-0.1542134257470854
16.94531022858853	-0.1541166698662398
16.97288620888308	-0.1540200632458889
17.00046218917763	-0.1539235408108918
17.02803816947218	-0.1538271599040418
17.05561414976673	-0.1537309040036915
17.08319013006128	-0.1536347708920826
17.11076611035583	-0.1535387636125844
17.13834209065038	-0.1534428800182354
17.16591807094493	-0.1533471198770253
17.19349405123948	-0.1532514829594948
17.22107003153403	-0.1531559690386952
17.24864601182858	-0.1530605778901225
17.27622199212313	-0.1529653092916202
17.30379797241768	-0.1528701630232442
17.33137395271223	-0.1527751388670814
17.35894993300678	-0.1526802370138134
17.38652591330133	-0.1525854564195645
17.41410189359588	-0.152490797251673
17.44167787389043	-0.1523962592947117
17.46925385418498	-0.1523018423360956
17.49682983447953	-0.1522075461666272
17.52440581477408	-0.1521133705816276
17.55198179506863	-0.1520193153834952
17.57955777536318	-0.151925380388226
17.60713375565773	-0.1518315654452697
17.63470973595228	-0.1517378678119913
17.66228571624683	-0.1516442918270107
17.68986169654139	-0.1515508351744152
17.71743767683594	-0.1514574976516992
17.74501365713049	-0.1513642790592057
17.77258963742504	-0.1512711791997781
17.80016561771959	-0.151178197878576
17.82774159801414	-0.1510853349029671
17.85531757830869	-0.1509925900824549
17.88289355860324	-0.1508999632286243
17.91046953889779	-0.1508074541737865
17.93804551919234	-0.1507150627005638
17.96562149948689	-0.1506227886365885
17.99319747978144	-0.1505306318003504
18.02077346007599	-0.1504385920126826
18.04834944037054	-0.1503466690967638
18.07592542066509	-0.1502548628781194
18.10350140095964	-0.1501631731846223
18.13107738125419	-0.1500715998464921
18.15865336154874	-0.1499801426962934
18.18622934184329	-0.149888801547664
18.21380532213784	-0.1497975762825966
18.24138130243239	-0.1497064667188578
18.26895728272694	-0.1496154726980786
18.29653326302149	-0.1495245940641265
18.32410924331604	-0.1494338306630989
18.35168522361059	-0.1493431823433136
18.37926120390514	-0.1492526489552964
18.40683718419969	-0.1491622303517653
18.43441316449424	-0.1490719263876115
18.46198914478879	-0.1489817368992297
18.48956512508334	-0.1488916617885369
18.51714110537789	-0.1488017008965773
18.54471708567244	-0.1487118540865812
18.57229306596699	-0.1486221212236854
18.59986904626154	-0.1485325021748784
18.62744502655609	-0.1484429968089395
18.65502100685064	-0.1483536049963725
18.68259698714519	-0.148264326609332
18.71017296743974	-0.1481751615215422
18.73774894773429	-0.1480861095865529
18.76532492802884	-0.1479971707255753
18.79290090832339	-0.147908344795453
18.82047688861794	-0.1478196316752999
18.84805286891249	-0.1477310312452609
18.87562884920704	-0.147642543386382
18.90320482950159	-0.1475541679804634
18.93078080979614	-0.1474659049098913
18.95835679009069	-0.147377754057438
18.98593277038524	-0.1472897153060068
19.01350875067979	-0.1472017886644254
19.04108473097434	-0.1471139738227355
19.06866071126889	-0.1470262707943646
19.09623669156344	-0.1469386799182094
19.12381267185799	-0.1468511984730207
19.15138865215254	-0.1467638302607072
19.17896463244709	-0.1466765730419813
19.20654061274164	-0.1465894269339119
19.23411659303619	-0.1465023918448987
19.26169257333074	-0.1464154676594109
19.28926855362529	-0.1463286534431676
19.31684453391984	-0.1462419473472876
19.34442051421439	-0.1461553599990808
19.37199649450894	-0.1460688776340309
19.39957247480349	-0.1459825058832553
19.42714845509804	-0.1458962443174253
19.45472443539259	-0.145810092741865
19.48230041568714	-0.1457240509906587
19.50987639598169	-0.1456381189017793
19.53745237627624	-0.1455522963109821
19.56502835657079	-0.1454665831180906
19.59260433686534	-0.1453809790015722
19.62018031715989	-0.1452954838557412
19.64775629745444	-0.1452100974932236
19.67533227774899	-0.1451248197189733
19.70290825804354	-0.1450396503297684
19.73048423833809	-0.1449545891136948
19.75806021863264	-0.1448696358496194
19.78563619892719	-0.1447847903066529
19.81321217922174	-0.1447000522436064
19.84078815951629	-0.1446154214477291
19.86836413981084	-0.1445308975743424
19.89594012010539	-0.1444464803863755
19.92351610039994	-0.1443621695960573
19.95109208069449	-0.1442779649027835
19.97866806098904	-0.1441938659926054
20.00624404128359	-0.1441098725377324
20.03382002157814	-0.1440259841960516
20.06139600187269	-0.1439422006106721
20.08897198216724	-0.1438585214094963
20.11654796246179	-0.1437749462837116
20.14412394275634	-0.1436914746622171
20.17169992305089	-0.1436081062068987
20.19927590334544	-0.1435248404834551
20.22685188363999	-0.143441677042485
20.25442786393454	-0.1433586154204294
20.2820038442291	-0.1432756551419845
20.30957982452365	-0.1431927957267383
20.3371558048182	-0.1431100367112695
20.36473178511275	-0.1430273777545011
20.3923077654073	-0.1429448165669895
20.41988374570185	-0.1428623548589219
20.4474597259964	-0.142779991169122
20.47503570629095	-0.1426977248794412
20.5026116865855	-0.1426155553034958
20.53018766688005	-0.1425334812757243
20.5577636471746	-0.142451508236535
20.58533962746915	-0.1423696233472958
20.6129156077637	-0.1422878347021617
20.64049158805825	-0.1422061398802076
20.6680675683528	-0.1421245347742124
20.69564354864735	-0.1420430438165152
20.7232195289419	-0.1419616122702606
20.75079550923645	-0.1418802843676593
20.778371489531	-0.1417990473143416
20.80594746982555	-0.1417178999981306
20.8335234501201	-0.1416368416508281
20.86109943041465	-0.1415558715734113
20.8886754107092	-0.1414749890933667
20.91625139100375	-0.1413941935547977
20.9438273712983	-0.1413134849881267
20.97140335159285	-0.1412328613417268
20.9989793318874	-0.1411523227107275
21.02655531218195	-0.1410718685095282
21.0541312924765	-0.1409914981728
21.08170727277105	-0.1409112111569988
21.1092832530656	-0.1408310069417783
21.13685923336015	-0.1407508850312909
21.1644352136547	-0.1406708449553643
21.19201119394925	-0.140590886270544
21.2195871742438	-0.1405110162138008
21.24716315453835	-0.1404312180885131
21.2747391348329	-0.140351499679485
21.30231511512745	-0.1402718607918519
21.329891095422	-0.1401923012697169
21.35746707571655	-0.1401128209915461
21.3850430560111	-0.1400334198661082
21.41261903630565	-0.1399540978289113
21.4401950166002	-0.1398748548391122
21.46777099689475	-0.1397956908769203
21.4953469771893	-0.1397166412409335
21.52292295748385	-0.1396376014176123
21.5504989377784	-0.1395586735326
21.57807491807295	-0.1394798256999584
21.6056508983675	-0.139401057288577
21.63322687866205	-0.1393223681780456
21.6608028589566	-0.1392437583440958
21.68837883925115	-0.1391652277949775
21.7159548195457	-0.1390867765548038
21.74353079984025	-0.1390084046576516
21.7711067801348	-0.1389301130397471
21.79868276042935	-0.1388518998415064
21.8262587407239	-0.1387737660683058
21.85383472101845	-0.1386957117913752
21.881410701313	-0.1386177370869983
21.90898668160755	-0.1385398420356079
21.9365626619021	-0.1384620267209219
21.96413864219665	-0.1383842912291209
21.9917146224912	-0.1383066356480706
22.01929060278575	-0.1382290600665893
22.0468665830803	-0.1381515648502222
22.07444256337485	-0.1380741494965346
22.1020185436694	-0.1379968143903837
22.12959452396395	-0.1379195596231047
22.1571705042585	-0.1378423852841308
22.18474648455305	-0.1377652914603708
22.2123224648476	-0.1376882782356715
22.23989844514215	-0.1376113456903605
22.2674744254367	-0.1375344939008681
22.29505040573125	-0.1374577229394301
22.3226263860258	-0.1373810328495546
22.35020236632035	-0.1373044237277931
22.3777783466149	-0.1372278956272809
22.40535432690945	-0.13715144860967
22.432930307204	-0.1370750827409754
22.46050628749855	-0.1369987981090677
22.4880822677931	-0.1369225949006498
22.51565824808765	-0.1368464740742379
22.5432342283822	-0.136770420038398
22.57081020867675	-0.1366944682127744
22.5983861889713	-0.136618591218938
22.62596216926585	-0.1365427937565659
22.6535381495604	-0.1364670775893111
22.68111412985495	-0.1363914427133578
22.7086901101495	-0.1363158891202406
22.73626609044405	-0.1362404167967719
22.7638420707386	-0.136165025725054
22.79141805103315	-0.1360897158825429
22.8189940313277	-0.1360144872421424
22.84657001162225	-0.1359393397723193
22.87414599191681	-0.1358642734010646
22.90172197221136	-0.1357892881645719
22.92929795250591	-0.1357143839814727
22.95687393280046	-0.1356395608034464
22.98444991309501	-0.1355648185783376
23.01202589338956	-0.135490157250296
23.03960187368411	-0.1354155767599151
23.06717785397866	-0.1353410770443668
23.09475383427321	-0.1352666580375324
23.12232981456776	-0.1351923196701276
23.14990579486231	-0.1351180629255056
23.17748177515686	-0.1350438851762587
23.20505775545141	-0.1349697880389154
23.23263373574596	-0.1348957713043536
23.26020971604051	-0.1348218348534137
23.28778569633506	-0.1347479785873746
23.31536167662961	-0.1346742024131773
23.34293765692416	-0.134600506238996
23.37051363721871	-0.1345268899726331
23.39808961751326	-0.1344533535208776
23.42566559780781	-0.1343798968458254
23.45324157810236	-0.1343065197282491
23.48081755839691	-0.1342332221355201
23.50839353869146	-0.1341600039700951
23.53596951898601	-0.134086865132974
23.56354549928056	-0.1340138055237866
23.59112147957511	-0.1339408250408736
23.61869745986966	-0.1338679235813647
23.64627344016421	-0.1337951010412533
23.67384942045876	-0.1337223573154674
23.70142540075331	-0.1336496923124078
23.72900138104786	-0.1335771058949155
23.75657736134241	-0.1335045979695582
23.78415334163696	-0.1334321684277463
23.81172932193151	-0.133359817160194
23.83930530222606	-0.1332875440569765
23.86688128252061	-0.1332153490075844
23.89445726281516	-0.1331432319009777
23.92203324310971	-0.1330711926256374
23.94960922340426	-0.1329992310696178
23.97718520369881	-0.1329273471994379
24.00476118399336	-0.1328555407476583
24.03233716428791	-0.1327838116688485
24.05991314458246	-0.1327121598465682
24.08748912487701	-0.1326405851628327
24.11506510517156	-0.1325690874970443
24.14264108546611	-0.1324976667234621
24.17021706576066	-0.132426322704298
24.19779304605521	-0.132355055266272
24.22536902634976	-0.1322838640841772
24.25294500664431	-0.1322127518855902
24.28052098693886	-0.132141714039512
24.30809696723341	-0.1320707524146544
24.33567294752796	-0.1319998668930961
24.36324892782251	-0.131929057357431
24.39082490811706	-0.1318583236904845
24.41840088841161	-0.1317876657751929
24.44597686870616	-0.1317170834945516
24.47355284900071	-0.1316465767315935
24.50112882929526	-0.1315761453693832
24.52870480958981	-0.1315057824537982
24.55628078988436	-0.1314355077926997
24.58385677017891	-0.1313653022828263
24.61143275047346	-0.1312951714906208
24.63900873076801	-0.1312251154537364
24.66658471106256	-0.1311551340891199
24.69416069135711	-0.1310852272918245
24.72173667165166	-0.1310153949504633
24.74931265194621	-0.1309456369512393
24.77688863224076	-0.1308759531793268
24.80446461253531	-0.1308063437658042
24.83204059282986	-0.1307368079817313
24.85961657312441	-0.1306673461409111
24.88719255341896	-0.130597958088822
24.91476853371351	-0.1305286436986524
24.94234451400806	-0.1304594028504667
24.96992049430261	-0.1303902354267883
24.99749647459716	-0.1303211413112625
25.02507245489171	-0.130252120388157
25.05264843518626	-0.130183172542147
25.08022441548081	-0.130114298327536
25.10780039577536	-0.1300454952670008
25.13537637606991	-0.1299767662154495
25.16295235636446	-0.1299081095929851
25.19052833665901	-0.1298395254416338
25.21810431695356	-0.129771013668297
25.24568029724811	-0.1297025741652364
25.27325627754266	-0.1296342068212775
25.30083225783721	-0.1295659115241889
25.32840823813176	-0.1294976881614057
25.35598421842631	-0.1294295365985089
25.38356019872086	-0.1293614567697975
25.41113617901541	-0.1292934485388842
25.43871215930996	-0.1292255117932029
25.46628813960452	-0.1291576464203642
25.49386411989907	-0.1290898523081533
25.52144010019362	-0.129022129344527
25.54901608048817	-0.1289544774176083
25.57659206078272	-0.1288868964156808
25.60416804107727	-0.12881938622718
25.63174402137182	-0.1287519467212008
25.65932000166637	-0.1286845778252125
25.68689598196092	-0.1286172794108325
25.71447196225547	-0.1285500513675137
25.74204794255002	-0.1284828935848424
25.76962392284457	-0.1284158059525031
25.79719990313912	-0.1283487883602222
25.82477588343367	-0.12828184069767
25.85235186372822	-0.1282149628542895
25.87992784402277	-0.1281481547189691
25.90750382431732	-0.1280814236451048
25.93507980461187	-0.1280147414385608
25.96265578490642	-0.1279481452578571
25.99023176520097	-0.127881615743144
26.01780774549552	-0.1278151549759202
26.04538372579007	-0.1277487631304556
26.07295970608462	-0.1276824401794394
26.10053568637917	-0.1276161860470466
26.12811166667372	-0.127550000641029
26.15568764696827	-0.1274838838623944
26.18326362726282	-0.1274178354322805
26.21083960755737	-0.1273518556347592
26.23841558785192	-0.1272859441596347
26.26599156814647	-0.1272201008990623
26.29356754844102	-0.1271543257455538
26.32114352873557	-0.1270886185919645
26.34871950903012	-0.1270229793314808
26.37629548932467	-0.126957407857609
26.40387146961922	-0.126891904064166
26.43144744991377	-0.1268264678452705
26.45902343020832	-0.1267610990111424
26.48659941050287	-0.1266957976274522
26.51417539079742	-0.1266305635106474
26.54175137109197	-0.1265653965571098
26.56932735138652	-0.1265002966635879
26.59690333168107	-0.1264352637272834
26.62447931197562	-0.12637029764601
26.65205529227017	-0.1263053983185057
26.67963127256472	-0.1262405656451064
26.70720725285927	-0.1261757995293832
26.73478323315382	-0.1261110989152641
26.76235921344837	-0.1260464654781797
26.78993519374292	-0.1259818982953212
26.81751117403747	-0.1259173972636089
26.84508715433202	-0.1258529622804732
26.87266313462657	-0.1257885932437435
26.90023911492112	-0.1257242900515791
26.92781509521567	-0.1256600526024225
26.95539107551022	-0.1255958807949696
26.98296705580477	-0.1255317745281485
27.01054303609932	-0.1254677336911238
27.03811901639387	-0.1254037582046079
27.06569499668842	-0.1253398479573624
27.09327097698297	-0.1252760028489855
27.12084695727752	-0.125212222779272
27.14842293757207	-0.1251485076482063
27.17599891786662	-0.1250848573559554
27.20357489816117	-0.1250212718028598
27.23115087845572	-0.1249577508894232
27.25872685875027	-0.124894294516301
27.28630283904482	-0.1248309011663477
27.31387881933937	-0.124767581731225
27.34145479963392	-0.1247043124355287
27.36903077992847	-0.1246411127325525
27.39660676022302	-0.1245779773595658
27.42418274051757	-0.1245149060156567
27.45175872081212	-0.1244518985577499
27.47933470110667	-0.1243889548727272
27.50691068140122	-0.1243260748566487
27.53448666169577	-0.1242632584092448
27.56206264199032	-0.1242005057010519
27.58963862228487	-0.124137816110791
27.61721460257942	-0.1240751897895861
27.64479058287397	-0.1240126266401291
27.67236656316852	-0.123950126555164
27.69994254346307	-0.123887689529911
27.72751852375762	-0.1238253153093163
27.75509450405217	-0.1237630038991497
27.78267048434672	-0.1237007551882586
27.81024646464127	-0.123638569080133
27.83782244493582	-0.123576445210007
27.86539842523037	-0.1235143840439529
27.89297440552492	-0.1234523852060963
27.92055038581947	-0.1233904486098698
27.94812636611402	-0.1233285741831484
27.97570234640857	-0.1232667619322974
28.00327832670312	-0.1232050155383273
28.03085430699767	-0.1231433217419386
28.05843028729223	-0.1230816951313502
28.08600626758678	-0.1230201299835996
28.11358224788133	-0.1229586263756874
28.14115822817588	-0.1228971842082977
28.16873420847043	-0.1228358034295717
28.19631018876498	-0.1227744839491629
28.22388616905953	-0.1227132256761261
28.25146214935408	-0.1226520285193043
28.27903812964863	-0.1225908923874951
28.30661410994318	-0.1225298171895301
28.33419009023773	-0.1224688028343173
28.36176607053228	-0.1224078492308636
28.38934205082683	-0.1223469562468156
28.41691803112138	-0.1222861238795107
28.44449401141593	-0.1222253519945076
28.47206999171048	-0.122164640500747
28.49964597200503	-0.1221039893072381
28.52722195229958	-0.1220433983230586
28.55479793259413	-0.121982867457354
28.58237391288868	-0.1219223966193378
28.60994989318323	-0.1218619857182905
28.63752587347778	-0.1218016346635595
28.66510185377233	-0.1217413435308224
28.69267783406688	-0.1216811118810973
28.72025381436143	-0.1216209397925195
28.74782979465598	-0.1215608271763686
28.77540577495053	-0.1215007739446238
28.80298175524508	-0.1214407800099467
28.83055773553963	-0.1213808452856653
28.85813371583418	-0.1213209696857594
28.88570969612873	-0.1212611531248465
28.91328567642328	-0.1212013955181683
28.94086165671783	-0.1211416965921178
28.96843763701238	-0.1210820566593437
28.99601361730693	-0.1210224754460257
29.02358959760148	-0.1209629528680599
29.05116557789603	-0.1209034888411238
29.07874155819058	-0.1208440832806733
29.10631753848513	-0.1207847361019389
29.13389351877968	-0.12072544721992
29.16146949907423	-0.1206662165493767
29.18904547936878	-0.1206070440048203
29.21662145966333	-0.1205479294545655
29.24419743995788	-0.1204888728924291
29.27177342025243	-0.1204298742034849
29.29934940054698	-0.1203709333076056
29.32692538084153	-0.1203120501296354
29.35450136113608	-0.1202532246068559
29.38207734143063	-0.1201944567156673
29.40965332172518	-0.1201357466185616
29.43722930201973	-0.1200770974771644
29.46480528231428	-0.1200184930451871
29.49238126260883	-0.119959956976594
29.51995724290338	-0.1199014750873306
29.54753322319793	-0.1198430502073861
29.57510920349248	-0.1197846822530618
29.60268518378703	-0.1197263711408702
29.63026116408158	-0.1196681167875524
29.65783714437613	-0.1196099191100928
29.68541312467068	-0.1195517780257304
29.71298910496523	-0.1194936934519674
29.74056508525978	-0.1194356653065766
29.76814106555433	-0.1193776933854833
29.79571704584888	-0.1193197778774257
29.82329302614343	-0.1192619185534765
29.85086900643798	-0.1192041153324497
29.87844498673253	-0.1191463681330447
29.90602096702708	-0.119088676873987
29.93359694732163	-0.1190310414740905
29.96117292761618	-0.1189734618522873
29.98874890791073	-0.1189159379276427
30.01632488820528	-0.1188584696193643
30.04390086849983	-0.1188010568320771
30.07147684879438	-0.1187436995166573
30.09905282908893	-0.1186863975770711
30.12662880938348	-0.1186291509329245
30.15420478967803	-0.1185719595039627
30.18178076997258	-0.1185148232100681
30.20935675026713	-0.1184577419712585
30.23693273056168	-0.1184007157076839
30.26450871085623	-0.1183437443396244
30.29208469115078	-0.1182868277874866
30.31966067144533	-0.1182299659911427
30.34723665173988	-0.118173158830883
30.37481263203443	-0.1181164062468456
30.40238861232898	-0.1180597081600398
30.42996459262353	-0.1180030644916538
30.45754057291808	-0.1179464751630517
30.48511655321263	-0.1178899400957713
30.51269253350718	-0.117833459211521
30.54026851380173	-0.1177770324321782
30.56784449409628	-0.1177206596797868
30.59542047439083	-0.1176643408675984
30.62299645468539	-0.1176080759365964
30.65057243497994	-0.117551864800449
30.67814841527449	-0.1174957073818089
30.70572439556904	-0.1174396036034499
30.73330037586359	-0.1173835533882624
30.76087635615814	-0.1173275566592467
30.78845233645269	-0.1172716133395054
30.81602831674724	-0.1172157233522345
30.84360429704179	-0.1171598866207111
30.87118027733634	-0.1171041029026444
30.89875625763089	-0.1170483724219539
30.92633223792544	-0.1169926949738194
30.95390821821999	-0.1169370704931812
30.98148419851454	-0.1168814989538758
31.00906017880909	-0.1168259823739675
31.03663615910364	-0.1167705135021759
31.06421213939819	-0.116715100167987
31.09178811969274	-0.1166597393108207
31.11936409998729	-0.1166044309297581
31.14694008028184	-0.1165491751814802
31.17451606057639	-0.1164939715047801
31.20209204087094	-0.1164388201043147
31.22966802116549	-0.1163837209068654
31.25724400146004	-0.1163286738392917
31.28481998175459	-0.116273678828536
31.31239596204914	-0.116218735801627
31.33997194234369	-0.1161638446856828
31.36754792263824	-0.1161090054079145
31.39512390293279	-0.1160542178956284
31.42269988322734	-0.1159994820621907
31.45027586352189	-0.1159447978650161
31.47785184381644	-0.1158901652167742
31.50542782411099	-0.1158355840449462
31.53300380440554	-0.1157810542771042
31.56057978470009	-0.1157265758409175
31.58815576499464	-0.1156721486641581
31.61573174528919	-0.1156177726747052
31.64330772558374	-0.115563447800549
31.67088370587829	-0.1155091739697936
31.69845968617284	-0.1154549511106597
31.72603566646739	-0.115400779151487
31.75361164676194	-0.1153466580207356
31.78118762705649	-0.1152925876469879
31.80876360735104	-0.1152385679589498
31.83633958764559	-0.1151845988854514
31.86391556794014	-0.1151306803554486
31.89149154823469	-0.1150768122980232
31.91906752852924	-0.1150229946423839
31.94664350882379	-0.1149692273178669
31.97421948911834	-0.1149155102539358
32.00179546941289	-0.1148618433801826
32.02937144970744	-0.1148082266263275
32.05694743000199	-0.1147546599222194
32.08452341029654	-0.114701143197836
32.11209939059109	-0.1146476763832837
32.13967537088564	-0.114594259408798
32.16725135118019	-0.1145408922047435
32.19482733147474	-0.1144875747016136
32.22240331176929	-0.1144343068300309
