0
1000	105.6583745	100000000000000.1
5	0	0	1
5	0	0	0
4.673998997513734	0.06787588976727654
4.701574977808284	0.2712666164368011
4.729150958102834	0.5749394826187314
4.756726938397384	0.9861439111179099
4.784302918691934	1.508410857178351
4.811878898986484	2.143040603740165
4.839454879281035	2.890067728047482
4.867030859575585	3.748862411579835
4.894606839870135	4.718497493583366
4.922182820164685	5.797968955876719
4.949758800459235	6.986325708946659
4.977334780753785	8.282743495861247
5.004910761048335	9.686564472603207
5.032486741342885	11.19731581636256
5.060062721637435	12.81471565231361
5.087638701931986	14.53867145876659
5.115214682226536	16.36927416531634
5.142790662521086	18.30678994158354
5.170366642815636	20.35165090932365
5.197942623110186	22.50444552661156
5.225518603404736	24.76590908772937
5.253094583699286	27.13691458825904
5.280670563993836	29.61846408194733
5.308246544288386	32.21168058063609
5.335822524582936	34.91780050042517
5.363398504877487	37.73816662957326
5.390974485172037	40.67422157827228
5.418550465466587	43.72750166382679
5.446126445761137	46.89963107307099
5.473702426055687	50.19231611232076
5.501278406350237	53.60822935122656
5.528854386644787	57.14978741545625
5.556430366939337	60.81639004369184
5.584006347233887	64.61073427740961
5.611582327528438	68.53575792480913
5.639158307822988	72.59185495574329
5.666734288117538	76.78026511792154
5.694310268412088	81.10604293416138
5.721886248706638	85.56961381109006
5.749462229001188	90.17301779430467
5.777038209295738	94.92015226258656
5.804614189590288	99.81210326314029
5.832190169884838	104.8530438004587
5.859766150179389	110.044158372939
5.887342130473939	115.3885819815552
5.914918110768489	120.8916120283725
5.942494091063039	126.5526614433684
5.970070071357589	132.3772640324432
5.997646051652139	138.3681887600887
6.025222031946689	144.5283413387194
6.052798012241239	150.862795736117
6.080373992535789	157.3740486424699
6.107949972830339	164.0660440452639
6.13552595312489	170.9422418147259
6.16310193341944	178.0057859717024
6.19067791371399	185.2630241578815
6.21825389400854	192.7163528346861
6.24582987430309	200.3647687758157
6.27340585459764	208.2308457505185
6.30098183489219	216.3020721432904
6.32855781518674	224.5872283475562
6.35613379548129	233.0920112799706
6.383709775775841	241.8240457738994
6.411285756070391	250.7868786345585
6.438861736364941	259.9844858315677
6.466437716659491	269.425972622611
6.494013696954041	279.114512463996
6.521589677248591	289.0596682779428
6.549165657543141	299.2657127595411
6.576741637837691	309.73695992622
6.604317618132241	320.469800337736
6.631893598426791	331.5092697403896
6.659469578721342	342.8239021955055
6.687045559015892	354.4355932065516
6.714621539310442	366.3480752436096
6.742197519604992	378.573470097337
6.769773499899542	391.1161595567147
6.797349480194092	403.9862569780616
6.824925460488642	417.1896326247376
6.852501440783192	430.7379981291891
6.880077421077742	444.6413039130167
6.907653401372293	458.9040240079996
6.935229381666843	473.5404054781706
6.962805361961393	488.5549655942383
6.990381342255943	503.9618261645748
7.017957322550493	519.7704225641779
7.045533302845043	535.9887641434443
7.073109283139593	552.6302432178624
7.100685263434143	569.7068028084871
7.128261243728693	587.2263041550539
7.155837224023244	605.2019090608007
7.183413204317794	623.6462764171441
7.210989184612344	642.5737657348928
7.238565164906894	661.9922511600622
7.266141145201444	681.9162038027172
7.293717125495994	702.3626583517405
7.321293105790544	723.3409117238176
7.348869086085094	744.866559735633
7.376445066379644	766.955042649246
7.404021046674194	789.6227069803537
7.431597026968745	812.8797982881189
7.459173007263295	836.7448266624812
7.486748987557845	861.2332414528106
7.514324967852395	886.3673155181164
7.541900948146945	912.1548827505832
7.569476928441495	938.6180433920032
7.597052908736045	965.7740819191696
7.624628889030595	993.6407556435973
7.652204869325145	1022.241338770731
7.679780849619696	1051.588452649915
7.707356829914246	1081.705994598015
7.734932810208796	1112.615257547203
7.762508790503346	1144.334203921072
7.790084770797896	1176.890215725027
7.817660751092446	1210.298566937634
7.845236731386996	1244.584722729112
7.872812711681546	1279.772416834893
7.900388691976096	1315.871207121045
7.927964672270646	1352.94929393132
7.955540652565197	1390.992213288006
7.983116632859747	1430.032784468044
8.010692613154298	1470.104012527858
8.038268593448848	1511.229739471225
8.065844573743398	1553.438616745439
8.093420554037948	1596.761542076142
8.120996534332498	1641.230753767119
8.148572514627048	1686.868500880792
8.176148494921598	1733.709531232349
8.203724475216148	1781.795675223587
8.231300455510699	1831.105653084555
8.258876435805249	1881.799095031288
8.286452416099799	1933.800714262553
8.314028396394349	1987.160372234948
8.341604376688899	2041.945704977368
8.369180356983449	2098.160923410523
8.396756337277999	2155.88661423686
8.424332317572549	2215.143952085261
8.451908297867099	2275.93720655865
8.47948427816165	2338.36998460233
8.5070602584562	2402.441822900987
8.53463623875075	2468.218565946825
8.5622122190453	2535.727991793675
8.58978819933985	2605.041578312375
8.6173641796344	2676.179140225504
8.64494015992895	2749.216128399364
8.6725161402235	2824.176945132698
8.70009212051805	2901.137767294395
8.7276681008126	2980.130964535838
8.755244081107151	3061.239659082712
8.782820061401701	3144.481661430596
8.810396041696251	3229.952981643698
8.837972021990801	3317.670766783613
8.865548002285351	3407.701511039512
8.893123982579901	3500.182547842988
8.920699962874451	3595.08315402071
8.948275943169001	3692.522326633135
8.975851923463551	3792.537851438976
9.003427903758102	3895.231581998391
9.031003884052652	4000.632473088317
9.058579864347202	4108.834718811026
9.086155844641752	4219.935454365415
9.113731824936302	4332.548396614873
9.141307805230852	4449.966038513087
9.168883785525402	4569.593550573003
9.196459765819952	4693.47490424035
9.224035746114502	4819.140587397599
9.251611726409052	4949.979661476063
9.279187706703603	5082.775528323999
9.306763686998153	5220.521257657116
9.334339667292703	5361.749745284404
9.361915647587253	5507.724352354864
9.389491627881803	5657.318267804776
9.417067608176353	5809.59112494815
9.444643588470903	5967.703484035249
9.472219568765453	6128.498100086368
9.499795549060003	6295.455731186487
9.527371529354554	6465.882687669303
9.554947509649104	6642.301806260431
9.582523489943654	6823.198486561075
9.610099470238204	7007.590421343414
9.637675450532754	7198.765127771988
9.665251430827304	7393.372315150987
9.692827411121854	7595.641232706098
9.720403391416404	7802.887769082961
9.747979371710954	8014.937816383268
9.775555352005505	8233.847699448135
9.803131332300055	8456.892749889237
9.830707312594605	8688.466933621226
9.858283292889155	8925.940166769202
9.885859273183705	9168.430407443333
9.913435253478255	9419.656729221033
9.941011233772805	9677.297300618402
9.968587214067355	9941.182243193276
9.996163194361905	10213.18192273288
10.02373917465646	10493.10461495815
10.05131515495101	10778.6575259092
10.07889113524556	11074.04315447112
10.10646711554011	11377.74936175909
10.13404309583466	11687.80055789278
10.16161907612921	12008.40563074614
10.18919505642376	12337.93956325246
10.21677103671831	12675.17866837596
10.24434701701286	13022.92101206173
10.27192299730741	13380.46884236383
10.29949897760196	13745.6463950816
10.32707495789651	14123.53914107446
10.35465093819106	14511.18398976542
10.38222691848561	14907.67075927971
10.40980289878016	15317.472464096
10.43737887907471	15738.3304417361
10.46495485936926	16170.86227317617
10.49253083966381	16614.00018205481
10.52010681995836	17070.65410557871
10.54768280025291	17539.96581892712
10.57525878054746	18019.91100369253
10.60283476084201	18515.74881061139
10.63041074113656	19024.92051396809
10.65798672143111	19548.12200981641
10.68556270172566	20083.73734131251
10.71313868202021	20636.12478783004
10.74071466231476	21204.22508385017
10.76829064260931	21787.65525492566
10.79586662290386	22385.74505377122
10.82344260319841	23001.86608604672
10.85101858349296	23634.87072399341
10.87859456378751	24282.87082938624
10.90617054408206	24951.69666686914
10.93374652437661	25638.51176898734
10.96132250467116	26344.30536143033
10.98889848496571	27067.15298788221
11.01647446526026	27812.72537345672
11.04405044555481	28577.38835577409
11.07162642584936	29365.43856242104
11.09920240614391	30174.01083241112
11.12677838643846	31003.50988109088
11.15435436673301	31857.17132240814
11.18193034702756	32734.53145200884
11.20950632732211	33635.79214750119
11.23708230761666	34559.73415166239
11.26465828791121	35512.05970145023
11.29223426820576	36489.67379205868
11.31981024850031	37494.54448775099
11.34738622879486	38524.62091606068
11.37496220908941	39585.97050230225
11.40253818938396	40676.24205799944
11.43011416967851	41794.72019997022
11.45769014997306	42947.63832237819
11.48526613026761	44128.89942290388
11.51284211056216	45344.49051635036
11.54041809085671	46593.13794917432
11.56799407115126	47876.24656140048
11.59557005144581	49194.5886345701
11.62314603174036	50547.0255740838
11.65072201203491	51534.24552165675
11.67829799232946	53369.55988498467
11.70587397262401	54839.24747363484
11.73344995291856	56349.39686964785
11.76102593321311	57898.63041428262
11.78860191350766	59493.82446213935
11.81617789380221	61131.49334641501
11.84375387409676	62814.76827679629
11.87132985439131	64544.3657615112
11.89890583468586	66319.98169025534
11.92648181498041	68146.24733383747
11.95405779527496	70022.42936659558
11.98163377556951	71950.36826998951
12.00920975586406	73931.14822169041
12.03678573615861	75963.8322214496
12.06436171645316	78055.3778634122
12.09193769674771	80204.16234985697
12.11951367704226	82412.33747666718
12.14708965733681	84680.97778050424
12.17466563763136	87011.9320955045
12.20224161792591	89404.38121911367
12.22981759822046	91865.64440064295
12.25739357851501	94394.34843743208
12.28496955880956	96992.59961239307
12.31254553910411	99662.17989241391
12.34012151939866	102405.0718396763
12.36769749969321	105221.5705911768
12.39527347998776	108117.8577752905
12.42284946028231	111093.185289974
12.45042544057686	114150.4356717331
12.47800142087141	117291.6176945304
12.50557740116597	120519.0586550787
12.53315338146052	123832.6436142117
12.56072936175507	127240.4273398387
12.58830534204962	130741.4920291693
12.61588132234417	134338.9406594627
12.64345730263872	138035.1545072911
12.67103328293327	141833.129037103
12.69860926322782	145732.062535607
12.72618524352237	149741.8875698849
12.75376122381692	153861.1592621844
12.78133720411147	158094.5763872219
12.80891318440602	162443.8024810214
12.83648916470057	166912.5550149854
12.86406514499512	171503.9779139895
12.89164112528967	176219.9555070029
12.91921710558422	181067.3296350562
12.94679308587877	186047.7936131789
12.97436906617332	191165.2623261662
13.00194504646787	196423.3548861274
13.02952102676242	201825.7615526067
13.05709700705697	207376.6357470927
13.08467298735152	213077.0937450326
13.11224896764607	218937.6961790851
13.13982494794062	224958.9784387794
13.16740092823517	231145.9747930696
13.19497690852972	237502.7509074846
13.22255288882427	244034.2128246919
13.25012886911882	250745.1025716219
13.27770484941337	257637.1688804171
13.30528082970792	264722.431209615
13.33285681000247	272002.8739605015
13.36043279029702	279481.8866391499
13.38800877059157	287167.1009421996
13.41558475088612	295063.4620746837
13.44316073118067	303176.7549748888
13.47073671147522	311512.9555108924
13.49831269176977	320076.1978169639
13.52588867206432	328877.2118132188
13.55346465235887	337919.4872300596
13.58104063265342	347210.852117342
13.60861661294797	356757.1800581258
13.63619259324252	366565.8485583588
13.66376857353707	376644.0099022173
13.69134455383162	386999.1048499709
13.71892053412617	397635.5253872465
13.74649651442072	408568.0256758378
13.77407249471527	419801.5598145522
13.80164847500982	431342.0511377191
13.82922445530437	443200.5316682269
13.85680043559892	455384.8587342698
13.88437641589347	467903.9585109864
13.91195239618802	480767.1913882949
13.93952837648257	493983.7375594305
13.96710435677712	507560.3518260996
13.99468033707167	521513.9148779258
14.02225631736622	535850.3858453195
14.04983229766077	550581.1883110754
14.07740827795532	565716.6682884361
14.10498425824987	581267.9376101366
14.13256023854442	597246.8597654685
14.16013621883897	613664.693303584
14.18771219913352	630533.7225875838
14.21528817942807	647864.3575873172
14.24286415972262	665673.6307306248
14.27044014001717	683972.0439964554
14.29801612031172	702773.6304254628
14.32559210060627	722091.4540491687
14.35316808090082	741940.9489867715
14.38074406119537	762335.4751222559
14.40832004148992	783290.6545808546
14.43589602178447	804821.6788992916
14.46347200207902	826940.9513606818
14.49104798237357	849672.3025293757
14.51862396266812	873028.5398113087
14.54619994296267	897025.8411849902
14.57377592325722	921683.4024015185
14.60135190355177	947018.4641352312
14.62892788384632	973049.9075606932
14.65650386414087	999796.7423497641
14.68407984443542	1027278.764958519
14.71165582472997	1055516.161976588
14.73923180502452	1084526.074109658
14.76680778531907	1114337.624237062
14.79438376561362	1144969.110893635
14.82195974590817	1176441.089011976
14.84953572620272	1208778.94985173
14.87711170649727	1242005.636476788
14.90468768679182	1276145.628749277
14.93226366708637	1311224.054179505
14.95983964738092	1347266.828233328
14.98741562767547	1384300.368572058
15.01499160797002	1422351.589773298
15.04256758826457	1461444.215816467
15.07014356855912	1501619.353379323
15.09771954885368	1542895.159063625
15.12529552914823	1585307.449133682
15.15287150944278	1628884.78230054
15.18044748973733	1673660.053678697
15.20802347003188	1719666.222992334
15.23559945032643	1766937.133648224
15.26317543062098	1815507.579317427
15.29075141091553	1865413.265883972
15.31832739121008	1916691.102980284
15.34590337150463	1969374.763640103
15.37347935179918	2023511.000621184
15.40105533209373	2079136.200518257
15.42863131238828	2136289.643807575
15.45620729268283	2195014.930529371
15.48378327297738	2255354.699877111
15.51135925327193	2317353.384478661
15.53893523356648	2381056.635705457
15.56651121386103	2446511.323579558
15.59408719415558	2513765.798318055
15.62166317445013	2582869.21717047
15.64923915474468	2653872.652358638
15.67681513503923	2726824.525702502
15.70439111533378	2801786.692827165
15.73196709562833	2878810.176910907
15.75954307592288	2957950.631449323
15.78711905621743	3039267.677060988
15.81469503651198	3122820.583449268
15.84227101680653	3208670.856229317
15.86984699710108	3296881.595590383
15.89742297739563	3387518.205014316
15.92499895769018	3480646.88796594
15.95257493798473	3576336.370865016
15.98015091827928	3674657.118148271
16.00772689857383	3775678.678690928
16.03530287886838	3879481.457565595
16.06287885916293	3986138.596648353
16.09045483945748	4095725.550918607
16.11803081975203	4208332.105395296
16.14560680004658	4324032.249360911
16.17318278034113	4442913.972568289
16.20075876063568	4565065.191709757
16.22833474093023	4690575.362879924
16.25591072122478	4819537.301288079
16.28348670151933	4952045.448313372
16.31106268181388	5088197.812522392
16.33863866210843	5228094.523950335
16.36621464240298	5371838.539347339
16.39379062269753	5519531.605427807
16.42136660299208	5671287.141121941
16.44894258328663	5827224.733188173
16.47651856358118	5987446.036804411
16.50409454387573	6152073.428791524
16.53167052417028	6321230.450727086
16.55924650446483	6495038.62869249
16.58682248475938	6673627.093400005
16.61439846505393	6857127.306671487
16.64197444534848	7045674.437764246
16.66955042564303	7239407.374162297
16.69712640593758	7438468.755320126
16.72470238623213	7643005.148674197
16.75227836652668	7853167.37219962
16.77985434682123	8069105.322790324
16.80743032711578	8290987.943303633
16.83500630741033	8518973.551161967
16.86258228770488	8753230.841850309
16.89015826799943	8993929.30733121
16.91773424829398	9241249.644165574
16.94531022858853	9495372.674361795
16.97288620888308	9756485.859024452
17.00046218917763	10024781.25991529
17.02803816947218	10300456.61637176
17.05561414976673	10583715.00582157
17.08319013006128	10874765.06000829
17.11076611035583	11173819.16644747
17.13834209065038	11481103.6180981
17.16591807094493	11796838.80691813
17.19349405123948	12121259.27136764
17.22107003153403	12454601.51365995
17.24864601182858	12797116.39754741
17.27622199212313	13149053.47253697
17.30379797241768	13510671.8039101
17.33137395271223	13882238.27389754
17.35894993300678	14264026.15319367
17.38652591330133	14656317.11967379
17.41410189359588	15059399.81567518
17.44167787389043	15473571.37870027
17.46925385418498	15899136.96191516
17.49682983447953	16336410.09071997
17.52440581477408	16785713.17061745
17.55198179506863	17247376.50896525
17.57955777536318	17721741.00324712
17.60713375565773	18209156.1960163
17.63470973595228	18709980.70295547
17.66228571624683	19224578.95245131
17.68986169654139	19753340.72069984
17.71743767683594	20296649.69071532
17.74501365713049	20854906.35248869
17.77258963742504	21428521.57828033
17.80016561771959	22017904.875747
17.82774159801414	22623532.52696096
17.85531757830869	23245810.51946064
17.88289355860324	23885205.58265146
17.91046953889779	24542194.71188063
17.93804551919234	25217260.17025156
17.96562149948689	25910899.46549312
17.99319747978144	26623623.84354912
18.02077346007599	27355958.57235971
18.04834944037054	28108443.21586351
18.07592542066509	28881632.42217109
18.10350140095964	29676096.05852616
18.13107738125419	30492419.69665789
18.15865336154874	31331199.95054417
18.18622934184329	32193065.47798926
18.21380532213784	33078646.14405632
18.24138130243239	33988594.8777953
18.26895728272694	34923580.66960109
18.29653326302149	35884295.00103019
18.32410924331604	36871445.022795
18.35168522361059	37885763.04854756
18.37926120390514	38927982.71050014
18.40683718419969	39998886.39569346
18.43441316449424	41099258.53856376
18.46198914478879	42229910.78328653
18.48956512508334	43391675.93847581
18.51714110537789	44585410.96869756
18.54471708567244	45811995.53647184
18.57229306596699	47072333.48344912
18.59986904626154	48367355.18918822
18.62744502655609	49698014.12959352
18.65502100685064	51065291.64788467
18.68259698714519	52470192.45033857
18.71017296743974	53913759.40638497
18.73774894773429	55397052.74586486
18.76532492802884	56921168.32546078
18.79290090832339	58487222.92341606
18.82047688861794	60096378.53537805
18.84805286891249	61749818.77656061
18.87562884920704	63448762.73555055
18.90320482950159	65194464.06934525
18.93078080979614	66988207.60615934
18.95835679009069	68831317.7054576
18.98593277038524	70725153.22580093
19.01350875067979	72671110.00542623
19.04108473097434	74670623.19251341
19.06866071126889	76725167.57563592
19.09623669156344	78836256.59596425
19.12381267185799	81005448.55692823
19.15138865215254	83234342.74807695
19.17896463244709	85524581.48838283
19.20654061274164	87877854.8803722
19.23411659303619	90295897.95841412
19.26169257333074	92780488.78282209
19.28926855362529	95333469.63895711
19.31684453391984	97956718.46823925
19.34442051421439	100652169.6813049
19.37199649450894	103421809.6802326
19.39957247480349	106267683.2100882
19.42714845509804	109191888.1605089
19.45472443539259	112196582.6700902
19.48230041568714	115283976.7962833
19.50987639598169	118456353.8711834
19.53745237627624	121716051.4289442
19.56502835657079	125065473.6186163
19.59260433686534	128507090.6491655
19.62018031715989	132043441.5955229
19.64775629745444	135677133.9800923
19.67533227774899	139410847.7610082
19.70290825804354	143247337.3760435
19.73048423833809	147189432.4119498
19.75806021863264	151240040.5175132
19.78563619892719	155402149.5361842
19.81321217922174	159678829.5317974
19.84078815951629	164073234.9205207
19.86836413981084	168588601.4221691
19.89594012010539	173228271.9845572
19.92351610039994	177995662.8438267
19.95109208069449	182894298.5638033
19.97866806098904	187927770.1539725
20.00624404128359	193099807.798439
20.03382002157814	198414231.3729623
20.06139600187269	203874951.5969282
20.08897198216724	209486000.4143527
20.11654796246179	215251516.1465611
20.14412394275634	221175752.631547
20.17169992305089	227263080.4081987
20.19927590334544	233517990.4920015
20.22685188363999	239945097.4864387
20.25442786393454	246549143.2104872
20.2820038442291	253334999.6947574
20.30957982452365	260307673.1022906
20.3371558048182	267472309.80382
20.36473178511275	274834193.7698216
20.3923077654073	282398757.5026212
20.41988374570185	290171582.3015216
20.4474597259964	298158403.3110696
20.47503570629095	306365113.9044728
20.5026116865855	314797767.6880444
20.53018766688005	323462590.1517094
20.5577636471746	332365967.1455104
20.58533962746915	341514478.9694489
20.6129156077637	350914871.1870177
20.64049158805825	360574080.481065
20.6680675683528	370499233.6785781
20.69564354864735	380697656.7748177
20.7232195289419	391176873.1771226
20.75079550923645	401944618.691201
20.778371489531	413008835.0753667
20.80594746982555	424377690.7946919
20.8335234501201	436059574.7574695
20.86109943041465	448063107.655396
20.8886754107092	460397148.1236878
20.91625139100375	473070798.1203706
20.9438273712983	486093411.4138292
20.97140335159285	499474598.7234872
20.9989793318874	513224235.6303713
21.02655531218195	527352469.8376164
21.0541312924765	541869728.2019806
21.08170727277105	556786725.3333097
21.1092832530656	572114470.6984655
21.13685923336015	587864277.4631935
21.1644352136547	604047770.0565878
21.19201119394925	620676893.6079003
21.2195871742438	637763921.3724723
21.24716315453835	655321465.9367031
21.2747391348329	673362486.1163096
21.30231511512745	691900292.9545043
21.329891095422	710948581.4899824
21.35746707571655	730521406.3112972
21.3850430560111	750633215.0140743
21.41261903630565	771298851.1809658
21.4401950166002	792533573.7369641
21.46777099689475	814353054.5685438
21.4953469771893	836773401.2678676
21.52292295748385	859811163.9593759
21.5504989377784	883483349.1746877
21.57807491807295	907807432.8189306
21.6056508983675	932801370.1369157
21.63322687866205	958483613.853564
21.6608028589566	984873122.7812859
21.68837883925115	1011989379.596254
21.7159548195457	1039852402.325182
21.74353079984025	1068482761.358226
21.7711067801348	1097901593.952589
21.79868276042935	1128130619.651544
21.8262587407239	1159192156.416426
21.85383472101845	1191109135.80239
21.881410701313	1223905124.872247
21.90898668160755	1257604335.228698
21.9365626619021	1292231649.4408
21.96413864219665	1327812633.284242
21.9917146224912	1364373558.079137
22.01929060278575	1401941418.625606
22.0468665830803	1440543953.315044
22.07444256337485	1480209665.788824
22.1020185436694	1520967831.840521
22.12959452396395	1562848586.046192
22.1571705042585	1605882810.943098
22.18474648455305	1650102302.25127
22.2123224648476	1695539709.694267
22.23989844514215	1742228583.18028
22.2674744254367	1790203401.45935
22.29505040573125	1839499594.339838
22.3226263860258	1890153550.417162
22.35020236632035	1942202703.919432
22.3777783466149	1995685463.143533
22.40535432690945	2050641337.192465
22.432930307204	2107110908.159499
22.46050628749855	2165135878.525723
22.4880822677931	2224759098.95448
22.51565824808765	2286024603.552063
22.5432342283822	2348977634.024546
22.57081020867675	2413664702.701126
22.5983861889713	2480133552.748415
22.62596216926585	2548433294.163371
22.6535381495604	2618614365.726396
22.68111412985495	2690728600.95497
22.7086901101495	2764829260.646461
22.73626609044405	2840971075.206091
22.7638420707386	2919210281.973064
22.79141805103315	2999604684.830837
22.8189940313277	3082213622.377887
22.84657001162225	3167098148.593302
22.87414599191681	3254320949.099738
22.90172197221136	3343946450.999218
22.92929795250591	3436040854.396686
22.95687393280046	3530672184.86919
22.98444991309501	3627910342.39584
23.01202589338956	3727827149.217417
23.03960187368411	3830496434.193971
23.06717785397866	3935994010.904662
23.09475383427321	4044397823.754287
23.12232981456776	4155787279.026764
23.14990579486231	4270246667.945553
23.17748177515686	4387858538.295438
23.20505775545141	4508710440.68256
23.23263373574596	4632891654.972198
23.26020971604051	4760493906.687752
23.28778569633506	4891611508.185459
23.31536167662961	5026341269.107688
23.34293765692416	5164782750.356094
23.37051363721871	5307038227.131271
23.39808961751326	5453212795.048839
23.42566559780781	5603414449.078357
23.45324157810236	5757754155.871192
23.48081755839691	5916345947.059578
23.50839353869146	6079306986.234106
23.53596951898601	6246757707.830688
23.56354549928056	6418821785.944818
23.59112147957511	6595626373.819544
23.61869745986966	6777302100.516656
23.64627344016421	6963983201.550385
23.67384942045876	7155807609.828949
23.70142540075331	7352917059.673808
23.72900138104786	7555457195.982271
23.75657736134241	7763577674.600383
23.78415334163696	7977432288.585998
23.81172932193151	8197179036.68008
23.83930530222606	8422980312.184895
23.86688128252061	8655002962.436588
23.89445726281516	8893418439.360634
23.92203324310971	9138402920.484808
23.94960922340426	9390137437.380194
23.97718520369881	9648808016.791861
24.00476118399336	9914605800.599039
24.03233716428791	10187727197.88017
24.05991314458246	10468374128.01364
24.08748912487701	10756753884.98237
24.11506510517156	11053079628.33357
24.14264108546611	11357570341.94171
24.17021706576066	11670451055.55955
24.19779304605521	11991952996.18867
24.22536902634976	12322313770.90468
24.25294500664431	12661777530.95111
24.28052098693886	13010595158.81535
24.30809696723341	13369024500.34524
24.33567294752796	13737330342.39967
24.36324892782251	14115784995.70331
24.39082490811706	14504668156.25456
24.41840088841161	14904267239.21817
24.44597686870616	15314877593.51126
24.47355284900071	15736802705.71208
24.50112882929526	16170354435.58694
24.52870480958981	16615853234.7006
24.55628078988436	17073628387.85747
24.58385677017891	17544018181.06232
24.61143275047346	18027370552.91871
24.63900873076801	18524042528.15202
24.66658471106256	19034401330.33284
24.69416069135711	19558824201.70953
24.72173667165166	20097698790.27084
24.74931265194621	20651423434.80806
24.77688863224076	21220407452.06935
24.80446461253531	21805071444.79644
24.83204059282986	22405847610.13183
24.85961657312441	23023180056.18002
24.88719255341896	23657525159.61772
24.91476853371351	24309351830.94597
24.94234451400806	24979141962.03341
24.96992049430261	25667390689.27573
24.99749647459716	26374606841.90723
25.02507245489171	27101313228.26478
25.05264843518626	27848047102.4275
25.08022441548081	28615360523.97372
25.10780039577536	29403820764.28074
25.13537637606991	30214010751.39043
25.16295235636446	31046529454.03181
25.19052833665901	31901992465.41144
25.21810431695356	32781032163.1404
25.24568029724811	33684298501.81831
25.27325627754266	34612459315.40627
25.30083225783721	35566200846.68602
25.32840823813176	36546228269.28031
25.35598421842631	37553266193.45815
25.38356019872086	38588059209.01671
25.41113617901541	39651372433.98785
25.43871215930996	40743992089.09592
25.46628813960452	41866726061.5748
25.49386411989907	43020404572.83844
25.52144010019362	44205880615.82787
25.54901608048817	45424030803.71004
25.57659206078272	46675755885.68671
25.60416804107727	47961981454.20329
25.63174402137182	49283658620.2141
25.65932000166637	50641764719.90028
25.68689598196092	52037304029.28495
25.71447196225547	53471308546.2524
25.74204794255002	54944838699.90264
25.76962392284457	56458984136.8382
25.79719990313912	58014864631.37333
25.82477588343367	59613630718.37024
25.85235186372822	61256464916.18254
25.87992784402277	62944581776.2148
25.90750382431732	64679230017.19582
25.93507980461187	66461692424.34932
25.96265578490642	68293287211.19548
25.99023176520097	70175368979.26656
26.01780774549552	72109329648.50491
26.04538372579007	74096599544.88171
26.07295970608462	76138648404.82394
26.10053568637917	78236986491.02338
26.12811166667372	80393165912.82529
26.15568764696827	82608781156.2683
26.18326362726282	84885471059.5715
26.21083960755737	87224919509.22226
26.23841558785192	89628856832.7966
26.26599156814647	92099061086.0797
26.29356754844102	94637359352.54073
26.32114352873557	97245629088.56401
26.34871950903012	99925799579.39479
26.37629548932467	102679853205.4236
26.40387146961922	105509827319.3996
26.43144744991377	108417814893.2015
26.45902343020832	111405967144.574
26.48659941050287	114476494369.9685
26.51417539079742	117631667894.3241
26.54175137109197	120873821651.1465
26.56932735138652	124205353958.6408
26.59690333168107	127628729276.7394
26.62447931197562	131146480021.5014
26.65205529227017	134761208427.8063
26.67963127256472	138475588690.6076
26.70720725285927	142292368305.7826
26.73478323315382	146214370998.1245
26.76235921344837	150244498170.5539
26.78993519374292	154385731292.6979
26.81751117403747	158641133991.0375
26.84508715433202	163013854455.7403
26.87266313462657	167507127700.0592
26.90023911492112	172124277942.5839
26.92781509521567	176868721069.3986
26.95539107551022	181743967462.9361
26.98296705580477	186753623323.8391
27.01054303609932	191901395721.2458
27.03811901639387	197191093085.5548
27.06569499668842	202626629087.4731
27.09327097698297	208212025343.3371
27.12084695727752	213951414387.5443
27.14842293757207	219849042765.173
27.17599891786662	225909274054.0888
27.20357489816117	232136592314.6731
27.23115087845572	238535605186.6908
27.25872685875027	245111047602.9344
27.28630283904482	251867784595.8879
27.31387881933937	258810815945.0572
27.34145479963392	265945279062.6021
27.36903077992847	273276453099.7463
27.39660676022302	280809762833.9781
27.42418274051757	288550782671.7411
27.45175872081212	296505240720.2339
27.47933470110667	304679023176.8717
27.50691068140122	313078178569.1221
27.53448666169577	321708922184.6911
27.56206264199032	330577641020.5562
27.58963862228487	339690897701.9004
27.61721460257942	349055436444.9706
27.64479058287397	358678187225.4321
27.67236656316852	368566271211.244
27.69994254346307	378727006016.564
27.72751852375762	389167911098.6536
27.75509450405217	399896713279.4141
27.78267048434672	410921352616.7961
27.81024646464127	422249988134.3212
27.83782244493582	433891003924.6013
27.86539842523037	445853015641.0355
27.89297440552492	458144875593.579
27.92055038581947	470775681664.5027
27.94812636611402	483754781865.934
27.97570234640857	497091782238.6961
28.00327832670312	510796553861.6776
28.03085430699767	524879240094.6927
28.05843028729223	539350264030.3418
28.08600626758678	554220336426.3251
28.11358224788133	569500463447.3616
28.14115822817588	585201954845.7882
28.16873420847043	601336432390.6093
28.19631018876498	617915838653.37
28.22388616905953	634952445148.9237
28.25146214935408	652458861951.3772
28.27903812964863	670448048148.8407
28.30661410994318	688933319044.0396
28.33419009023773	707928357777.6647
28.36176607053228	727447224847.6777
28.38934205082683	747504368718.1938
28.41691803112138	768114636419.9348
28.44449401141593	789293284624.5846
28.47206999171048	811055990842.7341
28.49964597200503	833418865093.9302
28.52722195229958	856398461993.3717
28.55479793259413	880011792284.1857
28.58237391288868	904276337126.1495
28.60994989318323	929210059017.2859
28.63752587347778	954831416318.3879
28.66510185377233	981159376570.7623
28.69267783406688	1008213430664.263
28.72025381436143	1036013607226.648
28.74782979465598	1064580487417.605
28.77540577495053	1093935220268.805
28.80298175524508	1124099538508.859
28.83055773553963	1155095773650.212
28.85813371583418	1186946873854.829
28.88570969612873	1219676421038.437
28.91328567642328	1253308647009.125
28.94086165671783	1287868452209.975
28.96843763701238	1323381424206.793
28.99601361730693	1359873856462.375
29.02358959760148	1397372767942.723
29.05116557789603	1435905923046.861
29.07874155819058	1475501851832.891
29.10631753848513	1516189873047.806
29.13389351877968	1558000112373.456
29.16146949907423	1600963527468.939
29.18904547936878	1645111930943.972
29.21662145966333	1690478012414.474
29.24419743995788	1737095363107.832
29.27177342025243	1784998501707.932
29.29934940054698	1834222899142.626
29.32692538084153	1884805005004.953
29.35450136113608	1936782274652.562
29.38207734143063	1990193197092.181
29.40965332172518	2045077322454.481
29.43722930201973	2101475293912.549
29.46480528231428	2159428874063.224
29.49238126260883	2218980978941.548
29.51995724290338	2280175709031.693
29.54753322319793	2343058381211.69
29.57510920349248	2407675562833.522
29.60268518378703	2474075105897.166
29.63026116408158	2542306183347.611
29.65783714437613	2612419325063.765
29.68541312467068	2684466454214.204
29.71298910496523	2758500927061.926
29.74056508525978	2834577573910.385
29.76814106555433	2912752735684.155
29.79571704584888	2993084309172.296
29.82329302614343	3075631788079.781
29.85086900643798	3160456309275.801
29.87844498673253	3247620695264.512
29.90602096702708	3337189502526.502
29.93359694732163	3429229068855.998
29.96117292761618	3523807563281.12
29.98874890791073	3620995035130.41
30.01632488820528	3720863466758.754
30.04390086849983	3823486826938.604
30.07147684879438	3928941127127.838
30.09905282908893	4037304474239.265
30.12662880938348	4148657131653.421
30.15420478967803	4263081577151.087
30.18178076997258	4380662565776.825
30.20935675026713	4501487190670.002
30.23693273056168	4625644947293.078
30.26450871085623	4753227802681.954
30.29208469115078	4884330261302.84
30.31966067144533	5019049435004.234
30.34723665173988	5157485115581.106
30.37481263203443	5299739849292.483
30.40238861232898	5445919013142.856
30.42996459262353	5596130890424.647
30.45754057291808	5750486753955.508
30.48511655321263	5909100946560.468
30.51269253350718	6072090968228.496
30.54026851380173	6239577560127.636
30.56784449409628	6411684795781.308
30.59542047439083	6588540173744.947
30.62299645468539	6770274710863.773
30.65057243497994	6957023038935.07
30.67814841527449	7148923506218.565
30.70572439556904	7346118278995.936
30.73330037586359	7548753447923.496
30.76087635615814	7756979125807.198
30.78845233645269	7970949591734.162
30.81602831674724	8190823361645.279
30.84360429704179	8416763334422.799
30.87118027733634	8648936901322.718
30.89875625763089	8887516076946.332
30.92633223792544	9132677622087.273
30.95390821821999	9384603175905.504
30.98148419851454	9643479390284.742
31.00906017880909	9909498069688.461
31.03663615910364	10182856308244.9
31.06421213939819	10463756650472
31.09178811969274	10752407215254.48
31.11936409998729	11049021884253.98
31.14694008028184	11353820426977.13
31.17451606057639	11667028685712.69
31.20209204087094	11988878734804.45
31.22966802116549	12319609052114.45
31.25724400146004	12659464700856.74
31.28481998175459	13008697506715.89
31.31239596204914	13367566246243.85
31.33997194234369	13736336838120.67
31.36754792263824	14115282539531.43
31.39512390293279	14504684155768.74
31.42269988322734	14904830227109.36
31.45027586352189	15316017284944.87
31.47785184381644	15738550022950.94
31.50542782411099	16172741552498.43
31.53300380440554	16618913627251.04
31.56057978470009	17077396880858.63
31.58815576499464	17548531076397.88
31.61573174528919	18032665347730.95
31.64330772558374	18530158475031.46
31.67088370587829	19041379137762.5
31.69845968617284	19566706187314.67
31.72603566646739	20106528945503.5
31.75361164676194	20661247460364.97
31.78118762705649	21231272846300.73
31.80876360735104	21817027549651.69
31.83633958764559	22418945681052.96
31.86391556794014	23037473336201.39
31.89149154823469	23673068923089.88
31.91906752852924	24326203504862.4
31.94664350882379	24997361138823.18
31.97421948911834	25687039268943.49
32.00179546941289	26395749039469.12
32.02937144970744	27124015725563.8
32.05694743000199	27872379091157.09
32.08452341029654	28641393812833.3
32.11209939059109	29431629861240.52
32.13967537088564	30243672959325.87
32.16725135118019	31078124985777.04
32.19482733147474	31935604438958.68
32.22240331176929	32816746891162.11
0
1000	105.6583745	100000000000000.1
5	0	0	1
5	0	0	0
4.673998997513734	-0.05314570085533375
4.701574977808284	-0.08295853035471644
4.729150958102834	-0.1142368704173563
4.756726938397384	-0.1453389426987954
4.784302918691934	-0.1753365793198711
4.811878898986484	-0.2037547019009631
4.839454879281035	-0.2303896952747442
4.867030859575585	-0.2551947588227191
4.894606839870135	-0.2782103336819847
4.922182820164685	-0.2995226710195708
4.949758800459235	-0.3192394722582216
4.977334780753785	-0.3374757772341568
5.004910761048335	-0.3543459795891998
5.032486741342885	-0.3699594962069978
5.060062721637435	-0.3844186058363389
5.087638701931986	-0.3978175631719768
5.115214682226536	-0.4102424491824396
5.142790662521086	-0.4217714321704534
5.170366642815636	-0.4324752435809863
5.197942623110186	-0.4424177514702894
5.225518603404736	-0.451656562770419
5.253094583699286	-0.4602436149872115
5.280670563993836	-0.4682257359828456
5.308246544288386	-0.4756451614217826
5.335822524582936	-0.4825400060100519
5.363398504877487	-0.4889446885199631
5.390974485172037	-0.4948903128507341
5.418550465466587	-0.5004050088227143
5.446126445761137	-0.5055141781031651
5.473702426055687	-0.5102408484976663
5.501278406350237	-0.5149095481823945
5.528854386644787	-0.518894590994709
5.556430366939337	-0.5225322259051179
5.584006347233887	-0.5258428732511299
5.611582327528438	-0.5288459365689746
5.639158307822988	-0.5315598686795843
5.666734288117538	-0.5340022002817413
5.694310268412088	-0.5361895636949635
5.721886248706638	-0.5381377180733437
5.749462229001188	-0.5398615771077441
5.777038209295738	-0.5413766738121529
5.804614189590288	-0.5426932599344803
5.832190169884838	-0.5438254290405649
5.859766150179389	-0.5447850517068039
5.887342130473939	-0.5455833155583729
5.914918110768489	-0.5462307576286051
5.942494091063039	-0.5467372963816739
5.970070071357589	-0.5471122631345444
5.997646051652139	-0.5473644326640711
6.025222031946689	-0.5475020528187344
6.052798012241239	-0.5476031392119604
6.080373992535789	-0.5475257370571451
6.107949972830339	-0.5473502421071298
6.13552595312489	-0.5470849733557389
6.16310193341944	-0.5467373424561311
6.19067791371399	-0.5463143953155535
6.21825389400854	-0.5458228221538519
6.24582987430309	-0.5452689540324116
6.27340585459764	-0.5446587615513827
6.30098183489219	-0.5439978570721216
6.32855781518674	-0.5432606045796022
6.35613379548129	-0.5425179766692508
6.383709775775841	-0.5417413547653773
6.411285756070391	-0.5409344306757811
6.438861736364941	-0.5401005704245747
6.466437716659491	-0.5392428444913145
6.494013696954041	-0.5383640549809489
6.521589677248591	-0.5374667600662146
6.549165657543141	-0.53655329600264
6.576741637837691	-0.5356257969802806
6.604317618132241	-0.5346828093765497
6.631893598426791	-0.5337333825603292
6.659469578721342	-0.5327755019662385
6.687045559015892	-0.5318105963031414
6.714621539310442	-0.5308399636139849
6.742197519604992	-0.5298647837660172
6.769773499899542	-0.5288861296027025
6.797349480194092	-0.5279049769185939
6.824925460488642	-0.5269222133967602
6.852501440783192	-0.5259386466299037
6.880077421077742	-0.5249564179359334
6.907653401372293	-0.5239732016092788
6.935229381666843	-0.5229910974165954
6.962805361961393	-0.5220106813776206
6.990381342255943	-0.5210324809615289
7.017957322550493	-0.5200569787351171
7.045533302845043	-0.5190846157245966
7.073109283139593	-0.5181157945150466
7.100685263434143	-0.5171508821094044
7.128261243728693	-0.5161902125669069
7.155837224023244	-0.5152332602819421
7.183413204317794	-0.5142820630307737
7.210989184612344	-0.5133359939846462
7.238565164906894	-0.5123952645539398
7.266141145201444	-0.5114600623290607
7.293717125495994	-0.5105305531197339
7.321293105790544	-0.5096068828083677
7.348869086085094	-0.5086891790361361
7.376445066379644	-0.5077775527383521
7.404021046674194	-0.5068720995438812
7.431597026968745	-0.5059720503859769
7.459173007263295	-0.5050792850666573
7.486748987557845	-0.5041929575901717
7.514324967852395	-0.503313099884263
7.541900948146945	-0.5024397328243073
7.569476928441495	-0.5015728674381255
7.597052908736045	-0.5007125059716147
7.624628889030595	-0.499858642832965
7.652204869325145	-0.4990112654306888
7.679780849619696	-0.498170354918564
7.707356829914246	-0.4973347933393047
7.734932810208796	-0.4965068942823991
7.762508790503346	-0.4956854404184952
7.790084770797896	-0.4948703741917276
7.817660751092446	-0.4940616344436294
7.845236731386996	-0.4932591570856245
7.872812711681546	-0.4924628756286876
7.900388691976096	-0.4916727215961949
7.927964672270646	-0.4908886248389132
7.955540652565197	-0.4901105137654342
7.983116632859747	-0.489338536354998
8.010692613154298	-0.4885711454727555
8.038268593448848	-0.4878091818513803
8.065844573743398	-0.487052447738077
8.093420554037948	-0.4863006271810716
8.120996534332498	-0.4855529024668392
8.148572514627048	-0.4848039230437365
8.176148494921598	-0.4841042323055519
8.203724475216148	-0.4833570455883279
8.231300455510699	-0.4826284008702207
8.258876435805249	-0.4818991446069719
8.286452416099799	-0.4811831284710077
8.314028396394349	-0.4804718913012894
8.341604376688899	-0.4797653475195731
8.369180356983449	-0.4790634106496074
8.396756337277999	-0.4783659934214154
8.424332317572549	-0.4776730078331003
8.451908297867099	-0.4769843651784106
8.47948427816165	-0.4762999760456104
8.5070602584562	-0.4756197502912385
8.53463623875075	-0.4749430835832661
8.5622122190453	-0.4742711183839479
8.58978819933985	-0.4736029761692073
8.6173641796344	-0.4729385802109361
8.64494015992895	-0.4722778436876098
8.6725161402235	-0.4716206755691543
8.70009212051805	-0.4709669827432473
8.7276681008126	-0.4703166708974553
8.755244081107151	-0.4696696449165584
8.782820061401701	-0.469025809066911
8.810396041696251	-0.4683838846425225
8.837972021990801	-0.4677462041848744
8.865548002285351	-0.4671115350405967
8.893123982579901	-0.4664797833259919
8.920699962874451	-0.4658508500054991
8.948275943169001	-0.4652246295224675
8.975851923463551	-0.4646010079639532
9.003427903758102	-0.4639798605580118
9.031003884052652	-0.463361048194788
9.058579864347202	-0.4627444124860448
9.086155844641752	-0.4595527500847909
9.113731824936302	-0.4596064722176005
9.141307805230852	-0.4596620322803819
9.168883785525402	-0.4595801815840569
9.196459765819952	-0.4594534189406095
9.224035746114502	-0.4593046244958013
9.251611726409052	-0.4591447139537474
9.279187706703603	-0.4589795989992628
9.306763686998153	-0.4588126725096587
9.334339667292703	-0.4586459385692317
9.361915647587253	-0.4584592841534598
9.389491627881803	-0.4583010990590578
9.417067608176353	-0.4581454399944653
9.444643588470903	-0.457992144111562
9.472219568765453	-0.4578410497225776
9.499795549060003	-0.4576919981493801
9.527371529354554	-0.4575448348372022
9.554947509649104	-0.4573994099948925
9.582523489943654	-0.4572555789266579
9.610099470238204	-0.4571132021615013
9.637675450532754	-0.4569732499273396
9.665251430827304	-0.4568333413977778
9.692827411121854	-0.4566944071140302
9.720403391416404	-0.4565563094785442
9.747979371710954	-0.4564188933654681
9.775555352005505	-0.4562819439410674
9.803131332300055	-0.4561450011720223
9.830707312594605	-0.4560056993686671
9.858283292889155	-0.4558985150789573
9.885859273183705	-0.4557470043266275
9.913435253478255	-0.4556080499696391
9.941011233772805	-0.4554739783559322
9.968587214067355	-0.455339971628179
9.996163194361905	-0.4552059534369316
10.02373917465646	-0.4550718508983653
10.05131515495101	-0.4549375944223145
10.07889113524556	-0.4548031175469125
10.10646711554011	-0.4546683567777256
10.13404309583466	-0.4545332514291196
10.16161907612921	-0.4543977434654025
10.18919505642376	-0.4542619896481138
10.21677103671831	-0.4541254968324067
10.24434701701286	-0.4539884225057385
10.27192299730741	-0.4538507181677511
10.29949897760196	-0.4537123379710013
10.32707495789651	-0.4535732386138325
10.35465093819106	-0.4534333792379622
10.38222691848561	-0.453292721330102
10.40980289878016	-0.4531512286269631
10.43737887907471	-0.4530088670230413
10.46495485936926	-0.4528657149282966
10.49253083966381	-0.4527215109706262
10.52010681995836	-0.4525763387768756
10.54768280025291	-0.4524301730323867
10.57525878054746	-0.4522829905567693
10.60283476084201	-0.4521347702152805
10.63041074113656	-0.4519854928339583
10.65798672143111	-0.4518351411181466
10.68556270172566	-0.4516836995740789
10.71313868202021	-0.4515311544332291
10.74071466231476	-0.4513776560873706
10.76829064260931	-0.4512228516164012
10.79586662290386	-0.4510668993167339
10.82344260319841	-0.4509097936423768
10.85101858349296	-0.4507515309223993
10.87859456378751	-0.4505921092524328
10.90617054408206	-0.4504315283931829
10.93374652437661	-0.4502697896752698
10.96132250467116	-0.4501068959097883
10.98889848496571	-0.4499428513040579
11.01647446526026	-0.4497777998064294
11.04405044555481	-0.4496114540969927
11.07162642584936	-0.4494439681518078
11.09920240614391	-0.4492753531954248
11.12677838643846	-0.4491056217218887
11.15435436673301	-0.4489347873763098
11.18193034702756	-0.4487628648488489
11.20950632732211	-0.4485898697793236
11.23708230761666	-0.4484158186709492
11.26465828791121	-0.4482407288119715
11.29223426820576	-0.448064579112222
11.31981024850031	-0.4478874707827656
11.34738622879486	-0.4477093825248009
11.37496220908941	-0.4475303335816599
11.40253818938396	-0.4473503435731793
11.43011416967851	-0.4471694324600626
11.45769014997306	-0.4469876205098687
11.48526613026761	-0.4468049282645442
11.51284211056216	-0.4466213765094216
11.54041809085671	-0.4464369862436158
11.56799407115126	-0.4462517518141879
11.59557005144581	-0.4460657508679799
11.62314603174036	-0.4458789775933569
11.65072201203491	-0.4456914532848953
11.67829799232946	-0.4455031992207275
11.70587397262401	-0.4453142366452942
11.73344995291856	-0.4451245867529931
11.76102593321311	-0.4449342706726894
11.78860191350766	-0.4447433094530595
11.81617789380221	-0.4445517240487431
11.84375387409676	-0.4443595061539426
11.87132985439131	-0.4441667377670402
11.89890583468586	-0.4439734096909582
11.92648181498041	-0.4437795420418416
11.95405779527496	-0.4435851546812357
11.98163377556951	-0.443390267214055
12.00920975586406	-0.4431948989868055
12.03678573615861	-0.4429990690860537
12.06436171645316	-0.4428027963371352
12.09193769674771	-0.4426060993030924
12.11951367704226	-0.4424089593918509
12.14708965733681	-0.4422114725877214
12.17466563763136	-0.4420136183672592
12.20224161792591	-0.441815413727376
12.22981759822046	-0.44161687530279
12.25739357851501	-0.4414180193800303
12.28496955880956	-0.4412188619101102
12.31254553910411	-0.4410194185200359
12.34012151939866	-0.4408197045232969
12.36769749969321	-0.440619734929461
12.39527347998776	-0.4404194587059284
12.42284946028231	-0.4402190310979177
12.45042544057686	-0.4400183951707988
12.47800142087141	-0.439817563642997
12.50557740116597	-0.4396165489563307
12.53315338146052	-0.4394153632968675
12.56072936175507	-0.4392140186113333
12.58830534204962	-0.4390125266201876
12.61588132234417	-0.4388108988281761
12.64345730263872	-0.4386091465329614
12.67103328293327	-0.4384073078021389
12.69860926322782	-0.4382053380312119
12.72618524352237	-0.4380032740073609
12.75376122381692	-0.437801126167039
12.78133720411147	-0.4375989048170473
12.80891318440602	-0.4373966201484912
12.83648916470057	-0.4371942822586389
12.86406514499512	-0.4369919011866772
12.89164112528967	-0.4367894869752574
12.91921710558422	-0.4365870497830387
12.94679308587877	-0.4363847635752869
12.97436906617332	-0.4361823294862796
13.00194504646787	-0.4359798940433311
13.02952102676242	-0.4357774647838988
13.05709700705697	-0.4355750490264821
13.08467298735152	-0.4353726538671899
13.11224896764607	-0.4351702861759311
13.13982494794062	-0.4349679525921776
13.16740092823517	-0.4347656595202459
13.19497690852972	-0.4345634131240375
13.22255288882427	-0.4343612396224175
13.25012886911882	-0.4341591026563206
13.27770484941337	-0.4339570274974064
13.30528082970792	-0.4337550193506516
13.33285681000247	-0.4335530832469248
13.36043279029702	-0.4333512240438838
13.38800877059157	-0.4331494464268384
13.41558475088612	-0.4329477549095735
13.44316073118067	-0.4327461538351295
13.47073671147522	-0.4325446473765338
13.49831269176977	-0.4323432494638005
13.52588867206432	-0.4321419431301248
13.55346465235887	-0.4319407421325818
13.58104063265342	-0.4317396500345397
13.60861661294797	-0.4315386702754026
13.63619259324252	-0.4313378061718947
13.66376857353707	-0.4311370609196407
13.69134455383162	-0.4309364375948561
13.71892053412617	-0.430735939156076
13.74649651442072	-0.4305355684458934
13.77407249471527	-0.4303353328400319
13.80164847500982	-0.4301352252561627
13.82922445530437	-0.4299352528552459
13.85680043559892	-0.4297354180688379
13.88437641589347	-0.4295357232396049
13.91195239618802	-0.4293361706224648
13.93952837648257	-0.4291367623850553
13.96710435677712	-0.428937500606537
13.99468033707167	-0.4287383872715186
14.02225631736622	-0.4285394242458972
14.04983229766077	-0.4283406171217616
14.07740827795532	-0.4281419606509732
14.10498425824987	-0.4279434597584734
14.13256023854442	-0.4277451160864602
14.16013621883897	-0.4275469312138645
14.18771219913352	-0.4273489066577573
14.21528817942807	-0.4271510438747309
14.24286415972262	-0.4269533442622535
14.27044014001717	-0.4267558091599988
14.29801612031172	-0.4265584398511506
14.32559210060627	-0.4263612383547503
14.35316808090082	-0.426164204189339
14.38074406119537	-0.4259673392747764
14.40832004148992	-0.4257706446883567
14.43589602178447	-0.4255741214602659
14.46347200207902	-0.4253777705746802
14.49104798237357	-0.4251815929708418
14.51862396266812	-0.4249855895441143
14.54619994296267	-0.4247897611470177
14.57377592325722	-0.4245941085902426
14.60135190355177	-0.4243986326528532
14.62892788384632	-0.424203334038347
14.65650386414087	-0.4240082134562313
14.68407984443542	-0.4238132715622548
14.71165582472997	-0.4236185089755247
14.73923180502452	-0.4234239262793595
14.76680778531907	-0.4232295240221013
14.79438376561362	-0.4230353027178666
14.82195974590817	-0.4228412628471919
14.84953572620272	-0.422647404857476
14.87711170649727	-0.4224537355194744
14.90468768679182	-0.4222602183764715
14.93226366708637	-0.4220669218980425
14.95983964738092	-0.4218737970897152
14.98741562767547	-0.4216808549411185
15.01499160797002	-0.4214880964413552
15.04256758826457	-0.421295522010284
15.07014356855912	-0.4211031319304274
15.09771954885368	-0.4209109264238242
15.12529552914823	-0.4207189056737111
15.15287150944278	-0.4205270696806112
15.18044748973733	-0.4203354189187486
15.20802347003188	-0.4201439532882085
15.23559945032643	-0.4199526728625295
15.26317543062098	-0.4197615776941336
15.29075141091553	-0.4195706678148583
15.31832739121008	-0.4193799432364779
15.34590337150463	-0.4191894039512186
15.37347935179918	-0.4189990499322626
15.40105533209373	-0.4188088811342457
15.42863131238828	-0.4186188977327046
15.45620729268283	-0.4184290991468929
15.48378327297738	-0.4182394855194362
15.51135925327193	-0.4180500567377802
15.53893523356648	-0.4178608126741735
15.56651121386103	-0.4176717531860908
15.59408719415558	-0.4174828781166487
15.62166317445013	-0.417294187295009
15.64923915474468	-0.4171056805367741
15.67681513503923	-0.4169173576443727
15.70439111533378	-0.4167292186328502
15.73196709562833	-0.4165412627944213
15.75954307592288	-0.4163534901379895
15.78711905621743	-0.4161659004241014
15.81469503651198	-0.4159784934042584
15.84227101680653	-0.415791268821748
15.86984699710108	-0.4156042264129814
15.89742297739563	-0.4154173659100405
15.92499895769018	-0.4152306870465167
15.95257493798473	-0.4150441895741029
15.98015091827928	-0.4148578662870732
16.00772689857383	-0.4146717332208362
16.03530287886838	-0.4144857783512457
16.06287885916293	-0.4143000030453904
16.09045483945748	-0.4141144072575749
16.11803081975203	-0.4139289907424389
16.14560680004658	-0.4137437531980742
16.17318278034113	-0.4135586942992226
16.20075876063568	-0.4133738137079755
16.22833474093023	-0.4131891110780386
16.25591072122478	-0.4130045856654055
16.28348670151933	-0.4128202378396077
16.31106268181388	-0.412636066911611
16.33863866210843	-0.412452072540588
16.36621464240298	-0.4122682544701253
16.39379062269753	-0.4120846162811137
16.42136660299208	-0.4119011436874144
16.44894258328663	-0.4117178519362134
16.47651856358118	-0.411534734611452
16.50409454387573	-0.4113517915159796
16.53167052417028	-0.4111690234360396
16.55924650446483	-0.4109864276031999
16.58682248475938	-0.4108040048594087
16.61439846505393	-0.4106217548097167
16.64197444534848	-0.410439677041339
16.66955042564303	-0.4102577710868371
16.69712640593758	-0.4100760362294278
16.72470238623213	-0.4098944684027125
16.75227836652668	-0.4097130882070942
16.77985434682123	-0.4095318637212723
16.80743032711578	-0.4093508091207259
16.83500630741033	-0.409169926895928
16.86258228770488	-0.408989212527037
16.89015826799943	-0.4088086777863015
16.91773424829398	-0.4086282986814989
16.94531022858853	-0.4084480912733493
16.97288620888308	-0.4082680520513082
17.00046218917763	-0.4080881803860247
17.02803816947218	-0.4079084758422681
17.05561414976673	-0.4077289380273858
17.08319013006128	-0.4075495674431682
17.11076611035583	-0.4073703618932328
17.13834209065038	-0.4071913219004414
17.16591807094493	-0.4070124470863075
17.19349405123948	-0.4068337370537543
17.22107003153403	-0.4066551913427919
17.24864601182858	-0.4064768091839293
17.27622199212313	-0.4062985845576241
17.30379797241768	-0.4061205445420052
17.33137395271223	-0.405942651093809
17.35894993300678	-0.4057649217767128
17.38652591330133	-0.405587356042473
17.41410189359588	-0.4054099523667812
17.44167787389043	-0.4052327104044721
17.46925385418498	-0.4050556298144469
17.49682983447953	-0.4048787102587289
17.52440581477408	-0.4047019514020433
17.55198179506863	-0.4045253529116098
17.57955777536318	-0.4043489144570294
17.60713375565773	-0.4041726357102196
17.63470973595228	-0.4039965164231917
17.66228571624683	-0.4038205561050182
17.68986169654139	-0.4036447545196496
17.71743767683594	-0.4034691113492718
17.74501365713049	-0.4032936262782253
17.77258963742504	-0.4031182989930064
17.80016561771959	-0.4029431291822662
17.82774159801414	-0.4027681165368078
17.85531757830869	-0.4025932607495835
17.88289355860324	-0.4024185615156894
17.91046953889779	-0.4022440185654125
17.93804551919234	-0.4020696315303366
17.96562149948689	-0.4018954001435471
17.99319747978144	-0.4017213241084956
18.02077346007599	-0.4015474031308431
18.04834944037054	-0.4013736369184812
18.07592542066509	-0.401200025181568
18.10350140095964	-0.401026567632588
18.13107738125419	-0.4008532639864503
18.15865336154874	-0.4006801139606539
18.18622934184329	-0.4005071164767743
18.21380532213784	-0.4003342724258422
18.24138130243239	-0.4001615804882415
18.26895728272694	-0.3999890679836635
18.29653326302149	-0.3998166591608014
18.32410924331604	-0.3996444240532425
18.35168522361059	-0.3994723411202151
18.37926120390514	-0.3993004097222564
18.40683718419969	-0.3991286295141274
18.43441316449424	-0.3989570002040184
18.46198914478879	-0.3987855218746374
18.48956512508334	-0.398614193465993
18.51714110537789	-0.3984430151457289
18.54471708567244	-0.3982719866586594
18.57229306596699	-0.3981011077511964
18.59986904626154	-0.3979303781713411
18.62744502655609	-0.3977597976686782
18.65502100685064	-0.3975893659943687
18.68259698714519	-0.3974190829011424
18.71017296743974	-0.3972489481432903
18.73774894773429	-0.3970789622061718
18.76532492802884	-0.3969091236813324
18.79290090832339	-0.3967394332152875
18.82047688861794	-0.3965698778527151
18.84805286891249	-0.3964004905511004
18.87562884920704	-0.3962312412643329
18.90320482950159	-0.3960621383138605
18.93078080979614	-0.3958931816877814
18.95835679009069	-0.3957243711999707
18.98593277038524	-0.3955557066338703
19.01350875067979	-0.3953871877420355
19.04108473097434	-0.3952188143438759
19.06866071126889	-0.3950505861919217
19.09623669156344	-0.3948825030593478
19.12381267185799	-0.3947145647201412
19.15138865215254	-0.3945467709492813
19.17896463244709	-0.394379121522834
19.20654061274164	-0.3942116162180021
19.23411659303619	-0.394044254813153
19.26169257333074	-0.3938770370878336
19.28926855362529	-0.3937099628312783
19.31684453391984	-0.3935430318063812
19.34442051421439	-0.393376243806682
19.37199649450894	-0.3932095986167257
19.39957247480349	-0.3930430960221706
19.42714845509804	-0.3928767358097889
19.45472443539259	-0.3927105177674656
19.48230041568714	-0.3925444416841991
19.50987639598169	-0.392378507350102
19.53745237627624	-0.3922127145564025
19.56502835657079	-0.3920470631122588
19.59260433686534	-0.3918815527795718
19.62018031715989	-0.3917161833653238
19.64775629745444	-0.3915509546641175
19.67533227774899	-0.3913858664715857
19.70290825804354	-0.3912209185844374
19.73048423833809	-0.3910561108005324
19.75806021863264	-0.3908914429190082
19.78563619892719	-0.3907269147404979
19.81321217922174	-0.3905625260675351
19.84078815951629	-0.3903982773950254
19.86836413981084	-0.3902341672030392
19.89594012010539	-0.3900701958920424
19.92351610039994	-0.3899063632617037
19.95109208069449	-0.389742669112717
19.97866806098904	-0.389579113246781
20.00624404128359	-0.3894156954665809
20.03382002157814	-0.389252415575771
20.06139600187269	-0.3890892733789604
20.08897198216724	-0.3889262686816967
20.11654796246179	-0.3887634010704184
20.14412394275634	-0.3886006707991388
20.17169992305089	-0.3884380774710049
20.19927590334544	-0.3882756208982812
20.22685188363999	-0.3881133008946229
20.25442786393454	-0.3879511172755634
20.2820038442291	-0.387789069859473
20.30957982452365	-0.3876271584696145
20.3371558048182	-0.3874653829391124
20.36473178511275	-0.3873037431251264
20.3923077654073	-0.3871422366745969
20.41988374570185	-0.3869808671687304
20.4474597259964	-0.3868196327676989
20.47503570629095	-0.3866585332907385
20.5026116865855	-0.3864975685573949
20.53018766688005	-0.3863367383875753
20.5577636471746	-0.3861760426015883
20.58533962746915	-0.3860154810201758
20.6129156077637	-0.3858550534645386
20.64049158805825	-0.3856947597563579
20.6680675683528	-0.3855345997817212
20.69564354864735	-0.3853745732338921
20.7232195289419	-0.3852146799953782
20.75079550923645	-0.3850549198888411
20.778371489531	-0.3848952927372454
20.80594746982555	-0.3847357983637087
20.8335234501201	-0.3845764365912148
20.86109943041465	-0.3844172072420035
20.8886754107092	-0.3842581101361333
20.91625139100375	-0.3840991450875054
20.9438273712983	-0.383940312558901
20.97140335159285	-0.383781611301031
20.9989793318874	-0.3836230416061143
21.02655531218195	-0.3834646033005455
21.0541312924765	-0.3833062962111541
21.08170727277105	-0.3831481201652057
21.1092832530656	-0.3829900749904009
21.13685923336015	-0.3828321605148758
21.1644352136547	-0.382674376567202
21.19201119394925	-0.3825167229763858
21.2195871742438	-0.3823591994109986
21.24716315453835	-0.382201806024813
21.2747391348329	-0.3820445425015042
21.30231511512745	-0.3818874086749774
21.329891095422	-0.3817304043800601
21.35746707571655	-0.3815735294528335
21.3850430560111	-0.3814167837312633
21.41261903630565	-0.3812601670564988
21.4401950166002	-0.3811036792758533
21.46777099689475	-0.3809473202506919
21.4953469771893	-0.3807910879850496
21.52292295748385	-0.380634985519393
21.5504989377784	-0.3804790112823245
21.57807491807295	-0.3803231651143951
21.6056508983675	-0.3801674468562164
21.63322687866205	-0.3800118563484937
21.6608028589566	-0.3798563934320559
21.68837883925115	-0.3797010579478816
21.7159548195457	-0.3795458497371219
21.74353079984025	-0.3793907686411215
21.7711067801348	-0.379235814760548
21.79868276042935	-0.3790809874239277
21.8262587407239	-0.3789262867021091
21.85383472101845	-0.3787717124278738
21.881410701313	-0.3786172644272125
21.90898668160755	-0.3784629425087138
21.9365626619021	-0.3783087464260071
21.96413864219665	-0.3781546756748712
21.9917146224912	-0.3780007259368364
22.01929060278575	-0.3778469190215092
22.0468665830803	-0.3776932213308808
22.07444256337485	-0.3775396533189935
22.1020185436694	-0.3773862103525359
22.12959452396395	-0.3772328922726738
22.1571705042585	-0.3770796989209873
22.18474648455305	-0.3769266301394686
22.2123224648476	-0.3767736857705197
22.23989844514215	-0.3766208656569501
22.2674744254367	-0.3764681696419753
22.29505040573125	-0.376315597569215
22.3226263860258	-0.376163149313788
22.35020236632035	-0.3760108246540427
22.3777783466149	-0.3758586234676136
22.40535432690945	-0.3757065456002151
22.432930307204	-0.3755545908980096
22.46050628749855	-0.3754027592075924
22.4880822677931	-0.3752510503759781
22.51565824808765	-0.3750994642505894
22.5432342283822	-0.3749480006792466
22.57081020867675	-0.3747966595101589
22.5983861889713	-0.3746454405213859
22.62596216926585	-0.3744943437067317
22.6535381495604	-0.3743433688478255
22.68111412985495	-0.3741925157946712
22.7086901101495	-0.3740417843974697
22.73626609044405	-0.3738911745065809
22.7638420707386	-0.3737406859724666
22.79141805103315	-0.3735903186455916
22.8189940313277	-0.3734400723762568
22.84657001162225	-0.3732899470142934
22.87414599191681	-0.3731399416692463
22.90172197221136	-0.3729900576682111
22.92929795250591	-0.3728402941652713
22.95687393280046	-0.3726906510124698
22.98444991309501	-0.3725411280623641
23.01202589338956	-0.3723917251679552
23.03960187368411	-0.3722424421826404
23.06717785397866	-0.3720932789601806
23.09475383427321	-0.3719442353546785
23.12232981456776	-0.3717953112205624
23.14990579486231	-0.3716465063863382
23.17748177515686	-0.3714978207621763
23.20505775545141	-0.3713492541765998
23.23263373574596	-0.371200806485
23.26020971604051	-0.3710524775429843
23.28778569633506	-0.3709042672063702
23.31536167662961	-0.3707561753311773
23.34293765692416	-0.3706082017736195
23.37051363721871	-0.3704603463900915
23.39808961751326	-0.3703126090371556
23.42566559780781	-0.3701649896243133
23.45324157810236	-0.3700174879004667
23.48081755839691	-0.3698701037724916
23.50839353869146	-0.3697228370970824
23.53596951898601	-0.3695756877311703
23.56354549928056	-0.3694286555319248
23.59112147957511	-0.3692817403567545
23.61869745986966	-0.369134942063308
23.64627344016421	-0.3689882605094745
23.67384942045876	-0.368841695553385
23.70142540075331	-0.3686952470664926
23.72900138104786	-0.3685489148799796
23.75657736134241	-0.3684026988659962
23.78415334163696	-0.3682565988837854
23.81172932193151	-0.3681106147928846
23.83930530222606	-0.3679647464531243
23.86688128252061	-0.3678189937246263
23.89445726281516	-0.3676733564678022
23.92203324310971	-0.3675278345433526
23.94960922340426	-0.3673824278122651
23.97718520369881	-0.3672371360460437
24.00476118399336	-0.367091959288551
24.03233716428791	-0.3669468973179762
24.05991314458246	-0.3668019499975763
24.08748912487701	-0.3666571171908823
24.11506510517156	-0.3665123987617258
24.14264108546611	-0.3663677945742833
24.17021706576066	-0.3662233044931605
24.19779304605521	-0.366078928383555
24.22536902634976	-0.3659346661116158
24.25294500664431	-0.3657905167783425
24.28052098693886	-0.3656464816360836
24.30809696723341	-0.3655025599336769
24.33567294752796	-0.3653587515396359
24.36324892782251	-0.365215056322623
24.39082490811706	-0.3650714741514522
24.41840088841161	-0.3649280048950909
24.44597686870616	-0.3647846484226623
24.47355284900071	-0.3646414046034481
24.50112882929526	-0.3644982733068901
24.52870480958981	-0.3643552540709814
24.55628078988436	-0.3642123474958206
24.58385677017891	-0.3640695530598089
24.61143275047346	-0.3639268706287007
24.63900873076801	-0.3637843000690889
24.66658471106256	-0.3636418412481517
24.69416069135711	-0.3634994940335146
24.72173667165166	-0.3633572582931688
24.74931265194621	-0.3632151338954244
24.77688863224076	-0.3630731207088789
24.80446461253531	-0.3629312185633429
24.83204059282986	-0.3627894274113846
24.85961657312441	-0.3626477470804182
24.88719255341896	-0.3625061774394199
24.91476853371351	-0.3623647183575791
24.94234451400806	-0.3622233697042986
24.96992049430261	-0.3620821313491951
24.99749647459716	-0.3619410031620999
25.02507245489171	-0.3617999850130592
25.05264843518626	-0.3616590767723348
25.08022441548081	-0.3615182782873668
25.10780039577536	-0.3613775894764993
25.13537637606991	-0.361237010188138
25.16295235636446	-0.361096540293354
25.19052833665901	-0.3609561796633257
25.21810431695356	-0.3608159281693244
25.24568029724811	-0.3606757856826972
25.27325627754266	-0.3605357520748447
25.30083225783721	-0.3603958272171952
25.32840823813176	-0.3602560109811713
25.35598421842631	-0.3601163034456515
25.38356019872086	-0.3599767040514076
25.41113617901541	-0.3598372128742764
25.43871215930996	-0.3596978297857765
25.46628813960452	-0.3595585546578497
25.49386411989907	-0.3594193873628362
25.52144010019362	-0.3592803277734535
25.54901608048817	-0.3591413757627779
25.57659206078272	-0.3590025312042289
25.60416804107727	-0.3588637939715541
25.63174402137182	-0.3587251635265851
25.65932000166637	-0.3585866404305516
25.68689598196092	-0.3584482241049169
25.71447196225547	-0.3583098619246997
25.74204794255002	-0.3581717134998718
25.76962392284457	-0.3580336172845869
25.79719990313912	-0.3578956277196081
25.82477588343367	-0.3577577445378124
25.85235186372822	-0.3576199675875513
25.87992784402277	-0.3574822967364188
25.90750382431732	-0.3573447320195201
25.93507980461187	-0.3572072729583797
25.96265578490642	-0.3570699196168156
25.99023176520097	-0.3569326718737622
26.01780774549552	-0.3567955296084528
26.04538372579007	-0.3566584927004374
26.07295970608462	-0.3565215610296037
26.10053568637917	-0.3563847344762022
26.12811166667372	-0.3562480129208758
26.15568764696827	-0.3561113962446951
26.18326362726282	-0.3559748840056179
26.21083960755737	-0.3558384767680572
26.23841558785192	-0.3557021740797904
26.26599156814647	-0.3555659758208651
26.29356754844102	-0.3554298818714193
26.32114352873557	-0.3552938921117023
26.34871950903012	-0.3551580064220916
26.37629548932467	-0.355022224683106
26.40387146961922	-0.3548865467754143
26.43144744991377	-0.3547509725798437
26.45902343020832	-0.3546155019993338
26.48659941050287	-0.3544801348696121
26.51417539079742	-0.3543448710935601
26.54175137109197	-0.3542097105526952
26.56932735138652	-0.3540746531287643
26.59690333168107	-0.3539396987037515
26.62447931197562	-0.3538048471598906
26.65205529227017	-0.3536700983796882
26.67963127256472	-0.3535354522459594
26.70720725285927	-0.3534009086418968
26.73478323315382	-0.3532664675274174
26.76235921344837	-0.3531321286463096
26.78993519374292	-0.3529978919425641
26.81751117403747	-0.3528637572987551
26.84508715433202	-0.3527297245975345
26.87266313462657	-0.3525957937216326
26.90023911492112	-0.3524619645538573
26.92781509521567	-0.3523282369770934
26.95539107551022	-0.3521946108743033
26.98296705580477	-0.3520610861285252
27.01054303609932	-0.3519276627356967
27.03811901639387	-0.3517943403387572
27.06569499668842	-0.3516611189410607
27.09327097698297	-0.351527998427516
27.12084695727752	-0.3513949786832368
27.14842293757207	-0.351262059593551
27.17599891786662	-0.3511292410440079
27.20357489816117	-0.3509965229203819
27.23115087845572	-0.3508639051086761
27.25872685875027	-0.3507313874951241
27.28630283904482	-0.3505989699488444
27.31387881933937	-0.3504666523928444
27.34145479963392	-0.3503344346965479
27.36903077992847	-0.3502023167469389
27.39660676022302	-0.3500702984311559
27.42418274051757	-0.3499383796364948
27.45175872081212	-0.3498065602504143
27.47933470110667	-0.3496748401605407
27.50691068140122	-0.3495432192546769
27.53448666169577	-0.3494116974208145
27.56206264199032	-0.3492802745856222
27.58963862228487	-0.3491489505615425
27.61721460257942	-0.3490177252706633
27.64479058287397	-0.3488865986007109
27.67236656316852	-0.3487555704395106
27.69994254346307	-0.3486246406749843
27.72751852375762	-0.3484938091951507
27.75509450405217	-0.3483630758881234
27.78267048434672	-0.3482324406421093
27.81024646464127	-0.3481019033454076
27.83782244493582	-0.3479714638542892
27.86539842523037	-0.3478411221182671
27.89297440552492	-0.3477108780010393
27.92055038581947	-0.3475807313932736
27.94812636611402	-0.347450682186251
27.97570234640857	-0.3473207302721104
28.00327832670312	-0.3471908755443363
28.03085430699767	-0.347061117898825
28.05843028729223	-0.3469314572365183
28.08600626758678	-0.3468018934711763
28.11358224788133	-0.3466724254887323
28.14115822817588	-0.3465430549164501
28.16873420847043	-0.3464137808859277
28.19631018876498	-0.3462846032904975
28.22388616905953	-0.3461555220234157
28.25146214935408	-0.3460265369778842
28.27903812964863	-0.3458976480470686
28.30661410994318	-0.3457688551241141
28.33419009023773	-0.3456401581021576
28.36176607053228	-0.3455115568743404
28.38934205082683	-0.3453830512104953
28.41691803112138	-0.3452546412785548
28.44449401141593	-0.3451263268200666
28.47206999171048	-0.3449981077281624
28.49964597200503	-0.3448699838957058
28.52722195229958	-0.3447419552154147
28.55479793259413	-0.3446140215799168
28.58237391288868	-0.3444861828817773
28.60994989318323	-0.3443584390135159
28.63752587347778	-0.3442307898676151
28.66510185377233	-0.3441032356099653
28.69267783406688	-0.343975775561341
28.72025381436143	-0.3438484098893247
28.74782979465598	-0.3437211384888406
28.77540577495053	-0.3435939612559606
28.80298175524508	-0.3434668780878826
28.83055773553963	-0.3433398888829081
28.85813371583418	-0.3432129935404208
28.88570969612873	-0.3430861919608664
28.91328567642328	-0.3429594840457323
28.94086165671783	-0.3428328693278243
28.96843763701238	-0.3427063484838032
28.99601361730693	-0.3425799210456946
29.02358959760148	-0.3424535869155685
29.05116557789603	-0.3423273459949004
29.07874155819058	-0.3422011981845724
29.10631753848513	-0.3420751433848732
29.13389351877968	-0.341949181495498
29.16146949907423	-0.3418233124155472
29.18904547936878	-0.3416975360435238
29.21662145966333	-0.3415718524022727
29.24419743995788	-0.3414462611300077
29.27177342025243	-0.3413207622464273
29.29934940054698	-0.3411953556479936
29.32692538084153	-0.3410700412309921
29.35450136113608	-0.3409448188915337
29.38207734143063	-0.3408196885255569
29.40965332172518	-0.3406946500288298
29.43722930201973	-0.3405697032969522
29.46480528231428	-0.3404448482253581
29.49238126260883	-0.3403200848860394
29.51995724290338	-0.3401954128042181
29.54753322319793	-0.3400708320533329
29.57510920349248	-0.3399463425298579
29.60268518378703	-0.3398219441308267
29.63026116408158	-0.3396976367538214
29.65783714437613	-0.3395734202969641
29.68541312467068	-0.3394492946589077
29.71298910496523	-0.3393252597388282
29.74056508525978	-0.3392013154364167
29.76814106555433	-0.3390774615638846
29.79571704584888	-0.338953698205839
29.82329302614343	-0.338830025174953
29.85086900643798	-0.3387064423721392
29.87844498673253	-0.3385829496984278
29.90602096702708	-0.3384595470549612
29.93359694732163	-0.3383362343429863
29.96117292761618	-0.3382130114638459
29.98874890791073	-0.3380898783189664
30.01632488820528	-0.3379668348098425
30.04390086849983	-0.3378438809564389
30.07147684879438	-0.3377210164177547
30.09905282908893	-0.3375982412081124
30.12662880938348	-0.3374755552283524
30.15420478967803	-0.3373529583795378
30.18178076997258	-0.3372304505629497
30.20935675026713	-0.3371080316800834
30.23693273056168	-0.3369857016326437
30.26450871085623	-0.3368634603225423
30.29208469115078	-0.3367413076518933
30.31966067144533	-0.3366192434149024
30.34723665173988	-0.3364972677321145
30.37481263203443	-0.3363753804071375
30.40238861232898	-0.3362535813449165
30.42996459262353	-0.3361318704510307
30.45754057291808	-0.3360102476320514
30.48511655321263	-0.3358887127962656
30.51269253350718	-0.3357672658552855
30.54026851380173	-0.3356459067281344
30.56784449409628	-0.3355246353537898
30.59542047439083	-0.3354034504404983
30.62299645468539	-0.3352823538846126
30.65057243497994	-0.3351613447365914
30.67814841527449	-0.3350404229043309
30.70572439556904	-0.3349195882958199
30.73330037586359	-0.3347988408191398
30.76087635615814	-0.3346781803824663
30.78845233645269	-0.3345576068940693
30.81602831674724	-0.3344371202623145
30.84360429704179	-0.3343167203956631
30.87118027733634	-0.334196406861771
30.89875625763089	-0.3340761803264302
30.92633223792544	-0.3339560402848385
30.95390821821999	-0.3338359866427905
30.98148419851454	-0.3337160193065531
31.00906017880909	-0.3335961381827116
31.03663615910364	-0.3334763431780943
31.06421213939819	-0.3333566341997303
31.09178811969274	-0.3332370111548258
31.11936409998729	-0.3331174739507498
31.14694008028184	-0.3329980224754491
31.17451606057639	-0.3328786566790377
31.20209204087094	-0.3327593764473661
31.22966802116549	-0.332640181688018
31.25724400146004	-0.3325210723087555
31.28481998175459	-0.3324020482175123
31.31239596204914	-0.3322831093223886
31.33997194234369	-0.332164255531646
31.36754792263824	-0.3320454867537038
31.39512390293279	-0.3319268028971358
31.42269988322734	-0.3318082039948571
31.45027586352189	-0.3316896896466073
31.47785184381644	-0.3315712599787629
31.50542782411099	-0.3314529148787407
31.53300380440554	-0.331334654250407
31.56057978470009	-0.3312164780012504
31.58815576499464	-0.3310983860400097
31.61573174528919	-0.3309803782760033
31.64330772558374	-0.3308624546188888
31.67088370587829	-0.3307446149785616
31.69845968617284	-0.3306268592651071
31.72603566646739	-0.3305091873887756
31.75361164676194	-0.3303915992599694
31.78118762705649	-0.3302740947892346
31.80876360735104	-0.3301566738872558
31.83633958764559	-0.3300393364648536
31.86391556794014	-0.3299220824329822
31.89149154823469	-0.3298049117027281
31.91906752852924	-0.329687824185309
31.94664350882379	-0.3295708197920735
31.97421948911834	-0.3294538984344997
32.00179546941289	-0.3293370600241959
32.02937144970744	-0.3292203044728993
32.05694743000199	-0.3291036316924762
32.08452341029654	-0.3289870415949218
32.11209939059109	-0.3288705340923597
32.13967537088564	-0.3287541090970423
32.16725135118019	-0.3286377665213497
32.19482733147474	-0.3285215062777906
32.22240331176929	-0.3284053282790016
