0
1000	105.6583745	100000000000000.1
5	0	0	1
5	0	0	0
4.673998997513734	0.03678769122794692
4.701574977808284	0.1361963326676726
4.729150958102834	0.2732758449985881
4.756726938397384	0.4508001763329894
4.784302918691934	0.6705896048095124
4.811878898986484	0.9337890897780623
4.839454879281035	1.241079645040552
4.867030859575585	1.592832419041799
4.894606839870135	1.98921864927014
4.922182820164685	2.430287190052829
4.949758800459235	2.916018748981006
4.977334780753785	3.44636358080056
5.004910761048335	4.021267494977701
5.032486741342885	4.640689627728199
5.060062721637435	5.304614417563922
5.087638701931986	6.013059505828693
5.115214682226536	6.766080778016467
5.142790662521086	7.563775405944098
5.170366642815636	8.406283500394537
5.197942623110186	9.293788807100494
5.225518603404736	10.22651875379566
5.253094583699286	11.20474406719256
5.280670563993836	12.22877811539142
5.308246544288386	13.29897608592365
5.335822524582936	14.41573407719618
5.363398504877487	15.57948815776028
5.390974485172037	16.79071343108466
5.418550465466587	18.04992313144573
5.446126445761137	19.35766776789044
5.473702426055687	20.71453432702068
5.501278406350237	22.12125493608561
5.528854386644787	23.57855468050121
5.556430366939337	25.08681481864557
5.584006347233887	26.64685123210441
5.611582327528438	28.25953614233617
5.639158307822988	29.92545459982952
5.666734288117538	31.64532238064713
5.694310268412088	33.42035383779869
5.721886248706638	35.25121846971739
5.749462229001188	37.13881172086809
5.777038209295738	39.08429704677647
5.804614189590288	41.08849569641379
5.832190169884838	43.15263639571297
5.859766150179389	45.27762001424651
5.887342130473939	47.46458872887521
5.914918110768489	49.71504080364604
5.942494091063039	52.02970324545959
5.970070071357589	54.41016417837289
5.997646051652139	56.85762423636512
6.025222031946689	59.3734095368708
6.052798012241239	61.95901111359203
6.080373992535789	64.61581902034646
6.107949972830339	67.34526146741761
6.13552595312489	70.1489803406444
6.16310193341944	73.028352635654
6.19067791371399	75.98532504632038
6.21825389400854	79.02136603909098
6.24582987430309	82.13836324778235
6.27340585459764	85.33779799044453
6.30098183489219	88.62195985450565
6.32855781518674	91.99243479283768
6.35613379548129	95.45116078446411
6.383709775775841	99.00049015052728
6.411285756070391	102.6422894200252
6.438861736364941	106.3784648345162
6.466437716659491	110.2115762288978
6.494013696954041	114.1435819865051
6.521589677248591	118.1772464397814
6.549165657543141	122.3147001115364
6.576741637837691	126.5581206307609
6.604317618132241	130.9103469364847
6.631893598426791	135.3738035017123
6.659469578721342	139.9512188782047
6.687045559015892	144.6456788722129
6.714621539310442	149.4595218845882
6.742197519604992	154.3960490945694
6.769773499899542	159.457822267872
6.797349480194092	164.6483550224746
6.824925460488642	169.970367948779
6.852501440783192	175.4273064134337
6.880077421077742	181.0228751879083
6.907653401372293	186.7599133503366
6.935229381666843	192.6423094131293
6.962805361961393	198.6731607878524
6.990381342255943	204.8566202579575
7.017957322550493	211.196493800374
7.045533302845043	217.6965569817867
7.073109283139593	224.3606459077292
7.100685263434143	231.1934621215242
7.128261243728693	238.1985109035242
7.155837224023244	245.3806042445624
7.183413204317794	252.7439272100566
7.210989184612344	260.2935586839781
7.238565164906894	268.0336490054676
7.266141145201444	275.9690314721956
7.293717125495994	284.1050658770275
7.321293105790544	292.446586937117
7.348869086085094	300.9987578093752
7.376445066379644	309.7671745104532
7.404021046674194	318.7573309291536
7.431597026968745	327.9744530973202
7.459173007263295	337.424790934843
7.486748987557845	347.1140369463313
7.514324967852395	357.0489775839271
7.541900948146945	367.2347059350568
7.569476928441495	377.6785302441277
7.597052908736045	388.3866203504962
7.624628889030595	399.3661581444965
7.652204869325145	410.624060178285
7.679780849619696	422.1672248358362
7.707356829914246	434.0029207643798
7.734932810208796	446.1390889475786
7.762508790503346	458.583009838474
7.790084770797896	471.3434925691957
7.817660751092446	484.4277225988877
7.845236731386996	497.8441843375886
7.872812711681546	511.6018527813704
7.900388691976096	525.7091338437616
7.927964672270646	540.1755665622281
7.955540652565197	555.0103240454509
7.983116632859747	570.2225856930194
8.010692613154298	585.8223998476324
8.038268593448848	601.8195648332285
8.065844573743398	618.2246329500937
8.093420554037948	635.0481295061138
8.120996534332498	652.3008895976585
8.148572514627048	669.9939172660256
8.176148494921598	688.1385230634908
8.203724475216148	706.7468218530785
8.231300455510699	725.8307386226613
8.258876435805249	745.4023688744538
8.286452416099799	765.4751612353936
8.314028396394349	786.0611232447767
8.341604376688899	807.1736854062884
8.369180356983449	828.8271219808003
8.396756337277999	851.0351846689043
8.424332317572549	873.8123857275036
8.451908297867099	897.1731605578373
8.47948427816165	921.1333334929678
8.5070602584562	945.7086014973266
8.53463623875075	970.9138662972671
8.5622122190453	996.7656940827524
8.58978819933985	1023.282533996093
8.6173641796344	1050.479881966749
8.64494015992895	1078.380508342859
8.6725161402235	1106.989494286169
8.70009212051805	1136.332833695038
8.7276681008126	1166.443062370455
8.755244081107151	1197.32043689023
8.782820061401701	1228.995373061152
8.810396041696251	1261.482271690586
8.837972021990801	1294.809378795899
8.865548002285351	1328.990997830999
8.893123982579901	1364.057689629993
8.920699962874451	1400.023223608586
8.948275943169001	1436.920760802425
8.975851923463551	1474.776320567407
9.003427903758102	1513.589937764619
9.031003884052652	1553.413967989615
9.058579864347202	1594.264518196528
9.086155844641752	1636.169511673514
9.113731824936302	1679.15545655779
9.141307805230852	1723.251634160364
9.168883785525402	1768.483571855412
9.196459765819952	1814.886958754666
9.224035746114502	1862.486906299581
9.251611726409052	1911.315333501302
9.279187706703603	1961.405377969775
9.306763686998153	2012.788506760801
9.334339667292703	2065.499126468605
9.361915647587253	2119.570775429978
9.389491627881803	2175.038264487981
9.417067608176353	2231.939311264495
9.444643588470903	2290.307424335607
9.472219568765453	2350.186529238872
9.499795549060003	2411.610663194287
9.527371529354554	2474.620223372081
9.554947509649104	2539.257648808355
9.582523489943654	2605.563534367288
9.610099470238204	2673.580320422563
9.637675450532754	2743.35386573663
9.665251430827304	2814.933436819621
9.692827411121854	2888.347331960263
9.720403391416404	2963.66189207494
9.747979371710954	3040.926298411496
9.775555352005505	3120.166573690148
9.803131332300055	3201.457582912347
9.830707312594605	3284.849356694956
9.858283292889155	3370.376591104942
9.885859273183705	3458.113194217431
9.913435253478255	3548.107779252786
9.941011233772805	3640.418099367184
9.968587214067355	3735.102659590357
9.996163194361905	3832.221264864448
10.02373917465646	3931.835728892946
10.05131515495101	4034.008377893098
10.07889113524556	4138.804329705837
10.10646711554011	4246.282145939604
10.13404309583466	4356.525415403546
10.16161907612921	4469.589459178268
10.18919505642376	4585.547444176914
10.21677103671831	4704.47175354919
10.24434701701286	4826.43752904376
10.27192299730741	4951.518441972999
10.29949897760196	5079.725041886722
10.32707495789651	5211.337798084497
10.35465093819106	5346.234488718394
10.38222691848561	5484.566472985808
10.40980289878016	5626.412675438632
10.43737887907471	5771.868529786608
10.46495485936926	5921.013139164566
10.49253083966381	6073.939305529558
10.52010681995836	6230.736069781686
10.54768280025291	6391.501221298407
10.57525878054746	6556.325637655423
10.60283476084201	6725.309559968518
10.63041074113656	6898.548532360005
10.65798672143111	7076.148819070578
10.68556270172566	7258.210507568868
10.71313868202021	7444.838944553465
10.74071466231476	7636.135176317322
10.76829064260931	7832.228553746644
10.79586662290386	8033.210900368425
10.82344260319841	8239.20264920999
10.85101858349296	8450.318786928559
10.87859456378751	8666.677870762562
10.90617054408206	8888.40037957672
10.93374652437661	9115.60743923173
10.96132250467116	9348.424177582661
10.98889848496571	9586.973514262101
11.01647446526026	9831.391992915469
11.04405044555481	10081.80461794429
11.07162642584936	10338.34420388584
11.09920240614391	10601.147318383
11.12677838643846	10870.34875888046
11.15435436673301	11146.09421937637
11.18193034702756	11428.51922498202
11.20950632732211	11717.76899868239
11.23708230761666	12013.9892049738
11.26465828791121	12317.32685252916
11.29223426820576	12627.93492062918
11.31981024850031	12945.96163649971
11.34738622879486	13271.56316919096
11.37496220908941	13604.89303439821
11.40253818938396	13946.10849981343
11.43011416967851	14295.37297181383
11.45769014997306	14652.84521168196
11.48526613026761	15018.6869830621
11.51284211056216	15393.06400488564
11.54041809085671	15776.12619066885
11.56799407115126	16168.08982316061
11.59557005144581	16569.07696920578
11.62314603174036	16979.27290488585
11.65072201203491	17398.85041789352
11.67829799232946	17827.98432187707
11.70587397262401	18266.84434535038
11.73344995291856	18715.61420098478
11.76102593321311	19174.46344463673
11.78860191350766	19643.5715905139
11.81617789380221	20123.11840124751
11.84375387409676	20613.28000404513
11.87132985439131	21114.23595960442
11.89890583468586	21626.16782405623
11.92648181498041	22149.25587267978
11.95405779527496	22683.67797558426
11.98163377556951	23229.6152966608
12.00920975586406	23787.24819973412
12.03678573615861	24356.75318241576
12.06436171645316	24938.31891740093
12.09193769674771	25532.11409314956
12.11951367704226	26138.31953772404
12.14708965733681	26757.11218354104
12.17466563763136	27388.66918723522
12.20224161792591	28033.10192922285
12.22981759822046	28690.76472765205
12.25739357851501	29361.64977390321
12.28496955880956	30045.98624802727
12.31254553910411	30743.94096335926
12.34012151939866	31455.67872203744
12.36769749969321	32181.36175863808
12.39527347998776	32921.14898413905
12.42284946028231	33675.20499828202
12.45042544057686	34443.67712192859
12.47800142087141	35226.71698329664
12.50557740116597	36024.47371482004
12.53315338146052	36837.09045536217
12.56072936175507	37664.70898753591
12.58830534204962	38507.45582996614
12.61588132234417	39365.48792259656
12.64345730263872	40238.90902154688
12.67103328293327	41127.84923866101
12.69860926322782	42032.42840479147
12.72618524352237	42952.76004954544
12.75376122381692	43888.95205323535
12.78133720411147	44841.10694927366
12.80891318440602	45809.32118027526
12.83648916470057	46793.69214819789
12.86406514499512	47794.30270085279
12.89164112528967	48811.23276293109
12.91921710558422	49844.55925001476
12.94679308587877	50894.34724774263
12.97436906617332	51960.66148316956
13.00194504646787	53043.56452192456
13.02952102676242	54143.08186433885
13.05709700705697	55259.27950031869
13.08467298735152	56392.18785261115
13.11224896764607	57541.83364332593
13.13982494794062	58708.23847650923
13.16740092823517	59891.41990916432
13.19497690852972	61091.3863316396
13.22255288882427	62308.14246457783
13.25012886911882	63541.67655879742
13.27770484941337	64791.95631287461
13.30528082970792	66059.01605509919
13.33285681000247	67342.80775946093
13.36043279029702	68643.2928464305
13.38800877059157	69960.41752355767
13.41558475088612	71294.17253915759
13.44316073118067	72644.4894955692
13.47073671147522	74011.31281665099
13.49831269176977	75394.52379240633
13.52588867206432	76794.13853720983
13.55346465235887	78210.07752278382
13.58104063265342	79642.17105261819
13.60861661294797	81090.33966157763
13.63619259324252	82554.54132629448
13.66376857353707	84034.67192138018
13.69134455383162	85530.56531932576
13.71892053412617	87042.11231731021
13.74649651442072	88569.22701335572
13.77407249471527	90111.81099956075
13.80164847500982	91669.64618817439
13.82922445530437	93242.57648578357
13.85680043559892	94830.54361363061
13.88437641589347	96433.45091077518
13.91195239618802	98051.03890076025
13.93952837648257	99683.14986495906
13.96710435677712	101329.66642209
13.99468033707167	102990.4580875369
14.02225631736622	104665.3485520976
14.04983229766077	106354.1250250057
14.07740827795532	108056.5748117023
14.10498425824987	109772.630025235
14.13256023854442	111502.1189947866
14.16013621883897	113244.7646687152
14.18771219913352	115000.3704643417
14.21528817942807	116768.8372664473
14.24286415972262	118549.9721401211
14.27044014001717	120343.6053594894
14.29801612031172	122149.4158413233
14.32559210060627	123967.3467415753
14.35316808090082	125797.1269388827
14.38074406119537	127638.6108563336
14.40832004148992	129491.6096282212
14.43589602178447	131355.8147154655
14.46347200207902	133231.185947824
14.49104798237357	135117.4240784962
14.51862396266812	137014.3857893484
14.54619994296267	138921.8981256026
14.57377592325722	140839.616367419
14.60135190355177	142767.5086766558
14.62892788384632	144705.2915632102
14.65650386414087	146652.8167700926
14.68407984443542	148609.9275326537
14.71165582472997	150576.2947368053
14.73923180502452	152551.8585954969
14.76680778531907	154536.3627672106
14.79438376561362	156529.5931555072
14.82195974590817	158531.4702726738
14.84953572620272	160541.6516134215
14.87711170649727	162560.1125885335
14.90468768679182	164586.5818963457
14.93226366708637	166620.8740034376
14.95983964738092	168662.9097846864
14.98741562767547	170712.3248694291
15.01499160797002	172769.1184877379
15.04256758826457	174833.0327045486
15.07014356855912	176903.9286715628
15.09771954885368	178981.6356394971
15.12529552914823	181065.9252077279
15.15287150944278	183156.7321186409
15.18044748973733	185253.8248875967
15.20802347003188	187357.0603448931
15.23559945032643	189466.2619720183
15.26317543062098	191581.3677974945
15.29075141091553	193702.0491854674
15.31832739121008	195828.3147871528
15.34590337150463	197959.9681575219
15.37347935179918	200096.8667007936
15.40105533209373	202238.8429382705
15.42863131238828	204385.7796238674
15.45620729268283	206537.5403433314
15.48378327297738	208693.9694152526
15.51135925327193	210854.9689662902
15.53893523356648	213020.3868152249
15.56651121386103	215190.0650065204
15.59408719415558	217363.9620315348
15.62166317445013	219541.8588427615
15.64923915474468	221723.6967780453
15.67681513503923	223909.3503521076
15.70439111533378	226098.6912113617
15.73196709562833	228291.6029850056
15.75954307592288	230487.8831517003
15.78711905621743	232687.6165687995
15.81469503651198	234890.6035960621
15.84227101680653	237096.739750829
15.86984699710108	239305.9227333776
15.89742297739563	241518.0524335036
15.92499895769018	243732.9645636806
15.95257493798473	245950.6995817279
15.98015091827928	248171.1018654695
16.00772689857383	250394.0754537872
16.03530287886838	252619.5456171335
16.06287885916293	254847.3441401423
16.09045483945748	257077.4767785326
16.11803081975203	259309.8915640177
16.14560680004658	261544.4396080935
16.17318278034113	263781.0578947713
16.20075876063568	266019.6423013308
16.22833474093023	268260.1668920696
16.25591072122478	270502.5437855993
16.28348670151933	272746.6608758358
16.31106268181388	274992.4835542506
16.33863866210843	277239.9602830888
16.36621464240298	279489.0127908113
16.39379062269753	281739.5838473741
16.42136660299208	283991.6013566327
16.44894258328663	286245.0260640465
16.47651856358118	288499.7295770791
16.50409454387573	290755.7068186901
16.53167052417028	293012.9207713582
16.55924650446483	295271.3036253212
16.58682248475938	297530.7830802611
16.61439846505393	299791.2968037981
16.64197444534848	302052.8448919997
16.66955042564303	304315.2817474657
16.69712640593758	306578.7197460969
16.72470238623213	308842.9263326207
16.75227836652668	311107.9670701716
16.77985434682123	313373.7787814243
16.80743032711578	315640.316579583
16.83500630741033	317907.5508037707
16.86258228770488	320175.3359098334
16.89015826799943	322443.8108728849
16.91773424829398	324712.7878573415
16.94531022858853	326982.3134950849
16.97288620888308	329252.3547892603
17.00046218917763	331522.8400253771
17.02803816947218	333793.7453286386
17.05561414976673	336064.9490698584
17.08319013006128	338336.5990311861
17.11076611035583	340608.6094102777
17.13834209065038	342880.8301063525
17.16591807094493	345153.3258412264
17.19349405123948	347426.0630061833
17.22107003153403	349699.0086167797
17.24864601182858	351972.1276830244
17.27622199212313	354245.3362234041
17.30379797241768	356518.7057177971
17.33137395271223	358792.2348095788
17.35894993300678	361065.7635712436
17.38652591330133	363339.2956264301
17.41410189359588	365612.9141828561
17.44167787389043	367886.4948654689
17.46925385418498	370160.0757675603
17.49682983447953	372433.5490490528
17.52440581477408	374707.010052443
17.55198179506863	376980.4309507834
17.57955777536318	379253.7059779471
17.60713375565773	381526.8082377908
17.63470973595228	383799.8143925057
17.66228571624683	386072.6849456514
17.68986169654139	388345.3611092602
17.71743767683594	390617.752989405
17.74501365713049	392890.0238655441
17.77258963742504	395162.0539055328
17.80016561771959	397433.9115936795
17.82774159801414	399705.4693276664
17.85531757830869	401976.705491132
17.88289355860324	404247.7153758008
17.91046953889779	406518.3956627212
17.93804551919234	408788.7668070506
17.96562149948689	411058.748437592
17.99319747978144	413328.4194182585
18.02077346007599	415597.8487856233
18.04834944037054	417866.802910613
18.07592542066509	420135.4254830464
18.10350140095964	422403.6308091722
18.13107738125419	424671.4153021146
18.15865336154874	426938.7915441155
18.18622934184329	429205.6793592334
18.21380532213784	431472.222416347
18.24138130243239	433738.300667122
18.26895728272694	436003.9438256951
18.29653326302149	438269.1566990028
18.32410924331604	440533.857133124
18.35168522361059	442798.110930189
18.37926120390514	445061.8015657408
18.40683718419969	447325.0305449296
18.43441316449424	449587.767855322
18.46198914478879	451849.9099004106
18.48956512508334	454111.6321814487
18.51714110537789	456372.8136791743
18.54471708567244	458633.5191931647
18.57229306596699	460893.5927071915
18.59986904626154	463153.211992398
18.62744502655609	465412.2096188376
18.65502100685064	467670.6031312385
18.68259698714519	469928.4726436917
18.71017296743974	472185.7174983318
18.73774894773429	474442.4253088709
18.76532492802884	476698.5582375219
18.79290090832339	478954.0779130249
18.82047688861794	481209.0548671162
18.84805286891249	483463.3763825083
18.87562884920704	485717.1039325649
18.90320482950159	487970.1827856844
18.93078080979614	490222.6612864938
18.95835679009069	492474.4603048028
18.98593277038524	494725.580837551
19.01350875067979	496976.1454248963
19.04108473097434	499226.079282802
19.06866071126889	501475.3627870035
19.09623669156344	503723.985800815
19.12381267185799	505972.0102712137
19.15138865215254	508219.3460140486
19.17896463244709	510465.982856402
19.20654061274164	512711.9945990049
19.23411659303619	514957.3116620753
19.26169257333074	517201.8188624078
19.28926855362529	519445.8019572415
19.31684453391984	521689.0861432261
19.34442051421439	523931.6668843715
19.37199649450894	526173.5326008502
19.39957247480349	528414.8463510128
19.42714845509804	530655.3834639519
19.45472443539259	532895.1215112412
19.48230041568714	535134.2534522621
19.50987639598169	537372.6944310528
19.53745237627624	539610.4244351004
19.56502835657079	541847.2646009552
19.59260433686534	544083.5627659807
19.62018031715989	546319.1420176766
19.64775629745444	548553.9637568168
19.67533227774899	550787.993854185
19.70290825804354	553021.3669090667
19.73048423833809	555254.1092315123
19.75806021863264	557485.9708920395
19.78563619892719	559717.1367961492
19.81321217922174	561947.549286885
19.84078815951629	564177.2465817482
19.86836413981084	566406.0863724573
19.89594012010539	568634.2330253718
19.92351610039994	570861.6804125487
19.95109208069449	573088.2829581733
19.97866806098904	575314.196227505
20.00624404128359	577539.3708940329
20.03382002157814	579763.8138711051
20.06139600187269	581987.4568279396
20.08897198216724	584210.3113013216
20.11654796246179	586432.4077509483
20.14412394275634	588653.7348434932
20.17169992305089	590874.2885920106
20.19927590334544	593093.9634107758
20.22685188363999	595312.9164273347
20.25442786393454	597531.1352059355
20.2820038442291	599748.5643678043
20.30957982452365	601965.2568327215
20.3371558048182	604181.1267138928
20.36473178511275	606396.1894086309
20.3923077654073	608610.54619574
20.41988374570185	610824.0508754011
20.4474597259964	613036.7521196355
20.47503570629095	615248.6749750354
20.5026116865855	617459.768059445
20.53018766688005	619670.0166768666
20.5577636471746	621879.503382078
20.58533962746915	624088.1888763553
20.6129156077637	626296.0469455553
20.64049158805825	628503.1262272623
20.6680675683528	630709.427921642
20.69564354864735	632914.8815511882
20.7232195289419	635119.5996653893
20.75079550923645	637323.4377276315
20.778371489531	639526.4384624112
20.80594746982555	641728.607606779
20.8335234501201	643929.9842022037
20.86109943041465	646130.4125312795
20.8886754107092	648330.0909734411
20.91625139100375	650528.945270682
20.9438273712983	652726.9634679316
20.97140335159285	654924.1146118272
20.9989793318874	657120.4795499756
21.02655531218195	659316.0181569949
21.0541312924765	661510.6534668888
21.08170727277105	663704.5136972145
21.1092832530656	665897.5481679449
21.13685923336015	668089.7087190916
21.1644352136547	670280.9853826481
21.19201119394925	672471.4582358436
21.2195871742438	674661.0463561006
21.24716315453835	676849.6834156326
21.2747391348329	679037.571094112
21.30231511512745	681224.5875322163
21.329891095422	683410.7642380368
21.35746707571655	685596.0878457259
21.3850430560111	687780.4623061519
21.41261903630565	689964.1022360423
21.4401950166002	692146.8776064669
21.46777099689475	694328.6541095547
21.4953469771893	696509.7542111318
21.52292295748385	698689.9032621603
21.5504989377784	700869.1065364595
21.57807491807295	703047.1492642113
21.6056508983675	705224.8553249772
21.63322687866205	707401.486647862
21.6608028589566	709577.2197451964
21.68837883925115	711752.0625872771
21.7159548195457	713926.0175531139
21.74353079984025	716099.1134065584
21.7711067801348	718271.2422964316
21.79868276042935	720442.5353818841
21.8262587407239	722612.908650844
21.85383472101845	724782.4196313185
21.881410701313	726951.0331413489
21.90898668160755	729118.8074820598
21.9365626619021	731285.5884806346
21.96413864219665	733451.4565571151
21.9917146224912	735616.4506943236
22.01929060278575	737780.3857819145
22.0468665830803	739943.5982922397
22.07444256337485	742105.8303718049
22.1020185436694	744267.1830388122
22.12959452396395	746427.6071748809
22.1571705042585	748587.0943231416
22.18474648455305	750745.6678665975
22.2123224648476	752903.2814344394
22.23989844514215	755060.0246633665
22.2674744254367	757215.8259917349
22.29505040573125	759370.7063006724
22.3226263860258	761524.7175433439
22.35020236632035	763677.7025152104
22.3777783466149	765829.78516755
22.40535432690945	767980.9298828292
22.432930307204	770131.0447025107
22.46050628749855	772280.314815389
22.4880822677931	774428.6179057615
22.51565824808765	776576.0566895645
22.5432342283822	778722.6197760128
22.57081020867675	780867.9844579407
22.5983861889713	783012.5037736829
22.62596216926585	785156.0706844097
22.6535381495604	787298.6652054983
22.68111412985495	789440.3449603083
22.7086901101495	791581.0400017268
22.73626609044405	793720.7838092764
22.7638420707386	795859.7076177887
22.79141805103315	797997.55996107
22.8189940313277	800134.4210202805
22.84657001162225	802270.3049944527
22.87414599191681	804405.2184614744
22.90172197221136	806539.1657564022
22.92929795250591	808672.1444601889
22.95687393280046	810804.1568920595
22.98444991309501	812935.2021930373
23.01202589338956	815065.2853662431
23.03960187368411	817194.3495579502
23.06717785397866	819322.4420655656
23.09475383427321	821449.5393856831
23.12232981456776	823575.6472333015
23.14990579486231	825700.7074542254
23.17748177515686	827824.8284958304
23.20505775545141	829947.9379071078
23.23263373574596	832070.2021124382
23.26020971604051	834191.2586270423
23.28778569633506	836311.4227541669
23.31536167662961	838430.4314561355
23.34293765692416	840548.5101373934
23.37051363721871	842665.6030204296
23.39808961751326	844781.6851173651
23.42566559780781	846896.7606277615
23.45324157810236	849010.7904880677
23.48081755839691	851123.8104911259
23.50839353869146	853235.8305430266
23.53596951898601	855346.7815253333
23.56354549928056	857456.8238006006
23.59112147957511	859565.687744749
23.61869745986966	861673.6050525347
23.64627344016421	863780.3776713214
23.67384942045876	865886.2318915846
23.70142540075331	867991.0048398003
23.72900138104786	870094.790460499
23.75657736134241	872197.5130687904
23.78415334163696	874299.1940153573
23.81172932193151	876399.6465497905
23.83930530222606	878499.2542125387
23.86688128252061	880597.7688927634
23.89445726281516	882695.2853272833
23.92203324310971	884791.7203997605
23.94960922340426	886887.0544950248
23.97718520369881	888981.3651352846
24.00476118399336	891074.6151484647
24.03233716428791	893166.7714046052
24.05991314458246	895257.8258736904
24.08748912487701	897347.8857187174
24.11506510517156	899436.8812837687
24.14264108546611	901524.7817376588
24.17021706576066	903611.5850016522
24.19779304605521	905697.3003146315
24.22536902634976	907781.9860519361
24.25294500664431	909865.6647785461
24.28052098693886	911948.1565486166
24.30809696723341	914029.5654456913
24.33567294752796	916109.8193292305
24.36324892782251	918189.0103267585
24.39082490811706	920267.2142910459
24.41840088841161	922344.2733668583
24.44597686870616	924420.2462724317
24.47355284900071	926495.0775801209
24.50112882929526	928568.8248452221
24.52870480958981	930641.4435801283
24.55628078988436	932712.9685963934
24.58385677017891	934783.3485592657
24.61143275047346	936852.6492096453
24.63900873076801	938920.7955267676
24.66658471106256	940987.906928238
24.69416069135711	943053.8520971702
24.72173667165166	945118.6576593464
24.74931265194621	947182.2763533082
24.77688863224076	949244.9078502092
24.80446461253531	951306.3921132663
24.83204059282986	953366.6606897017
24.85961657312441	955425.6365677171
24.88719255341896	957483.6951279936
24.91476853371351	959540.5523134476
24.94234451400806	961596.238516797
24.96992049430261	963650.8081953154
24.99749647459716	965704.2651500602
25.02507245489171	967756.5197429352
25.05264843518626	969807.6146040485
25.08022441548081	971857.5770878592
25.10780039577536	973906.3809137623
25.13537637606991	975953.9546090997
25.16295235636446	978000.3939485584
25.19052833665901	980045.7078203358
25.21810431695356	982089.1198459088
25.24568029724811	984132.2050063313
25.27325627754266	986174.1446286768
25.30083225783721	988214.9289226163
25.32840823813176	990254.5316736489
25.35598421842631	992292.9198117527
25.38356019872086	994330.281727411
25.41113617901541	996366.3701718961
25.43871215930996	998401.734932173
25.46628813960452	1000434.202381902
25.49386411989907	1002467.829823905
25.52144010019362	1004498.842139808
25.54901608048817	1006528.43386823
25.57659206078272	1008556.55393556
25.60416804107727	1010583.240484772
25.63174402137182	1012608.370920445
25.65932000166637	1014631.998108433
25.68689598196092	1016654.033686987
25.71447196225547	1018674.552089753
25.74204794255002	1020693.622026278
25.76962392284457	1022704.983956465
25.79719990313912	1024721.556051416
25.82477588343367	1026737.058503375
25.85235186372822	1028751.499519057
25.87992784402277	1030764.795887512
25.90750382431732	1032776.971885362
25.93507980461187	1034787.972003205
25.96265578490642	1036797.770227746
25.99023176520097	1038805.564414951
26.01780774549552	1040810.362737095
26.04538372579007	1042818.94876549
26.07295970608462	1044822.873285685
26.10053568637917	1046826.679862916
26.12811166667372	1048829.155631189
26.15568764696827	1050830.324529521
26.18326362726282	1052830.05679568
26.21083960755737	1054828.335024721
26.23841558785192	1056825.148764265
26.26599156814647	1058820.32449679
26.29356754844102	1060808.515579358
26.32114352873557	1062800.992832275
26.34871950903012	1064792.316538223
26.37629548932467	1066782.483518407
26.40387146961922	1068771.354376047
26.43144744991377	1070758.999532133
26.45902343020832	1072745.291506175
26.48659941050287	1074730.241086934
26.51417539079742	1076713.750748435
26.54175137109197	1078695.762375455
26.56932735138652	1080670.050802899
26.59690333168107	1082650.331280406
26.62447931197562	1084628.832207279
26.65205529227017	1086606.197756801
26.67963127256472	1088582.433775985
26.70720725285927	1090557.49819809
26.73478323315382	1092531.253652215
26.76235921344837	1094503.698083236
26.78993519374292	1096474.751853018
26.81751117403747	1098444.355764922
26.84508715433202	1100412.367083262
26.87266313462657	1102376.054700077
26.90023911492112	1104341.827870286
26.92781509521567	1106306.323235678
26.95539107551022	1108269.489100393
26.98296705580477	1110231.271790657
27.01054303609932	1112191.612072832
27.03811901639387	1114150.497215297
27.06569499668842	1116107.807501429
27.09327097698297	1118063.536201723
27.12084695727752	1120017.63331061
27.14842293757207	1121964.584861836
27.17599891786662	1123914.689539712
27.20357489816117	1125864.238634878
27.23115087845572	1127812.575716783
27.25872685875027	1129759.660018398
27.28630283904482	1131705.443411169
27.31387881933937	1133649.872993133
27.34145479963392	1135592.836770788
27.36903077992847	1137534.392195549
27.39660676022302	1139474.553289979
27.42418274051757	1141412.959612341
27.45175872081212	1143343.984336451
27.47933470110667	1145279.507987697
27.50691068140122	1147213.872513438
27.53448666169577	1149147.032329095
27.56206264199032	1151079.028154609
27.58963862228487	1153009.73348248
27.61721460257942	1154939.126635812
27.64479058287397	1156867.167564426
27.67236656316852	1158793.809493659
27.69994254346307	1160718.910921421
27.72751852375762	1162642.355301406
27.75509450405217	1164565.124764155
27.78267048434672	1166482.104894779
27.81024646464127	1168401.358067914
27.83782244493582	1170319.230002081
27.86539842523037	1172235.617871879
27.89297440552492	1174150.533605564
27.92055038581947	1176063.958791977
27.94812636611402	1177975.893085124
27.97570234640857	1179886.001594363
28.00327832670312	1181794.458509399
28.03085430699767	1183701.262660651
28.05843028729223	1185605.463347569
28.08600626758678	1187502.786807811
28.11358224788133	1189405.766657577
28.14115822817588	1191306.275684867
28.16873420847043	1193205.513245119
28.19631018876498	1195103.274082849
28.22388616905953	1196999.624809376
28.25146214935408	1198894.360238449
28.27903812964863	1200787.583311144
28.30661410994318	1202679.296342419
28.33419009023773	1204569.361464409
28.36176607053228	1206457.799207149
28.38934205082683	1208345.496566688
28.41691803112138	1210223.723395091
28.44449401141593	1212107.566651723
28.47206999171048	1213989.999315936
28.49964597200503	1215871.174304249
28.52722195229958	1217750.813192136
28.55479793259413	1219629.138421371
28.58237391288868	1221505.874120602
28.60994989318323	1223381.269298621
28.63752587347778	1225255.165424155
28.66510185377233	1227127.437282282
28.69267783406688	1228997.282716887
28.72025381436143	1230867.881440277
28.74782979465598	1232731.031861503
28.77540577495053	1234598.403852875
28.80298175524508	1236461.88642374
28.83055773553963	1238324.558566323
28.85813371583418	1240185.719102882
28.88570969612873	1242045.292595941
28.91328567642328	1243903.353049648
28.94086165671783	1245759.576088354
28.96843763701238	1247614.01007704
28.99601361730693	1249466.725430552
29.02358959760148	1251317.704254855
29.05116557789603	1253165.88241423
29.07874155819058	1255014.017031505
29.10631753848513	1256852.385775029
29.13389351877968	1258697.799083452
29.16146949907423	1260539.762924588
29.18904547936878	1262380.699538564
29.21662145966333	1264220.001154379
29.24419743995788	1266057.900925061
29.27177342025243	1267893.976255004
29.29934940054698	1269728.504996008
29.32692538084153	1271561.296032212
29.35450136113608	1273392.412518186
29.38207734143063	1275221.330633637
29.40965332172518	1277048.425888036
29.43722930201973	1278875.432250448
29.46480528231428	1280692.248972677
29.49238126260883	1282515.691291724
29.51995724290338	1284335.816164004
29.54753322319793	1286155.259589654
29.57510920349248	1287973.247284397
29.60268518378703	1289789.628268026
29.63026116408158	1291604.439519501
29.65783714437613	1293417.359912117
29.68541312467068	1295228.924902105
29.71298910496523	1297039.642948013
29.74056508525978	1298845.482616385
29.76814106555433	1300651.924000703
29.79571704584888	1302458.077786579
29.82329302614343	1304256.069974879
29.85086900643798	1306057.094399037
29.87844498673253	1307858.017769936
29.90602096702708	1309654.841986229
29.93359694732163	1311450.703161062
29.96117292761618	1313244.917726521
29.98874890791073	1315037.312273405
30.01632488820528	1316828.073110372
30.04390086849983	1318615.491081947
30.07147684879438	1320402.958821112
30.09905282908893	1322186.975962505
30.12662880938348	1323969.907721753
30.15420478967803	1325751.875314003
30.18178076997258	1327530.974493763
30.20935675026713	1329300.402855593
30.23693273056168	1331077.34154787
30.26450871085623	1332851.17463865
30.29208469115078	1334622.666629955
30.31966067144533	1336393.108184467
30.34723665173988	1338162.030069643
30.37481263203443	1339927.742585111
30.40238861232898	1341693.208342728
30.42996459262353	1343456.537062645
30.45754057291808	1345217.877571519
30.48511655321263	1346976.697931634
30.51269253350718	1348734.339952524
30.54026851380173	1350491.264295147
30.56784449409628	1352244.815867127
30.59542047439083	1353988.888677384
30.62299645468539	1355738.820466235
30.65057243497994	1357488.110499475
30.67814841527449	1359235.007165963
30.70572439556904	1360977.811912169
30.73330037586359	1362721.682177966
30.76087635615814	1364462.906996698
30.78845233645269	1366202.622352973
30.81602831674724	1367940.345483004
30.84360429704179	1369676.357506166
30.87118027733634	1371409.443646791
30.89875625763089	1373141.784984585
30.92633223792544	1374873.784037112
30.95390821821999	1376602.241313823
30.98148419851454	1378323.872215484
31.00906017880909	1380048.539265946
31.03663615910364	1381771.967151977
31.06421213939819	1383493.044712723
31.09178811969274	1385212.110643878
31.11936409998729	1386928.248346525
31.14694008028184	1388643.31207303
31.17451606057639	1390356.344349693
31.20209204087094	1392067.364845838
31.22966802116549	1393776.413272991
31.25724400146004	1395483.45278154
31.28481998175459	1397187.25977509
31.31239596204914	1398889.943907971
31.33997194234369	1400591.645542903
31.36754792263824	1402290.323360078
31.39512390293279	1403981.095479485
31.42269988322734	1405672.626117527
31.45027586352189	1407365.524642704
31.47785184381644	1409057.470130823
31.50542782411099	1410746.529603509
31.53300380440554	1412433.426510994
31.56057978470009	1414117.989068318
31.58815576499464	1415801.391688319
31.61573174528919	1417482.240212203
31.64330772558374	1419161.363706221
31.67088370587829	1420838.28980638
31.69845968617284	1422512.574075004
31.72603566646739	1424185.52023975
31.75361164676194	1425858.431626225
31.78118762705649	1427526.20697199
31.80876360735104	1429192.807989166
31.83633958764559	1430849.102946184
31.86391556794014	1432511.504988059
31.89149154823469	1434171.913010882
31.91906752852924	1435831.923170625
31.94664350882379	1437488.336394222
31.97421948911834	1439143.182165645
32.00179546941289	1440794.755114378
32.02937144970744	1442445.621456039
32.05694743000199	1444094.450887378
32.08452341029654	1445741.380265187
32.11209939059109	1447385.33961533
32.13967537088564	1449025.62615725
32.16725135118019	1450668.308327466
32.19482733147474	1452308.79681123
32.22240331176929	1453945.380342885
0
1000	105.6583745	100000000000000.1
5	0	0	1
5	0	0	0
4.673998997513734	-0.02769134778478374
4.701574977808284	-0.03875486425859735
4.729150958102834	-0.05027238087951712
4.756726938397384	-0.06183432543528875
4.784302918691934	-0.07316727937319903
4.811878898986484	-0.08409839410682364
4.839454879281035	-0.09452548397419921
4.867030859575585	-0.1043945643604928
4.894606839870135	-0.1136838193079874
4.922182820164685	-0.1223924527104246
4.949758800459235	-0.1305330485963262
4.977334780753785	-0.1381263858850351
5.004910761048335	-0.1451979468570045
5.032486741342885	-0.1517755864220019
5.060062721637435	-0.157887994156491
5.087638701931986	-0.1635636965928438
5.115214682226536	-0.1688304268998923
5.142790662521086	-0.1737147436396595
5.170366642815636	-0.1782418175506425
5.197942623110186	-0.1824353307785831
5.225518603404736	-0.1863174504171144
5.253094583699286	-0.1899088501946769
5.280670563993836	-0.1932287623870701
5.308246544288386	-0.1962950477239698
5.335822524582936	-0.1991242749921033
5.363398504877487	-0.2017318047622599
5.390974485172037	-0.2041318735545026
5.418550465466587	-0.2063376760618157
5.446126445761137	-0.2083614439535361
5.473702426055687	-0.2102145203986147
5.501278406350237	-0.211944713584135
5.528854386644787	-0.2134822846575057
5.556430366939337	-0.2148760758467434
5.584006347233887	-0.2161351727457421
5.611582327528438	-0.2172681114511245
5.639158307822988	-0.2182829071867977
5.666734288117538	-0.2191870826475693
5.694310268412088	-0.2199876957400581
5.721886248706638	-0.2206913664903941
5.749462229001188	-0.2213043029591613
5.777038209295738	-0.2218343982595379
5.804614189590288	-0.2222816308467994
5.832190169884838	-0.2226541489771688
5.859766150179389	-0.2229568456860121
5.887342130473939	-0.2231943209395497
5.914918110768489	-0.2233708972820205
5.942494091063039	-0.2234906350368691
5.970070071357589	-0.2235573469567965
5.997646051652139	-0.2235746122519416
6.025222031946689	-0.2235457899419675
6.052798012241239	-0.2234753188197241
6.080373992535789	-0.2233633888190535
6.107949972830339	-0.2232141664938766
6.13552595312489	-0.2230302794664892
6.16310193341944	-0.2228141955829369
6.19067791371399	-0.2225682320148963
6.21825389400854	-0.2222945639296874
6.24582987430309	-0.22199523273347
6.27340585459764	-0.221672153895869
6.30098183489219	-0.2213271243667312
6.32855781518674	-0.2209619840171667
6.35613379548129	-0.2205779426575004
6.383709775775841	-0.2201766731249791
6.411285756070391	-0.2197595657672249
6.438861736364941	-0.2193279230523166
6.466437716659491	-0.2188829641181104
6.494013696954041	-0.2184258286536003
6.521589677248591	-0.2179575798118762
6.549165657543141	-0.2174792055260591
6.576741637837691	-0.2169916168305908
6.604317618132241	-0.2164877463568252
6.631893598426791	-0.2159831148613394
6.659469578721342	-0.2154718408972272
6.687045559015892	-0.2149546495976075
6.714621539310442	-0.214432219109573
6.742197519604992	-0.2139051834715082
6.769773499899542	-0.2133741353101918
6.797349480194092	-0.2128396283699734
6.824925460488642	-0.2123021798850847
6.852501440783192	-0.2117622728051849
6.880077421077742	-0.2112202711939377
6.907653401372293	-0.2106767799366244
6.935229381666843	-0.2101320993835797
6.962805361961393	-0.2095865936058441
6.990381342255943	-0.2090406014861539
7.017957322550493	-0.2084944382709024
7.045533302845043	-0.2079483970244946
7.073109283139593	-0.2074027499921855
7.100685263434143	-0.2068577498771672
7.128261243728693	-0.2063136310373307
7.155837224023244	-0.2057705672067327
7.183413204317794	-0.2052288512558702
7.210989184612344	-0.2046886236019643
7.238565164906894	-0.2041500551172074
7.266141145201444	-0.2036133031801054
7.293717125495994	-0.2030785125047726
7.321293105790544	-0.2025458159164645
7.348869086085094	-0.2020153350766458
7.376445066379644	-0.2014871811605486
7.404021046674194	-0.2009614554897888
7.431597026968745	-0.2004382071487818
7.459173007263295	-0.1999176057954127
7.486748987557845	-0.1993996876122978
7.514324967852395	-0.1988845209476975
7.541900948146945	-0.1983721669977949
7.569476928441495	-0.1978626802445262
7.597052908736045	-0.1973561088660558
7.624628889030595	-0.1968524951216745
7.652204869325145	-0.1963518757127891
7.679780849619696	-0.1958542821215573
7.707356829914246	-0.1953597364550528
7.734932810208796	-0.1948682690274118
7.762508790503346	-0.1943798943696729
7.790084770797896	-0.1938946263104851
7.817660751092446	-0.1934124748046639
7.845236731386996	-0.1929334461382339
7.872812711681546	-0.1924575431161091
7.900388691976096	-0.1919847652324949
7.927964672270646	-0.1915151088238718
7.955540652565197	-0.1910485672041441
7.983116632859747	-0.1905854188604935
8.010692613154298	-0.1901250318977436
8.038268593448848	-0.1896677092027086
8.065844573743398	-0.1892134347367755
8.093420554037948	-0.1887621900742209
8.120996534332498	-0.1883139546199238
8.148572514627048	-0.187868705767655
8.176148494921598	-0.1874264190264726
8.203724475216148	-0.1869870681277958
8.231300455510699	-0.1865506251194189
8.258876435805249	-0.1861171107281969
8.286452416099799	-0.1856863880004031
8.314028396394349	-0.1852584761821219
8.341604376688899	-0.1848333418885737
8.369180356983449	-0.1844109505452347
8.396756337277999	-0.1839912664493835
8.424332317572549	-0.1835742528289278
8.451908297867099	-0.1831598718987176
8.47948427816165	-0.1827480849145443
8.5070602584562	-0.182338852225004
8.53463623875075	-0.1819291128483748
8.5622122190453	-0.1815270935016032
8.58978819933985	-0.1811256831303766
8.6173641796344	-0.1807264545038716
8.64494015992895	-0.1803295039611942
8.6725161402235	-0.1799348218494122
8.70009212051805	-0.1795423748658092
8.7276681008126	-0.179152121499479
8.755244081107151	-0.1787640164311751
8.782820061401701	-0.1783780121271218
8.810396041696251	-0.1779939620518511
8.837972021990801	-0.17761202494344
8.865548002285351	-0.1772320434075434
8.893123982579901	-0.1768539637988318
8.920699962874451	-0.1764777315562212
8.948275943169001	-0.1761032912058231
8.975851923463551	-0.1757305863620484
9.003427903758102	-0.1753595597269623
9.031003884052652	-0.1749901530879855
9.058579864347202	-0.1746223073140309
9.086155844641752	-0.1742559285458592
9.113731824936302	-0.1738910272420866
9.141307805230852	-0.1735275063614242
9.168883785525402	-0.1731653025581293
9.196459765819952	-0.1728043514399597
9.224035746114502	-0.1724445875700872
9.251611726409052	-0.172085944466489
9.279187706703603	-0.1717283545990316
9.306763686998153	-0.1713717493844506
9.334339667292703	-0.1710160591794115
9.361915647587253	-0.1706611212736158
9.389491627881803	-0.1703070601116238
9.417067608176353	-0.169953704579492
9.444643588470903	-0.1696009791413471
9.472219568765453	-0.1692488070610063
9.499795549060003	-0.1688971104192427
9.527371529354554	-0.1685458101225503
9.554947509649104	-0.168194825905085
9.582523489943654	-0.16784407632511
9.610099470238204	-0.1674934787570201
9.637675450532754	-0.1671430469232113
9.665251430827304	-0.1667924964161095
9.692827411121854	-0.1664418336841628
9.720403391416404	-0.1660909703053738
9.747979371710954	-0.1657398164761238
9.775555352005505	-0.1653882808565474
9.803131332300055	-0.1650362703085971
9.830707312594605	-0.1646836893969351
9.858283292889155	-0.164330439306769
9.885859273183705	-0.1639764151066329
9.913435253478255	-0.1636222125424588
9.941011233772805	-0.1632665394445122
9.968587214067355	-0.1629098148640636
9.996163194361905	-0.1625519352069548
10.02373917465646	-0.1621927952614224
10.05131515495101	-0.1618322881580073
10.07889113524556	-0.1614703053287014
10.10646711554011	-0.1611067364650918
10.13404309583466	-0.1607414694752032
10.16161907612921	-0.1603743904386569
10.18919505642376	-0.1600054540052464
10.21677103671831	-0.1596343971420349
10.24434701701286	-0.1592611684352649
10.27192299730741	-0.1588856462096292
10.29949897760196	-0.1585077070411568
10.32707495789651	-0.1581272257443163
10.35465093819106	-0.1577440753614404
10.38222691848561	-0.1573581271546153
10.40980289878016	-0.1569692506001801
10.43737887907471	-0.156577313385987
10.46495485936926	-0.1561822205210484
10.49253083966381	-0.1557837547428263
10.52010681995836	-0.1553818172281568
10.54768280025291	-0.1549762687931485
10.57525878054746	-0.1545669686810306
10.60283476084201	-0.154153774588456
10.63041074113656	-0.1537365426965081
10.65798672143111	-0.1533151277066453
10.68556270172566	-0.1528893828818261
10.71313868202021	-0.1524591600930599
10.74071466231476	-0.1520243383382451
10.76829064260931	-0.15158470734358
10.79586662290386	-0.1511401438084004
10.82344260319841	-0.1506904948802495
10.85101858349296	-0.1502356067582758
10.87859456378751	-0.1497753247760761
10.90617054408206	-0.1493094934915981
10.93374652437661	-0.1488379567843514
10.96132250467116	-0.1483605579601666
10.98889848496571	-0.147877139863743
11.01647446526026	-0.1473875606822356
11.04405044555481	-0.1468916295844581
11.07162642584936	-0.1463892050339879
11.09920240614391	-0.1458801295513541
11.12677838643846	-0.1453642459334121
11.15435436673301	-0.1448413974076298
11.18193034702756	-0.1443114277951064
11.20950632732211	-0.1437741816824629
11.23708230761666	-0.1432295046027162
11.26465828791121	-0.1426772432252321
11.29223426820576	-0.1421172753687078
11.31981024850031	-0.1415493878314531
11.34738622879486	-0.1409734625158472
11.37496220908941	-0.1403893530930281
11.40253818938396	-0.1397969155592639
11.43011416967851	-0.1391960084702177
11.45769014997306	-0.1385864931843366
11.48526613026761	-0.1379682341152296
11.51284211056216	-0.1373410989928608
11.54041809085671	-0.1367049591333445
11.56799407115126	-0.1360597002060787
11.59557005144581	-0.1354051789291376
11.62314603174036	-0.1347412905836841
11.65072201203491	-0.1340679239539563
11.67829799232946	-0.133384972882131
11.70587397262401	-0.1326923365669052
11.73344995291856	-0.1319899198680888
11.76102593321311	-0.1312776336165986
11.78860191350766	-0.1305553949291925
11.81617789380221	-0.129823127527231
11.84375387409676	-0.1290807282474652
11.87132985439131	-0.1283282055279826
11.89890583468586	-0.1275654710083503
11.92648181498041	-0.1267924778071108
11.95405779527496	-0.1260091871252244
11.98163377556951	-0.1252155685671661
12.00920975586406	-0.1244116004590479
12.03678573615861	-0.1235972701626709
12.06436171645316	-0.1227725743843671
12.09193769674771	-0.1219375194774554
12.11951367704226	-0.1210921049763147
12.14708965733681	-0.1202363921701545
12.17466563763136	-0.119370401591762
12.20224161792591	-0.118494180954986
12.22981759822046	-0.1176077889079448
12.25739357851501	-0.1167112952643125
12.28496955880956	-0.11580478121906
12.31254553910411	-0.1148883395473307
12.34012151939866	-0.1139620747851399
12.36769749969321	-0.1130261033906028
12.39527347998776	-0.1120805353364962
12.42284946028231	-0.1111255497792373
12.45042544057686	-0.1101612814729121
12.47800142087141	-0.109187895655366
12.50557740116597	-0.1082055698601628
12.53315338146052	-0.1072144939289071
12.56072936175507	-0.1062148699963131
12.58830534204962	-0.1052069124471805
12.61588132234417	-0.1041908478445308
12.64345730263872	-0.1031669148282536
12.67103328293327	-0.1021353637700372
12.69860926322782	-0.1010964568946967
12.72618524352237	-0.1000504687797641
12.75376122381692	-0.09899768488136702
12.78133720411147	-0.09793840172797297
12.80891318440602	-0.09687292662519287
12.83648916470057	-0.09580157733054158
12.86406514499512	-0.09472468169843724
12.89164112528967	-0.09364257729588933
12.91921710558422	-0.09255561098948771
12.94679308587877	-0.09146419104442167
12.97436906617332	-0.09036857214880063
13.00194504646787	-0.08926917861335847
13.02952102676242	-0.08816639021647835
13.05709700705697	-0.08706059382805933
13.08467298735152	-0.08595218285049239
13.11224896764607	-0.08484155663754307
13.13982494794062	-0.08372911989257878
13.16740092823517	-0.08261528204760997
13.19497690852972	-0.08150045662461394
13.22255288882427	-0.08038464452147404
13.25012886911882	-0.07926913737923898
13.27770484941337	-0.07815393548429965
13.30528082970792	-0.07703945757194965
13.33285681000247	-0.07592612130378724
13.36043279029702	-0.07481434263570977
13.38800877059157	-0.07370453519042595
13.41558475088612	-0.0725971096364449
13.44316073118067	-0.07149247307546726
13.47073671147522	-0.07039102844006272
13.49831269176977	-0.06929360634938124
13.52588867206432	-0.06819969546954338
13.55346465235887	-0.06711011812378047
13.58104063265342	-0.0660252587766387
13.60861661294797	-0.06494549676182022
13.63619259324252	-0.06387120575046402
13.66376857353707	-0.06280275323892984
13.69134455383162	-0.06174050005756485
13.71892053412617	-0.0606847999018063
13.74649651442072	-0.05963599888683678
13.77407249471527	-0.05859400381336198
13.80164847500982	-0.05756004554449805
13.82922445530437	-0.05653401172698886
13.85680043559892	-0.05551621039338744
13.88437641589347	-0.05450693827197464
13.91195239618802	-0.05350648051573906
13.93952837648257	-0.05251511046390553
13.96710435677712	-0.05153308943598876
13.99468033707167	-0.05056066655820821
14.02225631736622	-0.04959807862196668
14.04983229766077	-0.04864560973616279
14.07740827795532	-0.04770334638386153
14.10498425824987	-0.04677154851972044
14.13256023854442	-0.04585040344931089
14.16013621883897	-0.04494008612880276
14.18771219913352	-0.04404075918994071
14.21528817942807	-0.04315257299169603
14.24286415972262	-0.04227566569756036
14.27044014001717	-0.0414101633773809
14.29801612031172	-0.04055618013258008
14.32559210060627	-0.03971382035587994
14.35316808090082	-0.03888316971229342
14.38074406119537	-0.03806431027029726
14.40832004148992	-0.03725731006488672
14.43589602178447	-0.03646222606368875
14.46347200207902	-0.03567910439927825
14.49104798237357	-0.03490798061719386
14.51862396266812	-0.03414887993816631
14.54619994296267	-0.03340181753310435
14.57377592325722	-0.03266679880941713
14.60135190355177	-0.03194378263295459
14.62892788384632	-0.03123283375637772
14.65650386414087	-0.03053389213638343
14.68407984443542	-0.02984692672588916
14.71165582472997	-0.02917189814329166
14.73923180502452	-0.02850875900961233
14.76680778531907	-0.02785745428752194
14.79438376561362	-0.0272179216212017
14.82195974590817	-0.02659009167604867
14.84953572620272	-0.02597388847728555
14.87711170649727	-0.02536922639155112
14.90468768679182	-0.02477602448589225
14.93226366708637	-0.02419418507865781
14.95983964738092	-0.02362360886431117
14.98741562767547	-0.02306419154775542
15.01499160797002	-0.02251582416635324
15.04256758826457	-0.02197839340572539
15.07014356855912	-0.02145178190885243
15.09771954885368	-0.0209358685780571
15.12529552914823	-0.02043052886949357
15.15287150944278	-0.01993562054004808
15.18044748973733	-0.01945104362078612
15.20802347003188	-0.01897664997658018
15.23559945032643	-0.01851230388105629
15.26317543062098	-0.01805786746468423
15.29075141091553	-0.01761320096390024
15.31832739121008	-0.01717816296105945
15.34590337150463	-0.01675261061517915
15.37347935179918	-0.01633639988346489
15.40105533209373	-0.01592938573364079
15.42863131238828	-0.01553140900617105
15.45620729268283	-0.01514235140807448
15.48378327297738	-0.01476205237520497
15.51135925327193	-0.01439036468596126
15.53893523356648	-0.01402714101414885
15.56651121386103	-0.01367223409277128
15.59408719415558	-0.01332549686906881
15.62166317445013	-0.01298678265099805
15.64923915474468	-0.01265594524535733
15.67681513503923	-0.01233283908777263
15.70439111533378	-0.01201730902362857
15.73196709562833	-0.01170923290974288
15.75954307592288	-0.01140845710077704
15.78711905621743	-0.01111483955673452
15.81469503651198	-0.01082823937104541
15.84227101680653	-0.01054851686042201
15.86984699710108	-0.01027553364793889
15.89742297739563	-0.01000915273959824
15.92499895769018	-0.009749238594640178
15.95257493798473	-0.009495657189855596
15.98015091827928	-0.00924826889234363
16.00772689857383	-0.009006958030745204
16.03530287886838	-0.008771588057633973
16.06287885916293	-0.008542031458838386
16.09045483945748	-0.008318162456075855
16.11803081975203	-0.008099857043040112
16.14560680004658	-0.007886993016989439
16.17318278034113	-0.007679450006068685
16.20075876063568	-0.007477109492591766
16.22833474093023	-0.007279854832504198
16.25591072122478	-0.007087563838777889
16.28348670151933	-0.006900139348300732
16.31106268181388	-0.006717462726068478
16.33863866210843	-0.006539424846843916
16.36621464240298	-0.006365918485146247
16.39379062269753	-0.006196838318976268
16.42136660299208	-0.006032080930804606
16.44894258328663	-0.005871544806004293
16.47651856358118	-0.005715130328901725
16.50409454387573	-0.005562739776612041
16.53167052417028	-0.00541427278713002
16.55924650446483	-0.005269644937160664
16.58682248475938	-0.005128759455002943
16.61439846505393	-0.004991526028667406
16.64197444534848	-0.004857856166748877
16.66955042564303	-0.004727663183711203
16.69712640593758	-0.004600862183782518
16.72470238623213	-0.004477370043582374
16.75227836652668	-0.004357105393595692
16.77985434682123	-0.004239988598602142
16.80743032711578	-0.004125937061751919
16.83500630741033	-0.004014884427629672
16.86258228770488	-0.003906751292013447
16.89015826799943	-0.00380146467928905
16.91773424829398	-0.003698953225068631
16.94531022858853	-0.003599147154204668
16.97288620888308	-0.003501978258188183
17.00046218917763	-0.003407379872011073
17.02803816947218	-0.003315286850567363
17.05561414976673	-0.003225635544663369
17.08319013006128	-0.003138361285362734
17.11076611035583	-0.003053408594032026
17.13834209065038	-0.002970715593538623
17.16591807094493	-0.002890224340422568
17.19349405123948	-0.002811878255872304
17.22107003153403	-0.002735622101494284
17.24864601182858	-0.002661401954993468
17.27622199212313	-0.002589165185808406
17.30379797241768	-0.002518860430741253
17.33137395271223	-0.002450437569620048
17.35894993300678	-0.002383844707748135
17.38652591330133	-0.002319040462325336
17.41410189359588	-0.00225597519086328
17.44167787389043	-0.002194603461910642
17.46925385418498	-0.002134880958882908
17.49682983447953	-0.002076764457785118
17.52440581477408	-0.002020211805034065
17.55198179506863	-0.00196518189540764
17.57955777536318	-0.001911634650146587
17.60713375565773	-0.001859530995231596
17.63470973595228	-0.001808831165499079
17.66228571624683	-0.001759501565202308
17.68986169654139	-0.001711504274882714
17.71743767683594	-0.001664804003982943
17.74501365713049	-0.001619366356531088
17.77258963742504	-0.001575157811468624
17.80016561771959	-0.001532145703203729
17.82774159801414	-0.001490298202403482
17.85531757830869	-0.001449584297036922
17.88289355860324	-0.001409973773679492
17.91046953889779	-0.001371435706906716
17.93804551919234	-0.00133394457596223
17.96562149948689	-0.001297470908388358
17.99319747978144	-0.001261987483373067
18.02077346007599	-0.001227467785256012
18.04834944037054	-0.001193885987139738
18.07592542066509	-0.001161216934748573
18.10350140095964	-0.001129436130541729
18.13107738125419	-0.001098519718086119
18.15865336154874	-0.001068444466693452
18.18622934184329	-0.001039186466943709
18.21380532213784	-0.001010726418334487
18.24138130243239	-0.0009830415405017623
18.26895728272694	-0.0009561109396009776
18.29653326302149	-0.0009299142712829313
18.32410924331604	-0.0009044317274925083
18.35168522361059	-0.0008796440234917761
18.37926120390514	-0.0008555323851108822
18.40683718419969	-0.0008320785362295122
18.43441316449424	-0.000809264686490959
18.46198914478879	-0.0007870727090375082
18.48956512508334	-0.000765487458987777
18.51714110537789	-0.0007444916938335967
18.54471708567244	-0.0007240694371909886
18.57229306596699	-0.0007042051382071639
18.59986904626154	-0.0006848836609910017
18.62744502655609	-0.000666090274248081
18.65502100685064	-0.0006478106411207974
18.68259698714519	-0.0006300308092336983
18.71017296743974	-0.0006127372009437602
18.73774894773429	-0.0005959157977272908
18.76532492802884	-0.0005795554457967756
18.79290090832339	-0.00056364279903789
18.82047688861794	-0.0005481656741026101
18.84805286891249	-0.0005331122144844501
18.87562884920704	-0.0005184708823031694
18.90320482950159	-0.0005042304502520779
18.93078080979614	-0.0004903799937082572
18.95835679009069	-0.0004769088830056329
18.98593277038524	-0.0004638067758705617
19.01350875067979	-0.0004510632328430346
19.04108473097434	-0.0004386692577008682
19.06866071126889	-0.0004266149403306314
19.09623669156344	-0.00041489101097935
19.12381267185799	-0.0004034884505645072
19.15138865215254	-0.000392398484197637
19.17896463244709	-0.0003816125748552708
19.20654061274164	-0.0003711224171946506
19.23411659303619	-0.0003609199315117559
19.26169257333074	-0.0003509972578392954
19.28926855362529	-0.0003413462637919114
19.31684453391984	-0.0003319605395067241
19.34442051421439	-0.0003228323451788751
19.37199649450894	-0.0003139546366854342
19.39957247480349	-0.0003053205608598708
19.42714845509804	-0.0002969234505796422
19.45472443539259	-0.0002887568199578127
19.48230041568714	-0.0002808143596383372
19.50987639598169	-0.0002730899321944591
19.53745237627624	-0.0002655775676295298
19.56502835657079	-0.0002582711805810067
19.59260433686534	-0.000251165710661052
19.62018031715989	-0.0002442553757688033
19.64775629745444	-0.000237534828836268
19.67533227774899	-0.0002309988684563917
19.70290825804354	-0.0002246424350873599
19.73048423833809	-0.0002184606073409645
19.75806021863264	-0.0002124485983543864
19.78563619892719	-0.000206601752244645
19.81321217922174	-0.0002009155406448644
19.84078815951629	-0.000195385285378523
19.86836413981084	-0.000190007281727463
19.89594012010539	-0.0001847770797366979
19.92351610039994	-0.0001796906242661147
19.95109208069449	-0.000174743970822338
19.97866806098904	-0.0001699332826749867
20.00624404128359	-0.0001652548280360904
20.03382002157814	-0.000160704977302291
20.06139600187269	-0.0001562802003593676
20.08897198216724	-0.0001519770639485302
20.11654796246179	-0.0001477920839723668
20.14412394275634	-0.0001437223177595012
20.17169992305089	-0.0001397644598962964
20.19927590334544	-0.0001359154376827859
20.22685188363999	-0.0001321722624415085
20.25442786393454	-0.0001285320273056844
20.2820038442291	-0.0001249919050599635
20.30957982452365	-0.0001215491460323951
20.3371558048182	-0.0001182010760364767
20.36473178511275	-0.0001149450943622868
20.3923077654073	-0.0001117785115503375
20.41988374570185	-0.0001086992065076387
20.4474597259964	-0.0001057046212012781
20.47503570629095	-0.0001027924274837992
20.5026116865855	-9.996036091021213e-05
20.53018766688005	-9.720621906798629e-05
20.5577636471746	-9.452785994374009e-05
20.58533962746915	-9.192320032632188e-05
20.6129156077637	-8.939021424590204e-05
20.64049158805825	-8.692693144862064e-05
20.6680675683528	-8.453134271547316e-05
20.69564354864735	-8.2201782279025e-05
20.7232195289419	-7.993634071865319e-05
20.75079550923645	-7.773325460236311e-05
20.778371489531	-7.559080885782443e-05
20.80594746982555	-7.350733549854568e-05
20.8335234501201	-7.148121237878988e-05
20.86109943041465	-6.951086197698929e-05
20.8886754107092	-6.759475020738287e-05
20.91625139100375	-6.573138525956813e-05
20.9438273712983	-6.391922776115883e-05
20.97140335159285	-6.215705432194303e-05
20.9989793318874	-6.044340146190487e-05
21.02655531218195	-5.877693420657373e-05
21.0541312924765	-5.715635420845207e-05
21.08170727277105	-5.558039878155206e-05
21.1092832530656	-5.404783995789209e-05
21.13685923336015	-5.25574835657203e-05
21.1644352136547	-5.11081683292127e-05
21.19201119394925	-4.969876498938404e-05
21.2195871742438	-4.832810228194305e-05
21.24716315453835	-4.699526696551502e-05
21.2747391348329	-4.569914489482895e-05
21.30231511512745	-4.44387254901705e-05
21.329891095422	-4.321302590186414e-05
21.35746707571655	-4.202109028140696e-05
21.3850430560111	-4.086198906875018e-05
21.41261903630565	-3.973481829562831e-05
21.4401950166002	-3.863869890481266e-05
21.46777099689475	-3.757277608514188e-05
21.4953469771893	-3.653616572465519e-05
21.52292295748385	-3.552817131830913e-05
21.5504989377784	-3.454795208304311e-05
21.57807491807295	-3.359474311580196e-05
21.6056508983675	-3.266780052157167e-05
21.63322687866205	-3.176640086068357e-05
21.6608028589566	-3.088984060837286e-05
21.68837883925115	-3.003743562651847e-05
21.7159548195457	-2.920852064747348e-05
21.74353079984025	-2.840244876987737e-05
21.7711067801348	-2.761858803515472e-05
21.79868276042935	-2.685631870718622e-05
21.8262587407239	-2.611506984108859e-05
21.85383472101845	-2.539425642107027e-05
21.881410701313	-2.469331387555259e-05
21.90898668160755	-2.401169415124788e-05
21.9365626619021	-2.334886461035296e-05
21.96413864219665	-2.270430742809289e-05
21.9917146224912	-2.207751912786908e-05
22.01929060278575	-2.146801016810061e-05
22.0468665830803	-2.087527531382347e-05
22.07444256337485	-2.029891344201439e-05
22.1020185436694	-1.97384443534956e-05
22.12959452396395	-1.91934300939201e-05
22.1571705042585	-1.866344474457143e-05
22.18474648455305	-1.814807410673629e-05
22.2123224648476	-1.764691539335889e-05
22.23989844514215	-1.715957692822366e-05
22.2674744254367	-1.668567785319508e-05
22.29505040573125	-1.622484784472992e-05
22.3226263860258	-1.577671925436069e-05
22.35020236632035	-1.534095963551574e-05
22.3777783466149	-1.491721966832066e-05
22.40535432690945	-1.45051680607619e-05
22.432930307204	-1.410448261392536e-05
22.46050628749855	-1.371484998790234e-05
22.4880822677931	-1.333596547095827e-05
22.51565824808765	-1.296753275277528e-05
22.5432342283822	-1.260926370218902e-05
22.57081020867675	-1.226087814963777e-05
22.5983861889713	-1.192208601000965e-05
22.62596216926585	-1.159266000901175e-05
22.6535381495604	-1.127232402005169e-05
22.68111412985495	-1.096082729924356e-05
22.7086901101495	-1.065792577197352e-05
22.73626609044405	-1.036337835690957e-05
22.7638420707386	-1.007697412447656e-05
22.79141805103315	-9.798461843367932e-06
22.8189940313277	-9.527636864350273e-06
22.84657001162225	-9.264286080885614e-06
22.87414599191681	-9.008186685238282e-06
22.90172197221136	-8.75917345137935e-06
22.92929795250591	-8.517033994876102e-06
22.95687393280046	-8.281578685933344e-06
22.98444991309501	-8.052623111736002e-06
23.01202589338956	-7.829987939519454e-06
23.03960187368411	-7.613498782610388e-06
23.06717785397866	-7.402986069428508e-06
23.09475383427321	-7.198284915433809e-06
23.12232981456776	-6.9992349979995e-06
23.14990579486231	-6.805668617707809e-06
23.17748177515686	-6.617459169746084e-06
23.20505775545141	-6.434447043476991e-06
23.23263373574596	-6.256488806975623e-06
23.26020971604051	-6.083444975173832e-06
23.28778569633506	-5.91517990638744e-06
23.31536167662961	-5.75156170107005e-06
23.34293765692416	-5.59246210278849e-06
23.37051363721871	-5.43775640141025e-06
23.39808961751326	-5.287323338489917e-06
23.42566559780781	-5.14103608093242e-06
23.45324157810236	-4.998798864524768e-06
23.48081755839691	-4.860490981949945e-06
23.50839353869146	-4.726003955797622e-06
23.53596951898601	-4.595232294833946e-06
23.56354549928056	-4.468073415713598e-06
23.59112147957511	-4.344427566378294e-06
23.61869745986966	-4.224197751136359e-06
23.64627344016421	-4.107289657415524e-06
23.67384942045876	-3.993611584178302e-06
23.70142540075331	-3.883067325325072e-06
23.72900138104786	-3.775585078428809e-06
23.75657736134241	-3.671073257185549e-06
23.78415334163696	-3.569449826187447e-06
23.81172932193151	-3.470635008800869e-06
23.83930530222606	-3.374551228038999e-06
23.86688128252061	-3.281123048691729e-06
23.89445726281516	-3.190277120711632e-06
23.92203324310971	-3.101942123852515e-06
23.94960922340426	-3.016048713554435e-06
23.97718520369881	-2.932524025328821e-06
24.00476118399336	-2.851314004090091e-06
24.03233716428791	-2.772349276984408e-06
24.05991314458246	-2.695567810499975e-06
24.08748912487701	-2.620909279684153e-06
24.11506510517156	-2.548315023453454e-06
24.14264108546611	-2.477728000847448e-06
24.17021706576066	-2.409092748226577e-06
24.19779304605521	-2.342355337411724e-06
24.22536902634976	-2.277463334761555e-06
24.25294500664431	-2.214361636374652e-06
24.28052098693886	-2.153009389279939e-06
24.30809696723341	-2.093354132595836e-06
24.33567294752796	-2.035348963286182e-06
24.36324892782251	-1.978948270636579e-06
24.39082490811706	-1.924107702463154e-06
24.41840088841161	-1.870784132034777e-06
24.44597686870616	-1.818935625708127e-06
24.47355284900071	-1.768521411273763e-06
24.50112882929526	-1.719501847010064e-06
24.52870480958981	-1.671835195106986e-06
24.55628078988436	-1.625490720645763e-06
24.58385677017891	-1.5804287077977e-06
24.61143275047346	-1.536613692271286e-06
24.63900873076801	-1.494011189726284e-06
24.66658471106256	-1.452587668433864e-06
24.69416069135711	-1.412310523786427e-06
24.72173667165166	-1.373148053665766e-06
24.74931265194621	-1.335069434447794e-06
24.77688863224076	-1.298044697577781e-06
24.80446461253531	-1.262042202733028e-06
24.83204059282986	-1.227038912141172e-06
24.85961657312441	-1.193004691033867e-06
24.88719255341896	-1.159912732934892e-06
24.91476853371351	-1.127736970400475e-06
24.94234451400806	-1.096452055726462e-06
24.96992049430261	-1.066033342040722e-06
24.99749647459716	-1.036456864761238e-06
25.02507245489171	-1.007699323354935e-06
25.05264843518626	-9.797380631371645e-07
25.08022441548081	-9.525185719354433e-07
25.10780039577536	-9.260884226957306e-07
25.13537637606991	-9.003926009948102e-07
25.16295235636446	-8.75410356889004e-07
25.19052833665901	-8.511214438796999e-07
25.21810431695356	-8.275061193015701e-07
25.24568029724811	-8.045451427596981e-07
25.27325627754266	-7.822197728850561e-07
25.30083225783721	-7.605117626476202e-07
25.32840823813176	-7.394033534393082e-07
25.35598421842631	-7.189166056045815e-07
25.38356019872086	-6.989520518689063e-07
25.41113617901541	-6.795335660213145e-07
25.43871215930996	-6.606456955983497e-07
25.46628813960452	-6.422735617595683e-07
25.49386411989907	-6.244028448909238e-07
25.52144010019362	-6.070197722128386e-07
25.54901608048817	-5.901111074846476e-07
25.57659206078272	-5.736641429215816e-07
25.60416804107727	-5.576666934699816e-07
25.63174402137182	-5.419546515699217e-07
25.65932000166637	-5.268386056683873e-07
25.68689598196092	-5.121500667025793e-07
25.71447196225547	-4.978770380023105e-07
25.74204794255002	-4.84007684569664e-07
25.76962392284457	-4.705303673749648e-07
25.79719990313912	-4.574336698150107e-07
25.82477588343367	-4.447064177141465e-07
25.85235186372822	-4.323376940091709e-07
25.87992784402277	-4.203168490625179e-07
25.90750382431732	-4.086567510801606e-07
25.93507980461187	-3.972979851226437e-07
25.96265578490642	-3.862551636699225e-07
25.99023176520097	-3.755191016906067e-07
26.01780774549552	-3.650809338158402e-07
26.04538372579007	-3.549321020130329e-07
26.07295970608462	-3.450643439301645e-07
26.10053568637917	-3.354696818737407e-07
26.12811166667372	-3.261404123858459e-07
26.15568764696827	-3.170690963877979e-07
26.18326362726282	-3.082369221371331e-07
26.21083960755737	-2.996613840201017e-07
26.23841558785192	-2.913239040709337e-07
26.26599156814647	-2.8321788079908e-07
26.29356754844102	-2.753368950688691e-07
26.32114352873557	-2.676747053683715e-07
26.34871950903012	-2.602252431713842e-07
26.37629548932467	-2.52982608393587e-07
26.40387146961922	-2.459410649435108e-07
26.43144744991377	-2.390950363686411e-07
26.45902343020832	-2.324385632374356e-07
26.48659941050287	-2.259675128118091e-07
26.51417539079742	-2.196762041333332e-07
26.54175137109197	-2.13559650217729e-07
26.56932735138652	-2.07613001900178e-07
26.59690333168107	-2.018315442620217e-07
26.62447931197562	-1.962106931277968e-07
26.65205529227017	-1.90745991633312e-07
26.67963127256472	-1.854331068652952e-07
26.70720725285927	-1.802678265730474e-07
26.73478323315382	-1.752456430942891e-07
26.76235921344837	-1.7036344810779e-07
26.78993519374292	-1.656169441461074e-07
26.81751117403747	-1.610023643807977e-07
26.84508715433202	-1.565160461235704e-07
26.87266313462657	-1.521544281303256e-07
26.90023911492112	-1.479140479571623e-07
26.92781509521567	-1.437915393691477e-07
26.95539107551022	-1.397836298023593e-07
26.98296705580477	-1.358871378794883e-07
27.01054303609932	-1.320986490725153e-07
27.03811901639387	-1.284158370710683e-07
27.06569499668842	-1.248354458820423e-07
27.09327097698297	-1.213546306491401e-07
27.12084695727752	-1.179706252046456e-07
27.14842293757207	-1.146807400337412e-07
27.17599891786662	-1.114823602781128e-07
27.20357489816117	-1.083729437793402e-07
27.23115087845572	-1.053500191624423e-07
27.25872685875027	-1.024111839598733e-07
27.28630283904482	-9.955385361155832e-08
27.31387881933937	-9.677628425551208e-08
27.34145479963392	-9.407601095274301e-08
27.36903077992847	-9.145088549520457e-08
27.39660676022302	-8.889881917892463e-08
27.42418274051757	-8.641778140157995e-08
27.45175872081212	-8.400579901955781e-08
27.47933470110667	-8.166100784894445e-08
27.50691068140122	-7.938135121633893e-08
27.53448666169577	-7.716522565042338e-08
27.56206264199032	-7.50105991352631e-08
27.58963862228487	-7.291615809030559e-08
27.61721460257942	-7.088004198688886e-08
27.64479058287397	-6.890062881249502e-08
27.67236656316852	-6.697634144079913e-08
27.69994254346307	-6.510564644465599e-08
27.72751852375762	-6.328705286598054e-08
27.75509450405217	-6.151911065520629e-08
27.78267048434672	-5.980040453520252e-08
27.81024646464127	-5.812962018416616e-08
27.83782244493582	-5.650517360937882e-08
27.86539842523037	-5.492616010089887e-08
27.89297440552492	-5.339114942969928e-08
27.92055038581947	-5.189891702654042e-08
27.94812636611402	-5.044827229471882e-08
27.97570234640857	-4.903805770201357e-08
28.00327832670312	-4.766714791099066e-08
28.03085430699767	-4.633444893276419e-08
28.05843028729223	-4.503889730011142e-08
28.08600626758678	-4.377945925861309e-08
28.11358224788133	-4.255501424956244e-08
28.14115822817588	-4.136483018167926e-08
28.16873420847043	-4.020783748528734e-08
28.19631018876498	-3.908311194667146e-08
28.22388616905953	-3.798975495524354e-08
28.25146214935408	-3.69268928506108e-08
28.27903812964863	-3.589367627767169e-08
28.30661410994318	-3.488927955270989e-08
28.33419009023773	-3.391290004149951e-08
28.36176607053228	-3.296375754984849e-08
28.38934205082683	-3.204100460199691e-08
28.41691803112138	-3.114409235968993e-08
28.44449401141593	-3.027221199257791e-08
28.47206999171048	-2.94246659937382e-08
28.49964597200503	-2.860077619771095e-08
28.52722195229958	-2.779988328325679e-08
28.55479793259413	-2.702134628529652e-08
28.58237391288868	-2.626454211635202e-08
28.60994989318323	-2.552886509803007e-08
28.63752587347778	-2.481372650395857e-08
28.66510185377233	-2.411848474743221e-08
28.69267783406688	-2.344272988979389e-08
28.72025381436143	-2.27858496220783e-08
28.74782979465598	-2.214731763368514e-08
28.77540577495053	-2.152662221650887e-08
28.80298175524508	-2.092326588996501e-08
28.83055773553963	-2.033676503277812e-08
28.85813371583418	-1.976664952168392e-08
28.88570969612873	-1.921246237716816e-08
28.91328567642328	-1.867375941634316e-08
28.94086165671783	-1.815005500645173e-08
28.96843763701238	-1.764104330216496e-08
28.99601361730693	-1.714626072629292e-08
29.02358959760148	-1.666531025196197e-08
29.05116557789603	-1.619780589245015e-08
29.07874155819058	-1.574337242994004e-08
29.10631753848513	-1.530164515973754e-08
29.13389351877968	-1.487226966317568e-08
29.16146949907423	-1.445490164527813e-08
29.18904547936878	-1.404920695361076e-08
29.21662145966333	-1.365488339692307e-08
29.24419743995788	-1.327190547579195e-08
29.27177342025243	-1.289866403804462e-08
29.29934940054698	-1.253661058503748e-08
29.32692538084153	-1.218460418420842e-08
29.35450136113608	-1.184243236960222e-08
29.38207734143063	-1.150983038349134e-08
29.40965332172518	-1.118653383251459e-08
29.43722930201973	-1.087228395998924e-08
29.46480528231428	-1.056682865294087e-08
29.49238126260883	-1.026989175477653e-08
29.51995724290338	-9.981299790555758e-09
29.54753322319793	-9.700789151467748e-09
29.57510920349248	-9.428134038359599e-09
29.60268518378703	-9.163114903726352e-09
29.63026116408158	-8.905518301481792e-09
29.65783714437613	-8.655136735058384e-09
29.68541312467068	-8.411768505987089e-09
29.71298910496523	-8.17521756405666e-09
29.74056508525978	-7.945293359651185e-09
29.76814106555433	-7.721786006380538e-09
29.79571704584888	-7.504567697198061e-09
29.82329302614343	-7.293437890269507e-09
29.85086900643798	-7.088226271601629e-09
29.87844498673253	-6.888767264456363e-09
29.90602096702708	-6.694899908330927e-09
29.93359694732163	-6.506467740001954e-09
29.96117292761618	-6.323318676693508e-09
29.98874890791073	-6.145304901418931e-09
30.01632488820528	-5.972282750535711e-09
30.04390086849983	-5.804093637246758e-09
30.07147684879438	-5.6406419398758e-09
30.09905282908893	-5.481776131020678e-09
30.12662880938348	-5.327367818222684e-09
30.15420478967803	-5.177292182628824e-09
30.18178076997258	-5.031427887846691e-09
30.20935675026713	-4.889656990322921e-09
30.23693273056168	-4.751864851294812e-09
30.26450871085623	-4.617940050355639e-09
30.29208469115078	-4.48777430066563e-09
30.31966067144533	-4.361247546217677e-09
30.34723665173988	-4.238288821350412e-09
30.37481263203443	-4.118783380003361e-09
30.40238861232898	-4.002634451117176e-09
30.42996459262353	-3.889747958769189e-09
30.45754057291808	-3.780032453579814e-09
30.48511655321263	-3.67339904524038e-09
30.51269253350718	-3.569761336204154e-09
30.54026851380173	-3.469035356574675e-09
30.56784449409628	-3.371139500219074e-09
30.59542047439083	-3.275983215028365e-09
30.62299645468539	-3.183513194803377e-09
30.65057243497994	-3.093642886946689e-09
30.67814841527449	-3.006299370476627e-09
30.70572439556904	-2.921411757226561e-09
30.73330037586359	-2.838911140158426e-09
30.76087635615814	-2.75873054251412e-09
30.78845233645269	-2.680804867837381e-09
30.81602831674724	-2.605070850893657e-09
30.84360429704179	-2.531467009510789e-09
30.87118027733634	-2.459924674804883e-09
30.89875625763089	-2.390404622103387e-09
30.92633223792544	-2.322841203677068e-09
30.95390821821999	-2.257179488953006e-09
30.98148419851454	-2.193366081614997e-09
31.00906017880909	-2.131349082121194e-09
31.03663615910364	-2.071078052366122e-09
31.06421213939819	-2.012503984844914e-09
31.09178811969274	-1.955579283878638e-09
31.11936409998729	-1.900257789788705e-09
31.14694008028184	-1.846480865673684e-09
31.17451606057639	-1.794232291053409e-09
31.20209204087094	-1.743455649131026e-09
31.22966802116549	-1.694109705174078e-09
31.25724400146004	-1.646154295597682e-09
31.28481998175459	-1.599550353624279e-09
31.31239596204914	-1.554259897804531e-09
31.33997194234369	-1.510246010550826e-09
31.36754792263824	-1.467472813656672e-09
31.39512390293279	-1.425905443115772e-09
31.42269988322734	-1.385530464923285e-09
31.45027586352189	-1.346262585289182e-09
31.47785184381644	-1.308108912169321e-09
31.50542782411099	-1.271033323617717e-09
31.53300380440554	-1.235004421024431e-09
31.56057978470009	-1.199992380392032e-09
31.58815576499464	-1.165968423491503e-09
31.61573174528919	-1.132904662212083e-09
31.64330772558374	-1.10077403124534e-09
31.67088370587829	-1.069550248515181e-09
31.69845968617284	-1.039207786198003e-09
31.72603566646739	-1.009721846466812e-09
31.75361164676194	-9.810683396618126e-10
31.78118762705649	-9.532238638894708e-10
31.80876360735104	-9.261656855795464e-10
31.83633958764559	-8.998717207625887e-10
31.86391556794014	-8.743205169405901e-10
31.89149154823469	-8.494912354786526e-10
31.91906752852924	-8.253636344744424e-10
31.94664350882379	-8.019180520777468e-10
31.97421948911834	-7.7913539024121e-10
32.00179546941289	-7.569970988883028e-10
32.02937144970744	-7.354851604873414e-10
32.05694743000199	-7.14582075022065e-10
32.08452341029654	-6.942708453501372e-10
32.11209939059109	-6.74534962941464e-10
32.13967537088564	-6.553583939884317e-10
32.16725135118019	-6.367255658802931e-10
32.19482733147474	-6.186213540339153e-10
32.22240331176929	-6.010310690730775e-10
