0
1000	105.6583745	100000000000000.1
5	0	0	1
5	0	0	0
4.673998997513734	0.08158159827797667
4.701574977808284	0.3260416062942321
4.729150958102834	0.6910330319936675
4.756726938397384	1.185269123939796
4.784302918691934	1.812993818723981
4.811878898986484	2.575769956712412
4.839454879281035	3.473639099446054
4.867030859575585	4.505844255476087
4.894606839870135	5.671271050883331
4.922182820164685	6.968712735260388
4.949758800459235	8.397026174564473
4.977334780753785	9.955220677922464
5.004910761048335	11.642505570077
5.032486741342885	13.45831255713846
5.060062721637435	15.40230285001235
5.087638701931986	17.47436524747421
5.115214682226536	19.67460904251395
5.142790662521086	22.00335415294638
5.170366642815636	24.46111995780354
5.197942623110186	27.04861373969677
5.225518603404736	29.766719266037
5.253094583699286	32.61648580888737
5.280670563993836	35.59911775580671
5.308246544288386	38.71596487269255
5.335822524582936	41.968513222273
5.363398504877487	45.35837670797923
5.390974485172037	48.88728919356528
5.418550465466587	52.55709713891611
5.446126445761137	56.36975266784875
5.473702426055687	60.32730680030915
5.501278406350237	64.43297247808916
5.528854386644787	68.68965498338628
5.556430366939337	73.09663103440482
5.584006347233887	77.6571429201956
5.611582327528438	82.37472238611434
5.639158307822988	87.24984176048532
5.666734288117538	92.28399054966239
5.694310268412088	97.4832459888855
5.721886248706638	102.8481180511323
5.749462229001188	108.3810584717136
5.777038209295738	114.0867526981767
5.804614189590288	119.966504936091
5.832190169884838	126.0253320502797
5.859766150179389	132.2646564886013
5.887342130473939	138.6882464775378
5.914918110768489	145.3024709009138
5.942494091063039	152.1066213879918
5.970070071357589	159.1073509009154
5.997646051652139	166.3079872174045
6.025222031946689	173.712022289058
6.052798012241239	181.3255554951175
6.080373992535789	189.1515873271787
6.107949972830339	197.1948576384034
6.13552595312489	205.4595258122694
6.16310193341944	213.949369140545
6.19067791371399	222.6720195432875
6.21825389400854	231.6303555164033
6.24582987430309	240.8231704640676
6.27340585459764	250.277600025729
6.30098183489219	259.9786035320445
6.32855781518674	269.9367340297748
6.35613379548129	280.1588385894514
6.383709775775841	290.6540839880374
6.411285756070391	301.4267316909646
6.438861736364941	312.4815592534786
6.466437716659491	323.8295127512682
6.494013696954041	335.4744047564164
6.521589677248591	347.4277314346857
6.549165657543141	359.6946269001295
6.576741637837691	372.2802748065881
6.604317618132241	385.1803358455305
6.631893598426791	398.4489480281471
6.659469578721342	412.0482823665401
6.687045559015892	426.0046608462563
6.714621539310442	440.322565506847
6.742197519604992	455.0165705605
6.769773499899542	470.091938236389
6.797349480194092	485.5608267875333
6.824925460488642	501.4302903477777
6.852501440783192	517.7144057893807
6.880077421077742	534.425134868687
6.907653401372293	551.567852094421
6.935229381666843	569.1596839431312
6.962805361961393	587.2060570090752
6.990381342255943	605.7239463230976
7.017957322550493	624.7246970483554
7.045533302845043	644.2179246931012
7.073109283139593	664.2197343077867
7.100685263434143	684.7444808301533
7.128261243728693	705.8016064924398
7.155837224023244	727.4069412728905
7.183413204317794	749.5756897625291
7.210989184612344	772.3251182850332
7.238565164906894	795.6646880134947
7.266141145201444	819.6117892556556
7.293717125495994	844.1869015414201
7.321293105790544	869.4011978981196
7.348869086085094	895.2734210435309
7.376445066379644	921.8221298007115
7.404021046674194	949.0669776385439
7.431597026968745	977.020269269867
7.459173007263295	1005.70425945485
7.486748987557845	1035.137512275799
7.514324967852395	1065.346800348775
7.541900948146945	1096.341545473763
7.569476928441495	1128.148299666097
7.597052908736045	1160.787846002516
7.624628889030595	1194.281522261142
7.652204869325145	1228.657308048391
7.679780849619696	1263.930366370603
7.707356829914246	1300.129426341766
7.734932810208796	1337.280076013524
7.762508790503346	1375.403909166568
7.790084770797896	1414.533835797774
7.817660751092446	1454.688212863838
7.845236731386996	1495.89763249608
7.872812711681546	1538.190667140393
7.900388691976096	1581.578757199069
7.927964672270646	1626.143896579609
7.955540652565197	1671.868697805151
7.983116632859747	1718.792601699866
8.010692613154298	1766.955486496204
8.038268593448848	1816.385785963703
8.065844573743398	1867.117900004639
8.093420554037948	1919.189257446511
8.120996534332498	1972.638443519399
8.148572514627048	2027.492081579905
8.176148494921598	2083.792185056747
8.203724475216148	2141.588841934542
8.231300455510699	2200.856791483532
8.258876435805249	2261.787734257572
8.286452416099799	2324.291316542082
8.314028396394349	2388.427366260018
8.341604376688899	2454.276932413642
8.369180356983449	2521.845774935663
8.396756337277999	2591.229924918299
8.424332317572549	2662.455710553371
8.451908297867099	2735.527390279153
8.47948427816165	2810.570233156814
8.5070602584562	2887.583393791799
8.53463623875075	2966.645974247286
8.5622122190453	3047.791541327696
8.58978819933985	3131.105863412143
8.6173641796344	3216.612831473911
8.64494015992895	3304.403118571287
8.6725161402235	3394.506284010313
8.70009212051805	3487.013657744023
8.7276681008126	3581.964371434284
8.755244081107151	3679.458138827406
8.782820061401701	3779.51651020994
8.810396041696251	3882.25470431359
8.837972021990801	3987.694226945437
8.865548002285351	4095.913935269782
8.893123982579901	4207.07954474383
8.920699962874451	4321.153597960727
8.948275943169001	4438.279694844169
8.975851923463551	4558.502774043057
9.003427903758102	4681.945610999222
9.031003884052652	4808.642675352464
9.058579864347202	4938.707296151827
9.086155844641752	5072.255939723122
9.113731824936302	5209.33800287029
9.141307805230852	5350.084381891911
9.168883785525402	5494.553933255163
9.196459765819952	5642.865533667185
9.224035746114502	5795.133371860763
9.251611726409052	5951.46474054138
9.279187706703603	6111.973991973591
9.306763686998153	6276.700734019554
9.334339667292703	6445.832225220881
9.361915647587253	6619.482617025883
9.389491627881803	6797.728363523979
9.417067608176353	6980.686747123504
9.444643588470903	7168.611563531553
9.472219568765453	7361.475213791887
9.499795549060003	7559.476457282755
9.527371529354554	7762.758111017227
9.554947509649104	7971.434342916154
9.582523489943654	8185.667219715117
9.610099470238204	8405.618549157167
9.637675450532754	8631.405236953866
9.665251430827304	8863.198879507489
9.692827411121854	9101.181736240223
9.720403391416404	9345.460016484731
9.747979371710954	9596.248945861505
9.775555352005505	9853.642572507419
9.803131332300055	10118.02004134081
9.830707312594605	10389.35321989623
9.858283292889155	10667.76834569779
9.885859273183705	10953.86727805531
9.913435253478255	11247.4136780206
9.941011233772805	11548.76220925103
9.968587214067355	11858.2566885756
9.996163194361905	12175.70177351209
10.02373917465646	12501.71480329471
10.05131515495101	12836.37571286705
10.07889113524556	13179.9337823088
10.10646711554011	13532.58893535023
10.13404309583466	13894.60748459551
10.16161907612921	14266.22122484296
10.18919505642376	14647.71237797074
10.21677103671831	15039.29052009965
10.24434701701286	15441.24917453099
10.27192299730741	15853.84899859274
10.29949897760196	16277.39899768588
10.32707495789651	16712.13856648177
10.35465093819106	17158.38422681375
10.38222691848561	17616.42873093608
10.40980289878016	18086.6020365555
10.43737887907471	18569.18079674651
10.46495485936926	19064.51138254949
10.49253083966381	19572.92600248317
10.52010681995836	20094.78555783752
10.54768280025291	20630.35387001235
10.57525878054746	21180.06369959706
10.60283476084201	21744.25760242647
10.63041074113656	22323.29594208533
10.65798672143111	22917.61373705017
10.68556270172566	23527.53705987428
10.71313868202021	24153.4984717281
10.74071466231476	24795.9026009283
10.76829064260931	25455.23675609811
10.79586662290386	26131.74625616978
10.82344260319841	26826.05117993901
10.85101858349296	27538.54633593746
10.87859456378751	28269.6915220193
10.90617054408206	29019.99954575521
10.93374652437661	29789.86231153582
10.96132250467116	30579.8540751672
10.98889848496571	31390.46188187032
11.01647446526026	32222.20273013357
11.04405044555481	33074.29400390955
11.07162642584936	33951.25067744374
11.09920240614391	34849.63564139235
11.12677838643846	35771.35749547207
11.15435436673301	36716.99600512844
11.18193034702756	37687.13495244541
11.20950632732211	38682.4278893205
11.23708230761666	39703.44301960356
11.26465828791121	40750.83968400813
11.29223426820576	41825.26660538031
11.31981024850031	42927.38274171214
11.34738622879486	44057.91358141838
11.37496220908941	45217.44997497794
11.40253818938396	46406.78367068926
11.43011416967851	47624.38377595746
11.45769014997306	48877.69163716013
11.48526613026761	50160.75112864072
11.51284211056216	51476.60512909517
11.54041809085671	52825.96890367191
11.56799407115126	54209.69734285432
11.59557005144581	55628.59617411243
11.62314603174036	57083.50217344396
11.65072201203491	58575.26477519869
11.67829799232946	60104.77869021246
11.70587397262401	61672.87046336714
11.73344995291856	63280.50214096571
11.76102593321311	64928.56263753281
11.78860191350766	66617.99793051298
11.81617789380221	68349.76386316525
11.84375387409676	70124.8025216954
11.87132985439131	71944.12176808357
11.89890583468586	73808.89368778604
11.92648181498041	75719.89743514911
11.95405779527496	77678.28187988291
11.98163377556951	79685.10595695583
12.00920975586406	81741.45028298846
12.03678573615861	83848.60932684985
12.06436171645316	86007.14515761183
12.09193769674771	88218.72772458731
12.11951367704226	90484.3421699669
12.14708965733681	92805.15856858573
12.17466563763136	95182.36706800807
12.20224161792591	97617.17220335534
12.22981759822046	100110.7491182288
12.25739357851501	102664.5112824885
12.28496955880956	105279.5364874251
12.31254553910411	107957.1680531957
12.34012151939866	110698.6974797542
12.36769749969321	113505.250388774
12.39527347998776	116378.7225891065
12.42284946028231	119319.8768774708
12.45042544057686	122330.3189178528
12.47800142087141	125411.3234308941
12.50557740116597	128564.3479909488
12.53315338146052	131790.7843577501
12.56072936175507	135092.0586193166
12.58830534204962	138469.5818444846
12.61588132234417	141924.8056470423
12.64345730263872	145459.1869823055
12.67103328293327	149074.2470315908
12.69860926322782	152771.3647907376
12.72618524352237	156552.0948301032
12.75376122381692	160417.9284726028
12.78133720411147	164370.3715872419
12.80891318440602	168410.940386342
12.83648916470057	172541.1612740482
12.86406514499512	176762.5584314333
12.89164112528967	181076.8715832277
12.91921710558422	185485.0752830747
12.94679308587877	189989.2521219763
12.97436906617332	194590.7876576156
13.00194504646787	199291.2132611654
13.02952102676242	204092.0853377645
13.05709700705697	208994.9473515793
13.08467298735152	214001.3430145211
13.11224896764607	219112.8120695656
13.13982494794062	224330.9983466072
13.16740092823517	229657.1612100481
13.19497690852972	235093.0619443239
13.22255288882427	240640.1486836404
13.25012886911882	246299.9242253978
13.27770484941337	252073.8833372515
13.30528082970792	257963.5054110665
13.33285681000247	263970.2490622558
13.36043279029702	270095.5791756564
13.38800877059157	276340.900967061
13.41558475088612	282707.724607558
13.44316073118067	289197.3126733077
13.47073671147522	295811.1032388007
13.49831269176977	302550.4406972646
13.52588867206432	309416.6475880104
13.55346465235887	316411.0198296189
13.58104063265342	323534.831930071
13.60861661294797	330789.3190236001
13.63619259324252	338175.7080877483
13.66376857353707	345695.1383215206
13.69134455383162	353348.8242198714
13.71892053412617	361137.7883355024
13.74649651442072	369063.1465665046
13.77407249471527	377125.9265728418
13.80164847500982	385327.1202812443
13.82922445530437	393667.6792444463
13.85680043559892	402148.5190003848
13.88437641589347	410770.49747618
13.91195239618802	419534.4407516438
13.93952837648257	428441.1247342486
13.96710435677712	437491.1849909442
13.99468033707167	446685.6248420394
14.02225631736622	456024.7137703142
14.04983229766077	465509.1735505073
14.07740827795532	475139.5304453712
14.10498425824987	484916.2641203947
14.13256023854442	494839.8029177357
14.16013621883897	504910.5197767823
14.18771219913352	515128.7289801496
14.21528817942807	525494.7088642282
14.24286415972262	536008.6651621327
14.27044014001717	546670.7434363969
14.29801612031172	557481.1250984283
14.32559210060627	568439.7160726059
14.35316808090082	579546.5963396
14.38074406119537	590801.6056369679
14.40832004148992	602204.8753349498
14.43589602178447	613755.9745493754
14.46347200207902	625454.7584066241
14.49104798237357	637300.946306782
14.51862396266812	649294.1873400094
14.54619994296267	661434.1055349215
14.57377592325722	673720.2449796295
14.60135190355177	686152.1020928849
14.62892788384632	698729.1928453478
14.65650386414087	711450.7599799838
14.68407984443542	724316.2864733888
14.71165582472997	737325.0333907674
14.73923180502452	750476.245625984
14.76680778531907	763769.124151038
14.79438376561362	777202.8309933571
14.82195974590817	790776.476033413
14.84953572620272	804489.1191794527
14.87711170649727	818339.7878709182
14.90468768679182	832327.451145348
14.93226366708637	846451.0639434701
14.95983964738092	860709.5324695249
14.98741562767547	875102.0116748656
15.01499160797002	889626.502684674
15.04256758826457	904282.5692036122
15.07014356855912	919068.7430637559
15.09771954885368	933983.7582571182
15.12529552914823	949026.3054771008
15.15287150944278	964195.0557841656
15.18044748973733	979488.6452915538
15.20802347003188	994905.6887541263
15.23559945032643	1010444.818153023
15.26317543062098	1026104.589065789
15.29075141091553	1041883.54249964
15.31832739121008	1057780.208914166
15.34590337150463	1073793.103892967
15.37347935179918	1089920.543617544
15.40105533209373	1106161.672023476
15.42863131238828	1122514.23211191
15.45620729268283	1138976.934351225
15.48378327297738	1155548.217537249
15.51135925327193	1172226.584597864
15.53893523356648	1189010.428753761
15.56651121386103	1205898.17689208
15.59408719415558	1222888.243202587
15.62166317445013	1239979.001544166
15.64923915474468	1257168.977665679
15.67681513503923	1274456.531034037
15.70439111533378	1291840.076685005
15.73196709562833	1309318.02609397
15.75954307592288	1326888.711704215
15.78711905621743	1344550.710896014
15.81469503651198	1362302.470273749
15.84227101680653	1380142.280557565
15.86984699710108	1398068.648803453
15.89742297739563	1416080.015072203
15.92499895769018	1434174.749395003
15.95257493798473	1452351.487156794
15.98015091827928	1470608.620145552
16.00772689857383	1488944.629884154
16.03530287886838	1507358.011655242
16.06287885916293	1525847.179294169
16.09045483945748	1544410.830989522
16.11803081975203	1563047.442236483
16.14560680004658	1581755.545989882
16.17318278034113	1600533.701436476
16.20075876063568	1619380.422814366
16.22833474093023	1638294.402317835
16.25591072122478	1657274.349844598
16.28348670151933	1676318.58336155
16.31106268181388	1695425.993544912
16.33863866210843	1714595.106008152
16.36621464240298	1733824.690315391
16.39379062269753	1753113.425093419
16.42136660299208	1772458.884564446
16.44894258328663	1791863.20970217
16.47651856358118	1811321.705059254
16.50409454387573	1830834.266076006
16.53167052417028	1850399.723346265
16.55924650446483	1870016.889831258
16.58682248475938	1889684.568070017
16.61439846505393	1909401.521347346
16.64197444534848	1929166.738816534
16.66955042564303	1948979.039038339
16.69712640593758	1968837.327355106
16.72470238623213	1988740.515363259
16.75227836652668	2008687.617971482
16.77985434682123	2028677.378965614
16.80743032711578	2048708.943953038
16.83500630741033	2068781.280595282
16.86258228770488	2088893.391080895
16.89015826799943	2109044.240011718
16.91773424829398	2129232.941734268
16.94531022858853	2149458.557418085
16.97288620888308	2169720.151837327
17.00046218917763	2190016.842065009
17.02803816947218	2210347.709909873
17.05561414976673	2230711.900738146
17.08319013006128	2251108.635743377
17.11076611035583	2271536.977757249
17.13834209065038	2291996.184210752
17.16591807094493	2312485.387099245
17.19349405123948	2333003.872744957
17.22107003153403	2353550.858628909
17.24864601182858	2374125.633043309
17.27622199212313	2394727.320154437
17.30379797241768	2415355.473444651
17.33137395271223	2436009.161204865
17.35894993300678	2456687.721911164
17.38652591330133	2477390.517405238
17.41410189359588	2498116.964824679
17.44167787389043	2518866.256415079
17.46925385418498	2539637.884840409
17.49682983447953	2560431.281215304
17.52440581477408	2581245.736577413
17.55198179506863	2602080.748707794
17.57955777536318	2622935.654622638
17.60713375565773	2643809.923446718
17.63470973595228	2664703.034207568
17.66228571624683	2685614.486485295
17.68986169654139	2706543.677584888
17.71743767683594	2727490.107388095
17.74501365713049	2748453.356190736
17.77258963742504	2769432.843286012
17.80016561771959	2790411.189776536
17.82774159801414	2811438.82311176
17.85531757830869	2832464.307884531
17.88289355860324	2853504.413917914
17.91046953889779	2874558.366029339
17.93804551919234	2895625.950532564
17.96562149948689	2916706.732392376
17.99319747978144	2937800.203013924
18.02077346007599	2958906.191952344
18.04834944037054	2980024.046664959
18.07592542066509	3001153.676158475
18.10350140095964	3022294.458219471
18.13107738125419	3043446.270621652
18.15865336154874	3064608.525995918
18.18622934184329	3085781.095211243
18.21380532213784	3106963.544423635
18.24138130243239	3128155.538381432
18.26895728272694	3149356.815722608
18.29653326302149	3170567.042969667
18.32410924331604	3191785.912883732
18.35168522361059	3213013.222714595
18.37926120390514	3234248.593710961
18.40683718419969	3255491.748429947
18.43441316449424	3276742.461487801
18.46198914478879	3298000.45179563
18.48956512508334	3319265.477948929
18.51714110537789	3340537.426229725
18.54471708567244	3361815.591207326
18.57229306596699	3383100.174365535
18.59986904626154	3404390.895287258
18.62744502655609	3425687.397465245
18.65502100685064	3446989.531092749
18.68259698714519	3468297.070145083
18.71017296743974	3489609.821914832
18.73774894773429	3510927.549851793
18.76532492802884	3532250.088652545
18.79290090832339	3553577.1740203
18.82047688861794	3574908.673050206
18.84805286891249	3596244.445354669
18.87562884920704	3617584.263183203
18.90320482950159	3638927.944166296
18.93078080979614	3660275.390140059
18.95835679009069	3681626.367465328
18.98593277038524	3702980.7085348
19.01350875067979	3724338.25771227
19.04108473097434	3745698.90722316
19.06866071126889	3767062.462919749
19.09623669156344	3788428.714120794
19.12381267185799	3809797.678716355
19.15138865215254	3831169.177281251
19.17896463244709	3852542.964125148
19.20654061274164	3873919.07560825
19.23411659303619	3895297.412064207
19.26169257333074	3916677.538276233
19.28926855362529	3938059.602862328
19.31684453391984	3959443.421468819
19.34442051421439	3980828.773565598
19.37199649450894	4002215.591347576
19.39957247480349	4023604.028445714
19.42714845509804	4044993.73619734
19.45472443539259	4066384.373759652
19.48230041568714	4087776.357571677
19.50987639598169	4109169.424757173
19.53745237627624	4130563.401683815
19.56502835657079	4151957.834112047
19.59260433686534	4173353.427431365
19.62018031715989	4194749.578132213
19.64775629745444	4216146.121900642
19.67533227774899	4237542.990190953
19.70290825804354	4258940.458127341
19.73048423833809	4280338.302669202
19.75806021863264	4301736.163478904
19.78563619892719	4323134.274808147
19.81321217922174	4344532.472637266
19.84078815951629	4365930.714664252
19.86836413981084	4387328.832689871
19.89594012010539	4408726.913608664
19.92351610039994	4430124.69080796
19.95109208069449	4451522.168711642
19.97866806098904	4472919.388225247
20.00624404128359	4494315.900681791
20.03382002157814	4515712.633217998
20.06139600187269	4537108.480300225
20.08897198216724	4558503.724902814
20.11654796246179	4579898.391168523
20.14412394275634	4601292.399939547
20.17169992305089	4622685.705006226
20.19927590334544	4644078.158245184
20.22685188363999	4665469.823731096
20.25442786393454	4686860.596934558
20.2820038442291	4708250.464443598
20.30957982452365	4729639.471734944
20.3371558048182	4751027.283035839
20.36473178511275	4772414.046361774
20.3923077654073	4793799.7365092
20.41988374570185	4815184.276029235
20.4474597259964	4836567.593049224
20.47503570629095	4857949.757050849
20.5026116865855	4879330.549336973
20.53018766688005	4900710.113759582
20.5577636471746	4922088.272391645
20.58533962746915	4943465.205373589
20.6129156077637	4964840.497556958
20.64049158805825	4986214.423521749
20.6680675683528	5007586.944396351
20.69564354864735	5028957.818884333
20.7232195289419	5050327.234818829
20.75079550923645	5071695.035349996
20.778371489531	5093061.193906114
20.80594746982555	5114425.651160315
20.8335234501201	5135788.582303972
20.86109943041465	5157149.709997829
20.8886754107092	5178509.54893718
20.91625139100375	5199866.844613741
20.9438273712983	5221222.694145156
20.97140335159285	5242576.766955475
20.9989793318874	5263929.003543753
21.02655531218195	5285279.396544846
21.0541312924765	5306627.739157954
21.08170727277105	5327974.360782577
21.1092832530656	5349318.978522132
21.13685923336015	5370661.659432086
21.1644352136547	5392002.264295148
21.19201119394925	5413341.035739566
21.2195871742438	5434677.641982411
21.24716315453835	5456012.233257551
21.2747391348329	5477344.791303786
21.30231511512745	5498675.185340603
21.329891095422	5520003.529682216
21.35746707571655	5541329.885603564
21.3850430560111	5562653.683632015
21.41261903630565	5583975.74898017
21.4401950166002	5605295.632415679
21.46777099689475	5626612.855989788
21.4953469771893	5647928.285433125
21.52292295748385	5669241.454768967
21.5504989377784	5690552.129734477
21.57807491807295	5711860.713630886
21.6056508983675	5733166.869676929
21.63322687866205	5754470.862499856
21.6608028589566	5775772.552809811
21.68837883925115	5797071.856207869
21.7159548195457	5818368.808629939
21.74353079984025	5839663.431662611
21.7711067801348	5860955.619534457
21.79868276042935	5882245.496534953
21.8262587407239	5903532.840653116
21.85383472101845	5924817.427944259
21.881410701313	5946100.505249365
21.90898668160755	5967380.63398167
21.9365626619021	5988658.287938349
21.96413864219665	6009933.473086062
21.9917146224912	6031206.229486908
22.01929060278575	6052476.330369264
22.0468665830803	6073744.220525561
22.07444256337485	6095009.335003076
22.1020185436694	6116272.008558923
22.12959452396395	6137532.091091936
22.1571705042585	6158789.568252233
22.18474648455305	6180044.577509537
22.2123224648476	6201297.075481651
22.23989844514215	6222546.938287578
22.2674744254367	6243794.14551471
22.29505040573125	6265038.744855006
22.3226263860258	6286280.698205288
22.35020236632035	6307520.041360808
22.3777783466149	6328756.807155429
22.40535432690945	6349990.842910496
22.432930307204	6371222.222042084
22.46050628749855	6392450.980088658
22.4880822677931	6413676.977823311
22.51565824808765	6434900.537330799
22.5432342283822	6456120.912452631
22.57081020867675	6477339.059687253
22.5983861889713	6498554.221111369
22.62596216926585	6519766.699292473
22.6535381495604	6540976.47739655
22.68111412985495	6562183.461018817
22.7086901101495	6583387.636675427
22.73626609044405	6604589.139894963
22.7638420707386	6625787.913456547
22.79141805103315	6646983.915150998
22.8189940313277	6668177.020982825
22.84657001162225	6689367.326482083
22.87414599191681	6710554.89077886
22.90172197221136	6731739.610293292
22.92929795250591	6752921.443085192
22.95687393280046	6774100.447496197
22.98444991309501	6795276.991248429
23.01202589338956	6816450.137924815
23.03960187368411	6837620.663363036
23.06717785397866	6858788.355390791
23.09475383427321	6879953.10543927
23.12232981456776	6901114.943639324
23.14990579486231	6922273.946273548
23.17748177515686	6943430.07274658
23.20505775545141	6964583.228582053
23.23263373574596	6985733.704524725
23.26020971604051	7006880.731108623
23.28778569633506	7028025.381849324
23.31536167662961	7049166.62885129
23.34293765692416	7070305.405716475
23.37051363721871	7091440.986114905
23.39808961751326	7112573.669050343
23.42566559780781	7133703.359600686
23.45324157810236	7154830.008630006
23.48081755839691	7175953.700162572
23.50839353869146	7197074.40523418
23.53596951898601	7218192.099396514
23.56354549928056	7239306.838095962
23.59112147957511	7260418.619089362
23.61869745986966	7281527.308441203
23.64627344016421	7302632.954499052
23.67384942045876	7323735.653184158
23.70142540075331	7344835.219847062
23.72900138104786	7365931.701808865
23.75657736134241	7387025.276859593
23.78415334163696	7408115.64499459
23.81172932193151	7429202.786143166
23.83930530222606	7450287.306651378
23.86688128252061	7471368.395342325
23.89445726281516	7492446.595513337
23.92203324310971	7513521.681813881
23.94960922340426	7534593.516846263
23.97718520369881	7555662.315505955
24.00476118399336	7576728.046874129
24.03233716428791	7597790.395190733
24.05991314458246	7618849.875000345
24.08748912487701	7639905.99697328
24.11506510517156	7660959.152664999
24.14264108546611	7682009.125181968
24.17021706576066	7703056.041898445
24.19779304605521	7724099.527161617
24.22536902634976	7745139.978041723
24.25294500664431	7766177.543039117
24.28052098693886	7787211.432430857
24.30809696723341	7808242.197972669
24.33567294752796	7829269.818073379
24.36324892782251	7850294.11101191
24.39082490811706	7871315.399276175
24.41840088841161	7892333.450222582
24.44597686870616	7913348.267621854
24.47355284900071	7934359.746455616
24.50112882929526	7955368.026472816
24.52870480958981	7976373.015594955
24.55628078988436	7997374.75539078
24.58385677017891	8018373.141338129
24.61143275047346	8039368.192708982
24.63900873076801	8060360.032294932
24.66658471106256	8081348.720060637
24.69416069135711	8102334.026778569
24.72173667165166	8123316.019852143
24.74931265194621	8144294.638641878
24.77688863224076	8165270.259931614
24.80446461253531	8186242.19265142
24.83204059282986	8207210.841438116
24.85961657312441	8228176.180812651
24.88719255341896	8249138.000889076
24.91476853371351	8270096.602939605
24.94234451400806	8291051.730456011
24.96992049430261	8311992.875442857
24.99749647459716	8332952.228679877
25.02507245489171	8353897.395274493
25.05264843518626	8374839.059985218
25.08022441548081	8395777.375860503
25.10780039577536	8416712.322862813
25.13537637606991	8437643.680002756
25.16295235636446	8458571.593647925
25.19052833665901	8479496.240597673
25.21810431695356	8500417.283867316
25.24568029724811	8521335.113325311
25.27325627754266	8542249.485728443
25.30083225783721	8563160.317621
25.32840823813176	8584067.559146639
25.35598421842631	8604971.368317187
25.38356019872086	8625871.788359633
25.41113617901541	8646768.640157858
25.43871215930996	8667661.723356033
25.46628813960452	8688551.545512317
25.49386411989907	8709437.78531716
25.52144010019362	8730320.742493771
25.54901608048817	8751200.076690743
25.57659206078272	8772075.801525613
25.60416804107727	8792948.0611999
25.63174402137182	8813816.627456715
25.65932000166637	8834681.671899997
25.68689598196092	8855542.841997463
25.71447196225547	8876400.945426783
25.74204794255002	8897255.129449688
25.76962392284457	8918105.675346427
25.79719990313912	8938952.982469175
25.82477588343367	8959796.480783805
25.85235186372822	8980636.525941676
25.87992784402277	9001472.78193138
25.90750382431732	9022305.400869004
25.93507980461187	9043134.294103805
25.96265578490642	9063959.516942093
25.99023176520097	9084781.120029891
26.01780774549552	9105598.982192453
26.04538372579007	9126413.27520269
26.07295970608462	9147224.139730796
26.10053568637917	9168031.241064776
26.12811166667372	9188834.571093775
26.15568764696827	9209634.226022493
26.18326362726282	9230430.007326229
26.21083960755737	9251222.108395783
26.23841558785192	9272010.362414245
26.26599156814647	9292794.844578451
26.29356754844102	9313575.469601084
26.32114352873557	9334352.503607931
26.34871950903012	9355126.0342026
26.37629548932467	9375895.835061479
26.40387146961922	9396661.739356408
26.43144744991377	9417423.9440045
26.45902343020832	9438182.204243984
26.48659941050287	9458936.483306108
26.51417539079742	9479687.03189276
26.54175137109197	9500433.475553727
26.56932735138652	9521176.136934139
26.59690333168107	9541915.135520745
26.62447931197562	9562650.802653203
26.65205529227017	9583382.649005903
26.67963127256472	9604110.633826563
26.70720725285927	9624834.666251225
26.73478323315382	9645554.680536818
26.76235921344837	9666270.59646021
26.78993519374292	9686982.351616092
26.81751117403747	9707689.840361064
26.84508715433202	9728392.667976286
26.87266313462657	9749092.042702576
26.90023911492112	9769788.668824399
26.92781509521567	9790481.438052867
26.95539107551022	9811170.319881059
26.98296705580477	9831855.28166732
27.01054303609932	9852536.289249772
27.03811901639387	9873213.307790212
27.06569499668842	9893886.302524175
27.09327097698297	9914555.239398615
27.12084695727752	9935220.085965976
27.14842293757207	9955879.694551226
27.17599891786662	9976534.780717773
27.20357489816117	9997186.594712317
27.23115087845572	10017834.73064194
27.25872685875027	10038479.07402225
27.28630283904482	10059119.56568737
27.31387881933937	10079756.12900571
27.34145479963392	10100388.6960456
27.36903077992847	10121016.99361017
27.39660676022302	10141641.75100222
27.42418274051757	10162261.40611724
27.45175872081212	10182876.79058901
27.47933470110667	10203487.99958847
27.50691068140122	10224095.39047934
27.53448666169577	10244698.54663447
27.56206264199032	10265297.74255864
27.58963862228487	10285892.9391875
27.61721460257942	10306483.8618775
27.64479058287397	10327070.73148047
27.67236656316852	10347653.35675413
27.69994254346307	10368231.47295958
27.72751852375762	10388805.1748509
27.75509450405217	10409374.76636904
27.78267048434672	10429940.17161886
27.81024646464127	10450501.43996722
27.83782244493582	10471058.43312753
27.86539842523037	10491611.33849748
27.89297440552492	10512159.90681735
27.92055038581947	10532704.30612982
27.94812636611402	10553244.5002966
27.97570234640857	10573780.08543288
28.00327832670312	10594311.22189317
28.03085430699767	10614838.12570316
28.05843028729223	10635360.65051484
28.08600626758678	10655878.84933686
28.11358224788133	10676392.79507182
28.14115822817588	10696902.38101052
28.16873420847043	10717407.79389064
28.19631018876498	10737908.62318348
28.22388616905953	10758405.22455571
28.25146214935408	10778897.03331886
28.27903812964863	10799384.4644143
28.30661410994318	10819867.57430332
28.33419009023773	10840346.01125117
28.36176607053228	10860820.23244455
28.38934205082683	10881289.92661106
28.41691803112138	10901755.30903386
28.44449401141593	10922216.1224019
28.47206999171048	10942672.47928308
28.49964597200503	10963124.61551055
28.52722195229958	10983571.63155035
28.55479793259413	11004014.36360881
28.58237391288868	11024452.16367887
28.60994989318323	11044885.79845384
28.63752587347778	11065314.96696693
28.66510185377233	11085739.396629
28.69267783406688	11106159.19958912
28.72025381436143	11126574.5339739
28.74782979465598	11146985.39948056
28.77540577495053	11167391.58519222
28.80298175524508	11187792.87631794
28.83055773553963	11208189.58768235
28.85813371583418	11228581.50390784
28.88570969612873	11248968.74824038
28.91328567642328	11269351.61862273
28.94086165671783	11289729.7177484
28.96843763701238	11310103.08419526
28.99601361730693	11330471.86401179
29.02358959760148	11350836.24869688
29.05116557789603	11371195.82368323
29.07874155819058	11391544.44851734
29.10631753848513	11411894.95885778
29.13389351877968	11432239.77128529
29.16146949907423	11452579.9956903
29.18904547936878	11472915.29569012
29.21662145966333	11493245.58060966
29.24419743995788	11513571.65536178
29.27177342025243	11533892.3019417
29.29934940054698	11554208.261247
29.32692538084153	11574519.3682999
29.35450136113608	11594826.86838973
29.38207734143063	11615127.76042725
29.40965332172518	11635423.60367109
29.43722930201973	11655711.66762676
29.46480528231428	11675998.13055691
29.49238126260883	11696278.91493293
29.51995724290338	11716556.28954415
29.54753322319793	11736827.80369079
29.57510920349248	11757094.57472262
29.60268518378703	11777356.3490804
29.63026116408158	11797613.1616021
29.65783714437613	11817864.74997202
29.68541312467068	11838111.85535762
29.71298910496523	11858347.47179675
29.74056508525978	11878584.35279016
29.76814106555433	11898816.40456864
29.79571704584888	11919042.29729358
29.82329302614343	11939263.23262936
29.85086900643798	11959479.44375321
29.87844498673253	11979690.36557531
29.90602096702708	11999896.14068989
29.93359694732163	12020096.45622654
29.96117292761618	12040292.05857572
29.98874890791073	12060482.1951739
30.01632488820528	12080668.12556124
30.04390086849983	12100841.92945758
30.07147684879438	12121016.80816428
30.09905282908893	12141186.35827784
30.12662880938348	12161350.38665643
30.15420478967803	12181508.95836708
30.18178076997258	12201662.85878853
30.20935675026713	12221810.26011398
30.23693273056168	12241952.92888276
30.26450871085623	12262090.50027772
30.29208469115078	12282222.51509533
30.31966067144533	12302349.39106718
30.34723665173988	12322472.12423202
30.37481263203443	12342582.3758273
30.40238861232898	12362693.23932281
30.42996459262353	12382798.79245204
30.45754057291808	12402898.299112
30.48511655321263	12422992.57612657
30.51269253350718	12443081.03498807
30.54026851380173	12463164.06392252
30.56784449409628	12483241.56478897
30.59542047439083	12503313.74754818
30.62299645468539	12523380.55892792
30.65057243497994	12543441.9439918
30.67814841527449	12563501.09538801
30.70572439556904	12583541.42234091
30.73330037586359	12603587.15821643
30.76087635615814	12623620.65454488
30.78845233645269	12643654.71816592
30.81602831674724	12663682.40487033
30.84360429704179	12683704.33768606
30.87118027733634	12703720.42531219
30.89875625763089	12723730.73104777
30.92633223792544	12743735.40143397
30.95390821821999	12763734.53678774
30.98148419851454	12783728.11344155
31.00906017880909	12803719.35068221
31.03663615910364	12823696.71701932
31.06421213939819	12843666.73675688
31.09178811969274	12863634.07697745
31.11936409998729	12883599.23740146
31.14694008028184	12903557.95352283
31.17451606057639	12923509.40381095
31.20209204087094	12943461.43226259
31.22966802116549	12963398.1582953
31.25724400146004	12983333.14991559
31.28481998175459	13003262.20343803
31.31239596204914	13023185.97698087
31.33997194234369	13043103.83581668
31.36754792263824	13063012.89923508
31.39512390293279	13082919.15443127
31.42269988322734	13102809.31501617
31.45027586352189	13122704.07069705
31.47785184381644	13142590.67052941
31.50542782411099	13162472.30052228
31.53300380440554	13182345.57826208
31.56057978470009	13202215.37837865
31.58815576499464	13222082.55815662
31.61573174528919	13241939.33237799
31.64330772558374	13261790.29372438
31.67088370587829	13281634.67138617
31.69845968617284	13301474.57617212
31.72603566646739	13321303.98083057
31.75361164676194	13341124.70750975
31.78118762705649	13360939.53502296
31.80876360735104	13380754.29430726
31.83633958764559	13400560.56343624
31.86391556794014	13420362.6190768
31.89149154823469	13440157.76617884
31.91906752852924	13459947.48774439
31.94664350882379	13479730.4173589
31.97421948911834	13499506.55347209
32.00179546941289	13519275.97919516
32.02937144970744	13539039.17205696
32.05694743000199	13558799.98381709
32.08452341029654	13578543.93480856
32.11209939059109	13598284.53366324
32.13967537088564	13618023.50728004
32.16725135118019	13637748.15111206
32.19482733147474	13657472.78277658
32.22240331176929	13677190.11648076
0
1000	105.6583745	100000000000000.1
5	0	0	1
5	0	0	0
4.673998997513734	-0.06387704429727611
4.701574977808284	-0.09970977206095723
4.729150958102834	-0.1373039307900917
4.756726938397384	-0.174686229205283
4.784302918691934	-0.2107410809133068
4.811878898986484	-0.2448974786110313
4.839454879281035	-0.276910692852199
4.867030859575585	-0.3067244726700344
4.894606839870135	-0.334387425225512
4.922182820164685	-0.3600032177968357
4.949758800459235	-0.3837012992072963
4.977334780753785	-0.405619938478155
5.004910761048335	-0.4258966279449453
5.032486741342885	-0.4446628782526956
5.060062721637435	-0.4620416205461019
5.087638701931986	-0.4781461416602444
5.115214682226536	-0.4930799042219137
5.142790662521086	-0.5069368604177027
5.170366642815636	-0.5198020238689386
5.197942623110186	-0.5317521588826116
5.225518603404736	-0.5428565043042985
5.253094583699286	-0.5531774846577702
5.280670563993836	-0.5627713829021423
5.308246544288386	-0.5716889622630222
5.335822524582936	-0.5799760324496737
5.363398504877487	-0.5876739601697403
5.390974485172037	-0.5948201264609094
5.418550465466587	-0.6014483347998786
5.446126445761137	-0.6075891563739966
5.473702426055687	-0.6132702505981567
5.501278406350237	-0.6188819269197265
5.528854386644787	-0.6236716681004097
5.556430366939337	-0.6280438416451649
5.584006347233887	-0.6320229987027467
5.611582327528438	-0.6356324627136292
5.639158307822988	-0.6388944131048988
5.666734288117538	-0.6418299205987578
5.694310268412088	-0.6444589760098091
5.721886248706638	-0.6468005206330094
5.749462229001188	-0.6488724795683514
5.777038209295738	-0.6506935218808569
5.804614189590288	-0.6522759702489582
5.832190169884838	-0.6536367636034265
5.859766150179389	-0.6547901694518643
5.887342130473939	-0.655749634447731
5.914918110768489	-0.6565278232835425
5.942494091063039	-0.6571366571794529
5.970070071357589	-0.6575873516498465
5.997646051652139	-0.6578904532905724
6.025222031946689	-0.6580558753698512
6.052798012241239	-0.658177385989115
6.080373992535789	-0.6580843677021594
6.107949972830339	-0.6578734494166073
6.13552595312489	-0.6575546299473972
6.16310193341944	-0.6571368175510143
6.19067791371399	-0.6566284808990207
6.21825389400854	-0.6560376611817509
6.24582987430309	-0.6553719679716596
6.27340585459764	-0.6546385777654014
6.30098183489219	-0.6538442371004416
6.32855781518674	-0.6529581190528789
6.35613379548129	-0.6520655493233836
6.383709775775841	-0.6511321214145461
6.411285756070391	-0.6501622726112749
6.438861736364941	-0.6491600486318267
6.466437716659491	-0.648129139972982
6.494013696954041	-0.6470729145662968
6.521589677248591	-0.6459944471560487
6.549165657543141	-0.6448965457596429
6.576741637837691	-0.6437817755279404
6.604317618132241	-0.642648393171912
6.631893598426791	-0.6415072692376729
6.659469578721342	-0.6403559869583488
6.687045559015892	-0.6391961762397157
6.714621539310442	-0.6380296335665911
6.742197519604992	-0.6368575586935812
6.769773499899542	-0.6356813064207874
6.797349480194092	-0.6345020508528174
6.824925460488642	-0.6333208591949067
6.852501440783192	-0.6321387022133446
6.880077421077742	-0.6309581523685012
6.907653401372293	-0.6297764172178777
6.935229381666843	-0.6285960190094985
6.962805361961393	-0.6274176500783532
6.990381342255943	-0.6262419444059795
7.017957322550493	-0.6250694820052617
7.045533302845043	-0.6239007929610203
7.073109283139593	-0.6227363611552977
7.100685263434143	-0.6215766277036314
7.128261243728693	-0.6204219941262539
7.155837224023244	-0.6192718286063894
7.183413204317794	-0.6181285805829876
7.210989184612344	-0.6169914965770078
7.238565164906894	-0.6158608306953917
7.266141145201444	-0.6147368084154848
7.293717125495994	-0.6136196290361209
7.321293105790544	-0.6125094679052349
7.348869086085094	-0.6114064784464175
7.376445066379644	-0.6103107940043265
7.404021046674194	-0.609222529526688
7.431597026968745	-0.6081407606509197
7.459173007263295	-0.6070677467913063
7.486748987557845	-0.606002471122862
7.514324967852395	-0.6049449720304229
7.541900948146945	-0.60389527461499
7.569476928441495	-0.6028533921418342
7.597052908736045	-0.60181932732132
7.624628889030595	-0.600793073443796
7.652204869325145	-0.5997746153868564
7.679780849619696	-0.5987639305107233
7.707356829914246	-0.5977596750923634
7.734932810208796	-0.5967646299786243
7.762508790503346	-0.5957773320080129
7.790084770797896	-0.5947977120157422
7.817660751092446	-0.5938256965073195
7.845236731386996	-0.5928612084668535
7.872812711681546	-0.5919041679936918
7.900388691976096	-0.5909544927986572
7.927964672270646	-0.5900120985826648
7.955540652565197	-0.5890768993137077
7.983116632859747	-0.588150422958823
8.010692613154298	-0.5872285533113512
8.038268593448848	-0.5863132885333926
8.065844573743398	-0.5854044002465453
8.093420554037948	-0.5845015183104081
8.120996534332498	-0.5836036694925562
8.148572514627048	-0.5827044318564446
8.176148494921598	-0.5818645645393825
8.203724475216148	-0.5809677430040237
8.231300455510699	-0.5800933457680384
8.258876435805249	-0.5792196254793831
8.286452416099799	-0.5783605527719945
8.314028396394349	-0.5775072421554313
8.341604376688899	-0.5766595893734411
8.369180356983449	-0.5758174894220993
8.396756337277999	-0.5749808365961969
8.424332317572549	-0.5741495245044199
8.451908297867099	-0.5733234460576897
8.47948427816165	-0.5725024934334561
8.5070602584562	-0.5716865580174989
8.53463623875075	-0.5708749071020117
8.5622122190453	-0.5700689270925179
8.58978819933985	-0.5692675549600427
8.6173641796344	-0.5684706982426819
8.64494015992895	-0.5676782523771129
8.6725161402235	-0.5668901077687079
8.70009212051805	-0.5661061523438573
8.7276681008126	-0.5653262726069924
8.755244081107151	-0.5645503541150646
8.782820061401701	-0.5637782816962275
8.810396041696251	-0.5630099541029927
8.837972021990801	-0.562245230999038
8.865548002285351	-0.5614840003671703
8.893123982579901	-0.5607261438292681
8.920699962874451	-0.5599715428954288
8.948275943169001	-0.5592200789035288
8.975851923463551	-0.558471632958581
9.003427903758102	-0.5577260858718539
9.031003884052652	-0.5569833180997203
9.058579864347202	-0.5562432096822034
9.086155844641752	-0.5555057255933946
9.113731824936302	-0.5547705663400593
9.141307805230852	-0.5540376962500246
9.168883785525402	-0.5533069938312126
9.196459765819952	-0.5525783372234264
9.224035746114502	-0.551851604133314
9.251611726409052	-0.5511266717691847
9.279187706703603	-0.5504034167756525
9.306763686998153	-0.5496817151680758
9.334339667292703	-0.5489614422667678
9.361915647587253	-0.5482425279057845
9.389491627881803	-0.5475247302848433
9.417067608176353	-0.546807977977285
9.444643588470903	-0.5460921469116637
9.472219568765453	-0.545377096970162
9.499795549060003	-0.544662711425678
9.527371529354554	-0.5439488554616793
9.554947509649104	-0.5432353979211845
9.582523489943654	-0.5425222064974867
9.610099470238204	-0.5418091477195898
9.637675450532754	-0.5410961269327152
9.665251430827304	-0.5403829243012188
9.692827411121854	-0.5396694429385059
9.720403391416404	-0.5389555444327139
9.747979371710954	-0.5382410890214649
9.775555352005505	-0.5375259355157871
9.803131332300055	-0.5368099412240416
9.830707312594605	-0.5360929618758526
9.858283292889155	-0.535374851546039
9.885859273183705	-0.534655462578547
9.913435253478255	-0.5339346800977115
9.941011233772805	-0.5332122802424791
9.968587214067355	-0.53248814481061
9.996163194361905	-0.5317621188227595
10.02373917465646	-0.531034045320713
10.05131515495101	-0.5303037652857221
10.07889113524556	-0.5295711175571337
10.10646711554011	-0.5288359387513313
10.13404309583466	-0.528098063181013
10.16161907612921	-0.5273573227748385
10.18919505642376	-0.5266135871006918
10.21677103671831	-0.5258665989576101
10.24434701701286	-0.5251162234043584
10.27192299730741	-0.5243622824667512
10.29949897760196	-0.5236045955426545
10.32707495789651	-0.522842979317564
10.35465093819106	-0.5220772476812486
10.38222691848561	-0.5213072116455204
10.40980289878016	-0.5205326792631969
10.43737887907471	-0.5197534555483343
10.46495485936926	-0.5189693981824242
10.49253083966381	-0.51818018857107
10.52010681995836	-0.5173856792368571
10.54768280025291	-0.516585662932791
10.57525878054746	-0.5157799291896039
10.60283476084201	-0.5149682642298471
10.63041074113656	-0.514150450884638
10.65798672143111	-0.5133262685131577
10.68556270172566	-0.5124954929250058
10.71313868202021	-0.5116578963055292
10.74071466231476	-0.5108133928450352
10.76829064260931	-0.5099614397298269
10.79586662290386	-0.5091019486455911
10.82344260319841	-0.5082346785675474
10.85101858349296	-0.5073593849370779
10.87859456378751	-0.5064758195531325
10.90617054408206	-0.5055837304725211
10.93374652437661	-0.5046828619188127
10.96132250467116	-0.5037729541996344
10.98889848496571	-0.5028537436322206
11.01647446526026	-0.5019250803992562
11.04405044555481	-0.5009864417477756
11.07162642584936	-0.5000376765841132
11.09920240614391	-0.4990785066336629
11.12677838643846	-0.498108649555889
11.15435436673301	-0.4971278188625314
11.18193034702756	-0.4961357238526153
11.20950632732211	-0.4951320695630395
11.23708230761666	-0.4941165567337904
11.26465828791121	-0.4930888817870572
11.29223426820576	-0.4920486816084233
11.31981024850031	-0.4909957602800336
11.34738622879486	-0.4899297444422188
11.37496220908941	-0.4888503126290054
11.40253818938396	-0.487757138983369
11.43011416967851	-0.4866498933241674
11.45769014997306	-0.4855282412231645
11.48526613026761	-0.4843918440925903
11.51284211056216	-0.4832403592836919
11.54041809085671	-0.4820734401967341
11.56799407115126	-0.4808907185886122
11.59557005144581	-0.4796918774943664
11.62314603174036	-0.4784765414231286
11.65072201203491	-0.4772443491822103
11.67829799232946	-0.4759949362889994
11.70587397262401	-0.4747279351572714
11.73344995291856	-0.4734429752979267
11.76102593321311	-0.4721396835346567
11.78860191350766	-0.4708176842350316
11.81617789380221	-0.4694765995575023
11.84375387409676	-0.4681160365591059
11.87132985439131	-0.4667356409964685
11.89890583468586	-0.4653350172086292
11.92648181498041	-0.4639137812821498
11.95405779527496	-0.46247154851505
11.98163377556951	-0.4610079337615453
12.00920975586406	-0.4595225517953677
12.03678573615861	-0.4580150176920263
12.06436171645316	-0.4564849472303393
12.09193769674771	-0.4549319573135326
12.11951367704226	-0.453355659227178
12.14708965733681	-0.4517556883367254
12.17466563763136	-0.4501316606144142
12.20224161792591	-0.4484832020458705
12.22981759822046	-0.4468099421105309
12.25739357851501	-0.4451115143205476
12.28496955880956	-0.4433875567799695
12.31254553910411	-0.4416377127641157
12.34012151939866	-0.4398616313189868
12.36769749969321	-0.4380589678804883
12.39527347998776	-0.4362293752645179
12.42284946028231	-0.4343725436314025
12.45042544057686	-0.4324881420053741
12.47800142087141	-0.430575857914168
12.50557740116597	-0.4286353886067684
12.53315338146052	-0.4266664417783917
12.56072936175507	-0.4246687363111926
12.58830534204962	-0.422642003029755
12.61588132234417	-0.4205859854703267
12.64345730263872	-0.4185004406626497
12.67103328293327	-0.4163851448714805
12.69860926322782	-0.4142398742703005
12.72618524352237	-0.4120644359927973
12.75376122381692	-0.4098586490824494
12.78133720411147	-0.4076223501533681
12.80891318440602	-0.4053553942199083
12.83648916470057	-0.403057655527678
12.86406514499512	-0.4007290283838691
12.89164112528967	-0.3983694279847234
12.91921710558422	-0.3959787912378317
12.94679308587877	-0.3935570634543836
12.97436906617332	-0.3911042567144151
13.00194504646787	-0.388620363975889
13.02952102676242	-0.3861054169524745
13.05709700705697	-0.383559472945342
13.08467298735152	-0.380982615575499
13.11224896764607	-0.3783749554919169
13.13982494794062	-0.3757366310524658
13.16740092823517	-0.3730678089746199
13.19497690852972	-0.3703686849528736
13.22255288882427	-0.3676394862506914
13.25012886911882	-0.3648804640441548
13.27770484941337	-0.362091906268031
13.30528082970792	-0.3592741299378974
13.33285681000247	-0.356427483537141
13.36043279029702	-0.3535523473703848
13.38800877059157	-0.3506491338622425
13.41558475088612	-0.3477182877985885
13.44316073118067	-0.3447602865076385
13.47073671147522	-0.3417756399782646
13.49831269176977	-0.3387648787063927
13.52588867206432	-0.3357286034528662
13.55346465235887	-0.3326674101693205
13.58104063265342	-0.3295819392651345
13.60861661294797	-0.3264728633216363
13.63619259324252	-0.3233408867855968
13.66376857353707	-0.3201867455869668
13.69134455383162	-0.3170112066799732
13.71892053412617	-0.3138150675069645
13.74649651442072	-0.3105991553847006
13.77407249471527	-0.3073643087785033
13.80164847500982	-0.3041114501205678
13.82922445530437	-0.3008414739987924
13.85680043559892	-0.2975553194292322
13.88437641589347	-0.2942539509946194
13.91195239618802	-0.2909383577728972
13.93952837648257	-0.2876095521951089
13.96710435677712	-0.2842685688349699
13.99468033707167	-0.2809164631327761
14.02225631736622	-0.2775543100566282
14.04983229766077	-0.2741831848741973
14.07740827795532	-0.2708042345015065
14.10498425824987	-0.2674185661200319
14.13256023854442	-0.2640273181597186
14.16013621883897	-0.2606316409857476
14.18771219913352	-0.2572326952605121
14.21528817942807	-0.2538316502718225
14.24286415972262	-0.250429682232372
14.27044014001717	-0.2470279725556484
14.29801612031172	-0.2436277061136117
14.32559210060627	-0.2402300415593115
14.35316808090082	-0.236836223679044
14.38074406119537	-0.233447409208377
14.40832004148992	-0.2300647790264234
14.43589602178447	-0.2266895085515717
14.46347200207902	-0.2233227660046618
14.49104798237357	-0.2199657106927559
14.51862396266812	-0.2166194913188258
14.54619994296267	-0.213285244322544
14.57377592325722	-0.2099640922572083
14.60135190355177	-0.2066571127622609
14.62892788384632	-0.2033654574642038
14.65650386414087	-0.2000901683337916
14.68407984443542	-0.1968322967684731
14.71165582472997	-0.1935928727405329
14.73923180502452	-0.1903729034861629
14.76680778531907	-0.1871733722597337
14.79438376561362	-0.1839952371562101
14.82195974590817	-0.180839430004327
14.84953572620272	-0.1777068553328083
14.87711170649727	-0.1745983635030047
14.90468768679182	-0.1715148558728373
14.93226366708637	-0.1684571234612974
14.95983964738092	-0.165425952527729
14.98741562767547	-0.1624220979070555
15.01499160797002	-0.1594462824462131
15.04256758826457	-0.1564991965202402
15.07014356855912	-0.153581497627604
15.09771954885368	-0.1506938100640393
15.12529552914823	-0.1478367246738855
15.15287150944278	-0.1450107711968121
15.18044748973733	-0.1422165307324156
15.20802347003188	-0.1394544651676965
15.23559945032643	-0.1367250302668603
15.26317543062098	-0.1340286480997412
15.29075141091553	-0.1313657072275475
15.31832739121008	-0.1287365629522919
15.34590337150463	-0.1261415376271493
15.37347935179918	-0.1235809210248519
15.40105533209373	-0.1210549707611282
15.42863131238828	-0.1185638873781208
15.45620729268283	-0.1161079189420071
15.48378327297738	-0.1136872038004575
15.51135925327193	-0.1113018758862674
15.53893523356648	-0.1089520397124685
15.56651121386103	-0.1066377710651273
15.59408719415558	-0.104359117728602
15.62166317445013	-0.102116100240011
15.64923915474468	-0.09990871266970573
15.67681513503923	-0.09773692342459865
15.70439111533378	-0.09560065370178643
15.73196709562833	-0.09349987006614743
15.75954307592288	-0.0914344460974606
15.78711905621743	-0.08940425567417076
15.81469503651198	-0.08740915118540965
15.84227101680653	-0.08544896441568378
15.86984699710108	-0.08352350743254437
15.89742297739563	-0.08163257347484695
15.92499895769018	-0.07977593783933049
15.95257493798473	-0.07795335876337149
15.98015091827928	-0.07616455869592645
16.00772689857383	-0.07440930561171757
16.03530287886838	-0.0726872917235506
16.06287885916293	-0.07099821547899533
16.09045483945748	-0.06934176248916304
16.11803081975203	-0.06771760635649179
16.14560680004658	-0.06612540948699142
16.17318278034113	-0.06456482388580909
16.20075876063568	-0.0630354919350956
16.22833474093023	-0.06153704715326489
16.25591072122478	-0.06006909777776524
16.28348670151933	-0.05863129791259787
16.31106268181388	-0.0572232412317386
16.33863866210843	-0.0558445327809723
16.36621464240298	-0.05449477217867434
16.39379062269753	-0.05317355425584415
16.42136660299208	-0.05188046967372228
16.44894258328663	-0.05061510551885147
16.47651856358118	-0.04937704587551629
16.50409454387573	-0.04816587237556538
16.53167052417028	-0.04698115041383284
16.55924650446483	-0.04582248842253523
16.58682248475938	-0.04468944902938956
16.61439846505393	-0.04358160892438039
16.64197444534848	-0.04249854471363245
16.66955042564303	-0.04143983334178673
16.69712640593758	-0.04040505249300877
16.72470238623213	-0.03939378097103406
16.75227836652668	-0.03840559905868623
16.77985434682123	-0.03744008885732906
16.80743032711578	-0.0364968226264777
16.83500630741033	-0.03557541229432429
16.86258228770488	-0.03467543491781262
16.89015826799943	-0.03379648272805617
16.91773424829398	-0.03293815115145264
16.94531022858853	-0.03210003904375723
16.97288620888308	-0.03128174890747681
17.00046218917763	-0.03048288709316239
17.02803816947218	-0.02970306398517854
17.05561414976673	-0.02894189417252796
17.08319013006128	-0.02819898697398047
17.11076611035583	-0.02747398615130035
17.13834209065038	-0.02676650985496033
17.16591807094493	-0.02607619079549832
17.19349405123948	-0.02540266650890326
17.22107003153403	-0.02474557945319501
17.24864601182858	-0.02410457709367922
17.27622199212313	-0.02347931197741463
17.30379797241768	-0.02286944179741723
17.33137395271223	-0.02227462944711389
17.35894993300678	-0.02169453516987303
17.38652591330133	-0.02112884904114323
17.41410189359588	-0.02057724163755494
17.44167787389043	-0.02003939691605208
17.46925385418498	-0.0195150041536046
17.49682983447953	-0.01900375795611081
17.52440581477408	-0.01850535826050314
17.55198179506863	-0.01801951033047236
17.57955777536318	-0.01754592474620952
17.60713375565773	-0.01708431738854982
17.63470973595228	-0.01663440325013262
17.66228571624683	-0.01619592175826652
17.68986169654139	-0.01576859817475636
17.71743767683594	-0.01535216924250847
17.74501365713049	-0.01494637683625962
17.77258963742504	-0.01455096792272343
17.80016561771959	-0.01416569451721908
17.82774159801414	-0.01379031363706748
17.85531757830869	-0.01342458725202538
17.88289355860324	-0.01306828223201552
17.91046953889779	-0.01272116532056671
17.93804551919234	-0.01238302351391629
17.96562149948689	-0.01205363290291366
17.99319747978144	-0.0117327793226432
18.02077346007599	-0.01142025320029321
18.04834944037054	-0.01111584949330091
18.07592542066509	-0.01081936762609315
18.10350140095964	-0.01053061142560126
18.13107738125419	-0.01024938905571809
18.15865336154874	-0.009975512950856151
18.18622934184329	-0.009708795858372305
18.21380532213784	-0.009449066763094623
18.24138130243239	-0.009196146479544934
18.26895728272694	-0.00894986379409757
18.29653326302149	-0.008710051411768827
18.32410924331604	-0.008476545888710984
18.35168522361059	-0.008249187564534509
18.37926120390514	-0.008027820494561912
18.40683718419969	-0.007812292382108663
18.43441316449424	-0.007602454510880487
18.46198914478879	-0.007398158634758662
18.48956512508334	-0.007199269419722381
18.51714110537789	-0.007005645337283707
18.54471708567244	-0.006817151280357563
18.57229306596699	-0.006633655380062053
18.59986904626154	-0.006455028941530295
18.62744502655609	-0.00628114638018795
18.65502100685064	-0.006111885158550388
18.68259698714519	-0.005947125723588508
18.71017296743974	-0.005786751444707973
18.73774894773429	-0.005630646158910072
18.76532492802884	-0.00547870395025345
18.79290090832339	-0.005330814111404936
18.82047688861794	-0.005186871062230429
18.84805286891249	-0.005046771838692126
18.87562884920704	-0.004910416036168389
18.90320482950159	-0.004777705753507913
18.93078080979614	-0.004648545537842391
18.95835679009069	-0.004522842330178668
18.98593277038524	-0.004400505411788967
19.01350875067979	-0.004281444489244261
19.04108473097434	-0.00416557729860085
19.06866071126889	-0.004052817899573681
19.09623669156344	-0.003943084389378577
19.12381267185799	-0.003836296944688135
19.15138865215254	-0.003732377773797271
19.17896463244709	-0.003631251069582996
19.20654061274164	-0.003532842963265945
19.23411659303619	-0.00343708147897913
19.26169257333074	-0.003343896489147836
19.28926855362529	-0.003253218224583522
19.31684453391984	-0.003164983177199003
19.34442051421439	-0.003079125006521086
19.37199649450894	-0.002995580528394391
19.39957247480349	-0.002914288192034203
19.42714845509804	-0.002835188040848905
19.45472443539259	-0.002758221674009617
19.48230041568714	-0.002683332208765789
19.50987639598169	-0.002610464243504388
19.53745237627624	-0.002539563821549349
19.56502835657079	-0.002470577270688369
19.59260433686534	-0.002403455794084154
19.62018031715989	-0.002338148394297093
19.64775629745444	-0.002274606531587711
19.67533227774899	-0.002212782937958764
19.70290825804354	-0.002152631585727531
19.73048423833809	-0.002094107656751654
19.75806021863264	-0.00203716751230328
19.78563619892719	-0.001981768663585708
19.81321217922174	-0.001927869742886197
19.84078815951629	-0.001875429600023886
19.86836413981084	-0.001824410873894301
19.89594012010539	-0.001774774486108683
19.92351610039994	-0.001726483265259694
19.95109208069449	-0.001679501023652279
19.97866806098904	-0.001633792532462718
20.00624404128359	-0.001589323497444599
20.03382002157814	-0.001546060535175343
20.06139600187269	-0.00150397114983638
20.08897198216724	-0.001463023710519923
20.11654796246179	-0.001423186751584148
20.14412394275634	-0.00138443173661527
20.17169992305089	-0.001346728796309605
20.19927590334544	-0.001310049533416851
20.22685188363999	-0.001274366307891776
20.25442786393454	-0.001239652217467301
20.2820038442291	-0.00120588107867257
20.30957982452365	-0.001173027408289592
20.3371558048182	-0.001141066405241873
20.36473178511275	-0.00110997393290828
20.3923077654073	-0.001079725977490633
20.41988374570185	-0.001050300787264756
20.4474597259964	-0.001021675573526094
20.47503570629095	-0.000993828681654943
20.5026116865855	-0.0009667390377428207
20.53018766688005	-0.0009403861335180816
20.5577636471746	-0.0009147500116265876
20.58533962746915	-0.000889811251261653
20.6129156077637	-0.0008655509541374673
20.64049158805825	-0.0008419507308000706
20.6680675683528	-0.0008189922801756202
20.69564354864735	-0.0007966590504645571
20.7232195289419	-0.0007749336779007731
20.75079550923645	-0.0007537996723997427
20.778371489531	-0.0007332409879938537
20.80594746982555	-0.0007132420112037377
20.8335234501201	-0.0006937875496889137
20.86109943041465	-0.0006748628211729144
20.8886754107092	-0.0006564534426379896
20.91625139100375	-0.0006385454197844562
20.9438273712983	-0.0006211248220240778
20.97140335159285	-0.000604179066579751
20.9989793318874	-0.0005876949384027011
21.02655531218195	-0.0005716598934402257
21.0541312924765	-0.000556061726583446
21.08170727277105	-0.0005408885627398518
21.1092832530656	-0.000526128848074925
21.13685923336015	-0.0005117713416348628
21.1644352136547	-0.0004978051068908691
21.19201119394925	-0.0004842195037654395
21.2195871742438	-0.0004710039371684818
21.24716315453835	-0.0004581488507574561
21.2747391348329	-0.0004456441947364605
21.30231511512745	-0.0004334804344624069
21.329891095422	-0.0004216482935585576
21.35746707571655	-0.0004101387470759801
21.3850430560111	-0.0003989430148232959
21.41261903630565	-0.0003880525548615752
21.4401950166002	-0.00037745905716121
21.46777099689475	-0.0003671544374175709
21.4953469771893	-0.000357130642577784
21.52292295748385	-0.0003473804198413083
21.5504989377784	-0.0003378961311670198
21.57807491807295	-0.0003286705337727656
21.6056508983675	-0.0003196965814322437
21.63322687866205	-0.0003109674192521016
21.6608028589566	-0.000302476378578493
21.68837883925115	-0.0002942169720306221
21.7159548195457	-0.0002861828886587855
21.74353079984025	-0.0002783679892244228
21.7711067801348	-0.0002707661557938767
21.79868276042935	-0.0002633718868053935
21.8262587407239	-0.0002561793798683217
21.85383472101845	-0.0002491831357313427
21.881410701313	-0.0002423778045971219
21.90898668160755	-0.0002357581821407018
21.9365626619021	-0.0002293192056270944
21.96413864219665	-0.0002230559501261305
21.9917146224912	-0.0002169636248226495
22.01929060278575	-0.0002110375694200915
22.0468665830803	-0.0002052731378835636
22.07444256337485	-0.0001996661586596957
22.1020185436694	-0.0001942122254488959
22.12959452396395	-0.0001889071643103443
22.1571705042585	-0.0001837469148639302
22.18474648455305	-0.0001787275272591592
22.2123224648476	-0.0001738451592198288
22.23989844514215	-0.0001690960731629816
22.2674744254367	-0.0001644766333906649
22.29505040573125	-0.0001599833033530023
22.3226263860258	-0.0001556125557996907
22.35020236632035	-0.0001513612286712682
22.3777783466149	-0.0001472259767527091
22.40535432690945	-0.0001432036328889024
22.432930307204	-0.0001392911161668237
22.46050628749855	-0.0001354854296104753
22.4880822677931	-0.0001317836579335704
22.51565824808765	-0.000128182965348823
22.5432342283822	-0.0001246805934327143
22.57081020867675	-0.000121273859044596
22.5983861889713	-0.0001179600848917315
22.62596216926585	-0.0001147368747328784
22.6535381495604	-0.0001116016894369328
22.68111412985495	-0.0001085521263028613
22.7086901101495	-0.0001055858480985075
22.73626609044405	-0.0001027005813090677
22.7638420707386	-9.989411442949723e-05
22.79141805103315	-9.716429629998545e-05
22.8189940313277	-9.450903448363128e-05
22.84657001162225	-9.192629368546204e-05
22.87414599191681	-8.941404209539135e-05
22.90172197221136	-8.697046419120882e-05
22.92929795250591	-8.459363298940454e-05
22.95687393280046	-8.228172603032547e-05
22.98444991309501	-8.003297053823507e-05
23.01202589338956	-7.78456420912167e-05
23.03960187368411	-7.571806332445342e-05
23.06717785397866	-7.364860266623165e-05
23.09475383427321	-7.163567310601738e-05
23.12232981456776	-6.967773099393862e-05
23.14990579486231	-6.777323456408197e-05
23.17748177515686	-6.592080853770268e-05
23.20505775545141	-6.411899066193782e-05
23.23263373574596	-6.236639877350966e-05
23.26020971604051	-6.066168840489984e-05
23.28778569633506	-5.900355177476072e-05
23.31536167662961	-5.739071680365994e-05
23.34293765692416	-5.582194615466682e-05
23.37051363721871	-5.429603629828206e-05
23.39808961751326	-5.281181660121478e-05
23.42566559780781	-5.136811729941484e-05
23.45324157810236	-4.996389667764457e-05
23.48081755839691	-4.859804527290133e-05
23.50839353869146	-4.726951495432538e-05
23.53596951898601	-4.597728618605061e-05
23.56354549928056	-4.472036726115648e-05
23.59112147957511	-4.34977935548363e-05
23.61869745986966	-4.230862679640855e-05
23.64627344016421	-4.115195435979541e-05
23.67384942045876	-4.002688857209373e-05
23.70142540075331	-3.893254194368559e-05
23.72900138104786	-3.78681255958761e-05
23.75657736134241	-3.683279776133291e-05
23.78415334163696	-3.582576368170476e-05
23.81172932193151	-3.484625028679719e-05
23.83930530222606	-3.389350561349045e-05
23.86688128252061	-3.296679823922261e-05
23.89445726281516	-3.206541672975877e-05
23.92203324310971	-3.118866910095872e-05
23.94960922340426	-3.033588229426416e-05
23.97718520369881	-2.950638304487803e-05
24.00476118399336	-2.8699573952757e-05
24.03233716428791	-2.791481641764833e-05
24.05991314458246	-2.715150784562186e-05
24.08748912487701	-2.640906209051155e-05
24.11506510517156	-2.568690901322889e-05
24.14264108546611	-2.498449405211206e-05
24.17021706576066	-2.430127780409892e-05
24.19779304605521	-2.363673561651108e-05
24.22536902634976	-2.29903571892334e-05
24.25294500664431	-2.236163178637942e-05
24.28052098693886	-2.175010707463774e-05
24.30809696723341	-2.115529859609186e-05
24.33567294752796	-2.057674948438601e-05
24.36324892782251	-2.001401534558267e-05
24.39082490811706	-1.946666392400952e-05
24.41840088841161	-1.893427477646444e-05
24.44597686870616	-1.84164389546195e-05
24.47355284900071	-1.79127586954627e-05
24.50112882929526	-1.742284711961689e-05
24.52870480958981	-1.69463168027442e-05
24.55628078988436	-1.648282527499748e-05
24.58385677017891	-1.603200503080744e-05
24.61143275047346	-1.559350970675802e-05
24.63900873076801	-1.516700239662526e-05
24.66658471106256	-1.475215539803808e-05
24.69416069135711	-1.434864996546776e-05
24.72173667165166	-1.395617606942521e-05
24.74931265194621	-1.357443216174643e-05
24.77688863224076	-1.320312494684418e-05
24.80446461253531	-1.284196054822665e-05
24.83204059282986	-1.249067969821153e-05
24.85961657312441	-1.214900361764887e-05
24.88719255341896	-1.181666973002634e-05
24.91476853371351	-1.149342262928848e-05
24.94234451400806	-1.117901388778821e-05
24.96992049430261	-1.087320186902876e-05
24.99749647459716	-1.057575154510558e-05
25.02507245489171	-1.028643431875787e-05
25.05264843518626	-1.00050278499383e-05
25.08022441548081	-9.731309230731335e-06
25.10780039577536	-9.465082190587302e-06
25.13537637606991	-9.206135263953593e-06
25.16295235636446	-8.954269400503046e-06
25.19052833665901	-8.709290987238905e-06
25.21810431695356	-8.471011699971352e-06
25.24568029724811	-8.239248365172585e-06
25.27325627754266	-8.013822819086872e-06
25.30083225783721	-7.79456177357545e-06
25.32840823813176	-7.581296684586322e-06
25.35598421842631	-7.373858473158798e-06
25.38356019872086	-7.172098581021272e-06
25.41113617901541	-6.97585660076585e-06
25.43871215930996	-6.784981644803972e-06
25.46628813960452	-6.599326947002893e-06
25.49386411989907	-6.418749752350308e-06
25.52144010019362	-6.243111209361865e-06
25.54901608048817	-6.072276265181232e-06
25.57659206078272	-5.906113563321331e-06
25.60416804107727	-5.744495343995494e-06
25.63174402137182	-5.587293355968907e-06
25.65932000166637	-5.434395173066746e-06
25.68689598196092	-5.285679115204077e-06
25.71447196225547	-5.141030807619595e-06
25.74204794255002	-5.000338999994397e-06
25.76962392284457	-4.863495482833486e-06
25.79719990313912	-4.730395005921987e-06
25.82477588343367	-4.600935198818316e-06
25.85235186372822	-4.47501649334608e-06
25.87992784402277	-4.352542048045976e-06
25.90750382431732	-4.233414599968665e-06
25.93507980461187	-4.117549035647317e-06
25.96265578490642	-4.004853072103988e-06
25.99023176520097	-3.895240014687424e-06
26.01780774549552	-3.788625537326143e-06
26.04538372579007	-3.684927619154208e-06
26.07295970608462	-3.584066482706677e-06
26.10053568637917	-3.485964533656449e-06
26.12811166667372	-3.390546302063872e-06
26.15568764696827	-3.297738385110016e-06
26.18326362726282	-3.207467014003852e-06
26.21083960755737	-3.119667774928079e-06
26.23841558785192	-3.034270672825126e-06
26.26599156814647	-2.951209996559526e-06
26.29356754844102	-2.87042183048605e-06
26.32114352873557	-2.79184400642135e-06
26.34871950903012	-2.715416056803385e-06
26.37629548932467	-2.64107916901711e-06
26.40387146961922	-2.568776140865207e-06
26.43144744991377	-2.498451337161835e-06
26.45902343020832	-2.430048797079278e-06
26.48659941050287	-2.363519801584933e-06
26.51417539079742	-2.298811248740062e-06
26.54175137109197	-2.235873333505786e-06
26.56932735138652	-2.174657611823605e-06
26.59690333168107	-2.115116964225987e-06
26.62447931197562	-2.057205560344462e-06
26.65205529227017	-2.000878824299629e-06
26.67963127256472	-1.94609340095683e-06
26.70720725285927	-1.892807123031345e-06
26.73478323315382	-1.840977560898915e-06
26.76235921344837	-1.790567822586345e-06
26.78993519374292	-1.741537645253999e-06
26.81751117403747	-1.693849280938738e-06
26.84508715433202	-1.647466013316897e-06
26.87266313462657	-1.602352130126179e-06
26.90023911492112	-1.558472896266875e-06
26.92781509521567	-1.515794527570604e-06
26.95539107551022	-1.47428416522443e-06
26.98296705580477	-1.433909850838151e-06
27.01054303609932	-1.394639404225619e-06
27.03811901639387	-1.356444913751119e-06
27.06569499668842	-1.319295841692034e-06
27.09327097698297	-1.283163579341549e-06
27.12084695727752	-1.248020299904766e-06
27.14842293757207	-1.213838937611134e-06
27.17599891786662	-1.180593167338421e-06
27.20357489816117	-1.148257384740074e-06
27.23115087845572	-1.116806686867301e-06
27.25872685875027	-1.08621685327701e-06
27.28630283904482	-1.056463473737208e-06
27.31387881933937	-1.027525441417942e-06
27.34145479963392	-9.99379589587532e-07
27.36903077992847	-9.720042365232081e-07
27.39660676022302	-9.453782931678218e-07
27.42418274051757	-9.194812473006478e-07
27.45175872081212	-8.942931480962026e-07
27.47933470110667	-8.697945910645276e-07
27.50691068140122	-8.459667033663154e-07
27.53448666169577	-8.227911294961674e-07
27.56206264199032	-8.00249371047343e-07
27.58963862228487	-7.783254312624581e-07
27.61721460257942	-7.570017535348365e-07
27.64479058287397	-7.36261906497815e-07
27.67236656316852	-7.160899079960189e-07
27.69994254346307	-6.964702130895642e-07
27.72751852375762	-6.773877023519673e-07
27.75509450405217	-6.588276704568082e-07
27.78267048434672	-6.407758150480586e-07
27.81024646464127	-6.232182258888992e-07
27.83782244493582	-6.061408576436587e-07
27.86539842523037	-5.895316435758689e-07
27.89297440552492	-5.733772523031951e-07
27.92055038581947	-5.576652319747395e-07
27.94812636611402	-5.423834712777915e-07
27.97570234640857	-5.275201904956061e-07
28.00327832670312	-5.130639331768386e-07
28.03085430699767	-4.990035606737943e-07
28.05843028729223	-4.853283388962459e-07
28.08600626758678	-4.720273044663109e-07
28.11358224788133	-4.590903500676974e-07
28.14115822817588	-4.465080677678337e-07
28.16873420847043	-4.342703936346605e-07
28.19631018876498	-4.223678915638589e-07
28.22388616905953	-4.107913833684289e-07
28.25146214935408	-3.99531941738438e-07
28.27903812964863	-3.885808829419872e-07
28.30661410994318	-3.779297568028736e-07
28.33419009023773	-3.675702386282278e-07
28.36176607053228	-3.574947956125946e-07
28.38934205082683	-3.476947683373735e-07
28.41691803112138	-3.381635445881183e-07
28.44449401141593	-3.288934116730234e-07
28.47206999171048	-3.198772192812702e-07
28.49964597200503	-3.111080126417175e-07
28.52722195229958	-3.025790273078384e-07
28.55479793259413	-2.942836840689562e-07
28.58237391288868	-2.862155839856571e-07
28.60994989318323	-2.783685035471631e-07
28.63752587347778	-2.707363899483429e-07
28.66510185377233	-2.633130505703155e-07
28.69267783406688	-2.560933958012419e-07
28.72025381436143	-2.490715532506804e-07
28.74782979465598	-2.422421079116431e-07
28.77540577495053	-2.355997945662032e-07
28.80298175524508	-2.291394951734368e-07
28.83055773553963	-2.228562379457873e-07
28.85813371583418	-2.167452008748357e-07
28.88570969612873	-2.108017297460796e-07
28.91328567642328	-2.050214201319138e-07
28.94086165671783	-1.993944380002469e-07
28.96843763701238	-1.939265479305274e-07
28.99601361730693	-1.886082643508751e-07
29.02358959760148	-1.834356245837443e-07
29.05116557789603	-1.784046871953531e-07
29.07874155819058	-1.735115915696136e-07
29.10631753848513	-1.687525722038893e-07
29.13389351877968	-1.641239619422727e-07
29.16146949907423	-1.59622191728159e-07
29.18904547936878	-1.552437890788073e-07
29.21662145966333	-1.509852060836818e-07
29.24419743995788	-1.468435192980295e-07
29.27177342025243	-1.428153517593173e-07
29.29934940054698	-1.388975929926027e-07
29.32692538084153	-1.350872176209536e-07
29.35450136113608	-1.313812830993052e-07
29.38207734143063	-1.277769275029162e-07
29.40965332172518	-1.242713673695976e-07
29.43722930201973	-1.208618955948613e-07
29.46480528231428	-1.1754587937912e-07
29.49238126260883	-1.143206455788557e-07
29.51995724290338	-1.111839418652804e-07
29.54753322319793	-1.081332298927949e-07
29.57510920349248	-1.051661530367285e-07
29.60268518378703	-1.022804191519641e-07
29.63026116408158	-9.947379885687899e-08
29.65783714437613	-9.674412385844137e-08
29.68541312467068	-9.408928531785902e-08
29.71298910496523	-9.150723225613005e-08
29.74056508525978	-8.899596999881917e-08
29.76814106555433	-8.655347395177964e-08
29.79571704584888	-8.417803644977962e-08
29.82329302614343	-8.186773493942607e-08
29.85086900643798	-7.962078399748334e-08
29.87844498673253	-7.743544706425899e-08
29.90602096702708	-7.531003514475414e-08
29.93359694732163	-7.324290554128596e-08
29.96117292761618	-7.123246061732656e-08
29.98874890791073	-6.927714659239658e-08
30.01632488820528	-6.737545236803632e-08
30.04390086849983	-6.552582330813241e-08
30.07147684879438	-6.372700410412612e-08
30.09905282908893	-6.19775220367508e-08
30.12662880938348	-6.027602652523543e-08
30.15420478967803	-5.862120904473556e-08
30.18178076997258	-5.701184314174111e-08
30.20935675026713	-5.544618622311365e-08
30.23693273056168	-5.392396791804637e-08
30.26450871085623	-5.244337484224687e-08
30.29208469115078	-5.100337765764761e-08
30.31966067144533	-4.960285002693032e-08
30.34723665173988	-4.824075156829865e-08
30.37481263203443	-4.69160205708253e-08
30.40238861232898	-4.562763275691037e-08
30.42996459262353	-4.437459198222407e-08
30.45754057291808	-4.3155929571869e-08
30.48511655321263	-4.197070374860631e-08
30.51269253350718	-4.081799925306846e-08
30.54026851380173	-3.969692744503427e-08
30.56784449409628	-3.860662789056368e-08
30.59542047439083	-3.754548387738762e-08
30.62299645468539	-3.651430170500386e-08
30.65057243497994	-3.551135227706167e-08
30.67814841527449	-3.45359009187216e-08
30.70572439556904	-3.358720612587139e-08
30.73330037586359	-3.266453927051711e-08
30.76087635615814	-3.176718897667163e-08
30.78845233645269	-3.089446219807777e-08
30.81602831674724	-3.004568433263798e-08
30.84360429704179	-2.922019899877489e-08
30.87118027733634	-2.841725018951181e-08
30.89875625763089	-2.763645120594667e-08
30.92633223792544	-2.68770857791966e-08
30.95390821821999	-2.613856592925725e-08
30.98148419851454	-2.542032249378428e-08
31.00906017880909	-2.472176742608827e-08
31.03663615910364	-2.404180744242872e-08
31.06421213939819	-2.338174635972525e-08
31.09178811969274	-2.273917308805758e-08
31.11936409998729	-2.211424459124015e-08
31.14694008028184	-2.150650350661284e-08
31.17451606057639	-2.091541148547659e-08
31.20209204087094	-2.034054747423853e-08
31.22966802116549	-1.978146587633303e-08
31.25724400146004	-1.923773316983221e-08
31.28481998175459	-1.870892748040351e-08
31.31239596204914	-1.819463803956392e-08
31.33997194234369	-1.769446431750282e-08
31.36754792263824	-1.720801406966817e-08
31.39512390293279	-1.673489658572621e-08
31.42269988322734	-1.627507456259304e-08
31.45027586352189	-1.582761994403664e-08
31.47785184381644	-1.53924398394194e-08
31.50542782411099	-1.496921804181724e-08
31.53300380440554	-1.455762342248216e-08
31.56057978470009	-1.415733503742597e-08
31.58815576499464	-1.376804156300203e-08
31.61573174528919	-1.338944063772728e-08
31.64330772558374	-1.302123842516364e-08
31.67088370587829	-1.266314928914611e-08
31.69845968617284	-1.231489552392778e-08
31.72603566646739	-1.197620711360998e-08
31.75361164676194	-1.164682150908286e-08
31.78118762705649	-1.132648341674641e-08
31.80876360735104	-1.101494459604896e-08
31.83633958764559	-1.071196366421308e-08
31.86391556794014	-1.041730590719662e-08
31.89149154823469	-1.013074309629255e-08
31.91906752852924	-9.852053309972795e-09
31.94664350882379	-9.581020760691611e-09
31.97421948911834	-9.3174356264336e-09
32.00179546941289	-9.06109388683045e-09
32.02937144970744	-8.811797163698235e-09
32.05694743000199	-8.569352565862405e-09
32.08452341029654	-8.333572538149351e-09
32.11209939059109	-8.104274714431184e-09
32.13967537088564	-7.881281774615912e-09
32.16725135118019	-7.664421305478886e-09
32.19482733147474	-7.453525665235636e-09
32.22240331176929	-7.24843185175783e-09
