0
1000	1776.86	100000000000000.1
5	0	0	1
5	0	0	0
7.494979834713454	4.540744009994912e-09
7.519733422974787	1.489250882966822e-08
7.544487011236121	2.542059828048828e-08
7.569240599497454	3.415558021736533e-08
7.593994187758788	3.925016700837452e-08
7.618747776020121	3.994796776390373e-08
7.643501364281454	3.994575317062963e-08
7.668254952542788	3.994651820173123e-08
7.693008540804121	3.994216618375732e-08
7.717762129065455	3.994233642666122e-08
7.742515717326788	3.99370507920546e-08
7.767269305588122	3.9948305479144e-08
7.792022893849455	3.993585898656716e-08
7.816776482110789	3.994518595397127e-08
7.841530070372122	4.014086432723412e-08
7.866283658633455	5.312924635477236e-08
7.891037246894789	9.214202648971733e-08
7.915790835156122	1.65356452914123e-07
7.940544423417456	2.823944458240588e-07
7.965298011678789	4.534659973165617e-07
7.990051599940123	6.904427378403884e-07
8.014805188201457	1.006004807962351e-06
8.03955877646279	1.414300161499228e-06
8.064312364724124	1.930709340541276e-06
8.089065952985457	2.571671783604356e-06
8.113819541246791	3.355785409965008e-06
8.138573129508124	4.302250914828108e-06
8.163326717769458	5.431653765614777e-06
8.188080306030791	6.767370765984178e-06
8.212833894292125	8.332332352241154e-06
8.237587482553458	1.015402436654048e-05
8.262341070814792	1.225926376494146e-05
8.287094659076125	1.46753709147612e-05
8.311848247337458	1.743471798598934e-05
8.336601835598792	2.056904866493495e-05
8.361355423860125	2.411245528363329e-05
8.386109012121459	2.810127966337494e-05
8.410862600382792	3.257448241316192e-05
8.435616188644126	3.75711775129467e-05
8.460369776905459	4.313425276660498e-05
8.485123365166793	4.931035513366617e-05
8.509876953428126	5.614352143212725e-05
8.534630541689459	6.368337123349962e-05
8.559384129950793	7.198238460414076e-05
8.584137718212126	8.109282600689232e-05
8.60889130647346	9.10731973200856e-05
8.633644894734793	0.000101979292735801
8.658398482996127	0.0001138740880632271
8.68315207125746	0.0001268234054687065
8.707905659518794	0.0001408921599600073
8.732659247780127	0.000156153823826489
8.75741283604146	0.0001726771965162667
8.782166424302794	0.0001905412947103042
8.806920012564127	0.0002098206952383156
8.831673600825461	0.0002306018844711286
8.856427189086794	0.0002529678823873058
8.881180777348128	0.0002770074149389108
8.905934365609461	0.000302816359806316
8.930687953870795	0.0003304858983729254
8.955441542132128	0.000360118361509644
8.980195130393462	0.0003918179684659054
9.004948718654795	0.0004256908095264386
9.029702306916128	0.0004618497877690422
9.054455895177462	0.0005004111629399206
9.079209483438795	0.0005414952629483875
9.103963071700129	0.0005852239511902668
9.128716659961462	0.0006317247868629292
9.153470248222796	0.0006811407223684601
9.178223836484129	0.0007336046459017003
9.202977424745463	0.0007892570105446908
9.227731013006796	0.0008482544123718165
9.252484601268129	0.0009107467821864906
9.277238189529463	0.0009768962964734947
9.301991777790796	0.001046869980046699
9.32674536605213	0.001120836610990256
9.351498954313463	0.001198975508751959
9.376252542574797	0.001281472924130543
9.40100613083613	0.001368518891453035
9.425759719097464	0.001460309127154275
9.450513307358797	0.001557049441012461
9.47526689562013	0.001658955643747956
9.500020483881464	0.00176623697681791
9.524774072142797	0.001879134051656134
9.549527660404131	0.001997869305638433
9.574281248665464	0.002122690631000867
9.599034836926798	0.002253850982907556
9.623788425188131	0.002391604596965017
9.648542013449465	0.002536224668853086
9.673295601710798	0.002687988726291338
9.698049189972132	0.002847187267514256
9.722802778233465	0.003014105800221796
9.747556366494798	0.003189070716723579
9.772309954756132	0.003372383751417951
9.797063543017465	0.003564382629960572
9.821817131278799	0.003765407196050432
9.846570719540132	0.003975807229986557
9.871324307801466	0.004195941375377964
9.896077896062799	0.004426191133460517
9.920831484324133	0.004666944502294084
9.945585072585466	0.004918601808261534
9.970338660846799	0.005181580873055988
9.995092249108133	0.005456310242251063
10.01984583736947	0.005743237210973248
10.0445994256308	0.006042816688783152
10.06935301389213	0.006355510638418014
10.09410660215347	0.00668183013991317
10.1188601904148	0.007022265355036167
10.14361377867613	0.007377346850270691
10.16836736693747	0.007747608056601329
10.1931209551988	0.008133620411854512
10.21787454346013	0.008535954566796308
10.24262813172147	0.009108412430781867
10.2673817199828	0.009629444483546648
10.29213530824413	0.01005129576444166
10.31688889650547	0.01062471092540997
10.3416424847668	0.0111845635353096
10.36639607302813	0.01171810773891938
10.39114966128947	0.01215949086353114
10.4159032495508	0.01277739846368578
10.44065683781213	0.01326903942153649
10.46541042607347	0.01394583476788703
10.4901640143348	0.01459371607853046
10.51491760259614	0.01515615570018981
10.53967119085747	0.01590152952211391
10.5644247791188	0.01652427340923655
10.58917836738014	0.01734646425569824
10.61393195564147	0.01847967885099354
10.6386855439028	0.01983193181292989
10.66343913216414	0.0218242174529407
10.68819272042547	0.02422291522916114
10.7129463086868	0.02746164716428083
10.73769989694814	0.03143939060076261
10.76245348520947	0.03636551633710633
10.7872070734708	0.04227915002339256
10.81196066173214	0.0494658042022873
10.83671424999347	0.05791823069400012
10.8614678382548	0.06804820209352591
10.88622142651614	0.0796839584425714
10.91097501477747	0.09320404299387101
10.9357286030388	0.1084127788157837
10.96048219130014	0.1261423462722827
10.98523577956147	0.1464604040244366
11.0099893678228	0.1687760596040352
11.03474295608414	0.1941296004018873
11.05949654434547	0.2222794280205521
11.0842501326068	0.2525279791026386
11.10900372086814	0.2864307785955835
11.13375730912947	0.3228252054156042
11.1585108973908	0.3627833613051102
11.18326448565214	0.4055747182325515
11.20801807391347	0.4527223296233545
11.23277166217481	0.5023199130743204
11.25752525043614	0.5564759836453723
11.28227883869747	0.6136941323540122
11.30703242695881	0.6751846951269322
11.33178601522014	0.7406373035590402
11.35653960348147	0.8108026612977371
11.38129319174281	0.8844634778324885
11.40604678000414	0.9628707434292355
11.43080036826547	1.046138854399934
11.45555395652681	1.133743243654053
11.48030754478814	1.226265492925565
11.50506113304947	1.323563254313593
11.52981472131081	1.426771815581532
11.55456830957214	1.534390849907497
11.57932189783347	1.64724086110046
11.60407548609481	1.766489925937712
11.62882907435614	1.890667045598653
11.65358266261747	2.021011805088414
11.67833625087881	2.156852944606647
11.70308983914014	2.298808302002047
11.72784342740147	2.447929235475293
11.75259701566281	2.602462119354762
11.77735060392414	2.764715464810522
11.80210419218547	2.932594558301542
11.82685778044681	3.107158903099843
11.85161136870814	3.289737623374128
11.87636495696947	3.47875900447457
11.90111854523081	3.675254814904306
11.92587213349214	3.88010231215626
11.95062572175348	4.09214547772722
11.97537931001481	4.312802597487203
12.00013289827614	4.540788298976709
12.02488648653748	4.777011957743484
12.04964007479881	5.022664302649853
12.07439366306014	5.276017333167215
12.09914725132148	5.538514595574743
12.12390083958281	5.811283394426624
12.14865442784414	6.09265952632701
12.17340801610548	6.38341539048338
12.19816160436681	6.684283539297581
12.22291519262814	6.995922232840364
12.24766878088948	7.317274489513589
12.27242236915081	7.649044426282591
12.29717595741214	7.992240667076112
12.32192954567348	8.345912045301027
12.34668313393481	8.711294287814084
12.37143672219614	9.089330921335259
12.39619031045748	9.478083256944169
12.42094389871881	9.879401523348724
12.44569748698014	10.29350879419246
12.47045107524148	10.72105684510545
12.49520466350281	11.16129838868998
12.51995825176414	11.61504775980879
12.54471184002548	12.08263832630151
12.56946542828681	12.56488150183209
12.59421901654814	13.0615382750654
12.61897260480948	13.57284088757669
12.64372619307081	14.10059332236909
12.66847978133215	14.64342285121376
12.69323336959348	15.20285909135245
12.71798695785481	15.77841612626321
12.74274054611615	16.37223087515644
12.76749413437748	16.98256358325608
12.79224772263881	17.61114251073019
12.81700131090015	18.25838640914216
12.84175489916148	18.9251176778522
12.86650848742281	19.610535209308
12.89126207568415	20.31612482896325
12.91601566394548	21.04232187912912
12.94076925220681	21.79098097603336
12.96552284046815	22.56021197615524
12.99027642872948	23.35154053841046
13.01503001699081	24.16607249541412
13.03978360525215	25.00444415369956
13.06453719351348	25.86806077109737
13.08929078177481	26.75598121885624
13.11404437003615	27.66905250019552
13.13879795829748	28.60901955812681
13.16355154655881	29.57687324813226
13.18830513482015	30.57213846428976
13.21305872308148	31.5962066982156
13.23781231134281	32.64994105148433
13.26256589960415	33.73429268242882
13.28731948786548	34.85120137487532
13.31207307612681	35.99938918601226
13.33682666438815	37.1807667616179
13.36158025264948	38.3964191119607
13.38633384091082	39.64807626679926
13.41108742917215	40.93727022532585
13.43584101743348	42.26307683629472
13.46059460569482	43.62730471232647
13.48534819395615	45.03156550629641
13.51010178221748	46.47727445447455
13.53485537047882	47.9666202444614
13.55960895874015	49.4988745729914
13.58436254700148	51.07655651899308
13.60911613526282	52.70080047468821
13.63386972352415	54.37319402804373
13.65862331178548	56.09657056767727
13.68337690004682	57.87025850449462
13.70813048830815	59.69713881937319
13.73288407656948	61.57823447062217
13.75763766483082	63.51628204850433
13.78239125309215	65.51237301633276
13.80714484135348	67.57006738528131
13.83189842961482	69.68868453073722
13.85665201787615	71.87194081653138
13.88140560613748	74.12212463488243
13.90615919439882	76.44083906055987
13.93091278266015	78.83057134033902
13.95566637092148	81.29436586520418
13.98041995918282	83.83327022553649
14.00517354744415	86.45109789766725
14.02992713570548	89.15035607167218
14.05468072396682	91.93363887804064
14.07943431222815	94.80419656684379
14.10418790048949	97.76479353234552
14.12894148875082	100.8177263730882
14.15369507701215	103.9644190479307
14.17844866527349	107.2158899348036
14.20320225353482	110.5680458127635
14.22795584179615	114.0268202305989
14.25270943005749	117.5966303359284
14.27746301831882	121.2804659110968
14.30221660658015	125.082338718564
14.32697019484149	129.0067230283401
14.35172378310282	133.0579809456742
14.37647737136415	137.240951699444
14.40123095962549	141.5598645507167
14.42598454788682	146.0209243941796
14.45073813614815	150.6271322705068
14.47549172440949	155.3845508009948
14.50024531267082	160.2989248281604
14.52499890093215	165.3753317504168
14.54975248919349	170.6199588612322
14.57450607745482	176.0390945607536
14.59925966571615	181.6405531679565
14.62401325397749	187.427733524812
14.64876684223882	193.4089186372671
14.67352043050015	199.5910648607872
14.69827401876149	205.9814660632123
14.72302760702282	212.5883840644023
14.74778119528415	219.4183222448817
14.77253478354549	226.4808934974739
14.79728837180682	233.7852150295414
14.82204196006816	241.3374130716265
14.84679554832949	249.1479720490547
14.87154913659082	257.2263418588157
14.89630272485216	265.5824494083828
14.92105631311349	274.2262170206507
14.94580990137482	283.1685258742966
14.97056348963616	292.4216622838936
14.99531707789749	301.9944683479016
15.02007066615882	311.8998931359168
15.04482425442016	322.1498306478327
15.06957784268149	332.7576124728474
15.09433143094282	343.7358939565361
15.11908501920416	355.0981977392293
15.14383860746549	366.859047373812
15.16859219572682	379.0331085892186
15.19334578398816	391.6338573672747
15.21809937224949	404.6832951158891
15.24285296051082	418.1906495550968
15.26760654877216	432.1748727429522
15.29236013703349	446.654071117562
15.31711372529482	461.6460753816905
15.34186731355616	477.1701717356428
15.36662090181749	493.2459071737066
15.39137449007882	509.8948033719184
15.41612807834016	527.1347139960401
15.44088166660149	544.9894354822287
15.46563525486282	563.4814896328437
15.49038884312416	582.6338992170677
15.51514243138549	602.4715324009978
15.53989601964683	623.0174355414271
15.56464960790816	644.2999937025558
15.58940319616949	666.345149072586
15.61415678443083	689.1808271079785
15.63891037269216	712.8365026991078
15.66366396095349	737.3412068120772
15.68841754921483	762.7261687311533
15.71317113747616	789.0239541130841
15.73792472573749	816.267064501355
15.76267831399883	844.4912440360287
15.78743190226016	873.7313691326586
15.81218549052149	904.0250776835048
15.83693907878283	935.4088865978806
15.86169266704416	967.9243217538708
15.88644625530549	1001.613297772979
15.91119984356683	1036.515041580676
15.93595343182816	1072.675963783351
15.96070702008949	1110.139227922774
15.98546060835083	1148.95483610359
16.01021419661216	1189.170791109491
16.03496778487349	1230.83738893598
16.05972137313483	1274.00641539837
16.08447496139616	1318.733248408729
16.10922854965749	1365.073190752695
16.13398213791883	1413.086108552274
16.15873572618016	1462.828802769541
16.18348931444149	1514.364210241275
16.20824290270283	1567.757805392348
16.23299649096416	1623.075955516076
16.2577500792255	1680.387317928022
16.28250366748683	1739.765634077044
16.30725725574816	1801.277438910588
16.3320108440095	1865.006543726858
16.35676443227083	1931.029290888642
16.38151802053216	1999.427592436128
16.4062716087935	2070.285284696959
16.43102519705483	2143.692035391283
16.45577878531616	2219.735361592231
16.4805323735775	2298.509703335342
16.50528596183883	2380.113071330829
16.53003955010016	2464.64083008576
16.5547931383615	2552.206958224708
16.57954672662283	2642.909060939522
16.60430031488416	2736.861120052612
16.6290539031455	2834.177684322905
16.65380749140683	2934.977758555865
16.67856107966816	3039.382459845264
16.7033146679295	3147.521569773152
16.72806825619083	3259.522149468478
16.75282184445216	3375.520976956912
16.7775754327135	3495.6591982416
16.80232902097483	3620.080268588144
16.82708260923616	3748.935268352824
16.8518361974975	3882.378654507169
16.87658978575883	4020.570647610372
16.90134337402016	4163.67611383461
16.9260969622815	4311.862271124637
16.95085055054283	4465.318695761255
16.97560413880417	4624.215671038849
17.0003577270655	4788.748037851864
17.02511131532683	4959.107591241741
17.04986490358817	5135.497618918672
17.0746184918495	5318.126566719338
17.09937208011083	5507.210850849136
17.12412566837217	5702.973004952489
17.1488792566335	5905.64341115729
17.17363284489483	6115.460224141842
17.19838643315617	6332.669302081293
17.2231400214175	6557.523606587917
17.24789360967883	6790.287376836567
17.27264719794017	7031.231351339238
17.2974007862015	7280.636517621276
17.32215437446283	7538.79193053139
17.34690796272417	7805.997654846534
17.3716615509855	8082.560361930459
17.39641513924683	8368.802495732396
17.42116872750817	8665.053062470775
17.4459223157695	8971.653788130288
17.47067590403083	9288.955304355739
17.49542949229217	9617.322296362841
17.5201830805535	9957.130132355091
17.54493666881483	10308.76807700577
17.56969025707617	10672.6361565979
17.5944438453375	11049.14998272943
17.61919743359883	11438.73527611269
17.64395102186017	11841.83484814319
17.6687046101215	12258.91617971461
17.69345819838284	12690.41756725443
17.71821178664417	13136.85864124657
17.7429653749055	13598.73152957947
17.76771896316684	14076.55378489143
17.79247255142817	14570.86188072056
17.8172261396895	15082.20952676958
17.84197972795084	15611.16780290674
17.86673331621217	16158.32768117936
17.8914869044735	16724.29771306896
17.91624049273484	17309.70677737197
17.94099408099617	17915.20449682737
17.9657476692575	18541.46174736673
17.99050125751884	19189.17058845968
18.01525484578017	19859.04508611722
18.0400084340415	20551.82426009304
18.06476202230284	21268.26940582322
18.08951561056417	22009.16895163085
18.1142691988255	22775.33053615482
18.13902278708684	23567.59370316511
18.16377637534817	24386.82411958624
18.1885299636095	25233.9137599785
18.21328355187084	26109.78467855859
18.23803714013217	27015.38786993085
18.2627907283935	27951.70545351764
18.28754431665484	28919.74963298126
18.31229790491617	29920.56642142977
18.3370514931775	30955.23569381676
18.36180508143884	32024.86946512965
18.38655866970017	33130.6199326058
18.41131225796151	34273.67166010703
18.43606584622284	35455.24856766449
18.46081943448417	36676.61569607336
18.48557302274551	37939.07381654055
18.51032661100684	39243.97152804805
18.53508019926817	40592.6939624536
18.55983378752951	41986.67297157177
18.58458737579084	43427.3880763733
18.60934096405217	44916.36357299258
18.63409455231351	46455.17235557785
18.65884814057484	48045.43807198513
18.68360172883617	49688.83508499539
18.70835531709751	51387.09081122148
18.73310890535884	53141.98470058053
18.75786249362017	54955.36518147319
18.78261608188151	56829.11993620931
18.80736967014284	58765.20954202042
18.83212325840417	60765.65164129218
18.85687684666551	62832.52998576716
18.88163043492684	64967.99249202386
18.90638402318817	67174.25562664247
18.93113761144951	69453.57563992268
18.95589119971084	71808.39926527868
18.98064478797217	74241.06838038686
19.00539837623351	76754.12193889028
19.03015196449484	79350.14747333057
19.05490555275617	82031.81346830924
19.07965914101751	84801.87222014116
19.10441272927884	87663.16288408353
19.12916631754018	90618.6127043481
19.15391990580151	93671.24091446058
19.17867349406284	96824.16161535161
19.20342708232418	100080.5862767164
19.22818067058551	103443.8263436869
19.25293425884684	106917.2968225814
19.27768784710818	110504.5193934271
19.30244143536951	114209.1258242379
19.32719502363084	118034.8608981072
19.35194861189218	121985.5806914537
19.37670220015351	126065.2832261004
19.40145578841484	130278.0583263676
19.42620937667618	134628.1487052302
19.45096296493751	139119.9108267768
19.47571655319884	143757.850049971
19.50047014146018	148546.6075372133
19.52522372972151	153490.9666185629
19.54997731798284	158595.8612038622
19.57473090624418	163866.3736092706
19.59948449450551	169307.7483209679
19.62423808276684	174925.4010228551
19.64899167102818	180724.8906144643
19.67374525928951	186711.9679150376
19.69849884755084	192892.5609767962
19.72325243581218	199272.7585017378
19.74800602407351	205858.8712610504
19.77275961233484	212657.3817483172
19.79751320059618	219674.9796905376
19.82226678885751	226918.5572224679
19.84702037711885	234395.2221755052
19.87177396538018	242112.302473563
19.89652755364151	250077.3432548541
19.92128114190285	258298.1349377974
19.94603473016418	266782.6951962316
19.97078831842551	275539.2944835742
19.99554190668685	284576.4529503662
20.02029549494818	293902.9562701159
20.04504908320951	303527.8548384742
20.06980267147085	313460.4853738964
20.09455625973218	323710.4607704607
20.11930984799351	334287.6907171659
20.14406343625485	345202.3912673619
20.16881702451618	356465.0843943312
20.19357061277751	368086.6320788235
20.21832420103885	380078.2637689447
20.24307778930018	392451.3132883077
20.26783137756151	405217.8462973795
20.29258496582285	418390.0283370772
20.31733855408418	431980.4799607194
20.34209214234551	446002.1827805127
20.36684573060685	460468.5259457451
20.39159931886818	475393.3157355947
20.41635290712951	490790.7386555399
20.44110649539085	506675.4998760012
20.46586008365218	523062.5930069697
20.49061367191351	539967.658835465
20.51536726017485	557406.6913100738
20.54012084843618	575396.2005675538
20.56487443669752	593953.2457725544
20.58962802495885	613095.1971159488
20.61438161322018	632840.2707463433
20.63913520148152	653207.0364186788
20.66388878974285	674214.6032053973
20.68864237800418	695882.7822480936
20.71339596626552	718231.8941662221
20.73814955452685	741282.8893538343
20.76290314278818	765057.3783126968
20.78765673104952	789577.5981327551
20.81241031931085	814866.4627220815
20.83716390757218	840947.5897012125
20.86191749583352	867845.2997482945
20.88667108409485	895584.6903196389
20.91142467235618	924191.4069034351
20.93617826061752	953692.2110960031
20.96093184887885	984114.4320140219
20.98568543714018	1015486.271005474
21.01043902540152	1047836.802801778
21.03519261366285	1081195.951497497
21.05994620192418	1115594.532079944
21.08469979018552	1151064.356670127
21.10945337844685	1187638.087194156
21.13420696670818	1225349.436701038
21.15896055496952	1264233.101146173
21.18371414323085	1304324.845261102
21.20846773149218	1345661.472897249
21.23322131975352	1388280.743987628
21.25797490801485	1432222.194253723
21.28272849627619	1477525.576484751
21.30748208453752	1524232.477832585
21.33223567279885	1572385.549107424
21.35698926106019	1622028.766177815
21.38174284932152	1673207.364040138
21.40649643758285	1725967.956952473
21.43125002584419	1780358.537417494
21.45600361410552	1836428.546060005
21.48075720236685	1894228.893222298
21.50551079062819	1953811.99877045
21.53026437888952	2015231.85843815
21.55501796715085	2078544.068022025
21.57977155541219	2143805.880745846
21.60452514367352	2211076.242386772
21.62927873193485	2280415.882240663
21.65403232019619	2351887.32301136
21.67878590845752	2425554.928290003
21.70353949671885	2501484.979977345
21.72829308498019	2579745.77649628
21.75304667324152	2660407.587191484
21.77780026150285	2743542.780237169
21.80255384976419	2829225.870976038
21.82730743802552	2917533.620531537
21.85206102628685	3008545.027771259
21.87681461454819	3102341.44419044
21.90156820280952	3199006.62944899
21.92632179107085	3298626.83704335
21.95107537933219	3401290.854629168
21.97582896759352	3507090.117103739
22.00058255585486	3616118.744292773
22.02533614411619	3728473.665282861
22.05008973237752	3844254.713596626
22.07484332063886	3963564.447015596
22.09959690890019	4086508.787918531
22.12435049716152	4213196.588551021
22.14910408542286	4343739.941513259
22.17385767368419	4478254.252829405
22.19861126194552	4616858.334869323
22.22336485020686	4759674.516609431
22.24811843846819	4906828.717215491
22.27287202672952	5058450.568070734
22.29762561499086	5214673.376587046
22.32237920325219	5375634.954616647
22.34713279151352	5541476.310054635
22.37188637977486	5712343.162563558
22.39663996803619	5888385.376302148
22.42139355629752	6069757.248325886
22.44614714455886	6256617.571832325
22.47090073282019	6449129.833480178
22.49565432108152	6647462.316308651
22.52040790934286	6851788.210423906
22.54516149760419	7062285.8580724
22.56991508586552	7279138.775494949
22.59466867412686	7502535.935661192
22.61942226238819	7732671.6729298
22.64417585064952	7969746.254877331
22.66892943891086	8213965.675864116
22.69368302717219	8465541.990511447
22.71843661543353	8724693.470898446
22.74319020369486	8991644.757774262
22.76794379195619	9266627.100329859
22.79269738021753	9549878.514768019
22.81745096847886	9841643.870024538
22.84220455674019	10142175.40908382
22.86695814500153	10451732.5331594
22.89171173326286	10770582.29231663
22.91646532152419	11098999.59317339
22.94121890978553	11437267.31365639
22.96597249804686	11785676.55242151
22.99072608630819	12144527.06131932
23.01547967456953	12514127.09770045
23.04023326283086	12894794.00498859
23.06498685109219	13286854.62928958
23.08974043935353	13690644.87649424
23.11449402761486	14106510.74993554
23.13924761587619	14534808.24976934
23.16400120413753	14975903.73578946
23.18875479239886	15430174.27982423
23.21350838066019	15898007.79629479
23.23826196892153	16379803.62713691
23.26301555718286	16875972.63991904
23.28776914544419	17386937.65665013
23.31252273370553	17913133.80954915
23.33727632196686	18455008.85047283
23.36202991022819	19013023.53713357
23.38678349848953	19587652.02903049
23.41153708675086	20179382.00806908
23.4362906750122	20788716.00131968
23.46104426327353	21416170.20653465
23.48579785153486	22062276.34869508
23.5105514397962	22727581.39026483
23.53530502805753	23412648.242563
23.56005861631886	24118056.01059694
23.5848122045802	24844400.60013945
23.60956579284153	25592295.33580028
23.63431938110286	26362370.95826545
23.6590729693642	27155276.73670449
23.68382655762553	27971680.67687419
23.70858014588686	28812269.99963647
23.7333337341482	29677751.86297961
23.75808732240953	30568853.85425692
23.78284091067086	31486324.60987733
23.8075944989322	32430934.41910469
23.83234808719353	33403475.5272385
23.85710167545486	34404763.52383952
23.8818552637162	35435637.21277403
23.90660885197753	36496959.668401
23.93136244023886	37589618.91742316
23.9561160285002	38714528.52865065
23.98086961676153	39872628.42963113
24.00562320502286	41064885.60810311
24.0303767932842	42292295.08485317
24.05513038154553	43555880.16527144
24.07988396980686	44856694.02811276
24.1046375580682	46195819.97654556
24.12939114632953	47574372.46932985
24.15414473459087	48993498.12444536
24.1788983228522	50454376.49233566
24.20365191111353	51958221.02215921
24.22840549937487	53506280.08012152
24.2531590876362	55099837.81263956
24.27791267589753	56740215.69535703
24.30266626415887	58428772.50415156
24.3274198524202	60166906.45311585
24.35217344068153	61956055.81741447
24.37692702894287	63797700.19197522
24.4016806172042	65693361.59445412
24.42643420546553	67644605.57814296
24.45118779372687	69653042.90294892
24.4759413819882	71720330.27999517
24.50069497024953	73848172.02344729
24.52544855851087	76038321.15399818
24.5502021467722	78292581.04818133
24.57495573503353	80612806.7045923
24.59970932329487	83000906.2998739
24.6244629115562	85458842.50882673
24.64921649981753	87988634.20866902
24.67397008807887	90592358.27395529
24.6987236763402	93272150.69879559
24.72347726460153	96030208.67756025
24.74823085286287	98868792.37935621
24.7729844411242	101790226.3241965
24.79773802938553	104796901.6171103
24.82249161764687	107891277.6898918
24.8472452059082	111075884.8179913
24.87199879416954	114353323.2192504
24.89675238243087	117726270.6560118
24.9215059706922	121197479.2085269
24.94625955895354	124769780.1030859
24.97101314721487	128446085.2078977
24.9957667354762	132229389.586602
25.02052032373754	136122773.5018629
25.04527391199887	140129405.2368408
25.0700275002602	144252543.5996809
25.09478108852154	148495539.2745708
25.11953467678287	152861839.7212258
25.1442882650442	157354989.8284382
25.16904185330554	161978635.6682413
25.19379544156687	166736526.9368485
25.2185490298282	171632520.2503883
25.24330261808954	176670581.9011166
25.26805620635087	181854790.8667546
25.2928097946122	187189342.9734005
25.31756338287354	192678551.4407333
25.34231697113487	198326854.373188
25.3670705593962	204138814.7028213
25.39182414765754	210119125.5354056
25.41657773591887	216272612.7852062
25.4413313241802	222604240.1159404
25.46608491244154	229119111.7563559
25.49083850070287	235822476.8476844
25.5155920889642	242719736.9711619
25.54034567722554	249816434.1200694
25.56509926548687	257118286.2980099
25.58985285374821	264631161.00256
25.61460644200954	272361096.8364919
25.63936003027087	280314301.5127588
25.66411361853221	288497159.6838712
25.68886720679354	296916237.0692631
25.71362079505487	305578285.032346
25.73837438331621	314490246.4312024
25.76312797157754	323659261.1619191
25.78788155983887	333092670.2845448
25.81263514810021	342798023.3417879
25.83738873636154	352783084.2502609
25.86214232462287	363055835.4744352
25.88689591288421	373624485.4477328
25.91164950114554	384497475.6496074
25.93640308940687	395683485.1974055
25.96115667766821	407191439.9037622
25.98591026592954	419030516.5929627
26.01066385419087	431210153.0303807
26.03541744245221	443740051.9105061
26.06017103071354	456630189.5100968
26.08492461897487	469890827.3730739
26.10967820723621	483532513.837676
26.13443179549754	497566095.8706039
26.15918538375887	512002726.3062667
26.18393897202021	526853873.6406493
26.20869256028154	542131329.1053978
26.23344614854287	557847216.6119063
26.25819973680421	574014003.3445204
26.28295332506554	590644504.83216
26.30770691332688	607751902.5274585
26.33246050158821	625349745.3894187
26.35721408984954	643451966.3730909
26.38196767811088	662072890.3697925
26.40672126637221	681227245.3586857
26.43147485463354	700930175.7535472
26.45622844289488	721197250.5216951
26.48098203115621	742044477.9389006
26.50573561941754	763488317.1164864
26.53048920767888	785545688.8553323
26.55524279594021	808233992.6072851
26.57999638420154	831571115.1874062
26.60474997246288	855575447.2987251
26.62950356072421	880265896.2729983
26.65425714898554	905661902.8870363
26.67901073724688	931783451.5854526
26.70376432550821	958651090.634449
26.72851791376954	986285944.7499323
26.75327150203088	1014709732.020924
26.77802509029221	1043944780.463822
26.80277867855354	1074014048.791953
26.82753226681488	1104941133.202864
26.85228585507621	1136750297.666618
26.87703944333754	1169466485.754298
26.90179303159888	1203115340.783374
26.92654661986021	1237723226.025783
26.95130020812154	1273317243.925275
26.97605379638288	1309925257.029317
27.00080738464421	1347575909.35916
27.02556097290555	1386298647.239927
27.05031456116688	1426123745.205009
27.07506814942821	1467082322.180049
27.09982173768955	1509206371.693818
27.12457532595088	1552528782.837781
27.14932891421221	1597083366.682894
27.17408250247355	1642904875.962614
27.19883609073488	1690029048.103467
27.22358967899621	1738492610.971092
27.24834326725755	1788333323.47502
27.27309685551888	1839590001.319116
27.29785044378021	1892302546.344662
27.32260403204155	1946511975.665729
27.34735762030288	2002260455.490881
27.37211120856421	2059591329.740336
27.39686479682555	2118549155.124861
27.42161838508688	2179179730.266777
27.44637197334821	2241530142.389455
27.47112556160955	2305648786.969615
27.49587914987088	2371585414.106884
27.52063273813221	2439391163.701043
27.54538632639355	2509118604.051949
27.57013991465488	2580821771.925375
27.59489350291621	2654556211.478761
27.61964709117755	2730379018.546382
27.64440067943888	2808348883.656967
27.66915426770021	2888526128.853784
27.69390785596155	2970972771.963563
27.71866144422288	3055752550.640567
27.74341503248422	3142930982.891122
27.76816862074555	3232575414.24228
27.79292220900688	3324755068.116667
27.81767579726822	3419541105.829877
27.84242938552955	3517006637.060381
27.86718297379088	3617226864.639941
27.89193656205222	3720279049.625609
27.91669015031355	3826242613.91749
27.94144373857488	3935199184.967029
27.96619732683622	4047232679.930471
27.99095091509755	4162429340.603847
28.01570450335888	4280877812.687538
28.04045809162022	4402669209.580366
28.06521167988155	4527897181.249828
28.08996526814288	4656657980.10055
28.11471885640422	4789050544.555234
28.13947244466555	4925176558.283213
28.16422603292688	5065140535.696298
28.18897962118822	5209049895.297285
28.21373320944955	5357015047.847507
28.23848679771088	5509149469.976936
28.26324038597222	5665569793.58581
28.28799397423355	5826395891.037643
28.31274756249488	5991750966.238049
28.33750115075622	6161761835.845724
28.36225473901755	6336558073.539976
28.38700832727888	6516274011.614301
28.41176191554022	6701046933.65452
28.43651550380155	6891018129.951637
28.46126909206289	7086332810.151937
28.48602268032422	7287140217.30833
28.51077626858555	7493593746.076777
28.53552985684689	7705851033.525978
28.56028344510822	7924074097.50006
28.58503703336955	8148429447.884717
28.60979062163089	8379088207.090288
28.63454420989222	8616226267.732063
28.65929779815355	8860024364.630112
28.68405138641489	9110668265.669802
28.70880497467622	9368348883.136238
28.73355856293755	9633262416.192497
28.75831215119889	9905610501.627949
28.78306573946022	10185600373.8507
28.80781932772155	10473444996.08051
28.83257291598289	10769363234.09433
28.85732650424422	11073580015.57067
28.88208009250555	11386326510.49841
28.90683368076689	11707840215.90344
28.93158726902822	12038365330.57489
28.95634085728955	12378152718.73731
28.98109444555089	12727460210.6569
29.00584803381222	13086552769.39572
29.03060162207355	13455702693.58655
29.05535521033489	13835189806.90948
29.08010879859622	14225301680.91372
29.10486238685755	14626333834.52925
29.12961597511889	15038589957.21864
29.15436956338022	15462382138.00057
29.17912315164156	15898031073.19997
29.20387673990289	16345866362.12969
29.22863032816422	16806226679.85494
29.25338391642556	17279460064.84252
29.27813750468689	17765924177.79122
29.30289109294822	18265986549.06895
29.32764468120956	18780024869.9693
29.35239826947089	19308427248.44162
29.37715185773222	19851592526.25984
29.40190544599356	20409930532.58598
29.42665903425489	20983862441.12203
29.45141262251622	21573821009.42356
29.47616621077756	22180250969.89878
29.50091979903889	22803609318.95946
29.52567338730022	23444365644.26024
29.55042697556156	24103002500.1744
29.57518056382289	24780015747.26228
29.59993415208422	25475914913.95665
29.62468774034556	26191223585.89792
29.64944132860689	26926479773.21938
29.67419491686822	27682236340.6792
29.69894850512956	28459061340.10658
29.72370209339089	29257538530.66777
29.74845568165222	30078267716.80278
29.77320926991356	30921865261.32711
29.79796285817489	31788964486.39735
29.82271644643622	32680216153.01783
29.84747003469756	33596288952.74607
29.87222362295889	34537869983.82893
29.89697721122023	35505665261.88655
29.92173079948156	36500400230.46358
29.94648438774289	37522820338.43244
29.97123797600423	38573691481.10422
29.99599156426556	39653800698.47865
30.02074515252689	40763956639.21661
30.04549874078823	41904990201.02116
30.07025232904956	43077755159.29013
30.09500591731089	44283128763.2115
30.11975950557223	45522012364.18227
30.14451309383356	46795332114.09949
30.16926668209489	48104039634.00951
30.19402027035623	49449112662.44631
30.21877385861756	50831555875.61172
30.24352744687889	52252401493.66729
30.26828103514023	53712710132.15083
30.29303462340156	55213571553.72038
30.31778821166289	56756105446.11629
30.34254179992423	58341462229.70928
30.36729538818556	59970823970.79573
30.39204897644689	61645405146.98344
30.41680256470823	63366453612.90548
30.44155615296956	65135251453.80279
30.46630974123089	66953115959.26544
30.49106332949223	68821400567.86174
30.51581691775356	70741495899.43802
30.54057050601489	72714830664.12952
30.56532409427623	74742872812.16241
30.59007768253756	76827130568.9043
30.61483127079889	78969153501.64294
30.63958485906023	81170533684.67194
30.66433844732156	83432906871.13103
30.6890920355829	85757953655.70175
30.71384562384423	88147400688.19727
30.73859921210556	90603021976.80217
30.7633528003669	93126640119.80038
30.78810638862823	95720127686.67061
30.81285997688956	98385408580.78957
30.8376135651509	101124459376.6485
30.86236715341223	103939310812.9404
30.88712074167356	106832049280.3569
30.9118743299349	109804818287.3559
30.93662791819623	112859820044.9409
30.96138150645756	115999317056.2298
30.9861350947189	119225633824.3206
31.01088868298023	122541158425.8349
31.03564227124156	125948344350.1499
31.0603958595029	129449712177.5906
31.08514944776423	133047851533.2721
31.10990303602556	136745422884.8384
31.1346566242869	140545159487.9133
31.15941021254823	144449869246.1508
31.18416380080956	148462437173.9872
31.2089173890709	152585826942.7282
31.23367097733223	156823083330.6782
31.25842456559356	161177334372.7227
31.2831781538549	165651793634.4485
31.30793174211623	170249762554.1783
31.33268533037756	174974632781.2909
31.3574389186389	179829888683.9652
31.38219250690023	184819109539.9011
31.40694609516157	189945974315.7534
31.4316996834229	195214258590.179
31.45645327168423	200627844362.0225
31.48120685994557	206190718818.4023
31.5059604482069	211906977917.5912
31.53071403646823	217780829530.3602
31.55546762472957	223816596424.5501
31.5802212129909	230018719419.4228
31.60497480125223	236391760550.4735
31.62972838951357	242940406424.9371
31.6544819777749	249669468889.886
31.67923556603623	256583899344.3485
31.70398915429757	263688776545.8673
31.7287427425589	270989319105.484
31.75349633082023	278490889299.6867
31.77824991908157	286198995500.3513
31.8030035073429	294119296041.4398
31.82775709560423	302257603669.2549
31.85251068386557	310619889667.8439
31.8772642721269	319212288100.5516
31.90201786038823	328041100295.8439
31.92677144864957	337112799340.5471
31.9515250369109	346434033060.0005
31.97627862517223	356011635676.5674
32.00103221343357	365852624529.8323
32.0257858016949	375964202411.2824
32.05053938995623	386353778244.4736
32.07529297821757	397028956930.4218
32.1000465664789	407997552048.4117
32.12480015474024	419267589576.5527
32.14955374300157	430847314355.5146
32.1743073312629	442745195592.0401
32.19906091952424	454969933125.9767
32.22381450778557	467530463636.5767
0
1000	1776.86	100000000000000.1
5	0	0	1
5	0	0	0
7.494979834713454	-2.164639200770724e-10
7.519733422974787	-2.357987372474349e-10
7.544487011236121	-2.128332048098123e-10
7.569240599497454	-1.501024269893186e-10
7.593994187758788	-5.568457025010869e-11
7.618747776020121	-0
7.643501364281454	-0
7.668254952542788	-0
7.693008540804121	-0
7.717762129065455	-0
7.742515717326788	-0
7.767269305588122	-0
7.792022893849455	-0
7.816776482110789	-0
7.841530070372122	-4.024878557416543e-11
7.866283658633455	-3.825759090763994e-10
7.891037246894789	-8.262044644343686e-10
7.915790835156122	-1.378090026481289e-09
7.940544423417456	-2.045211929838112e-09
7.965298011678789	-2.834023709206254e-09
7.990051599940123	-3.750475271324472e-09
8.014805188201457	-4.800032934498593e-09
8.03955877646279	-5.987697427994185e-09
8.064312364724124	-7.318020006944028e-09
8.089065952985457	-8.795116864612695e-09
8.113819541246791	-1.042268710101684e-08
8.138573129508124	-1.220401477602528e-08
8.163326717769458	-1.414197760832874e-08
8.188080306030791	-1.62390670687484e-08
8.212833894292125	-1.849739211536363e-08
8.237587482553458	-2.093259138183103e-08
8.262341070814792	-2.351726615787057e-08
8.287094659076125	-2.626599250047534e-08
8.311848247337458	-2.91794754590497e-08
8.336601835598792	-3.225814941668204e-08
8.361355423860125	-3.550235668282126e-08
8.386109012121459	-3.891203093177158e-08
8.410862600382792	-4.248666850658132e-08
8.435616188644126	-4.622569024928405e-08
8.460369776905459	-5.012828989195101e-08
8.485123365166793	-5.419965150101677e-08
8.509876953428126	-5.84258229850538e-08
8.534630541689459	-6.281130130592441e-08
8.559384129950793	-6.735446897622449e-08
8.584137718212126	-7.205356009519901e-08
8.60889130647346	-7.690827447745524e-08
8.633644894734793	-8.191551832171807e-08
8.658398482996127	-8.707309815174e-08
8.68315207125746	-9.237877586539927e-08
8.707905659518794	-9.783020418722652e-08
8.732659247780127	-1.034369960989498e-07
8.75741283604146	-1.091713933413617e-07
8.782166424302794	-1.150428786712793e-07
8.806920012564127	-1.21048830979125e-07
8.831673600825461	-1.27186598684454e-07
8.856427189086794	-1.334535033174652e-07
8.881180777348128	-1.398468426823864e-07
8.905934365609461	-1.463638936423805e-07
8.930687953870795	-1.530019145624106e-07
8.955441542132128	-1.597581474435553e-07
8.980195130393462	-1.66640188635804e-07
9.004948718654795	-1.736235854953573e-07
9.029702306916128	-1.807159631936299e-07
9.054455895177462	-1.879146066287904e-07
9.079209483438795	-1.952168361116273e-07
9.103963071700129	-2.026200078117511e-07
9.128716659961462	-2.101215140123208e-07
9.153470248222796	-2.177187831963897e-07
9.178223836484129	-2.254092799856714e-07
9.202977424745463	-2.331905049504429e-07
9.227731013006796	-2.41064789641956e-07
9.252484601268129	-2.49019681835169e-07
9.277238189529463	-2.5705761232617e-07
9.301991777790796	-2.65176264671273e-07
9.32674536605213	-2.733733764143479e-07
9.351498954313463	-2.816467382323982e-07
9.376252542574797	-2.899941930325556e-07
9.40100613083613	-2.984136350096599e-07
9.425759719097464	-3.06903008672558e-07
9.450513307358797	-3.154603078463277e-07
9.47526689562013	-3.240863550702003e-07
9.500020483881464	-3.32773428626848e-07
9.524774072142797	-3.415224604577842e-07
9.549527660404131	-3.503316561866121e-07
9.574281248665464	-3.59199277444389e-07
9.599034836926798	-3.681236407542184e-07
9.623788425188131	-3.771031164234895e-07
9.648542013449465	-3.861361274459988e-07
9.673295601710798	-3.952211484159844e-07
9.698049189972132	-4.043567044558725e-07
9.722802778233465	-4.135446827587003e-07
9.747556366494798	-4.227767829628432e-07
9.772309954756132	-4.320550070722102e-07
9.797063543017465	-4.413781013876774e-07
9.821817131278799	-4.507448717386562e-07
9.846570719540132	-4.601541824309872e-07
9.871324307801466	-4.696049552137993e-07
9.896077896062799	-4.790961682657992e-07
9.920831484324133	-4.88626855201323e-07
9.945585072585466	-4.981961040963483e-07
9.970338660846799	-5.078117050398554e-07
9.995092249108133	-5.174547726389505e-07
10.01984583736947	-5.271332563652233e-07
10.0445994256308	-5.368465306957509e-07
10.06935301389213	-5.465940565752273e-07
10.09410660215347	-5.563753802412883e-07
10.1188601904148	-5.661901320688767e-07
10.14361377867613	-5.760380254340484e-07
10.16836736693747	-5.859188555974894e-07
10.1931209551988	-5.958324986079479e-07
10.21787454346013	-7.513378061112737e-07
10.24262813172147	-7.480724019785617e-07
10.2673817199828	-7.326267383123361e-07
10.29213530824413	-7.063295340762133e-07
10.31688889650547	-6.711206668333948e-07
10.3416424847668	-6.560026307286591e-07
10.36639607302813	-6.661408680959296e-07
10.39114966128947	-6.763132301825482e-07
10.4159032495508	-6.865208842662282e-07
10.44065683781213	-6.967652512107326e-07
10.46541042607347	-7.069215962536763e-07
10.4901640143348	-7.172474578931958e-07
10.51491760259614	-7.276295582153402e-07
10.53967119085747	-7.380726202905717e-07
10.5644247791188	-7.485815630431219e-07
10.58917836738014	-8.917603560531614e-07
10.61393195564147	-1.217309093775812e-06
10.6386855439028	-1.611136673836908e-06
10.66343913216414	-2.075095170263697e-06
10.68819272042547	-2.610497052486993e-06
10.7129463086868	-3.195799492566387e-06
10.73769989694814	-3.877840826990464e-06
10.76245348520947	-4.634001018584217e-06
10.7872070734708	-5.463320122423517e-06
10.81196066173214	-6.364227546304561e-06
10.83671424999347	-7.334543819075345e-06
10.8614678382548	-8.371481982642183e-06
10.88622142651614	-9.471648685138921e-06
10.91097501477747	-1.0631045037564e-05
10.9357286030388	-1.184506728374252e-05
10.96048219130014	-1.333620876266198e-05
10.98523577956147	-1.462276061352209e-05
11.0099893678228	-1.592731614345069e-05
11.03474295608414	-1.724487256744348e-05
11.05949654434547	-1.857079224551301e-05
11.0842501326068	-1.990080245385625e-05
11.10900372086814	-2.123100774038506e-05
11.13375730912947	-2.255806607836719e-05
11.1585108973908	-2.387689794623844e-05
11.18326448565214	-2.518796429221224e-05
11.20801807391347	-2.64455019909645e-05
11.23277166217481	-2.773354584165756e-05
11.25752525043614	-2.900904735896506e-05
11.28227883869747	-3.027015915056999e-05
11.30703242695881	-3.151520004751554e-05
11.33178601522014	-3.274265452672716e-05
11.35653960348147	-3.395117220493027e-05
11.38129319174281	-3.513956739570525e-05
11.40604678000414	-3.630681872233585e-05
11.43080036826547	-3.745206877990056e-05
11.45555395652681	-3.855279494107693e-05
11.48030754478814	-3.965407821613416e-05
11.50506113304947	-4.073361293057291e-05
11.52981472131081	-4.179100414315039e-05
11.55456830957214	-4.282592631228161e-05
11.57932189783347	-4.383812334071343e-05
11.60407548609481	-4.482740862248284e-05
11.62882907435614	-4.579366509125772e-05
11.65358266261747	-4.673684526928158e-05
11.67833625087881	-4.765697131625e-05
11.70308983914014	-4.854350731714763e-05
11.72784342740147	-4.941878568410171e-05
11.75259701566281	-5.027255617116828e-05
11.77735060392414	-5.110466690538978e-05
11.80210419218547	-5.191559780712021e-05
11.82685778044681	-5.270556079431117e-05
11.85161136870814	-5.347483421630425e-05
11.87636495696947	-5.422372406281417e-05
11.90111854523081	-5.495256177130609e-05
11.92587213349214	-5.566170388728075e-05
11.95062572175348	-5.63467887279938e-05
11.97537931001481	-5.701813359780613e-05
12.00013289827614	-5.767140395731913e-05
12.02488648653748	-5.830701543557785e-05
12.04964007479881	-5.892538857083725e-05
12.07439366306014	-5.952694890158059e-05
12.09914725132148	-6.011212704985578e-05
12.12390083958281	-6.068135879761075e-05
12.14865442784414	-6.12350851566753e-05
12.17340801610548	-6.177375243300646e-05
12.19816160436681	-6.229595364071642e-05
12.22291519262814	-6.280603192708051e-05
12.24766878088948	-6.330257820653412e-05
12.27242236915081	-6.378604390321241e-05
12.29717595741214	-6.425687825033468e-05
12.32192954567348	-6.471552834550951e-05
12.34668313393481	-6.516243919797798e-05
12.37143672219614	-6.55980537693643e-05
12.39619031045748	-6.602281300914403e-05
12.42094389871881	-6.6437155885779e-05
12.44569748698014	-6.684106626889866e-05
12.47045107524148	-6.723592603740766e-05
12.49520466350281	-6.762171308848393e-05
12.51995825176414	-6.799885470147743e-05
12.54471184002548	-6.836777429482725e-05
12.56946542828681	-6.872889144815641e-05
12.59421901654814	-6.908262192826815e-05
12.61897260480948	-6.942937772232891e-05
12.64372619307081	-6.976956708418647e-05
12.66847978133215	-7.010359460522921e-05
12.69323336959348	-7.043200047107312e-05
12.71798695785481	-7.075490534740735e-05
12.74274054611615	-7.107282904444713e-05
12.76749413437748	-7.138615998725063e-05
12.79224772263881	-7.169528296712473e-05
12.81700131090015	-7.200057914107721e-05
12.84175489916148	-7.230242603042272e-05
12.86650848742281	-7.260119751850778e-05
12.89126207568415	-7.289726384750629e-05
12.91601566394548	-7.319099161421957e-05
12.94076925220681	-7.348293064699593e-05
12.96552284046815	-7.377305003992339e-05
12.99027642872948	-7.406189284627075e-05
13.01503001699081	-7.434981256264132e-05
13.03978360525215	-7.463715980764316e-05
13.06453719351348	-7.492428231645296e-05
13.08929078177481	-7.521152493513206e-05
13.11404437003615	-7.549922961469795e-05
13.13879795829748	-7.578773540495163e-05
13.16355154655881	-7.607737844806002e-05
13.18830513482015	-7.636862925001253e-05
13.21305872308148	-7.666153128983475e-05
13.23781231134281	-7.6956549896967e-05
13.26256589960415	-7.725401070780277e-05
13.28731948786548	-7.755423700211315e-05
13.31207307612681	-7.785754969465284e-05
13.33682666438815	-7.816426732683015e-05
13.36158025264948	-7.847470605844611e-05
13.38633384091082	-7.878917965950867e-05
13.41108742917215	-7.910799950212504e-05
13.43584101743348	-7.943151387967291e-05
13.46059460569482	-7.97599470788199e-05
13.48534819395615	-8.009364288532915e-05
13.51010178221748	-8.043290336336457e-05
13.53485537047882	-8.07780283012866e-05
13.55960895874015	-8.112931520242693e-05
13.58436254700148	-8.1487059276265e-05
13.60911613526282	-8.185155342999777e-05
13.63386972352415	-8.222308826049391e-05
13.65862331178548	-8.26019520466265e-05
13.68337690004682	-8.298841230490818e-05
13.70813048830815	-8.338279061712534e-05
13.73288407656948	-8.378535053986135e-05
13.75763766483082	-8.419637096448541e-05
13.78239125309215	-8.461612831028182e-05
13.80714484135348	-8.504489651178521e-05
13.83189842961482	-8.548294700758579e-05
13.85665201787615	-8.593054873045432e-05
13.88140560613748	-8.638796809865616e-05
13.90615919439882	-8.685546900834125e-05
13.93091278266015	-8.733323958374013e-05
13.95566637092148	-8.782169130241111e-05
13.98041995918282	-8.83210074160653e-05
14.00517354744415	-8.883144111017853e-05
14.02992713570548	-8.93532426791823e-05
14.05468072396682	-8.988665952068312e-05
14.07943431222815	-9.043193613102432e-05
14.10418790048949	-9.098931410200902e-05
14.12894148875082	-9.155903211863424e-05
14.15369507701215	-9.214132595771467e-05
14.17844866527349	-9.273633425600012e-05
14.20320225353482	-9.33444839176498e-05
14.22795584179615	-9.396590721954844e-05
14.25270943005749	-9.460082747250692e-05
14.27746301831882	-9.52494646827083e-05
14.30221660658015	-9.59120355554887e-05
14.32697019484149	-9.658875349941707e-05
14.35172378310282	-9.727982863066459e-05
14.37647737136415	-9.798546777765635e-05
14.40123095962549	-9.87058744860018e-05
14.42598454788682	-9.94411842202017e-05
14.45073813614815	-0.0001001917293440855
14.47549172440949	-0.000100957638495816
14.50024531267082	-0.000101739101582746
14.52499890093215	-0.0001025363049961121
14.54975248919349	-0.0001033494313522306
14.57450607745482	-0.0001041786604357152
14.59925966571615	-0.0001050241677265694
14.62401325397749	-0.0001058861255978339
14.64876684223882	-0.0001067647028619495
14.67352043050015	-0.0001076600479704044
14.69827401876149	-0.0001085723580191535
14.72302760702282	-0.0001095017744046242
14.74778119528415	-0.0001104484518587601
14.77253478354549	-0.0001114125415590055
14.79728837180682	-0.0001123941904971357
14.82204196006816	-0.0001133935454963628
14.84679554832949	-0.0001144107440544391
14.87154913659082	-0.0001154459246488718
14.89630272485216	-0.0001164992208935567
14.92105631311349	-0.0001175708024283918
14.94580990137482	-0.000118660713616404
14.97056348963616	-0.0001197691172403514
14.99531707789749	-0.0001208961334372809
15.02007066615882	-0.0001220418790738206
15.04482425442016	-0.0001232064677557941
15.06957784268149	-0.0001243900098377484
15.09433143094282	-0.0001255926124324036
15.11908501920416	-0.0001268143794200292
15.14383860746549	-0.0001280554114577544
15.16859219572682	-0.0001293158822988512
15.19334578398816	-0.000130595726995298
15.21809937224949	-0.0001318951129054523
15.24285296051082	-0.0001332141285030498
15.26760654877216	-0.0001345528594322692
15.29236013703349	-0.0001359113885191859
15.31711372529482	-0.0001372897957834703
15.34186731355616	-0.0001386881584520158
15.36662090181749	-0.0001401065509815498
15.39137449007882	-0.0001415450451378579
15.41612807834016	-0.0001430038992117068
15.44088166660149	-0.0001444828558536497
15.46563525486282	-0.0001459832048668853
15.49038884312416	-0.0001475013185329029
15.51514243138549	-0.0001490413500166896
15.53989601964683	-0.0001506017950853818
15.56464960790816	-0.000152182749877248
15.58940319616949	-0.0001537842741707967
15.61415678443083	-0.0001554064202901885
15.63891037269216	-0.0001570492368661166
15.66366396095349	-0.0001587128457676996
15.68841754921483	-0.0001603971333022552
15.71317113747616	-0.0001621022140699641
15.73792472573749	-0.0001638281273511996
15.76267831399883	-0.0001655749105903678
15.78743190226016	-0.0001673425993981874
15.81218549052149	-0.0001691312275535242
15.83693907878283	-0.0001709408270047105
15.86169266704416	-0.0001727714278702682
15.88644625530549	-0.0001746230584389397
15.91119984356683	-0.0001764958399980875
15.93595343182816	-0.0001783895993659658
15.96070702008949	-0.0001803044541863687
15.98546060835083	-0.0001822404261421578
16.01021419661216	-0.0001841975354887237
16.03496778487349	-0.0001861758010585641
16.05972137313483	-0.0001881752402708042
16.08447496139616	-0.0001901958691637477
16.10922854965749	-0.0001922377026188299
16.13398213791883	-0.000194300718164927
16.15873572618016	-0.0001963851040089046
16.18348931444149	-0.0001984906161171665
16.20824290270283	-0.0002006173714748066
16.23299649096416	-0.0002027653718218075
16.2577500792255	-0.0002049346334724784
16.28250366748683	-0.0002071251573792904
16.30725725574816	-0.0002093369488508174
16.3320108440095	-0.0002115700116508537
16.35676443227083	-0.0002138243484019235
16.38151802053216	-0.0002160999606244128
16.4062716087935	-0.00021839690872866
16.43102519705483	-0.0002207150666758832
16.45577878531616	-0.0002230544929782787
16.4805323735775	-0.0002254151852322856
16.50528596183883	-0.0002277971425922241
16.53003955010016	-0.000230200355447739
16.5547931383615	-0.0002326248238787363
16.57954672662283	-0.0002350705409890035
16.60430031488416	-0.000237537500323205
16.6290539031455	-0.0002400256946485787
16.65380749140683	-0.0002425351609967222
16.67856107966816	-0.0002450657964588855
16.7033146679295	-0.0002476176364756451
16.72806825619083	-0.0002501906709988624
16.75282184445216	-0.0002527848893510852
16.7775754327135	-0.000255400280237815
16.80232902097483	-0.0002580368317518847
16.82708260923616	-0.0002606945313757666
16.8518361974975	-0.0002633733659831844
16.87658978575883	-0.0002660733218404441
16.90134337402016	-0.0002687944234707628
16.9260969622815	-0.0002715365747379226
16.95085055054283	-0.0002742997991325466
16.97560413880417	-0.0002770840808400534
17.0003577270655	-0.0002798894036112999
17.02511131532683	-0.0002827157507633615
17.04986490358817	-0.0002855631051802992
17.0746184918495	-0.0002884314493139144
17.09937208011083	-0.0002913207651844882
17.12412566837217	-0.0002942310343815076
17.1488792566335	-0.0002971622711897808
17.17363284489483	-0.0003001143870482613
17.19838643315617	-0.0003030873956760908
17.2231400214175	-0.0003060812772276446
17.24789360967883	-0.0003090960115721587
17.27264719794017	-0.0003121315782930883
17.2974007862015	-0.0003151879566880972
17.32215437446283	-0.0003182651257692876
17.34690796272417	-0.0003213630642635285
17.3716615509855	-0.0003244817506128326
17.39641513924683	-0.0003276211894882779
17.42116872750817	-0.0003307813033640526
17.4459223157695	-0.0003339620964760557
17.47067590403083	-0.0003371635463624948
17.49542949229217	-0.0003403856303923222
17.5201830805535	-0.0003436283257654227
17.54493666881483	-0.0003468916095127956
17.56969025707617	-0.0003501754584967363
17.5944438453375	-0.0003534798494110115
17.61919743359883	-0.0003568047587810343
17.64395102186017	-0.0003601501826977942
17.6687046101215	-0.0003635160561193656
17.69345819838284	-0.0003669023748964414
17.71821178664417	-0.000370309115054889
17.7429653749055	-0.0003737362525377688
17.76771896316684	-0.0003771837632053134
17.79247255142817	-0.0003806516228349015
17.8172261396895	-0.0003841398071210321
17.84197972795084	-0.000387648291675295
17.86673331621217	-0.0003911770520263392
17.8914869044735	-0.0003947260791616418
17.91624049273484	-0.0003982953159830303
17.94099408099617	-0.0004018847533735251
17.9657476692575	-0.0004054943666605462
17.99050125751884	-0.0004091241311526384
18.01525484578017	-0.000412774022136919
18.0400084340415	-0.0004164440148721793
18.06476202230284	-0.0004201340845643359
18.08951561056417	-0.000423844206228172
18.1142691988255	-0.0004275743516553244
18.13902278708684	-0.0004313245207088307
18.16377637534817	-0.0004350946501810067
18.1885299636095	-0.0004388847318153306
18.21328355187084	-0.0004426947408603238
18.23803714013217	-0.0004465246525933525
18.2627907283935	-0.0004503744423203619
18.28754431665484	-0.0004542440853756107
18.31229790491617	-0.0004581335571214031
18.3370514931775	-0.0004620428329478212
18.36180508143884	-0.0004659718882724546
18.38655866970017	-0.0004699207038532109
18.41131225796151	-0.0004738892438744415
18.43606584622284	-0.0004778774893118873
18.46081943448417	-0.0004818854157535286
18.48557302274551	-0.0004859129988915111
18.51032661100684	-0.000489960213924008
18.53508019926817	-0.0004940270374582413
18.55983378752951	-0.0004981134447221902
18.58458737579084	-0.0005022194116473161
18.60934096405217	-0.0005063449141327769
18.63409455231351	-0.000510489931260409
18.65884814057484	-0.0005146544323791968
18.68360172883617	-0.0005188383968217509
18.70835531709751	-0.0005230418007042195
18.73310890535884	-0.0005272646202033749
18.75786249362017	-0.0005315068315563904
18.78261608188151	-0.000535768411060617
18.80736967014284	-0.0005400493350733589
18.83212325840417	-0.0005443495800116487
18.85687684666551	-0.0005486691223520222
18.88163043492684	-0.0005530079397541446
18.90638402318817	-0.0005573660064895505
18.93113761144951	-0.0005617433003134256
18.95589119971084	-0.0005661397979376698
18.98064478797217	-0.0005705554761298
19.00539837623351	-0.0005749903117011939
19.03015196449484	-0.0005794442814601458
19.05490555275617	-0.0005839173618754909
19.07965914101751	-0.0005884095936970645
19.10441272927884	-0.0005929207705292193
19.12916631754018	-0.0005974510453295137
19.15391990580151	-0.0006020003430508193
19.17867349406284	-0.0006065686379367421
19.20342708232418	-0.0006111559073213066
19.22818067058551	-0.0006157621286009753
19.25293425884684	-0.000620387279241095
19.27768784710818	-0.0006250313367952611
19.30244143536951	-0.0006296942789813428
19.32719502363084	-0.0006343760841857732
19.35194861189218	-0.0006390767769263203
19.37670220015351	-0.0006437961845391088
19.40145578841484	-0.0006485344402454771
19.42620937667618	-0.000653291468947707
19.45096296493751	-0.0006580672484913828
19.47571655319884	-0.0006628617566779121
19.50047014146018	-0.0006676749704365508
19.52522372972151	-0.0006725068768888036
19.54997731798284	-0.0006773574375845832
19.57473090624418	-0.0006822266414941112
19.59948449450551	-0.0006871144649680557
19.62423808276684	-0.0006920209332685569
19.64899167102818	-0.0006969458850765955
19.67374525928951	-0.000701889434622262
19.69849884755084	-0.0007068515180714243
19.72325243581218	-0.0007118321129672383
19.74800602407351	-0.0007168311976044727
19.77275961233484	-0.0007218487504505101
19.79751320059618	-0.0007268847500564836
19.82226678885751	-0.0007319391750342803
19.84702037711885	-0.0007370120040486746
19.87177396538018	-0.0007421032131335015
19.89652755364151	-0.0007472127867028316
19.92128114190285	-0.0007523407007898799
19.94603473016418	-0.0007574869342315895
19.97078831842551	-0.0007626514659004627
19.99554190668685	-0.0007678342747045544
20.02029549494818	-0.0007730353395874445
20.04504908320951	-0.0007782546395281981
20.06980267147085	-0.0007834921535413196
20.09455625973218	-0.000788747860676707
20.11930984799351	-0.0007940217412572051
20.14406343625485	-0.0007993137718200076
20.16881702451618	-0.0008046239327607206
20.19357061277751	-0.0008099522032809109
20.21832420103885	-0.0008152985626228567
20.24307778930018	-0.0008206629900694632
20.26783137756151	-0.0008260454649441643
20.29258496582285	-0.0008314459666108223
20.31733855408418	-0.0008368644744736122
20.34209214234551	-0.0008423009679768939
20.36684573060685	-0.0008477554240619806
20.39159931886818	-0.0008532278274687309
20.41635290712951	-0.000858718155311006
20.44110649539085	-0.0008642263872120729
20.46586008365218	-0.000869752502860693
20.49061367191351	-0.0008752964820715588
20.51536726017485	-0.0008808583050477851
20.54012084843618	-0.0008864379546232176
20.56487443669752	-0.0008920353526844826
20.58962802495885	-0.0008976506133197679
20.61438161322018	-0.0009032836192002599
20.63913520148152	-0.000908933689273223
20.66388878974285	-0.000914602789566436
20.68864237800418	-0.00092028894970723
20.71339596626552	-0.0009259927887598212
20.73814955452685	-0.0009317142886969707
20.76290314278818	-0.0009374534299059341
20.78765673104952	-0.0009432101925294082
20.81241031931085	-0.000948984556659159
20.83716390757218	-0.0009547765023846418
20.86191749583352	-0.000960586010482244
20.88667108409485	-0.0009664130597334949
20.91142467235618	-0.0009722576308641808
20.93617826061752	-0.0009781197040473885
20.96093184887885	-0.0009839992594890216
20.98568543714018	-0.000989896277427769
21.01043902540152	-0.0009958107381350678
21.03519261366285	-0.00100174262191507
21.05994620192418	-0.001007691909104611
21.08469979018552	-0.001013658580073174
21.10945337844685	-0.001019642615125027
21.13420696670818	-0.00102564399486341
21.15896055496952	-0.001031662699701073
21.18371414323085	-0.001037698710150455
21.20846773149218	-0.001043752006759911
21.23322131975352	-0.001049822570115047
21.25797490801485	-0.001055910380841403
21.28272849627619	-0.001062015419610276
21.30748208453752	-0.001068137667153036
21.33223567279885	-0.001074277104302736
21.35698926106019	-0.001080433702002028
21.38174284932152	-0.00108660745943597
21.40649643758285	-0.001092798348972907
21.43125002584419	-0.001099006351427438
21.45600361410552	-0.001105231447630224
21.48075720236685	-0.001111473618428059
21.50551079062819	-0.001117732844683921
21.53026437888952	-0.001124009107277011
21.55501796715085	-0.001130302387102785
21.57977155541219	-0.001136612665072976
21.60452514367352	-0.001142939926906103
21.62927873193485	-0.001149284143539338
21.65403232019619	-0.001155645300744679
21.67878590845752	-0.001162023379540162
21.70353949671885	-0.001168418360980586
21.72829308498019	-0.001174830226157523
21.75304667324152	-0.001181258956199332
21.77780026150285	-0.001187704532271229
21.80255384976419	-0.001194166935575407
21.82730743802552	-0.001200646147351309
21.85206102628685	-0.001207142144769691
21.87681461454819	-0.001213654917797363
21.90156820280952	-0.001220184443590701
21.92632179107085	-0.001226730703489059
21.95107537933219	-0.001233293678848433
21.97582896759352	-0.001239873351041455
22.00058255585486	-0.001246469701457387
22.02533614411619	-0.001253082711502115
22.05008973237752	-0.001259712362598149
22.07484332063886	-0.001266358636184616
22.09959690890019	-0.001273021517739953
22.12435049716152	-0.001279700980320794
22.14910408542286	-0.001286397009471926
22.17385767368419	-0.0012931095867378
22.19861126194552	-0.001299838693697252
22.22336485020686	-0.001306584311963359
22.24811843846819	-0.001313346423183223
22.27287202672952	-0.001320125009037636
22.29762561499086	-0.001326920051240518
22.32237920325219	-0.0013337315315379
22.34713279151352	-0.001340559427823604
22.37188637977486	-0.001347403729985031
22.39663996803619	-0.001354264415953555
22.42139355629752	-0.001361141467491535
22.44614714455886	-0.00136803486618816
22.47090073282019	-0.001374944592471518
22.49565432108152	-0.001381870801615551
22.52040790934286	-0.001388812977926039
22.54516149760419	-0.001395771584578853
22.56991508586552	-0.001402746450210451
22.59466867412686	-0.001409737556337398
22.61942226238819	-0.00141674488351738
22.64417585064952	-0.001423768413648199
22.66892943891086	-0.001430808128783126
22.69368302717219	-0.001437864011008757
22.71843661543353	-0.001444936042444963
22.74319020369486	-0.001452024205244852
22.76794379195619	-0.001459128481594724
22.79269738021753	-0.001466248853714028
22.81745096847886	-0.001473385303855325
22.84220455674019	-0.001480537814459484
22.86695814500153	-0.001487706367253497
22.89171173326286	-0.001494890945173913
22.91646532152419	-0.001502091530598572
22.94121890978553	-0.001509308105932054
22.96597249804686	-0.001516540653605118
22.99072608630819	-0.001523789156074432
23.01547967456953	-0.00153105359582242
23.04023326283086	-0.001538333955357165
23.06498685109219	-0.001545630217212339
23.08974043935353	-0.001552942365616095
23.11449402761486	-0.001560270379656921
23.13924761587619	-0.001567614243635981
23.16400120413753	-0.001574973940204306
23.18875479239886	-0.001582349452044603
23.21350838066019	-0.001589740761871319
23.23826196892153	-0.001597147852430699
23.26301555718286	-0.001604570706500883
23.28776914544419	-0.00161200930689202
23.31252273370553	-0.001619463636446434
23.33727632196686	-0.001626933672168487
23.36202991022819	-0.001634419409421841
23.38678349848953	-0.001641920824945997
23.41153708675086	-0.00164943790166082
23.4362906750122	-0.001656970622507435
23.46104426327353	-0.001664518970446663
23.48579785153486	-0.001672082928458149
23.5105514397962	-0.001679662479539821
23.53530502805753	-0.001687257606707575
23.56005861631886	-0.001694868292995043
23.5848122045802	-0.001702494524940132
23.60956579284153	-0.001710136278337181
23.63431938110286	-0.001717793539760379
23.6590729693642	-0.001725466292341946
23.68382655762553	-0.001733154519247204
23.70858014588686	-0.001740858203674526
23.7333337341482	-0.001748577328855292
23.75808732240953	-0.001756311878053837
23.78284091067086	-0.001764061834567402
23.8075944989322	-0.001771827181726098
23.83234808719353	-0.001779607898986813
23.85710167545486	-0.001787403977904978
23.8818552637162	-0.001795215397985949
23.90660885197753	-0.001803042142657102
23.93136244023886	-0.00181088419536161
23.9561160285002	-0.001818741539558385
23.98086961676153	-0.001826614158722036
24.00562320502286	-0.001834502036342802
24.0303767932842	-0.001842405155926496
24.05513038154553	-0.001850323500994433
24.07988396980686	-0.001858257058487562
24.1046375580682	-0.001866205804784138
24.12939114632953	-0.001874169726946854
24.15414473459087	-0.001882148808611287
24.1788983228522	-0.001890143033449388
24.20365191111353	-0.001898152385171551
24.22840549937487	-0.001906176847530633
24.2531590876362	-0.001914216404330509
24.27791267589753	-0.001922271039446422
24.30266626415887	-0.001930340736881481
24.3274198524202	-0.001938425467736436
24.35217344068153	-0.001946525239056579
24.37692702894287	-0.00195464002436635
24.4016806172042	-0.001962769807615875
24.42643420546553	-0.001970914572773547
24.45118779372687	-0.001979074303826179
24.4759413819882	-0.001987248984779125
24.50069497024953	-0.001995438599656382
24.52544855851087	-0.002003643132500673
24.5502021467722	-0.002011862567373524
24.57495573503353	-0.002020096890659165
24.59970932329487	-0.002028346081844845
24.6244629115562	-0.002036610127158919
24.64921649981753	-0.002044889010675193
24.67397008807887	-0.002053182716387038
24.6987236763402	-0.002061491227859764
24.72347726460153	-0.002069814523659918
24.74823085286287	-0.002078152626964971
24.7729844411242	-0.002086505457546006
24.79773802938553	-0.002094873038118389
24.82249161764687	-0.002103255345056336
24.8472452059082	-0.002111652367889918
24.87199879416954	-0.002120064087334715
24.89675238243087	-0.002128490487753857
24.9215059706922	-0.002136931553534705
24.94625955895354	-0.002145387269088814
24.97101314721487	-0.002153857618851889
24.9957667354762	-0.002162342587283748
25.02052032373754	-0.002170842158868283
25.04527391199887	-0.002179356318113414
25.0700275002602	-0.002187885050930807
25.09478108852154	-0.002196428338990764
25.11953467678287	-0.002204986168263396
25.1442882650442	-0.002213558523364979
25.16904185330554	-0.002222145388941344
25.19379544156687	-0.002230746749667788
25.2185490298282	-0.002239362590248984
25.24330261808954	-0.002247992895418896
25.26805620635087	-0.002256637649940703
25.2928097946122	-0.00226529683860672
25.31756338287354	-0.002273970443904975
25.34231697113487	-0.002282658455381971
25.3670705593962	-0.002291360855747114
25.39182414765754	-0.002300077629958935
25.41657773591887	-0.002308808763110616
25.4413313241802	-0.002317554240985217
25.46608491244154	-0.002326314769697781
25.49083850070287	-0.002335088157386942
25.5155920889642	-0.002343876576035336
25.54034567722554	-0.002352679277185178
25.56509926548687	-0.002361496249890577
25.58985285374821	-0.002370327472533714
25.61460644200954	-0.00237917293395288
25.63936003027087	-0.002388032619299706
25.66411361853221	-0.002396906513754701
25.68886720679354	-0.002405794602527231
25.71362079505487	-0.002414696870855495
25.73837438331621	-0.002423613304006503
25.76312797157754	-0.002432543887276059
25.78788155983887	-0.002441488605988734
25.81263514810021	-0.00245044743681731
25.83738873636154	-0.002459420385715079
25.86214232462287	-0.00246840742489156
25.88689591288421	-0.00247740854072322
25.91164950114554	-0.002486423718910261
25.93640308940687	-0.002495452945009605
25.96115667766821	-0.002504496204543524
25.98591026592954	-0.002513553483031879
26.01066385419087	-0.002522624766004068
26.03541744245221	-0.002531710039004148
26.06017103071354	-0.002540809286912103
26.08492461897487	-0.002549922496765616
26.10967820723621	-0.002559049653426336
26.13443179549754	-0.002568190742502455
26.15918538375887	-0.002577345749621543
26.18393897202021	-0.00258651466043051
26.20869256028154	-0.002595697460595583
26.23344614854287	-0.002604894135802277
26.25819973680421	-0.002614104671755366
26.28295332506554	-0.00262332905417885
26.30770691332688	-0.002632567270897373
26.33246050158821	-0.002641819303324474
26.35721408984954	-0.002651085139333104
26.38196767811088	-0.002660364764742042
26.40672126637221	-0.002669658165398089
26.43147485463354	-0.002678965327176029
26.45622844289488	-0.002688286235978578
26.48098203115621	-0.002697620877736338
26.50573561941754	-0.002706969238407764
26.53048920767888	-0.002716331303979097
26.55524279594021	-0.002725707057908831
26.57999638420154	-0.002735096491577076
26.60474997246288	-0.002744499588486674
26.62950356072421	-0.002753916334712578
26.65425714898554	-0.002763346716346292
26.67901073724688	-0.002772790719495827
26.70376432550821	-0.002782248330285652
26.72851791376954	-0.002791719534856633
26.75327150203088	-0.002801204319365989
26.77802509029221	-0.002810702669987235
26.80277867855354	-0.002820214574141928
26.82753226681488	-0.002829740015351797
26.85228585507621	-0.002839278981207926
26.87703944333754	-0.002848831458002835
26.90179303159888	-0.0028583974320683
26.92654661986021	-0.002867976889787074
26.95130020812154	-0.0028775698176204
26.97605379638288	-0.002887176202183028
27.00080738464421	-0.002896796030500112
27.02556097290555	-0.002906429291307856
27.05031456116688	-0.002916075942996578
27.07506814942821	-0.002925736014524658
27.09982173768955	-0.002935409474784994
27.12457532595088	-0.002945096310314924
27.14932891421221	-0.002954796507667865
27.17408250247355	-0.002964510053413313
27.19883609073488	-0.002974236934136845
27.22358967899621	-0.002983977136440121
27.24834326725755	-0.00299373064694088
27.27309685551888	-0.003003497452272946
27.29785044378021	-0.003013277539328521
27.32260403204155	-0.003023070894460344
27.34735762030288	-0.003032877504296064
27.37211120856421	-0.003042697355524874
27.39686479682555	-0.003052530434865045
27.42161838508688	-0.003062376729062466
27.44637197334821	-0.00307223622488979
27.47112556160955	-0.003082108909145902
27.49587914987088	-0.003091994768655588
27.52063273813221	-0.003101893790269283
27.54538632639355	-0.003111805957340733
27.57013991465488	-0.003121731264023359
27.59489350291621	-0.003131669693804553
27.61964709117755	-0.003141621233649541
27.64440067943888	-0.003151585870609051
27.66915426770021	-0.003161563592179493
27.69390785596155	-0.003171559045532626
27.71866144422288	-0.003181558228392814
27.74341503248422	-0.003191575123505676
27.76816862074555	-0.003201605049744843
27.79292220900688	-0.00321164799996058
27.81767579726822	-0.003221703950068919
27.84242938552955	-0.003231772892777472
27.86718297379088	-0.003241854815183956
27.89193656205222	-0.003251949704416525
27.91669015031355	-0.003262057547633929
27.94144373857488	-0.003272178332025823
27.96619732683622	-0.003282312044813281
27.99095091509755	-0.003292458673249738
28.01570450335888	-0.003302618204622767
28.04045809162022	-0.003312790625644423
28.06521167988155	-0.003322975925477669
28.08996526814288	-0.003333174090434176
28.11471885640422	-0.003343385107857978
28.13947244466555	-0.003353608965107536
28.16422603292688	-0.003363845649555729
28.18897962118822	-0.003374095148589826
28.21373320944955	-0.003384357449611462
28.23848679771088	-0.003394632540036611
28.26324038597222	-0.003404920407295574
28.28799397423355	-0.003415221041572037
28.31274756249488	-0.003425534424596127
28.33750115075622	-0.003435860546601487
28.36225473901755	-0.003446199395100604
28.38700832727888	-0.00345655095763152
28.41176191554022	-0.003466915221757697
28.43651550380155	-0.003477292175067899
28.46126909206289	-0.00348768180517608
28.48602268032422	-0.00349808409972127
28.51077626858555	-0.003508499046367489
28.53552985684689	-0.003518926632606476
28.56028344510822	-0.003529366846493371
28.58503703336955	-0.003539819675653196
28.60979062163089	-0.003550285107874851
28.63454420989222	-0.003560763130980732
28.65929779815355	-0.003571253732831628
28.68405138641489	-0.00358175690133734
28.70880497467622	-0.003592272624482419
28.73355856293755	-0.003602800890400023
28.75831215119889	-0.003613341687645766
28.78306573946022	-0.003623894989238522
28.80781932772155	-0.003634460808125318
28.83257291598289	-0.003645039121516243
28.85732650424422	-0.003655629917457364
28.88208009250555	-0.003666233184010634
28.90683368076689	-0.003676848909253899
28.93158726902822	-0.003687477081280919
28.95634085728955	-0.003698117688201389
28.98109444555089	-0.003708770718140949
29.00584803381222	-0.003719436159241213
29.03060162207355	-0.003730114000961471
29.05535521033489	-0.003740804228865437
29.08010879859622	-0.003751506832287518
29.10486238685755	-0.003762221799430531
29.12961597511889	-0.00377294911852756
29.15436956338022	-0.003783688777841679
29.17912315164156	-0.003794440765665744
29.20387673990289	-0.003805205070322235
29.22863032816422	-0.003815981680163126
29.25338391642556	-0.003826770583569773
29.27813750468689	-0.003837571764188292
29.30289109294822	-0.003848385220414738
29.32764468120956	-0.003859210935928628
29.35239826947089	-0.003870048899186303
29.37715185773222	-0.003880899098652774
29.40190544599356	-0.003891761522801715
29.42665903425489	-0.003902636160115446
29.45141262251622	-0.003913522999084906
29.47616621077756	-0.003924422028209652
29.50091979903889	-0.003935333235997834
29.52567338730022	-0.003946256616325668
29.55042697556156	-0.003957192146519829
29.57518056382289	-0.003968139820500416
29.59993415208422	-0.003979099626856729
29.62468774034556	-0.003990071554209581
29.64944132860689	-0.004001055591211195
29.67419491686822	-0.004012051726545102
29.69894850512956	-0.004023059948926041
29.72370209339089	-0.00403408024709984
29.74845568165222	-0.00404511260984327
29.77320926991356	-0.004056157021747802
29.79796285817489	-0.004067213480465773
29.82271644643622	-0.004078281970622919
29.84747003469756	-0.00408936248107936
29.87222362295889	-0.004100455000706903
29.89697721122023	-0.004111559518388969
29.92173079948156	-0.00412267602302054
29.94648438774289	-0.004133804503508097
29.97123797600423	-0.004144944948769577
29.99599156426556	-0.004156097347734317
30.02074515252689	-0.004167261691608991
30.04549874078823	-0.004178437964611466
30.07025232904956	-0.004189626157981566
30.09500591731089	-0.004200826260713621
30.11975950557223	-0.004212038261822948
30.14451309383356	-0.004223262150345805
30.16926668209489	-0.004234497915339323
30.19402027035623	-0.00424574554588146
30.21877385861756	-0.004257005031070927
30.24352744687889	-0.004268276360027121
30.26828103514023	-0.00427955952268978
30.29303462340156	-0.004290854506534345
30.31778821166289	-0.004302161301566532
30.34254179992423	-0.004313479896996704
30.36729538818556	-0.00432481028205775
30.39204897644689	-0.004336152446004994
30.41680256470823	-0.00434750637811615
30.44155615296956	-0.004358872067691256
30.46630974123089	-0.00437024950405263
30.49106332949223	-0.00438163867654482
30.51581691775356	-0.004393039573296062
30.54057050601489	-0.004404452186282669
30.56532409427623	-0.00441587650367143
30.59007768253756	-0.004427312514884716
30.61483127079889	-0.004438760209361621
30.63958485906023	-0.004450219576557938
30.66433844732156	-0.004461690605946107
30.6890920355829	-0.004473173287015164
30.71384562384423	-0.004484667609270675
30.73859921210556	-0.004496173562234678
30.7633528003669	-0.0045076911356164
30.78810638862823	-0.004519220318602179
30.81285997688956	-0.004530761100947975
30.8376135651509	-0.004542313472246563
30.86236715341223	-0.004553877422108766
30.88712074167356	-0.004565452940163677
30.9118743299349	-0.004577040016059021
30.93662791819623	-0.004588638639461871
30.96138150645756	-0.004600248800060085
30.9861350947189	-0.004611870487565448
31.01088868298023	-0.00462350368182273
31.03564227124156	-0.004635148391193804
31.0603958595029	-0.004646804596761921
31.08514944776423	-0.004658472288290136
31.10990303602556	-0.004670151455569218
31.1346566242869	-0.004681842088416106
31.15941021254823	-0.004693544176672931
31.18416380080956	-0.004705257710206341
31.2089173890709	-0.00471698267890707
31.23367097733223	-0.004728719072689604
31.25842456559356	-0.00474046693605856
31.2831781538549	-0.004752226144499182
31.30793174211623	-0.004763996743639188
31.33268533037756	-0.004775778723848123
31.3574389186389	-0.004787572075806245
31.38219250690023	-0.004799376790464232
31.40694609516157	-0.004811192859030698
31.4316996834229	-0.004823020272967248
31.45645327168423	-0.004834859023986101
31.48120685994557	-0.00484670910404873
31.5059604482069	-0.004858570342705457
31.53071403646823	-0.004870443072257063
31.55546762472957	-0.004882327121981423
31.5802212129909	-0.004894222483410666
31.60497480125223	-0.004906129147622154
31.62972838951357	-0.004918047105239155
31.6544819777749	-0.00492997634643144
31.67923556603623	-0.004941916860915737
31.70398915429757	-0.004953868637955896
31.7287427425589	-0.004965831666362284
31.75349633082023	-0.004977805934489134
31.77824991908157	-0.004989791430224704
31.8030035073429	-0.005001788140947516
31.82775709560423	-0.005013796053174748
31.85251068386557	-0.005025815168225844
31.8772642721269	-0.00503784543486744
31.90201786038823	-0.00504988687151501
31.92677144864957	-0.005061939454333143
31.9515250369109	-0.005074003167824397
31.97627862517223	-0.005086077996273828
32.00103221343357	-0.005098163923565538
32.0257858016949	-0.005110260933154166
32.05053938995623	-0.005122369008057974
32.07529297821757	-0.005134488130856933
32.1000465664789	-0.005146618283692395
32.12480015474024	-0.005158759448267315
32.14955374300157	-0.005170911605846736
32.1743073312629	-0.005183074737258379
32.19906091952424	-0.005195248822893289
32.22381450778557	-0.005207433842706501
