0
1000	105.6583745	100000000000000.1
5	0	0	1
5	0	0	0
4.673998997513734	4.160625321822174e-09
4.701574977808284	1.347407530861063e-08
4.729150958102834	2.241994709064361e-08
4.756726938397384	2.92763358356172e-08
4.784302918691934	3.293313127643629e-08
4.811878898986484	3.376217122318695e-08
4.839454879281035	3.69372029566725e-08
4.867030859575585	4.392187138596907e-08
4.894606839870135	5.526719011611405e-08
4.922182820164685	7.145254236045502e-08
4.949758800459235	9.285502858729059e-08
4.977334780753785	1.198183983141218e-07
5.004910761048335	1.525581821055718e-07
5.032486741342885	1.913382137801509e-07
5.060062721637435	2.363103914074572e-07
5.087638701931986	2.879256629158696e-07
5.115214682226536	3.482358314166383e-07
5.142790662521086	4.173758606692076e-07
5.170366642815636	4.948224658801751e-07
5.197942623110186	5.799184987129911e-07
5.225518603404736	6.72027464870964e-07
5.253094583699286	7.702716428889928e-07
5.280670563993836	8.741353523041747e-07
5.308246544288386	9.831471770973907e-07
5.335822524582936	1.097272722077241e-06
5.363398504877487	1.217053462673169e-06
5.390974485172037	1.343965858284821e-06
5.418550465466587	1.479161946170905e-06
5.446126445761137	1.626280777671575e-06
5.473702426055687	1.789850395691321e-06
5.501278406350237	1.961527616602944e-06
5.528854386644787	2.123000560158943e-06
5.556430366939337	2.30317700242314e-06
5.584006347233887	2.535323142154093e-06
5.611582327528438	2.860690296658321e-06
5.639158307822988	3.327700838901938e-06
5.666734288117538	3.97840792079541e-06
5.694310268412088	4.810480434347861e-06
5.721886248706638	5.878824448773146e-06
5.749462229001188	7.221184878185936e-06
5.777038209295738	9.497322530055544e-06
5.804614189590288	1.276956720049566e-05
5.832190169884838	1.62313081330121e-05
5.859766150179389	2.015941578866958e-05
5.887342130473939	2.309512716412266e-05
5.914918110768489	2.714695029708177e-05
5.942494091063039	3.03664977632345e-05
5.970070071357589	3.51159295786394e-05
5.997646051652139	3.897868569591757e-05
6.025222031946689	4.436678837803387e-05
6.052798012241239	5.196575476876211e-05
6.080373992535789	6.024838677017822e-05
6.107949972830339	6.965170919581648e-05
6.13552595312489	7.504307716634821e-05
6.16310193341944	8.557139531282999e-05
6.19067791371399	8.926611125469447e-05
6.21825389400854	9.494639698882e-05
6.24582987430309	0.0001031468093392255
6.27340585459764	0.0001094210639830767
6.30098183489219	0.0001178498620429484
6.32855781518674	0.0001231040072509419
6.35613379548129	0.0001330504431187193
6.383709775775841	0.000141928150519098
6.411285756070391	0.0001637801152685088
6.438861736364941	0.0002134209684878049
6.466437716659491	0.0003102123639413712
6.494013696954041	0.0004589948909542149
6.521589677248591	0.0006702185378956435
6.549165657543141	0.0009582743242609583
6.576741637837691	0.001330984830562802
6.604317618132241	0.001847747456361188
6.631893598426791	0.002457202481931652
6.659469578721342	0.003206046761248605
6.687045559015892	0.004080483021951508
6.714621539310442	0.005075161091702938
6.742197519604992	0.00622319445242153
6.769773499899542	0.007528120393077617
6.797349480194092	0.008958993304520107
6.824925460488642	0.01056631586748208
6.852501440783192	0.01234170294602801
6.880077421077742	0.01426554755054537
6.907653401372293	0.016331438537167
6.935229381666843	0.01862028317032563
6.962805361961393	0.02108291320879976
6.990381342255943	0.02372513622883687
7.017957322550493	0.0265619984499652
7.045533302845043	0.0295256588516537
7.073109283139593	0.03274275250727673
7.100685263434143	0.03611921105892549
7.128261243728693	0.03971175873442574
7.155837224023244	0.04344782422360983
7.183413204317794	0.04741182573465368
7.210989184612344	0.05154948251411619
7.238565164906894	0.05583735945895069
7.266141145201444	0.06037372378189943
7.293717125495994	0.0651238778595315
7.321293105790544	0.06999735783444901
7.348869086085094	0.07509503750279471
7.376445066379644	0.08034360990893566
7.404021046674194	0.08585139643434092
7.431597026968745	0.09155542478219819
7.459173007263295	0.09737124466074921
7.486748987557845	0.1034015781323445
7.514324967852395	0.1095973184148993
7.541900948146945	0.1160454492051828
7.569476928441495	0.122599872010237
7.597052908736045	0.1294021218520018
7.624628889030595	0.1363272604566936
7.652204869325145	0.1434820856752246
7.679780849619696	0.1507584765293803
7.707356829914246	0.158277080702995
7.734932810208796	0.1659032437873841
7.762508790503346	0.1737775658228047
7.790084770797896	0.1817398648905945
7.817660751092446	0.1898974139010698
7.845236731386996	0.1982405004574798
7.872812711681546	0.2067244504042417
7.900388691976096	0.2154205005222765
7.927964672270646	0.2242163787038718
7.955540652565197	0.2332440961165219
7.983116632859747	0.2423419217450974
8.010692613154298	0.2516204416285899
8.038268593448848	0.2610967597768005
8.065844573743398	0.2706519946402019
8.093420554037948	0.280372784557301
8.120996534332498	0.2903231045022396
8.148572514627048	0.3003224046566304
8.176148494921598	0.3105398705277645
8.203724475216148	0.3208183001593563
8.231300455510699	0.3312339110148964
8.258876435805249	0.3418397143406705
8.286452416099799	0.3525172319622408
8.314028396394349	0.3633440903964765
8.341604376688899	0.3743868186352535
8.369180356983449	0.3854263137538797
8.396756337277999	0.396632557765275
8.424332317572549	0.4079245872569188
8.451908297867099	0.4194460643835268
8.47948427816165	0.4309914945722738
8.5070602584562	0.4426511542081443
8.53463623875075	0.4544962048976153
8.5622122190453	0.466375568867873
8.58978819933985	0.4783612425214094
8.6173641796344	0.4904716117169457
8.64494015992895	0.5027804538192445
8.6725161402235	0.5150924876065819
8.70009212051805	0.5275134058790969
8.7276681008126	0.5401308008971907
8.755244081107151	0.5527697738264671
8.782820061401701	0.5654805911370409
8.810396041696251	0.5782642528921095
8.837972021990801	0.5913881873745784
8.865548002285351	0.6043801782336206
8.893123982579901	0.6175542831387972
8.920699962874451	0.6306781762077642
8.948275943169001	0.644137648128158
8.975851923463551	0.6574037790018769
9.003427903758102	0.6708707461284062
9.031003884052652	0.6842321585500905
9.058579864347202	0.6977498496614892
9.086155844641752	0.7112795962847117
9.113731824936302	0.7241248121767336
9.141307805230852	0.737829568642146
9.168883785525402	0.7513230326397196
9.196459765819952	0.7654566417476356
9.224035746114502	0.7790423806749291
9.251611726409052	0.7938002484800875
9.279187706703603	0.8080639308364558
9.306763686998153	0.8238825396587434
9.334339667292703	0.8397415583263935
9.361915647587253	0.8569023267257259
9.389491627881803	0.8755922089029042
9.417067608176353	0.8932226058216882
9.444643588470903	0.9131281726231665
9.472219568765453	0.9323596744911876
9.499795549060003	0.9545687997111599
9.527371529354554	0.9757974820974759
9.554947509649104	0.9987234582402436
9.582523489943654	1.023427896399822
9.610099470238204	1.047010559562535
9.637675450532754	1.073369460605858
9.665251430827304	1.098275142623081
9.692827411121854	1.12681185370031
9.720403391416404	1.155081313255607
9.747979371710954	1.183909450569476
9.775555352005505	1.215732964531529
9.803131332300055	1.245886527313111
9.830707312594605	1.27934364025031
9.858283292889155	1.312809413266564
9.885859273183705	1.346820787541644
9.913435253478255	1.384331155353471
9.941011233772805	1.421764823594833
9.968587214067355	1.460177338149499
9.996163194361905	1.501043845459949
10.02373917465646	1.542916278798982
10.05131515495101	1.585652016603616
10.07889113524556	1.629654055548185
10.10646711554011	1.675770054489578
10.13404309583466	1.723364406937898
10.16161907612921	1.772789816987001
10.18919505642376	1.823797329839346
10.21677103671831	1.876744058059063
10.24434701701286	1.931292925734995
10.27192299730741	1.987697266488032
10.29949897760196	2.045280721707266
10.32707495789651	2.105551720777982
10.35465093819106	2.167964474547552
10.38222691848561	2.232150257733032
10.40980289878016	2.298961221524329
10.43737887907471	2.36784393595972
10.46495485936926	2.439721984321896
10.49253083966381	2.512830240587448
10.52010681995836	2.588923898556997
10.54768280025291	2.667777566989828
10.57525878054746	2.748034357376357
10.60283476084201	2.832356072331125
10.63041074113656	2.918885654847556
10.65798672143111	3.010104220127531
10.68556270172566	3.101841309625499
10.71313868202021	3.197475549022708
10.74071466231476	3.298233983195823
10.76829064260931	3.401047375181628
10.79586662290386	3.506619052140521
10.82344260319841	3.616165281784074
10.85101858349296	3.730689907472193
10.87859456378751	3.84704674372174
10.90617054408206	3.968329174902365
10.93374652437661	4.09444414696119
10.96132250467116	4.226082980113381
10.98889848496571	4.359585768503742
11.01647446526026	4.498401968565786
11.04405044555481	4.644413184364734
11.07162642584936	4.793819057786476
11.09920240614391	4.947769801776218
11.12677838643846	5.107003251910037
11.15435436673301	5.273575037633893
11.18193034702756	5.445408973661326
11.20950632732211	5.62258266216381
11.23708230761666	5.805207150317152
11.26465828791121	5.997200760447488
11.29223426820576	6.194523084365297
11.31981024850031	6.39865060855159
11.34738622879486	6.609029710499347
11.37496220908941	6.828451239041821
11.40253818938396	7.057287032994082
11.43011416967851	7.292361057819535
11.45769014997306	7.536512042816111
11.48526613026761	7.78870660405815
11.51284211056216	8.052038196255289
11.54041809085671	8.323553597738863
11.56799407115126	8.605558823037885
11.59557005144581	8.898236160827221
11.62314603174036	9.200247397769781
11.65072201203491	9.469235560428672
11.67829799232946	9.84190800054879
11.70587397262401	10.18037603175207
11.73344995291856	10.53178141098797
11.76102593321311	10.89627370931048
11.78860191350766	11.27373598537688
11.81617789380221	11.66604793975143
11.84375387409676	12.07328983927741
11.87132985439131	12.49621929475424
11.89890583468586	12.93511793887913
11.92648181498041	13.39023955175478
11.95405779527496	13.86339879860152
11.98163377556951	14.35453106980084
12.00920975586406	14.86453940363572
12.03678573615861	15.39469181110803
12.06436171645316	15.94411472848832
12.09193769674771	16.51557553278145
12.11951367704226	17.10924343243878
12.14708965733681	17.72595904106972
12.17466563763136	18.36668362551367
12.20224161792591	19.03211388061177
12.22981759822046	19.72393197791426
12.25739357851501	20.44278690971251
12.28496955880956	21.18989144835799
12.31254553910411	21.96653614454301
12.34012151939866	22.77412623210391
12.36769749969321	23.61223056912409
12.39527347998776	24.48424743103413
12.42284946028231	25.39068792957991
12.45042544057686	26.33305510264631
12.47800142087141	27.31194998118127
12.50557740116597	28.33225193562194
12.53315338146052	29.38980413069823
12.56072936175507	30.49135956842749
12.58830534204962	31.63646825658388
12.61588132234417	32.82723824736034
12.64345730263872	34.06472776254019
12.67103328293327	35.35432304677742
12.69860926322782	36.69208793477678
12.72618524352237	38.08500259112887
12.75376122381692	39.53392941380284
12.78133720411147	41.04070302988626
12.80891318440602	42.60726630218645
12.83648916470057	44.23839803221323
12.86406514499512	45.9338214387237
12.89164112528967	47.69630137272539
12.91921710558422	49.53065707975933
12.94679308587877	51.43895804084791
12.97436906617332	53.42291410977508
13.00194504646787	55.48758596631115
13.02952102676242	57.63715088793202
13.05709700705697	59.87128521666354
13.08467298735152	62.1936207550167
13.11224896764607	64.61138516492208
13.13982494794062	67.12539581076734
13.16740092823517	69.74185879630191
13.19497690852972	72.46517467876591
13.22255288882427	75.29615266396941
13.25012886911882	78.24107709723023
13.27770484941337	81.30274627369801
13.30528082970792	84.48942175967659
13.33285681000247	87.80377741082096
13.36043279029702	91.25186495040516
13.38800877059157	94.83902088608151
13.41558475088612	98.57124303989508
13.44316073118067	102.4521596543922
13.47073671147522	106.4889685510223
13.49831269176977	110.6858350002011
13.52588867206432	115.0532834854845
13.55346465235887	119.5959428919112
13.58104063265342	124.3208553901387
13.60861661294797	129.2375249029172
13.63619259324252	134.3487167825852
13.66376857353707	139.6645655848357
13.69134455383162	145.1931283300258
13.71892053412617	150.9400765992763
13.74649651442072	156.9196513643576
13.77407249471527	163.1382003635896
13.80164847500982	169.6048236182023
13.82922445530437	176.3316115611248
13.85680043559892	183.3248798253396
13.88437641589347	190.596382110468
13.91195239618802	198.1567719296387
13.93952837648257	206.0185429397161
13.96710435677712	214.1910433288313
13.99468033707167	222.6902111937555
14.02225631736622	231.526673411134
14.04983229766077	240.715058187927
14.07740827795532	250.2662528354437
14.10498425824987	260.1960163817088
14.13256023854442	270.5173771206099
14.16013621883897	281.2478887640048
14.18771219913352	292.4021412235018
14.21528817942807	303.9955123413078
14.24286415972262	316.0473192064903
14.27044014001717	328.5739743884515
14.29801612031172	341.595932639324
14.32559210060627	355.1277765579449
14.35316808090082	369.1904733145969
14.38074406119537	383.8064517841672
14.40832004148992	398.9954520496179
14.43589602178447	414.7796509611767
14.46347200207902	431.1798686307097
14.49104798237357	448.2235876820867
14.51862396266812	465.9334062702074
14.54619994296267	484.3367029834783
14.57377592325722	503.4556126470132
14.60135190355177	523.318751281274
14.62892788384632	543.9558160984527
14.65650386414087	565.3954059237632
14.68407984443542	587.6683481199108
14.71165582472997	610.8053632247013
14.73923180502452	634.8375350685635
14.76680778531907	659.8030160517516
14.79438376561362	685.7358872331944
14.82195974590817	712.669713186704
14.84953572620272	740.6428466334492
14.87711170649727	769.6963718670384
14.90468768679182	799.8698284932608
14.93226366708637	831.205195598093
14.95983964738092	863.7460991121974
14.98741562767547	897.5377878422311
15.01499160797002	932.6264832123535
15.04256758826457	969.0593672318416
15.07014356855912	1006.892580383881
15.09771954885368	1046.171109840329
15.12529552914823	1086.950697297627
15.15287150944278	1129.289096600073
15.18044748973733	1173.243237868861
15.20802347003188	1218.873078108306
15.23559945032643	1266.240732906693
15.26317543062098	1315.410618801239
15.29075141091553	1366.449429969984
15.31832739121008	1419.426562471714
15.34590337150463	1474.410889241249
15.37347935179918	1531.483446621141
15.40105533209373	1590.713643387146
15.42863131238828	1652.184541378733
15.45620729268283	1715.978310976594
15.48378327297738	1782.179738154449
15.51135925327193	1850.877439618782
15.53893523356648	1922.163014254104
15.56651121386103	1996.131385558905
15.59408719415558	2072.880787128318
15.62166317445013	2152.512904286856
15.64923915474468	2235.133439356308
15.67681513503923	2320.848929765675
15.70439111533378	2409.776394631387
15.73196709562833	2502.031021393404
15.75954307592288	2597.733964695404
15.78711905621743	2697.010557047009
15.81469503651198	2799.990697920404
15.84227101680653	2906.808931446024
15.86984699710108	3017.604453868289
15.89742297739563	3132.521486011165
15.92499895769018	3251.709335729949
15.95257493798473	3375.322278639096
15.98015091827928	3503.520405281754
16.00772689857383	3636.469181699315
16.03530287886838	3774.340818044145
16.06287885916293	3917.311720471202
16.09045483945748	4065.565647445731
16.11803081975203	4219.293759754098
16.14560680004658	4378.691905848324
16.17318278034113	4543.964063237608
16.20075876063568	4715.321296409445
16.22833474093023	4892.98176758536
16.25591072122478	5077.171664287411
16.28348670151933	5268.124151116292
16.31106268181388	5466.081641264589
16.33863866210843	5671.293705233406
16.36621464240298	5884.023667340041
16.39379062269753	6104.531467524039
16.42136660299208	6333.099369765131
16.44894258328663	6570.020193939273
16.47651856358118	6815.582820839421
16.50409454387573	7070.097645464247
16.53167052417028	7333.883295289646
16.55924650446483	7607.268605737167
16.58682248475938	7890.594482468547
16.61439846505393	8184.213427840858
16.64197444534848	8488.490235751362
16.66955042564303	8803.801104593269
16.69712640593758	9130.538958348336
16.72470238623213	9469.108224309237
16.75227836652668	9819.923494712682
16.77985434682123	10183.41630224269
16.80743032711578	10560.03888555439
16.83500630741033	10950.25182993346
16.86258228770488	11354.53396571575
16.89015826799943	11773.37937644438
16.91773424829398	12207.30117483787
16.94531022858853	12656.82898150817
16.97288620888308	13122.51119791744
17.00046218917763	13604.91435470179
17.02803816947218	14104.62506889033
17.05561414976673	14622.24863151521
17.08319013006128	15158.41486561807
17.11076611035583	15713.77073473231
17.13834209065038	16288.99216272166
17.16591807094493	16884.76555448642
17.19349405123948	17501.81249922539
17.22107003153403	18140.87329723252
17.24864601182858	18802.71904680591
17.27622199212313	19488.1421495163
17.30379797241768	20197.96432148801
17.33137395271223	20933.0335683288
17.35894993300678	21694.22827924236
17.38652591330133	22482.45714968851
17.41410189359588	23298.6582958155
17.44167787389043	24143.80209542894
17.46925385418498	25018.89420631483
17.49682983447953	25924.9718263218
17.52440581477408	26863.1087249485
17.55198179506863	27834.41620095473
17.57955777536318	28840.03736495919
17.60713375565773	29881.16109024434
17.63470973595228	30959.01390707242
17.66228571624683	32074.86142973004
17.68986169654139	33230.02058309758
17.71743767683594	34425.84333754676
17.74501365713049	35663.73152767904
17.77258963742504	36945.13450402168
17.80016561771959	38271.54945385708
17.82774159801414	39644.52480286358
17.85531757830869	41065.66396095043
17.88289355860324	42536.61246507465
17.91046953889779	44059.09121833473
17.93804551919234	45634.86443091698
17.96562149948689	47265.75991471353
17.99319747978144	48953.66888614962
18.02077346007599	50700.5402105113
18.04834944037054	52508.39457703075
18.07592542066509	54379.31810669916
18.10350140095964	56315.46749914219
18.13107738125419	58319.07176424125
18.15865336154874	60392.4318589969
18.18622934184329	62537.93435088544
18.21380532213784	64758.03772407331
18.24138130243239	67055.28502785599
18.26895728272694	69432.30538267602
18.29653326302149	71891.81361797768
18.32410924331604	74436.62048004591
18.35168522361059	77069.63847311473
18.37926120390514	79793.82949720079
18.40683718419969	82612.3287076159
18.43441316449424	85528.32616332403
18.46198914478879	88545.13150666228
18.48956512508334	91666.16732110405
18.51714110537789	94894.96139115402
18.54471708567244	98235.16858772618
18.57229306596699	101690.561056789
18.59986904626154	105265.0405047487
18.62744502655609	108962.6332523342
18.65502100685064	112787.5031512201
18.68259698714519	116743.949824773
18.71017296743974	120836.4218206018
18.73774894773429	125069.5087353638
18.76532492802884	129447.9598433239
18.79290090832339	133976.6639986656
18.82047688861794	138660.7008440798
18.84805286891249	143505.2980470169
18.87562884920704	148515.8621519961
18.90320482950159	153697.9815757416
18.93078080979614	159057.421406016
18.95835679009069	164600.1483002775
18.98593277038524	170332.3210280697
19.01350875067979	176260.3050624551
19.04108473097434	182390.6680576793
19.06866071126889	188730.2054726911
19.09623669156344	195285.9286732087
19.12381267185799	202065.0893152353
19.15138865215254	209075.1727853061
19.17896463244709	216323.9106832114
19.20654061274164	223819.2935968578
19.23411659303619	231569.5730946987
19.26169257333074	239583.2715109644
19.28926855362529	247869.1949367717
19.31684453391984	256436.441814551
19.34442051421439	265294.404036194
19.37199649450894	274452.7848717623
19.39957247480349	283921.6080174825
19.42714845509804	293711.2253531447
19.45472443539259	303832.3346470642
19.48230041568714	314295.9635989537
19.50987639598169	325113.5358250758
19.53745237627624	336296.8267595741
19.56502835657079	347858.007198636
19.59260433686534	359809.637989228
19.62018031715989	372164.7023610623
19.64775629745444	384936.6035913417
19.67533227774899	398139.1847112705
19.70290825804354	411786.7445184384
19.73048423833809	425894.0474780986
19.75806021863264	440476.3422468933
19.78563619892719	455549.3757904311
19.81321217922174	471129.4107360545
19.84078815951629	487233.2389960829
19.86836413981084	503878.2034182231
19.89594012010539	521082.2177363872
19.92351610039994	538863.7737249611
19.95109208069449	557241.969452351
19.97866806098904	576236.5222889683
20.00624404128359	595867.7951764484
20.03382002157814	616156.827886884
20.06139600187269	637125.3209764601
20.08897198216724	658795.7013225502
20.11654796246179	681191.1177676213
20.14412394275634	704335.4757679807
20.17169992305089	728253.4616920315
20.19927590334544	752970.5545990022
20.22685188363999	778513.0723874338
20.25442786393454	804908.1864552745
20.2820038442291	832183.9480977046
20.30957982452365	860369.3225050326
20.3371558048182	889494.2182541232
20.36473178511275	919589.5076960395
20.3923077654073	950687.0706865658
20.41988374570185	982819.8197645908
20.4474597259964	1016021.733907569
20.47503570629095	1050327.89834301
20.5026116865855	1085774.524477714
20.53018766688005	1122399.013804515
20.5577636471746	1160239.961906875
20.58533962746915	1199337.227498783
20.6129156077637	1239731.951232056
20.64049158805825	1281466.606855217
20.6680675683528	1324585.04284446
20.69564354864735	1369132.524455215
20.7232195289419	1415155.779787792
20.75079550923645	1462703.053141905
20.778371489531	1511824.131336362
20.80594746982555	1562570.427281376
20.8335234501201	1614995.006927437
20.86109943041465	1669152.639220153
20.8886754107092	1725099.870490398
20.91625139100375	1782895.07115889
20.9438273712983	1842598.489004391
20.97140335159285	1904272.315247457
20.9989793318874	1967980.744162106
21.02655531218195	2033790.038731019
21.0541312924765	2101768.593127233
21.08170727277105	2171987.004033404
21.1092832530656	2244518.142259074
21.13685923336015	2319437.222941783
21.1644352136547	2396821.875867798
21.19201119394925	2476752.229717846
21.2195871742438	2559310.985856665
21.24716315453835	2644583.505938063
21.2747391348329	2732657.890190647
21.30231511512745	2823625.067254799
21.329891095422	2917578.891876848
21.35746707571655	3014616.223188487
21.3850430560111	3114837.030210818
21.41261903630565	3218344.484604756
21.4401950166002	3325245.071906837
21.46777099689475	3435648.686493375
21.4953469771893	3549668.745664855
21.52292295748385	3667422.298603967
21.5504989377784	3789030.143531238
21.57807491807295	3914616.946150724
21.6056508983675	4044311.356282038
21.63322687866205	4178246.156188145
21.6608028589566	4316558.359744759
21.68837883925115	4459389.36899698
21.7159548195457	4606885.103162766
21.74353079984025	4759196.147345267
21.7711067801348	4916477.89242901
21.79868276042935	5078890.704569837
21.8262587407239	5246600.056225785
21.85383472101845	5419776.71747945
21.881410701313	5598596.897072208
21.90898668160755	5783242.425074277
21.9365626619021	5973900.940070364
21.96413864219665	6170766.057577745
21.9917146224912	6374037.564545738
22.01929060278575	6583921.616037074
22.0468665830803	6800630.942831838
22.07444256337485	7024385.043975607
22.1020185436694	7255410.373802216
22.12959452396395	7493940.781902866
22.1571705042585	7740217.209494591
22.18474648455305	7994488.577341083
22.2123224648476	8257011.59256498
22.23989844514215	8528051.144196015
22.2674744254367	8807880.542130703
22.29505040573125	9096781.805321649
22.3226263860258	9395045.84603053
22.35020236632035	9702972.988483161
22.3777783466149	10020872.82837895
22.40535432690945	10349065.01416015
22.432930307204	10687879.25509242
22.46050628749855	11037655.72709528
22.4880822677931	11398745.40207231
22.51565824808765	11771510.39818623
22.5432342283822	12156324.28300836
22.57081020867675	12553572.59633608
22.5983861889713	12963652.82129531
22.62596216926585	13386975.31830132
22.6535381495604	13823963.31219172
22.68111412985495	14275053.45158795
22.7086901101495	14740696.21097169
22.73626609044405	15221356.33647344
22.7638420707386	15717513.26941691
22.79141805103315	16229661.72061935
22.8189940313277	16758311.71554757
22.84657001162225	17303989.86309367
22.87414599191681	17867239.14070798
22.90172197221136	18448619.7542101
22.92929795250591	19048709.61028699
22.95687393280046	19668104.87126433
22.98444991309501	20307420.5278808
23.01202589338956	20967291.01290074
23.03960187368411	21648370.84079441
23.06717785397866	22351334.99272104
23.09475383427321	23076879.95159522
23.12232981456776	23825724.00391795
23.14990579486231	24598608.41815169
23.17748177515686	25396297.36420963
23.20505775545141	26219579.41515941
23.23263373574596	27069267.94203058
23.26020971604051	27946201.86480655
23.28778569633506	28851246.83972057
23.31536167662961	29785295.24122091
23.34293765692416	30749268.00277217
23.37051363721871	31744114.87887231
23.39808961751326	32770815.54117012
23.42566559780781	33830380.48997195
23.45324157810236	34923851.99279298
23.48081755839691	36052305.15183518
23.50839353869146	37216848.80737691
23.53596951898601	38418626.87796542
23.56354549928056	39658818.81925569
23.59112147957511	40938641.53343824
23.61869745986966	42259349.99773751
23.64627344016421	43622238.63619986
23.67384942045876	45028642.52254335
23.70142540075331	46479938.63342632
23.72900138104786	47977547.22271966
23.75657736134241	49522933.05866022
23.78415334163696	51117606.96164551
23.81172932193151	52763126.96373042
23.83930530222606	54461100.17027399
23.86688128252061	56213183.97274881
23.89445726281516	58021087.7418779
23.92203324310971	59886574.43217611
23.94960922340426	61811462.23128322
23.97718520369881	63797626.33279317
24.00476118399336	65847000.60488104
24.03233716428791	67961579.38576625
24.05991314458246	70143420.11230506
24.08748912487701	72394643.50484426
24.11506510517156	74717437.50732814
24.14264108546611	77114058.26408702
24.17021706576066	79586832.51221682
24.19779304605521	82138159.75688484
24.22536902634976	84770514.60039824
24.25294500664431	87486448.94446169
24.28052098693886	90288594.47788943
24.30809696723341	93179665.42533962
24.33567294752796	96162459.86073458
24.36324892782251	99239864.51651436
24.39082490811706	102414855.6761126
24.41840088841161	105690502.5520706
24.44597686870616	109069970.2608524
24.47355284900071	112556522.6918911
24.50112882929526	116153525.664267
24.52870480958981	119864449.9446053
24.55628078988436	123692874.6103316
24.58385677017891	127642489.9304017
24.61143275047346	131717103.0649909
24.63900873076801	135920637.0503873
24.66658471106256	140257139.2947444
24.69416069135711	144730782.6465005
24.72173667165166	149345870.0513276
24.74931265194621	154106838.5570426
24.77688863224076	159018263.3576733
24.80446461253531	164084862.1627174
24.83204059282986	169311499.5772267
24.85961657312441	174703191.601372
24.88719255341896	180265110.4731188
24.91476853371351	186002589.171762
24.94234451400806	191921126.9674048
24.96992049430261	198026393.7578419
24.99749647459716	204324236.0380518
25.02507245489171	210820682.0965955
25.05264843518626	217521947.5698552
25.08022441548081	224434441.3512104
25.10780039577536	231564771.4755676
25.13537637606991	238919751.2701724
25.16295235636446	246506405.7032688
25.19052833665901	254331978.6222863
25.21810431695356	262403937.4406185
25.24568029724811	270729982.7435699
25.27325627754266	279318053.5339437
25.30083225783721	288176335.34598
25.32840823813176	297313267.8051424
25.35598421842631	306737552.3221097
25.38356019872086	316458160.2660307
25.41113617901541	326484341.2322634
25.43871215930996	336825631.7754669
25.46628813960452	347491863.8596528
25.49386411989907	358493175.0093042
25.52144010019362	369840015.6456599
25.54901608048817	381543161.0767772
25.57659206078272	393613720.1291494
25.60416804107727	406063145.8237265
25.63174402137182	418903245.8564968
25.65932000166637	432146193.6124863
25.68689598196092	445804539.2687435
25.71447196225547	459891221.9065711
25.74204794255002	474419580.5710991
25.76962392284457	489403367.2054501
25.79719990313912	504856759.8285683
25.82477588343367	520794374.1396266
25.85235186372822	537231280.1841683
25.87992784402277	554183008.5392942
25.90750382431732	571665576.6222693
25.93507980461187	589695493.4115738
25.96265578490642	608289778.6861767
25.99023176520097	627465978.574901
26.01780774549552	647242181.250693
26.04538372579007	667637033.4736791
26.07295970608462	688669758.0510668
26.10053568637917	710360171.3652542
26.12811166667372	732728703.3599703
26.15568764696827	755796411.1128989
26.18326362726282	779585005.0076414
26.21083960755737	804116864.2392228
26.23841558785192	829415058.6195651
26.26599156814647	855503369.8988968
26.29356754844102	882406313.2752585
26.32114352873557	910149160.0981516
26.34871950903012	938757961.5182641
26.37629548932467	968259570.9164269
26.40387146961922	998681672.4805186
26.43144744991377	1030052798.207331
26.45902343020832	1062402364.44933
26.48659941050287	1095760691.862411
26.51417539079742	1130159035.71309
26.54175137109197	1165629613.867934
26.56932735138652	1202205636.699932
26.59690333168107	1239921337.176297
26.62447931197562	1278812002.446911
26.65205529227017	1318914005.526745
26.67963127256472	1360264841.058398
26.70720725285927	1402903153.064339
26.73478323315382	1446868779.244386
26.76235921344837	1492202780.992044
26.78993519374292	1538947483.176922
26.81751117403747	1587146512.064211
26.84508715433202	1636844835.899207
26.87266313462657	1688088805.623046
26.90023911492112	1740926197.002224
26.92781509521567	1795406254.261048
26.95539107551022	1851579737.80487
26.98296705580477	1909498958.096058
27.01054303609932	1969217846.625695
27.03811901639387	2030791982.966742
27.06569499668842	2094278655.81808
27.09327097698297	2159736913.289712
27.12084695727752	2227227616.626153
27.14842293757207	2296813495.790403
27.17599891786662	2368559205.78825
27.20357489816117	2442531386.95906
27.23115087845572	2518798723.938828
27.25872685875027	2597432010.86993
27.28630283904482	2678504208.88843
27.31387881933937	2762090522.719387
27.34145479963392	2848268460.964287
27.36903077992847	2937117909.491839
27.39660676022302	3028721203.658977
27.42418274051757	3123163203.808217
27.45175872081212	3220531368.656167
27.47933470110667	3320915840.740766
27.50691068140122	3424409523.529609
27.53448666169577	3531108166.70621
27.56206264199032	3641110455.620017
27.58963862228487	3754518093.25557
27.61721460257942	3871435903.062304
27.64479058287397	3991971915.760642
27.67236656316852	4116237470.194049
27.69994254346307	4244347312.774549
27.72751852375762	4376419705.727575
27.75509450405217	4512576526.516787
27.78267048434672	4652943384.675406
27.81024646464127	4797649732.327584
27.83782244493582	4946828981.897749
27.86539842523037	5100618629.625878
27.89297440552492	5259160367.069243
27.92055038581947	5422600232.538788
27.94812636611402	5591088721.241328
27.97570234640857	5764780933.543432
28.00327832670312	5943836703.333813
28.03085430699767	6128420758.196126
28.05843028729223	6318702855.433694
28.08600626758678	6514857941.246556
28.11358224788133	6717066306.117523
28.14115822817588	6925513747.585877
28.16873420847043	7140391738.32415
28.19631018876498	7361897600.697342
28.22388616905953	7590234677.225956
28.25146214935408	7825612514.696281
28.27903812964863	8068247081.199316
28.30661410994318	8318360912.209165
28.33419009023773	8576183342.065492
28.36176607053228	8841950703.924919
28.38934205082683	9115906542.167419
28.41691803112138	9398301830.845287
28.44449401141593	9689395200.041338
28.47206999171048	9989453167.638628
28.49964597200503	10298750378.8683
28.52722195229958	10617569893.67942
28.55479793259413	10946203275.78544
28.58237391288868	11284951113.86373
28.60994989318323	11634123101.12822
28.63752587347778	11994038377.10918
28.66510185377233	12365025806.54193
28.69267783406688	12747424273.77463
28.72025381436143	13141582988.63787
28.74782979465598	13547861797.56991
28.77540577495053	13966631508.26546
28.80298175524508	14398274058.28481
28.83055773553963	14843183535.03475
28.85813371583418	15301765453.54238
28.88570969612873	15774437929.30963
28.91328567642328	16261631750.75339
28.94086165671783	16763790833.89261
28.96843763701238	17281372596.6503
28.99601361730693	17814848377.3173
29.02358959760148	18364703852.9267
29.05116557789603	18931439474.48082
29.07874155819058	19515571147.59162
29.10631753848513	20117629654.94021
29.13389351877968	20738162970.37961
29.16146949907423	21377735069.70499
29.18904547936878	22036927317.62416
29.21662145966333	22716338685.50988
29.24419743995788	23416586361.3256
29.27177342025243	24138306290.29148
29.29934940054698	24882153740.03713
29.32692538084153	25648803889.78501
29.35450136113608	26438952429.90807
29.38207734143063	27253316072.53162
29.40965332172518	28092633795.02534
29.43722930201973	28957666040.89486
29.46480528231428	29849197475.0026
29.49238126260883	30768035791.34505
29.51995724290338	31715013514.31671
29.54753322319793	32690988375.56067
29.57510920349248	33696844158.29553
29.60268518378703	34733491455.16179
29.63026116408158	35801868496.74022
29.65783714437613	36902942170.23286
29.68541312467068	38037708025.37386
29.71298910496523	39207192879.491
29.74056508525978	40412453365.68351
29.76814106555433	41654579489.73061
29.79571704584888	42934693585.67765
29.82329302614343	44253952094.49697
29.85086900643798	45613546630.83966
29.87844498673253	47014704870.26564
29.90602096702708	48458691716.63086
29.93359694732163	49946809764.01658
29.96117292761618	51480403226.96151
29.98874890791073	53060854509.6614
30.01632488820528	54689589302.70811
30.04390086849983	56368076249.40655
30.07147684879438	58097827734.51537
30.09905282908893	59880403034.81927
30.12662880938348	61717408107.60406
30.15420478967803	63610497510.90679
30.18178076997258	65561376050.30038
30.20935675026713	67571800648.32339
30.23693273056168	69643579202.91888
30.26450871085623	71778577427.76576
30.29208469115078	73978715826.82033
30.31966067144533	76245972699.87137
30.34723665173988	78582387183.25052
30.37481263203443	80990059701.73018
30.40238861232898	83471153676.14806
30.42996459262353	86027898980.18262
30.45754057291808	88662592287.77629
30.48511655321263	91377601051.37042
30.51269253350718	94175360798.96622
30.54026851380173	97058383581.51779
30.56784449409628	100029256494.3118
30.59542047439083	103090646584.3099
30.62299645468539	106245299635.3211
30.65057243497994	109496044394.8698
30.67814841527449	112845795961.7216
30.70572439556904	116297557341.3853
30.73330037586359	119854421582.5864
30.76087635615814	123519571243.2102
30.78845233645269	127296299325.2146
30.81602831674724	131187984554.2603
30.84360429704179	135198110417.417
30.87118027733634	139330266385.2716
30.89875625763089	143588150593.8076
30.92633223792544	147975574319.049
30.95390821821999	152496461915.9968
30.98148419851454	157154856471.9931
31.00906017880909	161954923374.4851
31.03663615910364	166900959486.5072
31.06421213939819	171997374020.08
31.09178811969274	177248722910.295
31.11936409998729	182659703511.9544
31.14694008028184	188235147372.8
31.17451606057639	193980030297.4424
31.20209204087094	199899482875.3958
31.22966802116549	205998787338.4616
31.25724400146004	212283386643.0066
31.28481998175459	218758888587.0668
31.31239596204914	225431065106.885
31.33997194234369	232305873644.8722
31.36754792263824	239389443574.7655
31.39512390293279	246688082098.437
31.42269988322734	254208292499.3575
31.45027586352189	261956784472.2485
31.47785184381644	269940457233.4096
31.50542782411099	278166418748.9542
31.53300380440554	286641995134.4672
31.56057978470009	295374730682.7214
31.58815576499464	304372399928.6696
31.61573174528919	313643005870.5566
31.64330772558374	323194795415.9415
31.67088370587829	333036269622.4362
31.69845968617284	343176183213.3957
31.72603566646739	353623539974.7122
31.75361164676194	364387627393.1315
31.78118762705649	375478021179.8963
31.80876360735104	386904570534.1851
31.83633958764559	398677427202.6396
31.86391556794014	410807045298.8339
31.89149154823469	423304197372.5991
31.91906752852924	436179978268.0695
31.94664350882379	449445813198.8014
31.97421948911834	463113477509.0502
32.00179546941289	477195092959.4021
32.02937144970744	491703158857.2333
32.05694743000199	506650543592.728
32.08452341029654	522050488943.8824
32.11209939059109	537916649897.4035
32.13967537088564	554263095071.6873
32.16725135118019	571104307227.486
32.19482733147474	588455207988.7351
32.22240331176929	606331164039.6533
0
1000	105.6583745	100000000000000.1
5	0	0	1
5	0	0	0
4.673998997513734	-2.986271210604511e-09
4.701574977808284	-3.114503189793985e-09
4.729150958102834	-2.608312784884544e-09
4.756726938397384	-1.678243945987085e-09
4.784302918691934	-5.622804488497375e-10
4.811878898986484	-4.382132651187439e-10
4.839454879281035	-1.42849388430961e-09
4.867030859575585	-2.534596184520288e-09
4.894606839870135	-3.718640005984488e-09
4.922182820164685	-4.949037124844545e-09
4.949758800459235	-6.20013352342047e-09
4.977334780753785	-7.451558654902367e-09
5.004910761048335	-8.68749659499001e-09
5.032486741342885	-9.895980107733576e-09
5.060062721637435	-1.10682503305165e-08
5.087638701931986	-1.24973467552614e-08
5.115214682226536	-1.410830596373833e-08
5.142790662521086	-1.554295744115193e-08
5.170366642815636	-1.677246475539295e-08
5.197942623110186	-1.778412256148921e-08
5.225518603404736	-1.858255462139418e-08
5.253094583699286	-1.919064133689126e-08
5.280670563993836	-1.965022388524504e-08
5.308246544288386	-2.002262217047528e-08
5.335822524582936	-2.038899596594298e-08
5.363398504877487	-2.093982549513525e-08
5.390974485172037	-2.159446156830421e-08
5.418550465466587	-2.25885454337554e-08
5.446126445761137	-2.415363948732601e-08
5.473702426055687	-2.641863134874712e-08
5.501278406350237	-2.401838150357823e-08
5.528854386644787	-2.454619524672551e-08
5.556430366939337	-2.583677473076877e-08
5.584006347233887	-3.766849701577801e-08
5.611582327528438	-5.263939277382086e-08
5.639158307822988	-7.072740686239819e-08
5.666734288117538	-9.18371613190743e-08
5.694310268412088	-1.157994657211212e-07
5.721886248706638	-1.423714148895878e-07
5.749462229001188	-1.712367645264001e-07
5.777038209295738	-3.46309214698298e-07
5.804614189590288	-3.660010577471379e-07
5.832190169884838	-3.742277316103074e-07
5.859766150179389	-3.715908385811389e-07
5.887342130473939	-3.592785533207316e-07
5.914918110768489	-3.602739241489928e-07
5.942494091063039	-3.787604774494134e-07
5.970070071357589	-3.94507431374144e-07
5.997646051652139	-4.07503144700555e-07
6.025222031946689	-4.178042247589826e-07
6.052798012241239	-8.00311993593433e-07
6.080373992535789	-7.50732884876104e-07
6.107949972830339	-6.727014419060242e-07
6.13552595312489	-5.77582097709995e-07
6.16310193341944	-4.797850842570039e-07
6.19067791371399	-4.381389787361553e-07
6.21825389400854	-4.440154535866433e-07
6.24582987430309	-4.49989477957417e-07
6.27340585459764	-4.637816029095618e-07
6.30098183489219	-6.743867250191322e-07
6.32855781518674	-4.729374850327937e-07
6.35613379548129	-4.794504567613776e-07
6.383709775775841	-5.376427036331169e-07
6.411285756070391	-2.147793066644756e-06
6.438861736364941	-4.210567547019567e-06
6.466437716659491	-6.744278710538668e-06
6.494013696954041	-9.729610455586035e-06
6.521589677248591	-1.315441879958114e-05
6.549165657543141	-1.699914718538998e-05
6.576741637837691	-2.123690690270699e-05
6.604317618132241	-2.804118314737607e-05
6.631893598426791	-3.275536913328449e-05
6.659469578721342	-3.755314504957489e-05
6.687045559015892	-4.239906719581805e-05
6.714621539310442	-4.726007789112855e-05
6.742197519604992	-5.210548678768877e-05
6.769773499899542	-5.690695079720483e-05
6.797349480194092	-6.163845296217342e-05
6.824925460488642	-6.627628055003387e-05
6.852501440783192	-7.07990026030181e-05
6.880077421077742	-7.510729803073891e-05
6.907653401372293	-7.935180071599193e-05
6.935229381666843	-8.343709943072005e-05
6.962805361961393	-8.734993534197468e-05
6.990381342255943	-9.107887929974994e-05
7.017957322550493	-9.461431236155359e-05
7.045533302845043	-9.794840653047715e-05
7.073109283139593	-0.000101075105760031
7.100685263434143	-0.0001039901072694473
7.128261243728693	-0.0001066908432048759
7.155837224023244	-0.0001089008668462258
7.183413204317794	-0.0001111972091806338
7.210989184612344	-0.000113304970311263
7.238565164906894	-0.000115225853392731
7.266141145201444	-0.0001169620493489234
7.293717125495994	-0.0001185162316677197
7.321293105790544	-0.0001198915514053587
7.348869086085094	-0.0001210916323899281
7.376445066379644	-0.0001221205666140975
7.404021046674194	-0.0001229829098077924
7.431597026968745	-0.000123574785061007
7.459173007263295	-0.0001241293191855316
7.486748987557845	-0.0001245428198740671
7.514324967852395	-0.0001248206728086694
7.541900948146945	-0.0001249682488129355
7.569476928441495	-0.0001249909043730055
7.597052908736045	-0.0001248939821772452
7.624628889030595	-0.0001246828116696239
7.652204869325145	-0.0001243627096125829
7.679780849619696	-0.000123938980655868
7.707356829914246	-0.0001233842192838353
7.734932810208796	-0.0001227720791754129
7.762508790503346	-0.000122074901985608
7.790084770797896	-0.0001212976526681113
7.817660751092446	-0.0001204451499897449
7.845236731386996	-0.0001195220682849614
7.872812711681546	-0.000118532939145947
7.900388691976096	-0.0001174821530538009
7.927964672270646	-0.0001163739609550636
7.955540652565197	-0.0001152124757868974
7.983116632859747	-0.0001140073511571364
8.010692613154298	-0.000112750326815201
8.038268593448848	-0.0001114509893678443
8.065844573743398	-0.0001101129398020551
8.093420554037948	-0.0001087396470271149
8.120996534332498	-0.0001073343657649182
8.148572514627048	-0.0001058992637957522
8.176148494921598	-0.0001044485216516749
8.203724475216148	-0.0001029642813947621
8.231300455510699	-0.0001014638786253269
8.258876435805249	-9.993587428328785e-05
8.286452416099799	-9.840743697250356e-05
8.314028396394349	-9.686917187132263e-05
8.341604376688899	-9.532358983849656e-05
8.369180356983449	-9.377306110555026e-05
8.396756337277999	-9.221981648928075e-05
8.424332317572549	-9.066594856806742e-05
8.451908297867099	-8.911341282505875e-05
8.47948427816165	-8.756402876065232e-05
8.5070602584562	-8.6019480976226e-05
8.53463623875075	-8.449311099579459e-05
8.5622122190453	-8.296172036704204e-05
8.58978819933985	-8.14384082760109e-05
8.6173641796344	-7.992443980092605e-05
8.64494015992895	-7.842099883932731e-05
8.6725161402235	-7.692918982019047e-05
8.70009212051805	-7.545003869589011e-05
8.7276681008126	-7.398449368777413e-05
8.755244081107151	-7.25334259287817e-05
8.782820061401701	-7.109763005477715e-05
8.810396041696251	-7.008514645580083e-05
8.837972021990801	-6.864522005474341e-05
8.865548002285351	-6.718820205349403e-05
8.893123982579901	-6.571822707979187e-05
8.920699962874451	-6.424108381160652e-05
8.948275943169001	-6.276420388344481e-05
8.975851923463551	-6.12966508805996e-05
9.003427903758102	-5.984910938795447e-05
9.031003884052652	-5.843387404694099e-05
9.058579864347202	-5.70648385528788e-05
9.086155844641752	-5.419870515856857e-05
9.113731824936302	-5.316620803436311e-05
9.141307805230852	-5.233322965438811e-05
9.168883785525402	-5.169397063018466e-05
9.196459765819952	-5.1265270012095e-05
9.224035746114502	-5.105195023875565e-05
9.251611726409052	-5.105365042497158e-05
9.279187706703603	-5.126568725283162e-05
9.306763686998153	-5.167936877353938e-05
9.334339667292703	-5.22821396458318e-05
9.361915647587253	-5.439255803990994e-05
9.389491627881803	-5.520185960608224e-05
9.417067608176353	-5.602696647829221e-05
9.444643588470903	-5.685197445848117e-05
9.472219568765453	-5.766304589035699e-05
9.499795549060003	-5.844840581130339e-05
9.527371529354554	-5.91983382650352e-05
9.554947509649104	-5.990518277136573e-05
9.582523489943654	-6.05633309409607e-05
9.610099470238204	-6.116922321885422e-05
9.637675450532754	-6.124802711211035e-05
9.665251430827304	-6.178916897251709e-05
9.692827411121854	-6.231966430523838e-05
9.720403391416404	-6.283999766301148e-05
9.747979371710954	-6.335064927447122e-05
9.775555352005505	-6.385208907984399e-05
9.803131332300055	-6.434475026868719e-05
9.830707312594605	-6.482879190982055e-05
9.858283292889155	-6.530963948533243e-05
9.885859273183705	-6.577685663503822e-05
9.913435253478255	-6.623876732357294e-05
9.941011233772805	-6.669539719444584e-05
9.968587214067355	-6.714624341953546e-05
9.996163194361905	-6.759178088944227e-05
10.02373917465646	-6.803248232858899e-05
10.05131515495101	-6.846881829689431e-05
10.07889113524556	-6.890125718940963e-05
10.10646711554011	-6.93302652338044e-05
10.13404309583466	-6.975630648553377e-05
10.16161907612921	-7.017984282046345e-05
10.18919505642376	-7.060138502430845e-05
10.21677103671831	-7.102128457825367e-05
10.24434701701286	-7.144004709012063e-05
10.27192299730741	-7.185812578295175e-05
10.29949897760196	-7.227597183660806e-05
10.32707495789651	-7.269403437954709e-05
10.35465093819106	-7.311276047988547e-05
10.38222691848561	-7.353259513575937e-05
10.40980289878016	-7.395398126499125e-05
10.43737887907471	-7.437735969406583e-05
10.46495485936926	-7.480308628732181e-05
10.49253083966381	-7.523177077622026e-05
10.52010681995836	-7.56637643884071e-05
10.54768280025291	-7.609949872892238e-05
10.57525878054746	-7.653940288506031e-05
10.60283476084201	-7.698390341357509e-05
10.63041074113656	-7.743342432794273e-05
10.65798672143111	-7.788838708569557e-05
10.68556270172566	-7.834921057584427e-05
10.71313868202021	-7.881631110640304e-05
10.74071466231476	-7.928995239414539e-05
10.76829064260931	-7.977085860042072e-05
10.79586662290386	-8.025928798804909e-05
10.82344260319841	-8.075564518303735e-05
10.85101858349296	-8.126033149995335e-05
10.87859456378751	-8.177374492688189e-05
10.90617054408206	-8.229628011148147e-05
10.93374652437661	-8.282832834808707e-05
10.96132250467116	-8.337027756580841e-05
10.98889848496571	-8.392251231758091e-05
11.01647446526026	-8.448526323162233e-05
11.04405044555481	-8.505922185108386e-05
11.07162642584936	-8.564461235931645e-05
11.09920240614391	-8.624180455216422e-05
11.12677838643846	-8.685116410465017e-05
11.15435436673301	-8.747305255764545e-05
11.18193034702756	-8.810782730682152e-05
11.20950632732211	-8.875584159361905e-05
11.23708230761666	-8.941744449801014e-05
11.26465828791121	-9.009298093286628e-05
11.29223426820576	-9.0782619811883e-05
11.31981024850031	-9.148705683258192e-05
11.34738622879486	-9.220645155815104e-05
11.37496220908941	-9.294113068064722e-05
11.40253818938396	-9.369141598732753e-05
11.43011416967851	-9.445762436494075e-05
11.45769014997306	-9.524006780461819e-05
11.48526613026761	-9.603905340734149e-05
11.51284211056216	-9.6854883389965e-05
11.54041809085671	-9.768785509177111e-05
11.56799407115126	-9.853813356232043e-05
11.59557005144581	-9.940627263448773e-05
11.62314603174036	-0.0001002924270209698
11.65072201203491	-0.0001011968735146202
11.67829799232946	-0.000102119883524007
11.70587397262401	-0.0001030617230838179
11.73344995291856	-0.0001040226528656292
11.76102593321311	-0.0001050029281890207
11.78860191350766	-0.0001060027990330188
11.81617789380221	-0.0001070225100478511
11.84375387409676	-0.000108062260186939
11.87132985439131	-0.0001091223678704804
11.89890583468586	-0.0001102030212286225
11.92648181498041	-0.0001113044433624259
11.95405779527496	-0.0001124268519352594
11.98163377556951	-0.0001135704591867881
12.00920975586406	-0.0001147354719471062
12.03678573615861	-0.0001159220916510051
12.06436171645316	-0.0001171305143523627
12.09193769674771	-0.0001183609307386452
12.11951367704226	-0.0001196135922560606
12.14708965733681	-0.0001208885409080223
12.17466563763136	-0.0001221860176113129
12.20224161792591	-0.0001235061922826404
12.22981759822046	-0.0001248492298394479
12.25739357851501	-0.0001262152902162346
12.28496955880956	-0.0001276045283806679
12.31254553910411	-0.000129017094349507
12.34012151939866	-0.0001304531332043583
12.36769749969321	-0.0001319127851072785
12.39527347998776	-0.0001333963132660698
12.42284946028231	-0.0001349035815539554
12.45042544057686	-0.0001364348428162909
12.47800142087141	-0.0001379902186642785
12.50557740116597	-0.0001395698264809606
12.53315338146052	-0.0001411737794385349
12.56072936175507	-0.0001428021865145695
12.58830534204962	-0.0001444551525073847
12.61588132234417	-0.0001461327780507898
12.64345730263872	-0.0001478351596283178
12.67103328293327	-0.0001495625697333831
12.69860926322782	-0.0001513147205841429
12.72618524352237	-0.000153091876834
12.75376122381692	-0.000154894119928664
12.78133720411147	-0.0001567215279792069
12.80891318440602	-0.000158574175777913
12.83648916470057	-0.0001604521348173431
12.86406514499512	-0.000162355473315105
12.89164112528967	-0.0001642842562492751
12.91921710558422	-0.0001662385454149527
12.94679308587877	-0.0001682186245337214
12.97436906617332	-0.0001702240922693714
13.00194504646787	-0.0001722552154129371
13.02952102676242	-0.0001743120432371891
13.05709700705697	-0.0001763946224099394
13.08467298735152	-0.0001785029969977642
13.11224896764607	-0.0001806372084692827
13.13982494794062	-0.0001827972956979477
13.16740092823517	-0.0001849832949643036
13.19497690852972	-0.0001871952399576575
13.22255288882427	-0.0001894333033587235
13.25012886911882	-0.0001916972181284514
13.27770484941337	-0.0001939871520915572
13.30528082970792	-0.000196303129734519
13.33285681000247	-0.0001986451735674542
13.36043279029702	-0.0002010133041275629
13.38800877059157	-0.0002034075399824222
13.41558475088612	-0.00020582789773313
13.44316073118067	-0.0002082743920172944
13.47073671147522	-0.0002107470355118618
13.49831269176977	-0.0002132459513778376
13.52588867206432	-0.0002157709134650245
13.55346465235887	-0.0002183220415585456
13.58104063265342	-0.0002208993414751107
13.60861661294797	-0.0002235028175674698
13.63619259324252	-0.0002261324727270085
13.66376857353707	-0.000228788308386426
13.69134455383162	-0.0002314703245224121
13.71892053412617	-0.0002341785196582901
13.74649651442072	-0.0002369128908666118
13.77407249471527	-0.0002396735190081117
13.80164847500982	-0.0002424602202027134
13.82922445530437	-0.0002452730727926868
13.85680043559892	-0.0002481120688065993
13.88437641589347	-0.0002509771992006558
13.91195239618802	-0.0002538684538605119
13.93952837648257	-0.0002567858216026414
13.96710435677712	-0.0002597292901746237
13.99468033707167	-0.0002626988462523006
14.02225631736622	-0.0002656944754253614
14.04983229766077	-0.0002687162333425732
14.07740827795532	-0.0002717639555278101
14.10498425824987	-0.000274837695505649
14.13256023854442	-0.0002779374352881163
14.16013621883897	-0.0002810631561368847
14.18771219913352	-0.0002842148385647803
14.21528817942807	-0.0002873924623372713
14.24286415972262	-0.0002905960064739365
14.27044014001717	-0.0002938254492499163
14.29801612031172	-0.0002970807681973458
14.32559210060627	-0.0003003619980390559
14.35316808090082	-0.0003036689937851414
14.38074406119537	-0.0003070017889576327
14.40832004148992	-0.0003103603586356097
14.43589602178447	-0.0003137446774108321
14.46347200207902	-0.0003171547193886043
14.49104798237357	-0.0003205904581886261
14.51862396266812	-0.0003240518669458343
14.54619994296267	-0.0003275389183112328
14.57377592325722	-0.0003310515844527137
14.60135190355177	-0.0003345898831431447
14.62892788384632	-0.0003381536892858287
14.65650386414087	-0.0003417430199240693
14.68407984443542	-0.000345357845705955
14.71165582472997	-0.0003489981369985732
14.73923180502452	-0.000352663863888307
14.76680778531907	-0.000356354996181106
14.79438376561362	-0.0003600715034027091
14.82195974590817	-0.0003638133547987833
14.84953572620272	-0.0003675805193348834
14.87711170649727	-0.0003713730043511533
14.90468768679182	-0.00037519067660929
14.93226366708637	-0.0003790335977682025
14.95983964738092	-0.0003829016922796733
14.98741562767547	-0.0003867949376190892
15.01499160797002	-0.0003907133022918657
15.04256758826457	-0.0003946567541870819
15.07014356855912	-0.0003986252609594136
15.09771954885368	-0.0004026187900965676
15.12529552914823	-0.0004066373089378553
15.15287150944278	-0.0004106808103415468
15.18044748973733	-0.0004147492077794526
15.20802347003188	-0.0004188424939134314
15.23559945032643	-0.0004229606357482749
15.26317543062098	-0.0004271036002638363
15.29075141091553	-0.0004312713544147154
15.31832739121008	-0.0004354638651299461
15.34590337150463	-0.0004396810993126861
15.37347935179918	-0.0004439230238399093
15.40105533209373	-0.0004481896055621
15.42863131238828	-0.0004524808274377918
15.45620729268283	-0.0004567966225532871
15.48378327297738	-0.0004611369738888855
15.51135925327193	-0.0004655018483265478
15.53893523356648	-0.0004698912127895958
15.56651121386103	-0.0004743050342423017
15.59408719415558	-0.0004787432796894813
15.62166317445013	-0.0004832059161760867
15.64923915474468	-0.0004876929107868021
15.67681513503923	-0.0004922042306456394
15.70439111533378	-0.0004967398514961068
15.73196709562833	-0.0005012997225969386
15.75954307592288	-0.0005058838198274286
15.78711905621743	-0.0005104921105456729
15.81469503651198	-0.0005151245621859879
15.84227101680653	-0.0005197811422592005
15.86984699710108	-0.0005244618183536282
15.89742297739563	-0.0005291665581376852
15.92499895769018	-0.0005338953293669002
15.95257493798473	-0.0005386480999053034
15.98015091827928	-0.0005434248301503157
16.00772689857383	-0.0005482255061491833
16.03530287886838	-0.0005530500822194443
16.06287885916293	-0.0005578985286654255
16.09045483945748	-0.0005627708140419041
16.11803081975203	-0.0005676669067308038
16.14560680004658	-0.0005725867751266731
16.17318278034113	-0.0005775303876792571
16.20075876063568	-0.0005824977129068275
16.22833474093023	-0.0005874887194011539
16.25591072122478	-0.0005925033761038864
16.28348670151933	-0.0005975416510504841
16.31106268181388	-0.0006026035134374395
16.33863866210843	-0.0006076889322078759
16.36621464240298	-0.0006127978765177431
16.39379062269753	-0.000617930321368594
16.42136660299208	-0.0006230862150279917
16.44894258328663	-0.0006282655501790042
16.47651856358118	-0.0006334682870715272
16.50409454387573	-0.0006386943953741444
16.53167052417028	-0.0006439438443188473
16.55924650446483	-0.0006492166040629699
16.58682248475938	-0.0006545126440648346
16.61439846505393	-0.0006598319340055999
16.64197444534848	-0.0006651744436098121
16.66955042564303	-0.000670540142583677
16.69712640593758	-0.0006759290002900303
16.72470238623213	-0.000681340980577218
16.75227836652668	-0.000686776088506203
16.77985434682123	-0.0006922342416107944
16.80743032711578	-0.000697715432032525
16.83500630741033	-0.000703219639692478
16.86258228770488	-0.0007087468256169068
16.89015826799943	-0.0007142969813799944
16.91773424829398	-0.000719870036310763
16.94531022858853	-0.0007254659895753742
16.97288620888308	-0.0007310848063048384
17.00046218917763	-0.0007367264567095452
17.02803816947218	-0.0007423909113978965
17.05561414976673	-0.0007480781411121247
17.08319013006128	-0.0007537881171763938
17.11076611035583	-0.0007595208094870958
17.13834209065038	-0.000765276189503507
17.16591807094493	-0.0007710542282149756
17.19349405123948	-0.0007768548966280876
17.22107003153403	-0.0007826781656796744
17.24864601182858	-0.0007885240057533796
17.27622199212313	-0.0007943923769959302
17.30379797241768	-0.0008002833044796625
17.33137395271223	-0.0008061966856902381
17.35894993300678	-0.0008121325254133473
17.38652591330133	-0.0008180907983808796
17.41410189359588	-0.0008240714720553441
17.44167787389043	-0.0008300745180080528
17.46925385418498	-0.0008360999078635312
17.49682983447953	-0.0008421476132976404
17.52440581477408	-0.0008482176060367116
17.55198179506863	-0.0008543098578570934
17.57955777536318	-0.0008604243405848816
17.60713375565773	-0.0008665610260957456
17.63470973595228	-0.000872719885449679
17.66228571624683	-0.0008789008924194732
17.68986169654139	-0.0008851040181732406
17.71743767683594	-0.0008913292347775504
17.74501365713049	-0.0008975765143436463
17.77258963742504	-0.0009038458290274208
17.80016561771959	-0.0009101371510293841
17.82774159801414	-0.0009164504525946334
17.85531757830869	-0.0009227857060128223
17.88289355860324	-0.0009291428836181293
17.91046953889779	-0.0009355219575149492
17.93804551919234	-0.0009419229007029735
17.96562149948689	-0.0009483456853696896
17.99319747978144	-0.000954790284023445
18.02077346007599	-0.0009612566692156669
18.04834944037054	-0.0009677448135409155
18.07592542066509	-0.0009742546896369729
18.10350140095964	-0.0009807862701850017
18.13107738125419	-0.0009873395279098016
18.15865336154874	-0.0009939144355802488
18.18622934184329	-0.001000510964880228
18.21380532213784	-0.001007129089755263
18.24138130243239	-0.001013768781348947
18.26895728272694	-0.001020430082969226
18.29653326302149	-0.001027112775146081
18.32410924331604	-0.001033817010185139
18.35168522361059	-0.001040542706929128
18.37926120390514	-0.001047289837557758
18.40683718419969	-0.001054058375042035
18.43441316449424	-0.001060848292530251
18.46198914478879	-0.001067659561660905
18.48956512508334	-0.001074492158940463
18.51714110537789	-0.001081346056294838
18.54471708567244	-0.001088221227108097
18.57229306596699	-0.001095117644798585
18.59986904626154	-0.001102035282818904
18.62744502655609	-0.001108974114655896
18.65502100685064	-0.001115934113830627
18.68259698714519	-0.001122915253898373
18.71017296743974	-0.001129917508448599
18.73774894773429	-0.001136940855869003
18.76532492802884	-0.00114398526090903
18.79290090832339	-0.001151050702499233
18.82047688861794	-0.001158137117279971
18.84805286891249	-0.001165244575921096
18.87562884920704	-0.001172372965268387
18.90320482950159	-0.001179522284177573
18.93078080979614	-0.001186692507225853
18.95835679009069	-0.001193883608522862
18.98593277038524	-0.001201095562130275
19.01350875067979	-0.001208328339954872
19.04108473097434	-0.00121558192064368
19.06866071126889	-0.001222856276175725
19.09623669156344	-0.001230151380727709
19.12381267185799	-0.001237467208510387
19.15138865215254	-0.001244803733769085
19.17896463244709	-0.001252160930783967
19.20654061274164	-0.001259538773870165
19.23411659303619	-0.001266937237377859
19.26169257333074	-0.001274356295692308
19.28926855362529	-0.001281795925397276
19.31684453391984	-0.001289256096424029
19.34442051421439	-0.001296736785442918
19.37199649450894	-0.001304237966998984
19.39957247480349	-0.001311759615681274
19.42714845509804	-0.001319301706122812
19.45472443539259	-0.001326864213000566
19.48230041568714	-0.001334447111035425
19.50987639598169	-0.001342050374992164
19.53745237627624	-0.001349673979679432
19.56502835657079	-0.001357317898127126
19.59260433686534	-0.001364982109052413
19.62018031715989	-0.001372666585548029
19.64775629745444	-0.001380371302577473
19.67533227774899	-0.001388096235139526
19.70290825804354	-0.00139584135826841
19.73048423833809	-0.001403606647034047
19.75806021863264	-0.001411392076542517
19.78563619892719	-0.001419197621936871
19.81321217922174	-0.001427023258398652
19.84078815951629	-0.001434868965320431
19.86836413981084	-0.001442734709687139
19.89594012010539	-0.001450620470599981
19.92351610039994	-0.001458526223367624
19.95109208069449	-0.001466451943340471
19.97866806098904	-0.001474397605910561
20.00624404128359	-0.001482363186511481
20.03382002157814	-0.001490348660618275
20.06139600187269	-0.001498354003747361
20.08897198216724	-0.001506379191456448
20.11654796246179	-0.001514424199852993
20.14412394275634	-0.001522489003458704
20.17169992305089	-0.001530573578533891
20.19927590334544	-0.001538677900826271
20.22685188363999	-0.001546801946132672
20.25442786393454	-0.001554945690301007
20.2820038442291	-0.001563109109234216
20.30957982452365	-0.001571292178898787
20.3371558048182	-0.001579494875345439
20.36473178511275	-0.001587717174768225
20.3923077654073	-0.001595959041295194
20.41988374570185	-0.001604220472770243
20.4474597259964	-0.001612501435542323
20.47503570629095	-0.001620801905794371
20.5026116865855	-0.001629121859740606
20.53018766688005	-0.001637461273626675
20.5577636471746	-0.001645820123729767
20.58533962746915	-0.001654198386358685
20.6129156077637	-0.001662596037853905
20.64049158805825	-0.001671013054587622
20.6680675683528	-0.00167944941583788
20.69564354864735	-0.001687905092054654
20.7232195289419	-0.001696380062570121
20.75079550923645	-0.001704874303900907
20.778371489531	-0.001713387792605377
20.80594746982555	-0.001721920505282882
20.8335234501201	-0.00173047241857235
20.86109943041465	-0.001739043509149394
20.8886754107092	-0.001747633753719547
20.91625139100375	-0.001756243128999701
20.9438273712983	-0.001764871612932494
20.97140335159285	-0.001773519181198612
20.9989793318874	-0.001782185811018228
21.02655531218195	-0.001790871479309998
21.0541312924765	-0.001799576163026416
21.08170727277105	-0.001808299839153766
21.1092832530656	-0.00181704248471206
21.13685923336015	-0.001825804076754987
21.1644352136547	-0.001834584592369868
21.19201119394925	-0.001843384008677586
21.2195871742438	-0.001852202305079394
21.24716315453835	-0.001861039454005501
21.2747391348329	-0.001869895435012521
21.30231511512745	-0.001878770225398284
21.329891095422	-0.001887663802509653
21.35746707571655	-0.00189657614374417
21.3850430560111	-0.00190550722655323
21.41261903630565	-0.001914457028448725
21.4401950166002	-0.001923425527018355
21.46777099689475	-0.001932412699966313
21.4953469771893	-0.001941418512375409
21.52292295748385	-0.001950442964872254
21.5504989377784	-0.001959486024809723
21.57807491807295	-0.001968547669933113
21.6056508983675	-0.001977627878018192
21.63322687866205	-0.001986726626871274
21.6608028589566	-0.001995843894329301
21.68837883925115	-0.00200497965825989
21.7159548195457	-0.002014133896561382
21.74353079984025	-0.002023306587162884
21.7711067801348	-0.002032497711009832
21.79868276042935	-0.002041707240012735
21.8262587407239	-0.002050935155015979
21.85383472101845	-0.002060181434032135
21.881410701313	-0.002069446055071857
21.90898668160755	-0.002078728996084574
21.9365626619021	-0.002088030234748734
21.96413864219665	-0.002097349747339001
21.9917146224912	-0.002106687488870672
22.01929060278575	-0.002116043560268832
22.0468665830803	-0.002125417752409745
22.07444256337485	-0.002134810160270913
22.1020185436694	-0.002144220736506793
22.12959452396395	-0.00215364945952733
22.1571705042585	-0.002163096307776982
22.18474648455305	-0.002172561259734659
22.2123224648476	-0.002182044293913668
22.23989844514215	-0.002191545388861646
22.2674744254367	-0.002201064523160508
22.29505040573125	-0.002210601675426381
22.3226263860258	-0.002220156825797905
22.35020236632035	-0.00222972994984403
22.3777783466149	-0.002239321027786867
22.40535432690945	-0.002248930038393
22.432930307204	-0.002258556960468915
22.46050628749855	-0.002268201772860857
22.4880822677931	-0.002277864454454695
22.51565824808765	-0.002287544984175808
22.5432342283822	-0.002297243340988953
22.57081020867675	-0.002306959503898169
22.5983861889713	-0.002316693452062113
22.62596216926585	-0.002326445164304334
22.6535381495604	-0.002336214619884174
22.68111412985495	-0.002346001797969086
22.7086901101495	-0.00235580667776671
22.73626609044405	-0.002365629238524549
22.7638420707386	-0.002375469459529508
22.79141805103315	-0.002385327320107172
22.8189940313277	-0.002395202799620612
22.84657001162225	-0.002405095877468284
22.87414599191681	-0.002415006525713273
22.90172197221136	-0.002424934738765214
22.92929795250591	-0.002434880489063035
22.95687393280046	-0.002444843756153072
22.98444991309501	-0.002454824519612023
23.01202589338956	-0.002464822759046458
23.03960187368411	-0.002474838454092486
23.06717785397866	-0.002484871584415495
23.09475383427321	-0.002494922129709978
23.12232981456776	-0.002504990069699382
23.14990579486231	-0.002515075386263782
23.17748177515686	-0.002525178054739841
23.20505775545141	-0.002535298057073135
23.23263373574596	-0.002545435373120471
23.26020971604051	-0.002555589982776508
23.28778569633506	-0.002565761865973645
23.31536167662961	-0.002575951002681892
23.34293765692416	-0.002586157372908721
23.37051363721871	-0.002596380956698913
23.39808961751326	-0.002606621734134372
23.42566559780781	-0.002616879684711476
23.45324157810236	-0.002627154789904437
23.48081755839691	-0.002637447029255732
23.50839353869146	-0.00264775638298191
23.53596951898601	-0.002658082831332396
23.56354549928056	-0.002668426354589428
23.59112147957511	-0.002678786933068009
23.61869745986966	-0.00268916454711585
23.64627344016421	-0.002699559177113312
23.67384942045876	-0.002709970803473351
23.70142540075331	-0.002720399407174738
23.72900138104786	-0.002730844967580861
23.75657736134241	-0.002741307465738547
23.78415334163696	-0.002751786882195332
23.81172932193151	-0.002762283197533343
23.83930530222606	-0.002772796392369221
23.86688128252061	-0.002783326447354065
23.89445726281516	-0.002793873343173362
23.92203324310971	-0.002804437060546919
23.94960922340426	-0.002815017580228806
23.97718520369881	-0.002825614882963976
24.00476118399336	-0.002836228949622096
24.03233716428791	-0.002846859761070018
24.05991314458246	-0.002857507298213534
24.08748912487701	-0.002868171541995251
24.11506510517156	-0.002878852473394739
24.14264108546611	-0.00288955007342883
24.17021706576066	-0.00290026432315223
24.19779304605521	-0.00291099520365879
24.22536902634976	-0.002921742696084357
24.25294500664431	-0.002932506774932812
24.28052098693886	-0.002943287433604214
24.30809696723341	-0.002954084647874078
24.33567294752796	-0.002964898399030246
24.36324892782251	-0.002975728668393822
24.39082490811706	-0.002986575437319122
24.41840088841161	-0.00299743868719362
24.44597686870616	-0.003008318399437898
24.47355284900071	-0.003019214555505599
24.50112882929526	-0.003030127136883372
24.52870480958981	-0.003041056120453453
24.55628078988436	-0.003052001497761427
24.58385677017891	-0.003062963245259919
24.61143275047346	-0.003073941344514801
24.63900873076801	-0.003084935777121761
24.66658471106256	-0.003095946524704202
24.69416069135711	-0.003106973568912087
24.72173667165166	-0.003118016891421227
24.74931265194621	-0.003129076473932861
24.77688863224076	-0.003140152298173359
24.80446461253531	-0.00315124434961133
24.83204059282986	-0.003162352602271028
24.85961657312441	-0.003173477041666528
24.88719255341896	-0.00318461764965324
24.91476853371351	-0.003195774408128211
24.94234451400806	-0.00320694729903005
24.96992049430261	-0.003218136304338861
24.99749647459716	-0.003229341406076165
25.02507245489171	-0.003240562586304831
25.05264843518626	-0.00325179982712901
25.08022441548081	-0.003263053105929612
25.10780039577536	-0.003274322414842571
25.13537637606991	-0.003285607731314909
25.16295235636446	-0.003296909037575157
25.19052833665901	-0.003308226315872182
25.21810431695356	-0.003319559548475007
25.24568029724811	-0.003330908717672588
25.27325627754266	-0.003342273805773553
25.30083225783721	-0.003353654795105899
25.32840823813176	-0.003365051668016606
25.35598421842631	-0.00337646441226316
25.38356019872086	-0.00338789299899863
25.41113617901541	-0.003399337415997024
25.43871215930996	-0.003410797645709699
25.46628813960452	-0.003422273670625509
25.49386411989907	-0.003433765473270554
25.52144010019362	-0.00344527303620794
25.54901608048817	-0.003456796342037575
25.57659206078272	-0.00346833537339597
25.60416804107727	-0.003479890112956065
25.63174402137182	-0.003491460538809461
25.65932000166637	-0.003503046641631644
25.68689598196092	-0.003514648399181612
25.71447196225547	-0.003526265277579757
25.74204794255002	-0.003537898831743712
25.76962392284457	-0.003549547455881166
25.79719990313912	-0.003561211669919854
25.82477588343367	-0.003572891455395637
25.85235186372822	-0.003584586795011124
25.87992784402277	-0.003596297671688526
25.90750382431732	-0.00360802406973665
25.93507980461187	-0.003619765969343337
25.96265578490642	-0.003631523355157611
25.99023176520097	-0.003643296210330808
26.01780774549552	-0.003655084518045913
26.04538372579007	-0.003666888261517706
26.07295970608462	-0.003678707423992953
26.10053568637917	-0.003690541988750637
26.12811166667372	-0.003702391939102246
26.15568764696827	-0.003714257258392124
26.18326362726282	-0.003726137926504446
26.21083960755737	-0.003738033934204633
26.23841558785192	-0.003749945261341757
26.26599156814647	-0.003761871891364434
26.29356754844102	-0.003773813807749665
26.32114352873557	-0.003785770994002987
26.34871950903012	-0.00379774343365859
26.37629548932467	-0.003809731110279398
26.40387146961922	-0.003821734007457096
26.43144744991377	-0.003833752108812168
26.45902343020832	-0.003845785397803023
26.48659941050287	-0.003857833858511944
26.51417539079742	-0.003869897474447488
26.54175137109197	-0.003881976229341439
26.56932735138652	-0.003894070106953035
26.59690333168107	-0.003906179091069031
26.62447931197562	-0.003918303165503796
26.65205529227017	-0.003930442314099534
26.67963127256472	-0.003942596520726657
26.70720725285927	-0.003954765769284527
26.73478323315382	-0.003966950045383747
26.76235921344837	-0.0039791493296875
26.78993519374292	-0.003991363607678103
26.81751117403747	-0.00400359286335322
26.84508715433202	-0.004015837080739236
26.87266313462657	-0.004028096243891178
26.90023911492112	-0.004040370336892645
26.92781509521567	-0.004052659343855717
26.95539107551022	-0.004064963248920897
26.98296705580477	-0.004077282036257015
27.01054303609932	-0.004089615690691798
27.03811901639387	-0.004101964195084189
27.06569499668842	-0.00411432753439376
27.09327097698297	-0.004126705692913511
27.12084695727752	-0.004139098654963248
27.14842293757207	-0.004151506404889658
27.17599891786662	-0.004163928927066349
27.20357489816117	-0.00417636620589386
27.23115087845572	-0.00418881822579967
27.25872685875027	-0.004201284971238184
27.28630283904482	-0.004213766429181202
27.31387881933937	-0.004226262578933617
27.34145479963392	-0.004238773407532846
27.36903077992847	-0.004251298899562275
27.39660676022302	-0.004263839039642685
27.42418274051757	-0.004276393812432219
27.45175872081212	-0.004288963202626374
27.47933470110667	-0.004301547194958007
27.50691068140122	-0.004314145774197362
27.53448666169577	-0.004326758925152163
27.56206264199032	-0.00433938662817547
27.58963862228487	-0.004352028877592609
27.61721460257942	-0.00436468565374404
27.64479058287397	-0.004377356941530196
27.67236656316852	-0.004390042725866034
27.69994254346307	-0.004402742991680964
27.72751852375762	-0.004415457723918816
27.75509450405217	-0.004428186907537773
27.78267048434672	-0.004440930527510308
27.81024646464127	-0.004453688568823135
27.83782244493582	-0.004466461022413147
27.86539842523037	-0.004479247860813671
27.89297440552492	-0.004492049075114749
27.92055038581947	-0.004504864650441379
27.94812636611402	-0.004517694571966969
27.97570234640857	-0.004530538824916542
28.00327832670312	-0.004543397394573197
28.03085430699767	-0.004556270266292278
28.05843028729223	-0.004569157425536456
28.08600626758678	-0.004582058857979385
28.11358224788133	-0.004594974530474993
28.14115822817588	-0.004607904462386195
28.16873420847043	-0.004620848623905801
28.19631018876498	-0.004633807000550288
28.22388616905953	-0.004646779577852406
28.25146214935408	-0.004659766341361391
28.27903812964863	-0.004672767276643132
28.30661410994318	-0.004685782369280309
28.33419009023773	-0.0046988116048725
28.36176607053228	-0.004711854969036272
28.38934205082683	-0.004724912499643391
28.41691803112138	-0.004737984073431853
28.44449401141593	-0.004751069728184415
28.47206999171048	-0.004764169450054492
28.49964597200503	-0.004777283225440011
28.52722195229958	-0.004790411040984557
28.55479793259413	-0.004803552883577629
28.58237391288868	-0.004816708740354505
28.60994989318323	-0.004829878598695984
28.63752587347778	-0.004843062446227992
28.66510185377233	-0.004856260101522514
28.69267783406688	-0.004869471906420374
28.72025381436143	-0.004882697679163412
28.74782979465598	-0.00489593740687817
28.77540577495053	-0.004909191076207454
28.80298175524508	-0.004922458673311148
28.83055773553963	-0.004935740183867048
28.85813371583418	-0.004949035593071675
28.88570969612873	-0.004962344885641105
28.91328567642328	-0.004975668045811802
28.94086165671783	-0.004989005240036356
28.96843763701238	-0.005002356069881172
28.99601361730693	-0.005015720701722935
29.02358959760148	-0.00502909911948097
29.05116557789603	-0.00504249130738367
29.07874155819058	-0.005055897249967764
29.10631753848513	-0.00506931693207757
29.13389351877968	-0.005082750338864253
29.16146949907423	-0.00509619745578505
29.18904547936878	-0.005109658268602501
29.21662145966333	-0.005123132696470131
29.24419743995788	-0.005136620865597233
29.27177342025243	-0.005150122695379262
29.29934940054698	-0.005163638172196939
29.32692538084153	-0.005177167282443529
29.35450136113608	-0.005190710012524782
29.38207734143063	-0.005204266348858859
29.40965332172518	-0.005217836277876262
29.43722930201973	-0.005231419786019762
29.46480528231428	-0.005245016859744329
29.49238126260883	-0.005258627571190421
29.51995724290338	-0.005272251727835203
29.54753322319793	-0.005285889402256459
29.57510920349248	-0.005299540581704132
29.60268518378703	-0.005313205253807782
29.63026116408158	-0.005326883406575829
29.65783714437613	-0.005340575028394832
29.68541312467068	-0.005354280108028756
29.71298910496523	-0.005367998634618266
29.74056508525978	-0.005381730597680005
29.76814106555433	-0.005395475769052289
29.79571704584888	-0.005409234594582903
29.82329302614343	-0.005423006845820961
29.85086900643798	-0.005436792511881226
29.87844498673253	-0.00545059158131432
29.90602096702708	-0.005464404042107668
29.93359694732163	-0.005478229881686396
29.96117292761618	-0.005492069086914215
29.98874890791073	-0.005505921644094215
30.01632488820528	-0.005519787538969646
30.04390086849983	-0.005533666900926494
30.07147684879438	-0.005547559413391229
30.09905282908893	-0.005561465205212481
30.12662880938348	-0.005575384261126495
30.15420478967803	-0.005589316565928155
30.18178076997258	-0.005603262104470786
30.20935675026713	-0.005617220861666049
30.23693273056168	-0.005631192822483749
30.26450871085623	-0.005645177971951717
30.29208469115078	-0.005659176295155654
30.31966067144533	-0.005673188018537897
30.34723665173988	-0.005687212623012203
30.37481263203443	-0.005701250336453989
30.40238861232898	-0.005715301146333449
30.42996459262353	-0.005729365041230344
30.45754057291808	-0.005743442010838259
30.48511655321263	-0.005757532045975219
30.51269253350718	-0.005771635138609765
30.54026851380173	-0.005785751281930184
30.56784449409628	-0.005799880470561121
30.59542047439083	-0.005814022062582044
30.62299645468539	-0.005828177376303302
30.65057243497994	-0.005842345774997275
30.67814841527449	-0.005856527251714184
30.70572439556904	-0.005870721797937685
30.73330037586359	-0.005884929403587712
30.76087635615814	-0.00589915005702329
30.78845233645269	-0.005913383745045369
30.81602831674724	-0.005927630452899625
30.84360429704179	-0.005941890164279282
30.87118027733634	-0.005956163446437396
30.89875625763089	-0.005970449058279198
30.92633223792544	-0.00598474756551111
30.95390821821999	-0.005999058950739744
30.98148419851454	-0.006013383197578945
31.00906017880909	-0.006027720290645311
31.03663615910364	-0.00604207021555507
31.06421213939819	-0.00605643295892157
31.09178811969274	-0.00607080850835306
31.11936409998729	-0.006085196852450677
31.14694008028184	-0.006099597682008306
31.17451606057639	-0.006114011611917923
31.20209204087094	-0.006128438333484905
31.22966802116549	-0.006142877836656732
31.25724400146004	-0.006157330111083098
31.28481998175459	-0.006171795146116342
31.31239596204914	-0.006186272930811893
31.33997194234369	-0.006200763453928731
31.36754792263824	-0.006215266703929852
31.39512390293279	-0.006229782668982746
31.42269988322734	-0.006244311478685654
31.45027586352189	-0.006258852823575609
31.47785184381644	-0.006273406835073566
31.50542782411099	-0.00628797350097636
31.53300380440554	-0.006302552809692336
31.56057978470009	-0.006317144750000345
31.58815576499464	-0.006331749311004713
31.61573174528919	-0.006346366482122102
31.64330772558374	-0.006360996253076516
31.67088370587829	-0.006375638613896811
31.69845968617284	-0.006390293554915303
31.72603566646739	-0.00640496106676675
31.75361164676194	-0.006419641140387569
31.78118762705649	-0.006434333767015171
31.80876360735104	-0.006449038938187313
31.83633958764559	-0.006463756645741537
31.86391556794014	-0.006478486881814586
31.89149154823469	-0.006493229638841863
31.91906752852924	-0.006507984909556882
31.94664350882379	-0.006522752686990731
31.97421948911834	-0.006537532964471537
32.00179546941289	-0.006552325735623943
32.02937144970744	-0.00656713099436858
32.05694743000199	-0.006581948734921534
32.08452341029654	-0.006596778951793838
32.11209939059109	-0.006611621639790934
32.13967537088564	-0.006626476794012174
32.16725135118019	-0.00664134440985028
32.19482733147474	-0.006656224482990857
32.22240331176929	-0.006671117009411842
