0
1000	105.6583745	100000000000000.1
5	0	0	1
5	0	0	0
4.673998997513734	-0
4.701574977808284	-0
4.729150958102834	-0
4.756726938397384	-0
4.784302918691934	-0
4.811878898986484	-0
4.839454879281035	-0
4.867030859575585	-0
4.894606839870135	-0
4.922182820164685	-0
4.949758800459235	-0
4.977334780753785	-0
5.004910761048335	-0
5.032486741342885	-0
5.060062721637435	-0
5.087638701931986	-0
5.115214682226536	-0
5.142790662521086	-0
5.170366642815636	-0
5.197942623110186	-0
5.225518603404736	-0
5.253094583699286	-0
5.280670563993836	-0
5.308246544288386	-0
5.335822524582936	-0
5.363398504877487	-0
5.390974485172037	-0
5.418550465466587	-0
5.446126445761137	-0
5.473702426055687	-0
5.501278406350237	-0
5.528854386644787	-0
5.556430366939337	-0
5.584006347233887	-0
5.611582327528438	-0
5.639158307822988	-0
5.666734288117538	-0
5.694310268412088	-0
5.721886248706638	-0
5.749462229001188	-0
5.777038209295738	-0
5.804614189590288	-0
5.832190169884838	-0
5.859766150179389	-0
5.887342130473939	-0
5.914918110768489	-0
5.942494091063039	-0
5.970070071357589	-0
5.997646051652139	-0
6.025222031946689	-0
6.052798012241239	1.139208363142838e-09
6.080373992535789	3.249102601723927e-09
6.107949972830339	5.413085545520877e-09
6.13552595312489	6.72564055901391e-09
6.16310193341944	7.450244945546172e-09
6.19067791371399	7.568251821451362e-09
6.21825389400854	7.128049409064243e-09
6.24582987430309	7.696427171262765e-09
6.27340585459764	7.645120218547413e-09
6.30098183489219	7.708465125505086e-09
6.32855781518674	1.698076127519869e-08
6.35613379548129	3.569571920947916e-08
6.383709775775841	5.141240943405559e-08
6.411285756070391	6.28967158318431e-08
6.438861736364941	7.151343002675659e-08
6.466437716659491	7.260177238212042e-08
6.494013696954041	7.74515348192679e-08
6.521589677248591	8.747462406884201e-08
6.549165657543141	1.055485065809177e-07
6.576741637837691	1.343697635871328e-07
6.604317618132241	1.70855807916765e-07
6.631893598426791	2.201363235204641e-07
6.659469578721342	2.853219650406731e-07
6.687045559015892	3.869311745312998e-07
6.714621539310442	5.195277075077591e-07
6.742197519604992	7.042858209527398e-07
6.769773499899542	9.770999444017398e-07
6.797349480194092	1.394538522076144e-06
6.824925460488642	1.966319262238197e-06
6.852501440783192	2.72235256963976e-06
6.880077421077742	3.709074064276714e-06
6.907653401372293	4.929268231924814e-06
6.935229381666843	6.455373891657262e-06
6.962805361961393	8.286177221660874e-06
6.990381342255943	1.047021913526425e-05
7.017957322550493	1.307009602879869e-05
7.045533302845043	1.61247538604308e-05
7.073109283139593	1.961175997428816e-05
7.100685263434143	2.364740384195442e-05
7.128261243728693	2.82749283198863e-05
7.155837224023244	3.348837184776684e-05
7.183413204317794	3.948047958386063e-05
7.210989184612344	4.612354081228369e-05
7.238565164906894	5.349257108429661e-05
7.266141145201444	6.181361421339233e-05
7.293717125495994	7.080197208844902e-05
7.321293105790544	8.062812179825083e-05
7.348869086085094	9.144502076970998e-05
7.376445066379644	0.0001032422120931561
7.404021046674194	0.0001159690698742381
7.431597026968745	0.0001296748386641603
7.459173007263295	0.0001527539904753528
7.486748987557845	0.0001743796572538725
7.514324967852395	0.0001971068945183569
7.541900948146945	0.0002120704750958366
7.569476928441495	0.0002350109077383125
7.597052908736045	0.0002569238792141231
7.624628889030595	0.0002829539231290375
7.652204869325145	0.0003012511491580135
7.679780849619696	0.0003308350018851932
7.707356829914246	0.0003593769154721226
7.734932810208796	0.000383649729823537
7.762508790503346	0.0004184048605938706
7.790084770797896	0.0004562433530327418
7.817660751092446	0.0004866496002598848
7.845236731386996	0.0005256101301062254
7.872812711681546	0.0005813098200984592
7.900388691976096	0.0006667402255432548
7.927964672270646	0.0007787745920771102
7.955540652565197	0.0009223020355503007
7.983116632859747	0.001112070411666526
8.010692613154298	0.001341530860166984
8.038268593448848	0.001639476014133482
8.065844573743398	0.001994781699786199
8.093420554037948	0.002435149113705507
8.120996534332498	0.002950346448191123
8.148572514627048	0.003577858248404887
8.176148494921598	0.004299166500387108
8.203724475216148	0.00514626759260456
8.231300455510699	0.006113607151459789
8.258876435805249	0.007225723397097587
8.286452416099799	0.008539539172708405
8.314028396394349	0.009992124219947772
8.341604376688899	0.01158257294888774
8.369180356983449	0.013398343873977
8.396756337277999	0.01535594564797049
8.424332317572549	0.01755847411919641
8.451908297867099	0.019919365824635
8.47948427816165	0.02252061428776254
8.5070602584562	0.02535698582390334
8.53463623875075	0.0283636458718378
8.5622122190453	0.03165083590955309
8.58978819933985	0.03514907980322426
8.6173641796344	0.03894128691238633
8.64494015992895	0.04292454850809337
8.6725161402235	0.04728833367791028
8.70009212051805	0.05183072117277512
8.7276681008126	0.05677027944496974
8.755244081107151	0.0619195070033085
8.782820061401701	0.06746207900360851
8.810396041696251	0.07324502726882608
8.837972021990801	0.07939373890333308
8.865548002285351	0.08590123887819097
8.893123982579901	0.09272739945665426
8.920699962874451	0.09996602964338744
8.948275943169001	0.1075378488582517
8.975851923463551	0.1154717929162317
9.003427903758102	0.1238461975567274
9.031003884052652	0.1326594856411546
9.058579864347202	0.1417983042055593
9.086155844641752	0.1514294157859846
9.113731824936302	0.1614865253836776
9.141307805230852	0.1719940578279717
9.168883785525402	0.1829435943716517
9.196459765819952	0.1944100990818206
9.224035746114502	0.2063574366478785
9.251611726409052	0.2188381004659339
9.279187706703603	0.2318387572538573
9.306763686998153	0.2453855800514893
9.334339667292703	0.2594584872903031
9.361915647587253	0.2740898713560106
9.389491627881803	0.2893320839704904
9.417067608176353	0.305154077573303
9.444643588470903	0.3215624125288448
9.472219568765453	0.3387269985010606
9.499795549060003	0.3564656624550159
9.527371529354554	0.3748684992955096
9.554947509649104	0.3940383685202377
9.582523489943654	0.4138778379044451
9.610099470238204	0.4344024491828937
9.637675450532754	0.4557561166621024
9.665251430827304	0.4778090435090604
9.692827411121854	0.5007267434497706
9.720403391416404	0.5245119987785599
9.747979371710954	0.5490560475346442
9.775555352005505	0.5745067595572374
9.803131332300055	0.60094252991973
9.830707312594605	0.6281757889198571
9.858283292889155	0.656419949962866
9.885859273183705	0.6856412066449941
9.913435253478255	0.7159213208142772
9.941011233772805	0.7471645111544744
9.968587214067355	0.779521442851176
9.996163194361905	0.8130727514690261
10.02373917465646	0.8476626471579219
10.05131515495101	0.8834839992811468
10.07889113524556	0.9205055717535898
10.10646711554011	0.958820933873104
10.13404309583466	0.9984074663888594
10.16161907612921	1.039336591596192
10.18919505642376	1.081642169230631
10.21677103671831	1.12536370180803
10.24434701701286	1.170581893922333
10.27192299730741	1.217314446610438
10.29949897760196	1.265628274453263
10.32707495789651	1.315571271169276
10.35465093819106	1.367189637000913
10.38222691848561	1.420530343888615
10.40980289878016	1.475600856483661
10.43737887907471	1.532654940528521
10.46495485936926	1.591588382493017
10.49253083966381	1.652471343630201
10.52010681995836	1.715361209582178
10.54768280025291	1.780471675208081
10.57525878054746	1.847712886867628
10.60283476084201	1.917232610050498
10.63041074113656	1.989094074124766
10.65798672143111	2.063485994111254
10.68556270172566	2.140304199287811
10.71313868202021	2.219742012874887
10.74071466231476	2.301847990337819
10.76829064260931	2.386826296382963
10.79586662290386	2.474797670898315
10.82344260319841	2.565659951016377
10.85101858349296	2.65966262487209
10.87859456378751	2.756870312254934
10.90617054408206	2.857540688987633
10.93374652437661	2.961633353224808
10.96132250467116	3.069367261869429
10.98889848496571	3.180779133483263
11.01647446526026	3.296144059709382
11.04405044555481	3.415622754144814
11.07162642584936	3.53923043145481
11.09920240614391	3.667190461394157
11.12677838643846	3.79959819469654
11.15435436673301	3.936793507939066
11.18193034702756	4.078856383480116
11.20950632732211	4.226090163138828
11.23708230761666	4.378508293474488
11.26465828791121	4.5363417099858
11.29223426820576	4.699925078534101
11.31981024850031	4.869415688330179
11.34738622879486	5.045152209915068
11.37496220908941	5.22722444930285
11.40253818938396	5.415905791020669
11.43011416967851	5.611538374175759
11.45769014997306	5.814355952661467
11.48526613026761	6.024671114688627
11.51284211056216	6.242854807731774
11.54041809085671	6.469021364013476
11.56799407115126	6.703668920164993
11.59557005144581	6.947065240206571
11.62314603174036	7.199575356111938
11.65072201203491	7.46159682289526
11.67829799232946	7.73359241182764
11.70587397262401	8.015733682127157
11.73344995291856	8.308654699152736
11.76102593321311	8.612740664659073
11.78860191350766	8.928423941047566
11.81617789380221	9.256182416011498
11.84375387409676	9.59658816867225
11.87132985439131	9.949984392334422
11.89890583468586	10.31707577494951
11.92648181498041	10.69839536148351
11.95405779527496	11.09450659889224
11.98163377556951	11.50602304510946
12.00920975586406	11.93358700488286
12.03678573615861	12.37785638834816
12.06436171645316	12.8395195890226
12.09193769674771	13.31931019888486
12.11951367704226	13.81798094975973
12.14708965733681	14.33631710132295
12.17466563763136	14.87512156919701
12.20224161792591	15.43515627152621
12.22981759822046	16.01758390687806
12.25739357851501	16.62308938409195
12.28496955880956	17.25266004743734
12.31254553910411	17.90732598764384
12.34012151939866	18.5881349043137
12.36769749969321	19.29617168500974
12.39527347998776	20.03253091247931
12.42284946028231	20.79853591004288
12.45042544057686	21.59523050415684
12.47800142087141	22.42396157564462
12.50557740116597	23.28606737308737
12.53315338146052	24.18290655038301
12.56072936175507	25.11591666492665
12.58830534204962	26.08657322989296
12.61588132234417	27.09666405935758
12.64345730263872	28.1475287919978
12.67103328293327	29.24092752395816
12.69860926322782	30.37866153099944
12.72618524352237	31.56254887765459
12.75376122381692	32.79446817161871
12.78133720411147	34.07643868492364
12.80891318440602	35.41045368932637
12.83648916470057	36.79876926159606
12.86406514499512	38.24365903412449
12.89164112528967	39.74723332203195
12.91921710558422	41.31199368419573
12.94679308587877	42.94047336744477
12.97436906617332	44.63528259573413
13.00194504646787	46.39907843727668
13.02952102676242	48.23479495139565
13.05709700705697	50.14530866786243
13.08467298735152	52.13372590972401
13.11224896764607	54.20315123851031
13.13982494794062	56.35687726973124
13.16740092823517	58.59833651881379
13.19497690852972	60.93111777228001
13.22255288882427	63.35894536988258
13.25012886911882	65.88558485339583
13.27770484941337	68.51519120575658
13.30528082970792	71.25183968583173
13.33285681000247	74.09996297421085
13.36043279029702	77.06386115245854
13.38800877059157	80.14829358178312
13.41558475088612	83.35814148568861
13.44316073118067	86.69844372741518
13.47073671147522	90.17430430061583
13.49831269176977	93.79141584823869
13.52588867206432	97.55529949136574
13.55346465235887	101.4718555006379
13.58104063265342	105.5471624646277
13.60861661294797	109.7876687527313
13.63619259324252	114.199759882172
13.66376857353707	118.790382691248
13.69134455383162	123.5666341021811
13.71892053412617	128.535894592717
13.74649651442072	133.7057529216083
13.77407249471527	139.0843196172151
13.80164847500982	144.6797804626424
13.82922445530437	150.5006787661862
13.85680043559892	156.5559152010985
13.88437641589347	162.8548608551567
13.91195239618802	169.4069103664101
13.93952837648257	176.2221424296442
13.96710435677712	183.3108666230533
13.99468033707167	190.6838341910407
14.02225631736622	198.3521289350489
14.04983229766077	206.3274503337699
14.07740827795532	214.6217379027601
14.10498425824987	223.2474291989349
14.13256023854442	232.2174771497131
14.16013621883897	241.5452582878146
14.18771219913352	251.2448693803123
14.21528817942807	261.3304529759293
14.24286415972262	271.8171245743184
14.27044014001717	282.7204671063172
14.29801612031172	294.0564953159335
14.32559210060627	305.8421383386549
14.35316808090082	318.094692207337
14.38074406119537	330.8321759987717
14.40832004148992	344.0732076144325
14.43589602178447	357.8372192476561
14.46347200207902	372.1443003676941
14.49104798237357	387.0152970679562
14.51862396266812	402.4719879614231
14.54619994296267	418.5365133381178
14.57377592325722	435.232284697888
14.60135190355177	452.5833589514476
14.62892788384632	470.6149029595866
14.65650386414087	489.3527284752462
14.68407984443542	508.8237373163673
14.71165582472997	529.0558568343305
14.73923180502452	550.0779907062495
14.76680778531907	571.9201698827619
14.79438376561362	594.6133798508741
14.82195974590817	618.1899138604291
14.84953572620272	642.6832538843495
14.87711170649727	668.1278738924873
14.90468768679182	694.5597726057226
14.93226366708637	722.016005414654
14.95983964738092	750.5353883247304
14.98741562767547	780.1577753102501
15.01499160797002	810.9246956753359
15.04256758826457	842.8790015714521
15.07014356855912	876.0652416945235
15.09771954885368	910.5295523007636
15.12529552914823	946.3197306327852
15.15287150944278	983.4853650955469
15.18044748973733	1022.077823687357
15.20802347003188	1062.150237397125
15.23559945032643	1103.75786944777
15.26317543062098	1146.957513941095
15.29075141091553	1191.808732897058
15.31832739121008	1238.37270024948
15.34590337150463	1286.712926977501
15.37347935179918	1336.895248885273
15.40105533209373	1388.987877930237
15.42863131238828	1443.061509189239
15.45620729268283	1499.189346387723
15.48378327297738	1557.447084399172
15.51135925327193	1617.9132835586
15.53893523356648	1680.66933655795
15.56651121386103	1745.799540420594
15.59408719415558	1813.391157401502
15.62166317445013	1883.534746352278
15.64923915474468	1956.323452989609
15.67681513503923	2031.854628620283
15.70439111533378	2110.228625611461
15.73196709562833	2191.549448879634
15.75954307592288	2275.924968403209
15.78711905621743	2363.466401562493
15.81469503651198	2454.289405835605
15.84227101680653	2548.513590155914
15.86984699710108	2646.262807053258
15.89742297739563	2747.665300482733
15.92499895769018	2852.85402885239
15.95257493798473	2961.966135750332
15.98015091827928	3075.144125884808
16.00772689857383	3192.535380175302
16.03530287886838	3314.292363880655
16.06287885916293	3440.5734669211
16.09045483945748	3571.541888649049
16.11803081975203	3707.366954572236
16.14560680004658	3848.223925214576
16.17318278034113	3994.294250258617
16.20075876063568	4145.76577202616
16.22833474093023	4302.832872103211
16.25591072122478	4465.69685450683
16.28348670151933	4634.565881309152
16.31106268181388	4809.655574301997
16.33863866210843	4991.189091844683
16.36621464240298	5179.397410575993
16.39379062269753	5374.519544434617
16.42136660299208	5576.802920525379
16.44894258328663	5786.503463247162
16.47651856358118	6003.886097351286
16.50409454387573	6229.225212667983
16.53167052417028	6462.804603421397
16.55924650446483	6704.917625188399
16.58682248475938	6955.868262682042
16.61439846505393	7215.971001264637
16.64197444534848	7485.551156980684
16.66955042564303	7764.945369085639
16.69712640593758	8054.502018102695
16.72470238623213	8354.581478591657
16.75227836652668	8665.556742325129
16.77985434682123	8987.813526804279
16.80743032711578	9321.751124964916
16.83500630741033	9667.782477297436
16.86258228770488	10026.33486204909
16.89015826799943	10397.85037153574
16.91773424829398	10782.78621053503
16.94531022858853	11181.61546543246
16.97288620888308	11594.82767765149
17.00046218917763	12022.92894180939
17.02803816947218	12466.44318222816
17.05561414976673	12925.91174728529
17.08319013006128	13401.89513495948
17.11076611035583	13894.97299802627
17.13834209065038	14405.74479604206
17.16591807094493	14934.83060378145
17.19349405123948	15482.87197354121
17.22107003153403	16050.53211258699
17.24864601182858	16638.49713239492
17.27622199212313	17247.47663298186
17.30379797241768	17878.20445281327
17.33137395271223	18531.43971217281
17.35894993300678	19207.9672308156
17.38652591330133	19908.59878861623
17.41410189359588	20634.17378726475
17.44167787389043	21385.560386906
17.46925385418498	22163.65626944508
17.49682983447953	22969.3898648226
17.52440581477408	23803.72102224275
17.55198179506863	24667.64240679922
17.57955777536318	25562.18046260697
17.60713375565773	26488.39643788742
17.63470973595228	27447.38759052542
17.66228571624683	28440.28881323513
17.68986169654139	29468.27248670893
17.71743767683594	30532.55328947363
17.74501365713049	31634.38400465734
17.77258963742504	32775.06173221016
17.80016561771959	33955.92690558691
17.82774159801414	35178.36555371687
17.85531757830869	36443.81014526174
17.88289355860324	37753.74285557374
17.91046953889779	39109.69442412024
17.93804551919234	40513.24819726827
17.96562149948689	41966.04074912953
17.99319747978144	43469.76371384246
18.02077346007599	45026.16514598926
18.04834944037054	46637.05604167323
18.07592542066509	48304.30196825884
18.10350140095964	50029.83581818758
18.13107738125419	51815.6542128916
18.15865336154874	53663.82111640814
18.18622934184329	55576.47146444517
18.21380532213784	57555.80558941292
18.24138130243239	59604.10730024948
18.26895728272694	61723.73050099899
18.29653326302149	63917.11030791634
18.32410924331604	66186.76292859104
18.35168522361059	68535.28892762106
18.37926120390514	70965.37645334944
18.40683718419969	73479.80323662079
18.43441316449424	76081.44019484329
18.46198914478879	78773.23945124447
18.48956512508334	81558.31294131603
18.51714110537789	84439.78333273745
18.54471708567244	87420.9442151484
18.57229306596699	90505.1691312521
18.59986904626154	93695.96489314556
18.62744502655609	96996.94198096974
18.65502100685064	100411.8355409914
18.68259698714519	103944.5030015898
18.71017296743974	107598.9321327678
18.73774894773429	111379.2431106749
18.76532492802884	115289.69200043
18.79290090832339	119334.6785196298
18.82047688861794	123518.7482593285
18.84805286891249	127846.5966759756
18.87562884920704	132323.0765201135
18.90320482950159	136953.2007904519
18.93078080979614	141742.1505681147
18.95835679009069	146695.2761107388
18.98593277038524	151818.107054291
19.01350875067979	157116.3570392346
19.04108473097434	162595.9271180167
19.06866071126889	168262.9150246921
19.09623669156344	174123.6188839422
19.12381267185799	180184.5511369881
19.15138865215254	186452.4310322585
19.17896463244709	192934.2025068257
19.20654061274164	199637.0455927613
19.23411659303619	206568.3686724237
19.26169257333074	213735.8301046784
19.28926855362529	221147.3422905767
19.31684453391984	228811.0708210408
19.34442051421439	236735.4581828024
19.37199649450894	244929.2112470735
19.39957247480349	253401.3754527318
19.42714845509804	262161.2132119786
19.45472443539259	271218.3451226435
19.48230041568714	280582.7072351781
19.50987639598169	290264.5342694148
19.53745237627624	300274.4264042581
19.56502835657079	310623.3203840636
19.59260433686534	321322.5107231925
19.62018031715989	332383.6666825184
19.64775629745444	343818.8398351523
19.67533227774899	355640.4761588643
19.70290825804354	367861.4343710455
19.73048423833809	380494.9868343696
19.75806021863264	393554.8477931549
19.78563619892719	407055.1792141481
19.81321217922174	421010.6071708066
19.84078815951629	435436.2355002533
19.86836413981084	450347.663635218
19.89594012010539	465761.0069097916
19.92351610039994	481692.8957935096
19.95109208069449	498160.5129348024
19.97866806098904	515181.5970561291
20.00624404128359	532774.478215417
20.03382002157814	550958.0718410073
20.06139600187269	569751.9183723069
20.08897198216724	589176.191004592
20.11654796246179	609251.7384425111
20.14412394275634	630000.0589163924
20.17169992305089	651443.3726768272
20.19927590334544	673604.6039481132
20.22685188363999	696507.4914219354
20.25442786393454	720176.4388279414
20.2820038442291	744636.7274680771
20.30957982452365	769914.3665639589
20.3371558048182	796036.4672333675
20.36473178511275	823030.6466060835
20.3923077654073	850925.6704103322
20.41988374570185	879751.0372109056
20.4474597259964	909537.7498898408
20.47503570629095	940317.0409671208
20.5026116865855	972121.6102160942
20.53018766688005	1004985.161826805
20.5577636471746	1038942.467809558
20.58533962746915	1074029.438962549
20.6129156077637	1110283.116425848
20.64049158805825	1147741.777660524
20.6680675683528	1186444.923659062
20.69564354864735	1226433.350650922
20.7232195289419	1267749.156541171
20.75079550923645	1310435.808917869
20.778371489531	1354538.199980017
20.80594746982555	1400102.626178114
20.8335234501201	1447176.926744454
20.86109943041465	1495810.480809151
20.8886754107092	1546054.224515819
20.91625139100375	1597960.806138495
20.9438273712983	1651584.527004694
20.97140335159285	1706981.424724098
20.9989793318874	1764209.456049063
21.02655531218195	1823328.270609043
21.0541312924765	1884399.567110343
21.08170727277105	1947487.512181398
21.1092832530656	2012656.309184547
21.13685923336015	2079975.293852347
21.1644352136547	2149513.977851866
21.19201119394925	2221344.625815773
21.2195871742438	2295541.808815548
21.24716315453835	2372182.540302743
21.2747391348329	2451346.293469016
21.30231511512745	2533115.121158261
21.329891095422	2617573.586685734
21.35746707571655	2704809.180855212
21.3850430560111	2794912.071982524
21.41261903630565	2887975.334719281
21.4401950166002	2984095.048201891
21.46777099689475	3083370.385052126
21.4953469771893	3185903.702158888
21.52292295748385	3291800.622446919
21.5504989377784	3401170.155157436
21.57807491807295	3514124.841114007
21.6056508983675	3630780.795256733
21.63322687866205	3751257.907387708
21.6608028589566	3875679.749555933
21.68837883925115	4004174.055660404
21.7159548195457	4136872.552033516
21.74353079984025	4273911.202904539
21.7711067801348	4415430.144689705
21.79868276042935	4561574.5241781
21.8262587407239	4712493.465575794
21.85383472101845	4868341.292140458
21.881410701313	5029277.05359399
21.90898668160755	5195465.015720275
21.9365626619021	5367074.643721834
21.96413864219665	5544280.799831284
21.9917146224912	5727263.940175389
22.01929060278575	5916210.286773739
22.0468665830803	6111312.003739225
22.07444256337485	6312767.420582869
22.1020185436694	6520781.095479013
22.12959452396395	6735564.182008929
22.1571705042585	6957334.316384809
22.18474648455305	7186317.073998919
22.2123224648476	7422743.674550717
22.23989844514215	7666853.733532026
22.2674744254367	7918894.243278959
22.29505040573125	8179120.117994444
22.3226263860258	8447794.163365116
22.35020236632035	8725187.972069303
22.3777783466149	9011581.287990311
22.40535432690945	9307263.119112752
22.432930307204	9612531.345821735
22.46050628749855	9927693.667762022
22.4880822677931	10253067.32023844
22.51565824808765	10588979.77430706
22.5432342283822	10935768.60936956
22.57081020867675	11293783.08836208
22.5983861889713	11663380.97689896
22.62596216926585	12044935.01513885
22.6535381495604	12438827.36984763
22.68111412985495	12845452.93620222
22.7086901101495	13265219.13959476
22.73626609044405	13698546.28803317
22.7638420707386	14145868.10535989
22.79141805103315	14607631.90908647
22.8189940313277	15084299.31446612
22.84657001162225	15576346.53885337
22.87414599191681	16084264.83731364
22.90172197221136	16608561.0474815
22.92929795250591	17149758.05091338
22.95687393280046	17708395.2441577
22.98444991309501	18285029.1114549
23.01202589338956	18880233.81301462
23.03960187368411	19494601.48631978
23.06717785397866	20128743.11587714
23.09475383427321	20783289.01103241
23.12232981456776	21458889.31356902
23.14990579486231	22156214.77743638
23.17748177515686	22875957.31329475
23.20505775545141	23618830.65188606
23.23263373574596	24385571.08925373
23.26020971604051	25176938.20849279
23.28778569633506	25993715.41001622
23.31536167662961	26836710.94827231
23.34293765692416	27706758.50555325
23.37051363721871	28604718.10386002
23.39808961751326	29531476.88405619
23.42566559780781	30487949.70702791
23.45324157810236	31475080.65542874
23.48081755839691	32493843.29405108
23.50839353869146	33545241.96917211
23.53596951898601	34630312.43031266
23.56354549928056	35750123.37987719
23.59112147957511	36905776.9366636
23.61869745986966	38098409.91417421
23.64627344016421	39329194.94053448
23.67384942045876	40599341.47790252
23.70142540075331	41910097.04274165
23.72900138104786	43262748.65996446
23.75657736134241	44658622.95327601
23.78415334163696	46099089.25042468
23.81172932193151	47585559.23199985
23.83930530222606	49119489.20187833
23.86688128252061	50702381.72704007
23.89445726281516	52335785.0079253
23.92203324310971	54021297.31822862
23.94960922340426	55760566.41050261
23.97718520369881	57555292.2805965
24.00476118399336	59407227.42938446
24.03233716428791	61318179.81688464
24.05991314458246	63290014.44948861
24.08748912487701	65324653.68495622
24.11506510517156	67424082.18392731
24.14264108546611	69590344.12623875
24.17021706576066	71825549.5816603
24.19779304605521	74131874.01009558
24.22536902634976	76511561.93730907
24.25294500664431	78966926.4887706
24.28052098693886	81500354.50217642
24.30809696723341	84114307.08885102
24.33567294752796	86811321.98849608
24.36324892782251	89594018.98766465
24.39082490811706	92465094.75789304
24.41840088841161	95427334.26637755
24.44597686870616	98483608.2818003
24.47355284900071	101636877.8533625
24.50112882929526	104890195.5220508
24.52870480958981	108246710.0826453
24.55628078988436	111709668.3465975
24.58385677017891	115282418.5261664
24.61143275047346	118968414.4096412
24.63900873076801	122771215.4748303
24.66658471106256	126694493.5561381
24.69416069135711	130742035.2116243
24.72173667165166	134917745.0628059
24.74931265194621	139225648.950763
24.77688863224076	143669898.975722
24.80446461253531	148254776.2989892
24.83204059282986	152984695.6367856
24.85961657312441	157864209.6982773
24.88719255341896	162898011.9624366
24.91476853371351	168090943.4321853
24.94234451400806	173447995.6195271
24.96992049430261	178974313.6412961
24.99749647459716	184675205.5544137
25.02507245489171	190556142.8594465
25.05264843518626	196622768.1888351
25.08022441548081	202880899.54769
25.10780039577536	209336535.8826176
25.13537637606991	215995863.5782604
25.16295235636446	222865259.6239764
25.19052833665901	229951300.8764314
25.21810431695356	237260767.898295
25.24568029724811	244800651.4677335
25.27325627754266	252578161.6045298
25.30083225783721	260600730.3492444
25.32840823813176	268876021.805766
25.35598421842631	277411937.7179034
25.38356019872086	286216625.2747765
25.41113617901541	295298485.5035647
25.43871215930996	304666179.197113
25.46628813960452	314328634.8917376
25.49386411989907	324295062.2753639
25.52144010019362	334574949.3435916
25.54901608048817	345178085.8221065
25.57659206078272	356114562.1877543
25.60416804107727	367394782.3487265
25.63174402137182	379029472.4791513
25.65932000166637	391029691.595533
25.68689598196092	403406842.1347108
25.71447196225547	416172678.4525725
25.74204794255002	429339321.0624614
25.76962392284457	442919258.7036249
25.79719990313912	456925380.8956379
25.82477588343367	471370966.2282996
25.85235186372822	486269705.7401021
25.87992784402277	501635716.4414349
25.90750382431732	517483551.1340113
25.93507980461187	533828213.3861397
25.96265578490642	550685171.5793669
25.99023176520097	568070382.0271442
26.01780774549552	586000245.8979989
26.04538372579007	604491759.6429812
26.07295970608462	623562370.9067049
26.10053568637917	643230097.9337603
26.12811166667372	663513498.6099659
26.15568764696827	684431738.1719266
26.18326362726282	706004537.3941791
26.21083960755737	728252242.9351161
26.23841558785192	751195829.8872027
26.26599156814647	774856810.4998165
26.29356754844102	799257794.0605687
26.32114352873557	824421443.4859474
26.34871950903012	850371546.5990111
26.37629548932467	877132525.2723233
26.40387146961922	904729541.6565102
26.43144744991377	933188559.0458688
26.45902343020832	962536318.6489543
26.48659941050287	992800396.3046955
26.51417539079742	1024009218.382542
26.54175137109197	1056191991.969224
26.56932735138652	1089379190.763433
26.59690333168107	1123601697.252558
26.62447931197562	1158891682.512494
26.65205529227017	1195282239.520851
26.67963127256472	1232807458.771284
26.70720725285927	1271502519.395438
26.73478323315382	1311403650.264903
26.76235921344837	1352548201.614441
26.78993519374292	1394974686.897521
26.81751117403747	1438722807.584043
26.84508715433202	1483833430.636679
26.87266313462657	1530348788.760576
26.90023911492112	1578312323.13571
26.92781509521567	1627768848.071559
26.95539107551022	1678764538.243069
26.98296705580477	1731347032.08802
27.01054303609932	1785565380.115703
27.03811901639387	1841470169.926331
27.06569499668842	1899113540.311184
27.09327097698297	1958549232.697133
27.12084695727752	2019832626.940133
27.14842293757207	2083020848.581289
27.17599891786662	2148172725.597329
27.20357489816117	2215348920.393211
27.23115087845572	2284611961.100435
27.25872685875027	2356026275.593
27.28630283904482	2429658305.440559
27.31387881933937	2505576504.054591
27.34145479963392	2583851436.651675
27.36903077992847	2664555834.424178
27.39660676022302	2747764664.402403
27.42418274051757	2833555176.568144
27.45175872081212	2922007025.360302
27.47933470110667	3013202278.479456
27.50691068140122	3107225530.700676
27.53448666169577	3204163990.235252
27.56206264199032	3304107476.227038
27.58963862228487	3407148663.535722
27.61721460257942	3513382993.015608
27.64479058287397	3622908853.178851
27.67236656316852	3735827648.946006
27.69994254346307	3852243887.537106
27.72751852375762	3972265275.145656
27.75509450405217	4096002866.031562
27.78267048434672	4223571042.571191
27.81024646464127	4355087733.648557
27.83782244493582	4490674476.284446
27.86539842523037	4630456500.668509
27.89297440552492	4774562929.367654
27.92055038581947	4923126784.713982
27.94812636611402	5076285184.158887
27.97570234640857	5234179454.158683
28.00327832670312	5396955195.469164
28.03085430699767	5564762466.88693
28.05843028729223	5737756073.892664
28.08600626758678	5916095313.846519
28.11358224788133	6099944515.37254
28.14115822817588	6289472988.10632
28.16873420847043	6484855212.67232
28.19631018876498	6686271034.56819
28.22388616905953	6893905760.731147
28.25146214935408	7107950373.652265
28.27903812964863	7328601706.629924
28.30661410994318	7556062607.302187
28.33419009023773	7790542086.707058
28.36176607053228	8032255554.239256
28.38934205082683	8281425054.500233
28.41691803112138	8538279327.107979
28.44449401141593	8803054155.052704
28.47206999171048	9075992503.58334
28.49964597200503	9357344732.646391
28.52722195229958	9647368914.655931
28.55479793259413	9946330888.78731
28.58237391288868	10254504702.15824
28.60994989318323	10572172705.47455
28.63752587347778	10899625932.15955
28.66510185377233	11237164203.13484
28.69267783406688	11585096525.67667
28.72025381436143	11943741384.56084
28.74782979465598	12313426884.64428
28.77540577495053	12694491195.72579
28.80298175524508	13087282689.24808
28.83055773553963	13492160616.49865
28.85813371583418	13909494919.18908
28.88570969612873	14339666928.84919
28.91328567642328	14783069514.63465
28.94086165671783	15240107616.52072
28.96843763701238	15711198427.82028
28.99601361730693	16196771895.1723
29.02358959760148	16697273537.58109
29.05116557789603	17213152381.14615
29.07874155819058	17744886447.55357
29.10631753848513	18292957701.16585
29.13389351877968	18857865871.02018
29.16146949907423	19440125468.02713
29.18904547936878	20040267126.62706
29.21662145966333	20658837075.29265
29.24419743995788	21296398549.56975
29.27177342025243	21953531802.08603
29.29934940054698	22630834714.97998
29.32692538084153	23328923389.42054
29.35450136113608	24048432653.69688
29.38207734143063	24790016616.215
29.40965332172518	25554349398.91936
29.43722930201973	26342125244.54779
29.46480528231428	27154060043.52175
29.49238126260883	27990891038.59356
29.51995724290338	28853378026.47482
29.54753322319793	29742303849.6011
29.57510920349248	30658475168.08
29.60268518378703	31602723127.87237
29.63026116408158	32575904110.14708
29.65783714437613	33578900548.23328
29.68541312467068	34612621614.71841
29.71298910496523	35678004178.77069
29.74056508525978	36776013171.33688
29.76814106555433	37907643503.01534
29.79571704584888	39073919789.78074
29.82329302614343	40275897847.11814
29.85086900643798	41514665619.31931
29.87844498673253	42791343918.81583
29.90602096702708	44107087763.7644
29.93359694732163	45463086291.88233
29.96117292761618	46860567085.5023
29.98874890791073	48300792700.96494
30.01632488820528	49785064571.75677
30.04390086849983	51314723846.0974
30.07147684879438	52891151901.71312
30.09905282908893	54515772513.71741
30.12662880938348	56190052314.17635
30.15420478967803	57915502440.88787
30.18178076997258	59693679850.8947
30.20935675026713	61526189330.19087
30.23693273056168	63414681710.49385
30.26450871085623	65360861447.12733
30.29208469115078	67366482492.63328
30.31966067144533	69433352315.93121
30.34723665173988	71563333112.55606
30.37481263203443	73758343624.6302
30.40238861232898	76020360363.66132
30.42996459262353	78351420166.93513
30.45754057291808	80753621211.64589
30.48511655321263	83229126521.44141
30.51269253350718	85780160943.79074
30.54026851380173	88409019580.53738
30.56784449409628	91118066019.80469
30.59542047439083	93909737388.45302
30.62299645468539	96786542252.29709
30.65057243497994	99751065685.18146
30.67814841527449	102805971030.0771
30.70572439556904	105954002313.669
30.73330037586359	109197986211.229
30.76087635615814	112540830886.1629
30.78845233645269	115985545800.0105
30.81602831674724	119535218678.2819
30.84360429704179	123193033104.7574
30.87118027733634	126962269325.826
30.89875625763089	130846307252.8844
30.92633223792544	134848630671.0895
30.95390821821999	138972826091.0948
30.98148419851454	143222589299.7781
31.00906017880909	147601727602.9676
31.03663615910364	152114168373.774
31.06421213939819	156763942135.4417
31.09178811969274	161555213705.5897
31.11936409998729	166492277254.3426
31.14694008028184	171579549578.4469
31.17451606057639	176821579300.8178
31.20209204087094	182223057182.4709
31.22966802116549	187788812146.1748
31.25724400146004	193523820546.7486
31.28481998175459	199433209751.0012
31.31239596204914	205522262890.7731
31.33997194234369	211796409592.7104
31.36754792263824	218261271881.9043
31.39512390293279	224922610370.4582
31.42269988322734	231786371903.913
31.45027586352189	238858692496.3809
31.47785184381644	246145881200.2874
31.50542782411099	253654437702.2614
31.53300380440554	261391062047.5198
31.56057978470009	269362653544.9796
31.58815576499464	277576319033.9478
31.61573174528919	286039385086.9895
31.64330772558374	294759393258.1021
31.67088370587829	303744111935.862
31.69845968617284	313001555819.341
31.72603566646739	322539957496.7385
31.75361164676194	332367812215.5988
31.78118762705649	342493879329.8323
31.80876360735104	352927168417.3978
31.83633958764559	363676965877.2391
31.86391556794014	374752834859.049
31.89149154823469	386164630383.0214
31.91906752852924	397922499852.0124
31.94664350882379	410036900070.0393
31.97421948911834	422518602161.2953
32.00179546941289	435378694342.2458
32.02937144970744	448628618653.9661
32.05694743000199	462280142145.2392
32.08452341029654	476345382680.3984
32.11209939059109	490836834086.1774
32.13967537088564	505767369546.7781
32.16725135118019	521150240724.4216
32.19482733147474	536999102071.9955
32.22240331176929	553328014605.2991
0
1000	105.6583745	100000000000000.1
5	0	0	1
5	0	0	0
4.673998997513734	-0
4.701574977808284	-0
4.729150958102834	-0
4.756726938397384	-0
4.784302918691934	-0
4.811878898986484	-0
4.839454879281035	-0
4.867030859575585	-0
4.894606839870135	-0
4.922182820164685	-0
4.949758800459235	-0
4.977334780753785	-0
5.004910761048335	-0
5.032486741342885	-0
5.060062721637435	-0
5.087638701931986	-0
5.115214682226536	-0
5.142790662521086	-0
5.170366642815636	-0
5.197942623110186	-0
5.225518603404736	-0
5.253094583699286	-0
5.280670563993836	-0
5.308246544288386	-0
5.335822524582936	-0
5.363398504877487	-0
5.390974485172037	-0
5.418550465466587	-0
5.446126445761137	-0
5.473702426055687	-0
5.501278406350237	-0
5.528854386644787	-0
5.556430366939337	-0
5.584006347233887	-0
5.611582327528438	-0
5.639158307822988	-0
5.666734288117538	-0
5.694310268412088	-0
5.721886248706638	-0
5.749462229001188	-0
5.777038209295738	-0
5.804614189590288	-0
5.832190169884838	-0
5.859766150179389	-0
5.887342130473939	-0
5.914918110768489	-0
5.942494091063039	-0
5.970070071357589	-0
5.997646051652139	-0
6.025222031946689	-0
6.052798012241239	-1.898854849871792e-10
6.080373992535789	-1.72744826314158e-10
6.107949972830339	-1.395944200145523e-10
6.13552595312489	-9.215983044605253e-11
6.16310193341944	-3.298046263767744e-11
6.19067791371399	-0
6.21825389400854	-0
6.24582987430309	-0
6.27340585459764	-0
6.30098183489219	-0
6.32855781518674	-1.226409026437417e-09
6.35613379548129	-1.114181260022736e-09
6.383709775775841	-8.992080610999101e-10
6.411285756070391	-5.929307043475079e-10
6.438861736364941	-2.119410145501426e-10
6.466437716659491	-1.101081488446581e-10
6.494013696954041	-3.896526716631031e-10
6.521589677248591	-7.579746597225403e-10
6.549165657543141	-1.227362787254223e-09
6.576741637837691	-1.810535692617175e-09
6.604317618132241	-1.852737542491275e-09
6.631893598426791	-2.764954304821222e-09
6.659469578721342	-3.887778480914911e-09
6.687045559015892	-5.229875294042006e-09
6.714621539310442	-6.797281274188529e-09
6.742197519604992	-9.686318885812319e-09
6.769773499899542	-1.430475610943142e-08
6.797349480194092	-1.97095321836603e-08
6.824925460488642	-2.59112326823479e-08
6.852501440783192	-3.291373887844386e-08
6.880077421077742	-4.106440421130984e-08
6.907653401372293	-4.962181297519004e-08
6.935229381666843	-5.892357827760023e-08
6.962805361961393	-6.895137656150884e-08
6.990381342255943	-7.968252349265238e-08
7.017957322550493	-9.108819646628164e-08
7.045533302845043	-1.03138268195446e-07
7.073109283139593	-1.157956083931579e-07
7.100685263434143	-1.290197745123567e-07
7.128261243728693	-1.427661056116919e-07
7.155837224023244	-1.593621998618194e-07
7.183413204317794	-1.737832173870977e-07
7.210989184612344	-1.88370141359228e-07
7.238565164906894	-2.030850135979008e-07
7.266141145201444	-2.178959193620188e-07
7.293717125495994	-2.327768791505651e-07
7.321293105790544	-2.477077413289304e-07
7.348869086085094	-2.62674075775562e-07
7.376445066379644	-2.776670687158147e-07
7.404021046674194	-2.926834188850836e-07
7.431597026968745	-4.319892973308554e-07
7.459173007263295	-4.355895330058903e-07
7.486748987557845	-4.288737887319358e-07
7.514324967852395	-4.130348355220169e-07
7.541900948146945	-3.89782054435761e-07
7.569476928441495	-3.839853016116684e-07
7.597052908736045	-3.999888349388654e-07
7.624628889030595	-4.161697634464851e-07
7.652204869325145	-4.325328309186132e-07
7.679780849619696	-4.490826996010121e-07
7.707356829914246	-4.658392446333563e-07
7.734932810208796	-4.827701726038559e-07
7.762508790503346	-4.99902166631735e-07
7.790084770797896	-5.172418125937615e-07
7.817660751092446	-5.34795993313928e-07
7.845236731386996	-6.621889365972284e-07
7.872812711681546	-9.406548475363938e-07
7.900388691976096	-1.276028564531673e-06
7.927964672270646	-1.669990674440812e-06
7.955540652565197	-2.123807676431575e-06
7.983116632859747	-2.578579268613036e-06
8.010692613154298	-3.159880489342179e-06
8.038268593448848	-3.807342828817283e-06
8.065844573743398	-4.520141185213394e-06
8.093420554037948	-5.296816917368734e-06
8.120996534332498	-6.135291409914055e-06
8.148572514627048	-7.032875817662817e-06
8.176148494921598	-7.986279233456589e-06
8.203724475216148	-8.991616001819909e-06
8.231300455510699	-1.00444124594191e-05
8.258876435805249	-1.136586881799862e-05
8.286452416099799	-1.247708460870844e-05
8.314028396394349	-1.359995406919194e-05
8.341604376688899	-1.472981693330254e-05
8.369180356983449	-1.586239531670487e-05
8.396756337277999	-1.699378598434581e-05
8.424332317572549	-1.812045232642188e-05
8.451908297867099	-1.923921558813293e-05
8.47948427816165	-2.034724456867507e-05
8.5070602584562	-2.14420423521244e-05
8.53463623875075	-2.240263017500687e-05
8.5622122190453	-2.349331868348887e-05
8.58978819933985	-2.455911138557965e-05
8.6173641796344	-2.56055761439583e-05
8.64494015992895	-2.663356798795371e-05
8.6725161402235	-2.764283986589847e-05
8.70009212051805	-2.863285289635738e-05
8.7276681008126	-2.960302664671284e-05
8.755244081107151	-3.055283652297639e-05
8.782820061401701	-3.148185516015015e-05
8.810396041696251	-3.236684987826265e-05
8.837972021990801	-3.325577255977101e-05
8.865548002285351	-3.412517591192227e-05
8.893123982579901	-3.497491979062473e-05
8.920699962874451	-3.580492071079977e-05
8.948275943169001	-3.661515115196258e-05
8.975851923463551	-3.740563904775362e-05
9.003427903758102	-3.817646736956409e-05
9.031003884052652	-3.892777377064464e-05
9.058579864347202	-3.965975027370209e-05
9.086155844641752	-4.036761296381136e-05
9.113731824936302	-4.106039997204836e-05
9.141307805230852	-4.173678123403045e-05
9.168883785525402	-4.239618006952349e-05
9.196459765819952	-4.303874140602321e-05
9.224035746114502	-4.366475462158285e-05
9.251611726409052	-4.427456248946469e-05
9.279187706703603	-4.486853741934621e-05
9.306763686998153	-4.544707336646567e-05
9.334339667292703	-4.601058257381952e-05
9.361915647587253	-4.655629236665799e-05
9.389491627881803	-4.709132162114877e-05
9.417067608176353	-4.761293812060352e-05
9.444643588470903	-4.812159190705854e-05
9.472219568765453	-4.861773356406763e-05
9.499795549060003	-4.910181433287851e-05
9.527371529354554	-4.957428622373079e-05
9.554947509649104	-5.003560212261239e-05
9.582523489943654	-5.048621589379609e-05
9.610099470238204	-5.092658247846851e-05
9.637675450532754	-5.13561278583581e-05
9.665251430827304	-5.177746187378287e-05
9.692827411121854	-5.21900079258887e-05
9.720403391416404	-5.259421717785162e-05
9.747979371710954	-5.299053791026645e-05
9.775555352005505	-5.33794156113649e-05
9.803131332300055	-5.376129306365523e-05
9.830707312594605	-5.413661042718019e-05
9.858283292889155	-5.450580531957498e-05
9.885859273183705	-5.48693128931028e-05
9.913435253478255	-5.52274211314387e-05
9.941011233772805	-5.558086288499876e-05
9.968587214067355	-5.592992097926475e-05
9.996163194361905	-5.627502018211769e-05
10.02373917465646	-5.661658251729822e-05
10.05131515495101	-5.695502732525655e-05
10.07889113524556	-5.729077132167639e-05
10.10646711554011	-5.762422865378226e-05
10.13404309583466	-5.795581095453365e-05
10.16161907612921	-5.828592739480827e-05
10.18919505642376	-5.861495745385595e-05
10.21677103671831	-5.894336245076669e-05
10.24434701701286	-5.927151715375615e-05
10.27192299730741	-5.959982115237315e-05
10.29949897760196	-5.99286716876523e-05
10.32707495789651	-6.025846369235237e-05
10.35465093819106	-6.058958982965202e-05
10.38222691848561	-6.092244053037628e-05
10.40980289878016	-6.125740402882206e-05
10.43737887907471	-6.159486639725209e-05
10.46495485936926	-6.193508699236086e-05
10.49253083966381	-6.227870796339914e-05
10.52010681995836	-6.262598390715482e-05
10.54768280025291	-6.297729148384486e-05
10.57525878054746	-6.333300481188749e-05
10.60283476084201	-6.369349549646186e-05
10.63041074113656	-6.405913265705333e-05
10.65798672143111	-6.4430282954038e-05
10.68556270172566	-6.480731061435573e-05
10.71313868202021	-6.51905774563248e-05
10.74071466231476	-6.5580270254034e-05
10.76829064260931	-6.597710686985259e-05
10.79586662290386	-6.638126848473217e-05
10.82344260319841	-6.679310599973024e-05
10.85101858349296	-6.721296728173296e-05
10.87859456378751	-6.764119718629106e-05
10.90617054408206	-6.807813757979378e-05
10.93374652437661	-6.852412736101577e-05
10.96132250467116	-6.897950248207111e-05
10.98889848496571	-6.94445959688109e-05
11.01647446526026	-6.99195039181342e-05
11.04405044555481	-7.040504258733205e-05
11.07162642584936	-7.090130109357922e-05
11.09920240614391	-7.140859889475778e-05
11.12677838643846	-7.19272516168759e-05
11.15435436673301	-7.245757107505758e-05
11.18193034702756	-7.299986529405106e-05
11.20950632732211	-7.355443852827765e-05
11.23708230761666	-7.412159128144312e-05
11.26465828791121	-7.470162032573438e-05
11.29223426820576	-7.529473279640061e-05
11.31981024850031	-7.590139761627879e-05
11.34738622879486	-7.652181409139291e-05
11.37496220908941	-7.715626349579894e-05
11.40253818938396	-7.780502309569832e-05
11.43011416967851	-7.84683661677823e-05
11.45769014997306	-7.91465620171976e-05
11.48526613026761	-7.983987599515027e-05
11.51284211056216	-8.05485695161596e-05
11.54041809085671	-8.127290007497441e-05
11.56799407115126	-8.201296089540629e-05
11.59557005144581	-8.276933679628459e-05
11.62314603174036	-8.354211240140296e-05
11.65072201203491	-8.433152827969065e-05
11.67829799232946	-8.513782047505143e-05
11.70587397262401	-8.596122052372825e-05
11.73344995291856	-8.680195547129697e-05
11.76102593321311	-8.766024788930304e-05
11.78860191350766	-8.853631589155005e-05
11.81617789380221	-8.943037315005158e-05
11.84375387409676	-9.034254864355289e-05
11.87132985439131	-9.127321499242881e-05
11.89890583468586	-9.222249187089453e-05
11.92648181498041	-9.319057461899639e-05
11.95405779527496	-9.417765387072241e-05
11.98163377556951	-9.518391557025438e-05
12.00920975586406	-9.620954098781589e-05
12.03678573615861	-9.725470673512995e-05
12.06436171645316	-9.831958478050492e-05
12.09193769674771	-9.94043424635611e-05
12.11951367704226	-0.0001005092274525129
12.14708965733681	-0.0001016342205892423
12.17466563763136	-0.0001027795604934326
12.20224161792591	-0.0001039453968285061
12.22981759822046	-0.0001051318750758398
12.25739357851501	-0.0001063391365501179
12.28496955880956	-0.0001075673184141081
12.31254553910411	-0.000108816553692908
12.34012151939866	-0.0001100869712876974
12.36769749969321	-0.0001113786959890342
12.39527347998776	-0.0001126919352264786
12.42284946028231	-0.0001140266253043394
12.45042544057686	-0.0001153829645834423
12.47800142087141	-0.000116761062125025
12.50557740116597	-0.0001181610233823847
12.53315338146052	-0.0001195829502181089
12.56072936175507	-0.0001210269409199761
12.58830534204962	-0.0001224930902157668
12.61588132234417	-0.0001239814892871642
12.64345730263872	-0.0001254922257828794
12.67103328293327	-0.0001270255029224331
12.69860926322782	-0.0001285811535689638
12.72618524352237	-0.0001301593730321257
12.75376122381692	-0.0001317602357269943
12.78133720411147	-0.0001333838131560535
12.80891318440602	-0.0001350301739351974
12.83648916470057	-0.0001366993838201047
12.86406514499512	-0.0001383915057347347
12.89164112528967	-0.0001401065998049387
12.91921710558422	-0.0001418447234027379
12.94679308587877	-0.0001436058629280093
12.97436906617332	-0.0001453902595041199
13.00194504646787	-0.0001471978233152539
13.02952102676242	-0.0001490285999945224
13.05709700705697	-0.000150882633011031
13.08467298735152	-0.0001527599636968176
13.11224896764607	-0.0001546606312572029
13.13982494794062	-0.0001565846727738973
13.16740092823517	-0.0001585321232045959
13.19497690852972	-0.0001605030153806811
13.22255288882427	-0.0001624974556995051
13.25012886911882	-0.0001645153162452639
13.27770484941337	-0.0001665566970121281
13.30528082970792	-0.0001686216227330513
13.33285681000247	-0.0001707101164595126
13.36043279029702	-0.0001728221995480753
13.38800877059157	-0.0001749578916445564
13.41558475088612	-0.0001771172106650916
13.44316073118067	-0.0001793001727731488
13.47073671147522	-0.0001815067923512335
13.49831269176977	-0.0001837372529247679
13.52588867206432	-0.0001859912184898481
13.55346465235887	-0.000188268849783236
13.58104063265342	-0.0001905701620692265
13.60861661294797	-0.0001928951603295207
13.63619259324252	-0.0001952438486230318
13.66376857353707	-0.0001976162296613891
13.69134455383162	-0.0002000123047462524
13.71892053412617	-0.0002024320737402752
13.74649651442072	-0.0002048755350434215
13.77407249471527	-0.0002073428112830846
13.80164847500982	-0.0002098336360909312
13.82922445530437	-0.0002123481284548037
13.85680043559892	-0.0002148862815104092
13.88437641589347	-0.000217448087361729
13.91195239618802	-0.0002200335370706433
13.93952837648257	-0.0002226426206463165
13.96710435677712	-0.0002252753270342973
13.99468033707167	-0.0002279316441052726
14.02225631736622	-0.0002306115586434336
14.04983229766077	-0.0002333151700381567
14.07740827795532	-0.0002360422254700992
14.10498425824987	-0.0002387928224176346
14.13256023854442	-0.0002415669441244599
14.16013621883897	-0.0002443645731716617
14.18771219913352	-0.0002471856914694218
14.21528817942807	-0.0002500302802492797
14.24286415972262	-0.0002528983200568906
14.27044014001717	-0.00025578979074524
14.29801612031172	-0.0002587046714682547
14.32559210060627	-0.0002616431349800579
14.35316808090082	-0.0002646047487994714
14.38074406119537	-0.0002675896913177304
14.40832004148992	-0.0002705979413096399
14.43589602178447	-0.0002736294773288749
14.46347200207902	-0.000276684277670155
14.49104798237357	-0.0002797623203386022
14.51862396266812	-0.000282863583024768
14.54619994296267	-0.000285988043084165
14.57377592325722	-0.000289135677520409
14.60135190355177	-0.0002923065474128553
14.62892788384632	-0.0002955004501984257
14.65650386414087	-0.0002987174501383075
14.68407984443542	-0.0003019575237874567
14.71165582472997	-0.000305220647470907
14.73923180502452	-0.0003085067972803698
14.76680778531907	-0.000311815949071794
14.79438376561362	-0.0003151480784636121
14.82195974590817	-0.0003185031608354668
14.84953572620272	-0.0003218811713273027
14.87711170649727	-0.0003252821104480935
14.90468768679182	-0.0003287058993867925
14.93226366708637	-0.0003321525382416901
14.95983964738092	-0.0003356220014044071
14.98741562767547	-0.0003391142631367806
15.01499160797002	-0.000342629297570589
15.04256758826457	-0.0003461670787070582
15.07014356855912	-0.0003497275804159054
15.09771954885368	-0.0003533107764332232
15.12529552914823	-0.0003569166403560233
15.15287150944278	-0.0003605451683722436
15.18044748973733	-0.0003641962868416267
15.20802347003188	-0.0003678699915127384
15.23559945032643	-0.0003715662556666621
15.26317543062098	-0.0003752850525450376
15.29075141091553	-0.0003790263553499417
15.31832739121008	-0.0003827901372437316
15.34590337150463	-0.0003865763713488639
15.37347935179918	-0.0003903850307476977
15.40105533209373	-0.0003942160884822901
15.42863131238828	-0.0003980695372531015
15.45620729268283	-0.0004019453088641002
15.48378327297738	-0.0004058433960274997
15.51135925327193	-0.0004097637717934267
15.53893523356648	-0.000413706409255244
15.56651121386103	-0.0004176712815492016
15.59408719415558	-0.0004216583618540932
15.62166317445013	-0.0004256676233909193
15.64923915474468	-0.0004296990394225466
15.67681513503923	-0.0004337525832533786
15.70439111533378	-0.0004378282320820399
15.73196709562833	-0.0004419259512451196
15.75954307592288	-0.00044604571804066
15.78711905621743	-0.0004501875059696063
15.81469503651198	-0.0004543512885895086
15.84227101680653	-0.0004585370395142008
15.86984699710108	-0.0004627447324134825
15.89742297739563	-0.0004669743410128007
15.92499895769018	-0.0004712258390929373
15.95257493798473	-0.0004754992004896993
15.98015091827928	-0.0004797944045458624
16.00772689857383	-0.000484111413824656
16.03530287886838	-0.0004884502077908464
16.06287885916293	-0.0004928107605414489
16.09045483945748	-0.0004971930462500004
16.11803081975203	-0.0005015970391662543
16.14560680004658	-0.0005060227136158605
16.17318278034113	-0.0005104700440000301
16.20075876063568	-0.0005149390047951429
16.22833474093023	-0.000519429570552243
16.25591072122478	-0.0005239417151385333
16.28348670151933	-0.0005284754151179367
16.31106268181388	-0.0005330306443168256
16.33863866210843	-0.000537607377566038
16.36621464240298	-0.0005422055897607385
16.39379062269753	-0.0005468252558602797
16.42136660299208	-0.0005514663508880455
16.44894258328663	-0.0005561288499312842
16.47651856358118	-0.000560812728140932
16.50409454387573	-0.0005655179607314325
16.53167052417028	-0.0005702445174143367
16.55924650446483	-0.0005749923851615742
16.58682248475938	-0.0005797615337823543
16.61439846505393	-0.0005845519386944388
16.64197444534848	-0.0005893635753543371
16.66955042564303	-0.0005941964192572108
16.69712640593758	-0.0005990504459367927
16.72470238623213	-0.0006039256309652972
16.75227836652668	-0.0006088219499533525
16.77985434682123	-0.0006137393785499325
16.80743032711578	-0.0006186779001382182
16.83500630741033	-0.0006236374743601471
16.86258228770488	-0.0006286180847176058
16.89015826799943	-0.0006336197070811201
16.91773424829398	-0.0006386423173926414
16.94531022858853	-0.000643685891665413
16.97288620888308	-0.0006487504059838622
17.00046218917763	-0.0006538358365034712
17.02803816947218	-0.0006589421594506587
17.05561414976673	-0.0006640693511226603
17.08319013006128	-0.0006692173767969741
17.11076611035583	-0.0006743862360874079
17.13834209065038	-0.0006795758943546053
17.16591807094493	-0.0006847863280800425
17.19349405123948	-0.0006900175137677589
17.22107003153403	-0.000695269427944422
17.24864601182858	-0.0007005420471594295
17.27622199212313	-0.0007058353479850691
17.30379797241768	-0.0007111493070167721
17.33137395271223	-0.000716483900873514
17.35894993300678	-0.0007218391145285248
17.38652591330133	-0.0007272149072381496
17.41410189359588	-0.0007326112640765514
17.44167787389043	-0.0007380281618479291
17.46925385418498	-0.0007434655774374269
17.49682983447953	-0.0007489234878404106
17.52440581477408	-0.0007544018702530236
17.55198179506863	-0.0007599007024529477
17.57955777536318	-0.0007654199657960708
17.60713375565773	-0.0007709595061038014
17.63470973595228	-0.0007765196280783104
17.66228571624683	-0.0007821000274186452
17.68986169654139	-0.0007877007602882996
17.71743767683594	-0.0007933218051514258
17.74501365713049	-0.0007989631396180221
17.77258963742504	-0.0008046247411064072
17.80016561771959	-0.0008103065869785762
17.82774159801414	-0.0008160086545804914
17.85531757830869	-0.0008217309212570654
17.88289355860324	-0.0008274733643586421
17.91046953889779	-0.0008332359644822021
17.93804551919234	-0.0008390186634288497
17.96562149948689	-0.000844821540016152
17.99319747978144	-0.0008506444551489601
18.02077346007599	-0.0008564874363558566
18.04834944037054	-0.0008623504585899738
18.07592542066509	-0.0008682334990602848
18.10350140095964	-0.0008741365353354392
18.13107738125419	-0.0008800595451207942
18.15865336154874	-0.0008860025062069665
18.18622934184329	-0.0008919653825274566
18.21380532213784	-0.0008979481811779214
18.24138130243239	-0.0009039508660928872
18.26895728272694	-0.0009099734151385953
18.29653326302149	-0.0009160158061136487
18.32410924331604	-0.0009220780165985081
18.35168522361059	-0.0009281600228197111
18.37926120390514	-0.0009342618808102892
18.40683718419969	-0.0009403833578520224
18.43441316449424	-0.0009465246256281551
18.46198914478879	-0.0009526856020748271
18.48956512508334	-0.0009588662980830653
18.51714110537789	-0.0009650666178029474
18.54471708567244	-0.0009712865858672984
18.57229306596699	-0.0009775261744851545
18.59986904626154	-0.0009837853610525794
18.62744502655609	-0.0009900641235458781
18.65502100685064	-0.0009963624401310423
18.68259698714519	-0.001002680289083285
18.71017296743974	-0.001009017648762976
18.73774894773429	-0.001015374481018857
18.76532492802884	-0.001021750799037549
18.79290090832339	-0.001028146564723106
18.82047688861794	-0.001034561756556319
18.84805286891249	-0.001040996352999
18.87562884920704	-0.001047450332482621
18.90320482950159	-0.001053923673377706
18.93078080979614	-0.001060416353891621
18.95835679009069	-0.001066928351575517
18.98593277038524	-0.001073459637640445
19.01350875067979	-0.001080010238888982
19.04108473097434	-0.001086580063378222
19.06866071126889	-0.001093169117752314
19.09623669156344	-0.001099777352906321
19.12381267185799	-0.001106404846822372
19.15138865215254	-0.001113051464961627
19.17896463244709	-0.001119717230561539
19.20654061274164	-0.001126402120874271
19.23411659303619	-0.001133106114429895
19.26169257333074	-0.001139829189991921
19.28926855362529	-0.00114657132763685
19.31684453391984	-0.00115333250408306
19.34442051421439	-0.001160112699388713
19.37199649450894	-0.00116691189251433
19.39957247480349	-0.00117373006212253
19.42714845509804	-0.001180567197128707
19.45472443539259	-0.001187423252716213
19.48230041568714	-0.001194298228484343
19.50987639598169	-0.00120119209825178
19.53745237627624	-0.001208104841084566
19.56502835657079	-0.001215036423449835
19.59260433686534	-0.001221986851506167
19.62018031715989	-0.001228956091542259
19.64775629745444	-0.001235944122966065
19.67533227774899	-0.001242950925262155
19.70290825804354	-0.00124997647817184
19.73048423833809	-0.001257020762763919
19.75806021863264	-0.001264083792415785
19.78563619892719	-0.00127116540704495
19.81321217922174	-0.001278265758933842
19.84078815951629	-0.001285384759054913
19.86836413981084	-0.00129252237758424
19.89594012010539	-0.0012996785989964
19.92351610039994	-0.001306853403570856
19.95109208069449	-0.001314046771003007
19.97866806098904	-0.001321258680864976
20.00624404128359	-0.001328489112709619
20.03382002157814	-0.001335738046103181
20.06139600187269	-0.001343005460637827
20.08897198216724	-0.00135029133593716
20.11654796246179	-0.001357595658582134
20.14412394275634	-0.001364918393729865
20.17169992305089	-0.001372259528174069
20.19927590334544	-0.001379619041747804
20.22685188363999	-0.001386996914346236
20.25442786393454	-0.001394393125926893
20.2820038442291	-0.001401807656509731
20.30957982452365	-0.00140924048617714
20.3371558048182	-0.001416691595073895
20.36473178511275	-0.001424160963407125
20.3923077654073	-0.001431648540853972
20.41988374570185	-0.001439154367477997
20.4474597259964	-0.001446678390445837
20.47503570629095	-0.001454220690444632
20.5026116865855	-0.001461781007850003
20.53018766688005	-0.001469359523105092
20.5577636471746	-0.001476956164786671
20.58533962746915	-0.001484570910827224
20.6129156077637	-0.001492203740846112
20.64049158805825	-0.001499854634759972
20.6680675683528	-0.001507523603076492
20.69564354864735	-0.001515210561722113
20.7232195289419	-0.001522915521813887
20.75079550923645	-0.00153063846358954
20.778371489531	-0.001538379367378151
20.80594746982555	-0.001546138213600721
20.8335234501201	-0.001553914982770734
20.86109943041465	-0.001561709655494802
20.8886754107092	-0.001569522212473377
20.91625139100375	-0.001577352634501552
20.9438273712983	-0.001585200884674064
20.97140335159285	-0.001593066981215669
20.9989793318874	-0.001600950887259779
21.02655531218195	-0.001608852583818227
21.0541312924765	-0.001616772051929693
21.08170727277105	-0.001624709272670605
21.1092832530656	-0.001632664227182562
21.13685923336015	-0.001640636896763978
21.1644352136547	-0.001648627263354685
21.19201119394925	-0.001656635318275951
21.2195871742438	-0.001664661018255232
21.24716315453835	-0.001672704357594574
21.2747391348329	-0.001680765316364176
21.30231511512745	-0.001688843875758661
21.329891095422	-0.001696940017019501
21.35746707571655	-0.001705053721428824
21.3850430560111	-0.001713184970295159
21.41261903630565	-0.001721333744915584
21.4401950166002	-0.001729500026449551
21.46777099689475	-0.001737683795304063
21.4953469771893	-0.001745885029116474
21.52292295748385	-0.00175410408332775
21.5504989377784	-0.001762339875766477
21.57807491807295	-0.001770593415594389
21.6056508983675	-0.001778864356403425
21.63322687866205	-0.001787152677274664
21.6608028589566	-0.001795458359380373
21.68837883925115	-0.001803781384270157
21.7159548195457	-0.00181212173361927
21.74353079984025	-0.001820479389164746
21.7711067801348	-0.001828854342502624
21.79868276042935	-0.001837246554912758
21.8262587407239	-0.0018456560181245
21.85383472101845	-0.001854082714073502
21.881410701313	-0.001862526624758289
21.90898668160755	-0.001870987732240399
21.9365626619021	-0.001879466018644567
21.96413864219665	-0.001887961466158859
21.9917146224912	-0.001896474057034853
22.01929060278575	-0.00190500377358776
22.0468665830803	-0.00191355059093969
22.07444256337485	-0.001922114506706735
22.1020185436694	-0.001930695496088781
22.12959452396395	-0.001939293541590341
22.1571705042585	-0.001947908625749316
22.18474648455305	-0.001956540731137364
22.2123224648476	-0.001965189840360269
22.23989844514215	-0.001973855936058327
22.2674744254367	-0.001982539000906676
22.29505040573125	-0.001991239017615662
22.3226263860258	-0.001999955966390332
22.35020236632035	-0.002008689835317645
22.3777783466149	-0.002017440604666831
22.40535432690945	-0.002026208257270988
22.432930307204	-0.002034992775988921
22.46050628749855	-0.00204379414370529
22.4880822677931	-0.002052612343330694
22.51565824808765	-0.002061447357801679
22.5432342283822	-0.002070299170080636
22.57081020867675	-0.002079167763155525
22.5983861889713	-0.00208805312719743
22.62596216926585	-0.002096955230268122
22.6535381495604	-0.002105874062640727
22.68111412985495	-0.002114809607464672
22.7086901101495	-0.002123761847939519
22.73626609044405	-0.002132730767308468
22.7638420707386	-0.00214171634884418
22.79141805103315	-0.002150718575813278
22.8189940313277	-0.0021597374313676
22.84657001162225	-0.002168772898088596
22.87414599191681	-0.002177824964736943
22.90172197221136	-0.00218689361169664
22.92929795250591	-0.002195978822943489
22.95687393280046	-0.002205080582101408
22.98444991309501	-0.002214198872793927
23.01202589338956	-0.002223333678644426
23.03960187368411	-0.002232484983275587
23.06717785397866	-0.002241652770308391
23.09475383427321	-0.002250837023360781
23.12232981456776	-0.002260037726046019
23.14990579486231	-0.002269254867069114
23.17748177515686	-0.002278488419378782
23.20505775545141	-0.002287738371682123
23.23263373574596	-0.002297004707595283
23.26020971604051	-0.002306287410739694
23.28778569633506	-0.00231558646473935
23.31536167662961	-0.002324901853217799
23.34293765692416	-0.00233423355979495
23.37051363721871	-0.002343581568083665
23.39808961751326	-0.002352945861686086
23.42566559780781	-0.002362326412398878
23.45324157810236	-0.002371723228797038
23.48081755839691	-0.002381136282206023
23.50839353869146	-0.002390565555889913
23.53596951898601	-0.00240001103281598
23.56354549928056	-0.002409472694878283
23.59112147957511	-0.00241895050790308
23.61869745986966	-0.002428444539985147
23.64627344016421	-0.002437954655792185
23.67384942045876	-0.002447480896649331
23.70142540075331	-0.002457023221825616
23.72900138104786	-0.002466581488582631
23.75657736134241	-0.002476156174397315
23.78415334163696	-0.002485746707838635
23.81172932193151	-0.002495353277537896
23.83930530222606	-0.002504975860813486
23.86688128252061	-0.002514614438555684
23.89445726281516	-0.002524268992060066
23.92203324310971	-0.002533939502601988
23.94960922340426	-0.002543625951327178
23.97718520369881	-0.002553328313716441
24.00476118399336	-0.002563046581975779
24.03233716428791	-0.002572780731245364
24.05991314458246	-0.002582530741829794
24.08748912487701	-0.002592296593776941
24.11506510517156	-0.002602078266869428
24.14264108546611	-0.002611875740616291
24.17021706576066	-0.002621688994244848
24.19779304605521	-0.002631518006692845
24.22536902634976	-0.002641362756600928
24.25294500664431	-0.002651223238099125
24.28052098693886	-0.002661099396242048
24.30809696723341	-0.002670991224569919
24.33567294752796	-0.002680898700600364
24.36324892782251	-0.002690821801593665
24.39082490811706	-0.002700760504549353
24.41840088841161	-0.0027107147862037
24.44597686870616	-0.002720684623028136
24.47355284900071	-0.002730669991228678
24.50112882929526	-0.002740670866746425
24.52870480958981	-0.002750687249992432
24.55628078988436	-0.002760719064739371
24.58385677017891	-0.002770766310953413
24.61143275047346	-0.002780828963753825
24.63900873076801	-0.002790906998124501
24.66658471106256	-0.00280100038892085
24.69416069135711	-0.002811109110875598
24.72173667165166	-0.002821233138600155
24.74931265194621	-0.002831372446571672
24.77688863224076	-0.002841527009071217
24.80446461253531	-0.002851696848686001
24.83204059282986	-0.002861881843040069
24.85961657312441	-0.002872082012469436
24.88719255341896	-0.002882297331705574
24.91476853371351	-0.002892527775656823
24.94234451400806	-0.002902773319431462
24.96992049430261	-0.002913033938360774
24.99749647459716	-0.002923309608022276
25.02507245489171	-0.002933600304263011
25.05264843518626	-0.00294390600322292
25.08022441548081	-0.002954226701276339
25.10780039577536	-0.002964562333585788
25.13537637606991	-0.002974912897345387
25.16295235636446	-0.0029852783702736
25.19052833665901	-0.002995658730578693
25.21810431695356	-0.003006053956978539
25.24568029724811	-0.003016464028719372
25.27325627754266	-0.003026888925593229
25.30083225783721	-0.003037328627953994
25.32840823813176	-0.003047783116731876
25.35598421842631	-0.003058252451406983
25.38356019872086	-0.003068736448771408
25.41113617901541	-0.003079235173331981
25.43871215930996	-0.003089748609653531
25.46628813960452	-0.003100276743078014
25.49386411989907	-0.003110819559681192
25.52144010019362	-0.003121377046231564
25.54901608048817	-0.003131949190150562
25.57659206078272	-0.003142535979472125
25.60416804107727	-0.00315313740279649
25.63174402137182	-0.003163753381924506
25.65932000166637	-0.003174384050747834
25.68689598196092	-0.003185029329413765
25.71447196225547	-0.003195689208114173
25.74204794255002	-0.003206363677365225
25.76962392284457	-0.003217052728200351
25.79719990313912	-0.003227756352866241
25.82477588343367	-0.003238474548409799
25.85235186372822	-0.003249207365923172
25.87992784402277	-0.00325995439886841
25.90750382431732	-0.003270716327981692
25.93507980461187	-0.003281492669869628
25.96265578490642	-0.003292283546242957
25.99023176520097	-0.003303088689655268
26.01780774549552	-0.00331390869798113
26.04538372579007	-0.003324743063284262
26.07295970608462	-0.003335591902342591
26.10053568637917	-0.003346455212034727
26.12811166667372	-0.003357332984718489
26.15568764696827	-0.003368225211857704
26.18326362726282	-0.003379131882111992
26.21083960755737	-0.003390052990985096
26.23841558785192	-0.003400988528113443
26.26599156814647	-0.003411938484347102
26.29356754844102	-0.003422902850449322
26.32114352873557	-0.003433881617089864
26.34871950903012	-0.003444874774839046
26.37629548932467	-0.003455882314162426
26.40387146961922	-0.003466904225416155
26.43144744991377	-0.00347794049884297
26.45902343020832	-0.003488991129799123
26.48659941050287	-0.00350005609727596
26.51417539079742	-0.003511135396540177
26.54175137109197	-0.003522229017411073
26.56932735138652	-0.003533336949597991
26.59690333168107	-0.003544459182698897
26.62447931197562	-0.00355559570619945
26.65205529227017	-0.00356674650947236
26.67963127256472	-0.003577911581777106
26.70720725285927	-0.003589090912259935
26.73478323315382	-0.003600284485997348
26.76235921344837	-0.003611492300229075
26.78993519374292	-0.003622714339711677
26.81751117403747	-0.003633950593100561
26.84508715433202	-0.003645201048928211
26.87266313462657	-0.003656465695605324
26.90023911492112	-0.00366774452142202
26.92781509521567	-0.003679037514549132
26.95539107551022	-0.00369034466303955
26.98296705580477	-0.003701665954829602
27.01054303609932	-0.003713001374130975
27.03811901639387	-0.003724350916191599
27.06569499668842	-0.00373571456498217
27.09327097698297	-0.003747092307955593
27.12084695727752	-0.003758484132439663
27.14842293757207	-0.003769890025638667
27.17599891786662	-0.00378130997463504
27.20357489816117	-0.00379274396639102
27.23115087845572	-0.003804191987750461
27.25872685875027	-0.003815654025440686
27.28630283904482	-0.003827130110741404
27.31387881933937	-0.00383862013657224
27.34145479963392	-0.00385012413468378
27.36903077992847	-0.003861642091683111
27.39660676022302	-0.003873173994214765
27.42418274051757	-0.003884719828965357
27.45175872081212	-0.003896279582666625
27.47933470110667	-0.003907853242097581
27.50691068140122	-0.003919440794086211
27.53448666169577	-0.003931042225510831
27.56206264199032	-0.00394265747789088
27.58963862228487	-0.003954286633060309
27.61721460257942	-0.003965929632465035
27.64479058287397	-0.003977586462803853
27.67236656316852	-0.003989257110633759
27.69994254346307	-0.004000941562370992
27.72751852375762	-0.004012639804292067
27.75509450405217	-0.004024351822534806
27.78267048434672	-0.004036077603099274
27.81024646464127	-0.004047817131848774
27.83782244493582	-0.004059570437670187
27.86539842523037	-0.004071337416030642
27.89297440552492	-0.004083118095682269
27.92055038581947	-0.004094912462319203
27.94812636611402	-0.004106720501692353
27.97570234640857	-0.004118542199609844
28.00327832670312	-0.004130377541937446
28.03085430699767	-0.004142226514598983
28.05843028729223	-0.004154089103576676
28.08600626758678	-0.004165965294911501
28.11358224788133	-0.004177855060683554
28.14115822817588	-0.00418975841634362
28.16873420847043	-0.004201675334025382
28.19631018876498	-0.00421360579988617
28.22388616905953	-0.004225549800083316
28.25146214935408	-0.00423750732077446
28.27903812964863	-0.004249478348117865
28.30661410994318	-0.004261462868272736
28.33419009023773	-0.00427346086739948
28.36176607053228	-0.004285472331660002
28.38934205082683	-0.004297497274297892
28.41691803112138	-0.004309535624894237
28.44449401141593	-0.004321587396839572
28.47206999171048	-0.004333652576535737
28.49964597200503	-0.004345731150500332
28.52722195229958	-0.004357823105366844
28.55479793259413	-0.004369928427884709
28.58237391288868	-0.004382047104919335
28.60994989318323	-0.004394179123452137
28.63752587347778	-0.00440632447058052
28.66510185377233	-0.004418483045886311
28.69267783406688	-0.004430655019785466
28.72025381436143	-0.004442840291678431
28.74782979465598	-0.004455038848363492
28.77540577495053	-0.004467250676377993
28.80298175524508	-0.004479475761998866
28.83055773553963	-0.004491714091243207
28.85813371583418	-0.004503965649868798
28.88570969612873	-0.004516230423374713
28.91328567642328	-0.004528508397001894
28.94086165671783	-0.004540799637793904
28.96843763701238	-0.004553103959100814
28.99601361730693	-0.004565421427754963
29.02358959760148	-0.004577752028659463
29.05116557789603	-0.004590095746809345
29.07874155819058	-0.004602452567291364
29.10631753848513	-0.00461482247528371
29.13389351877968	-0.004627205456055735
29.16146949907423	-0.004639601494967691
29.18904547936878	-0.00465201057747042
29.21662145966333	-0.004664432693820805
29.24419743995788	-0.004676867819666484
29.27177342025243	-0.004689315945626522
29.29934940054698	-0.004701777057601737
29.32692538084153	-0.004714251141615546
29.35450136113608	-0.004726738183817096
29.38207734143063	-0.004739238170487401
29.40965332172518	-0.004751751088051963
29.43722930201973	-0.004764276923109542
29.46480528231428	-0.004776815662506701
29.49238126260883	-0.004789367286628412
29.51995724290338	-0.004801931819483173
29.54753322319793	-0.00481450918648526
29.57510920349248	-0.004827099393738526
29.60268518378703	-0.004839702432685419
29.63026116408158	-0.004852318292974281
29.65783714437613	-0.004864946964086569
29.68541312467068	-0.004877588435722858
29.71298910496523	-0.004890242697927237
29.74056508525978	-0.004902909741135668
29.76814106555433	-0.004915589307933878
29.79571704584888	-0.004928281908472704
29.82329302614343	-0.004940987284734226
29.85086900643798	-0.004953705426673391
29.87844498673253	-0.004966436323624055
29.90602096702708	-0.004979179964299723
29.93359694732163	-0.004991936336794282
29.96117292761618	-0.00500470542858285
29.98874890791073	-0.005017487226522621
30.01632488820528	-0.005030281716853752
30.04390086849983	-0.005043089052063346
30.07147684879438	-0.005055908865602104
30.09905282908893	-0.00506874131511607
30.12662880938348	-0.005081586384246517
30.15420478967803	-0.005094444057925812
30.18178076997258	-0.005107314321377236
30.20935675026713	-0.005120197159963061
30.23693273056168	-0.005133092559145443
30.26450871085623	-0.005146000504473162
30.29208469115078	-0.005158920981576125
30.31966067144533	-0.005171854218951658
30.34723665173988	-0.005184799695133349
30.37481263203443	-0.005197757639923827
30.40238861232898	-0.005210728041365655
30.42996459262353	-0.005223710888614804
30.45754057291808	-0.005236706171937442
30.48511655321263	-0.005249713882705045
30.51269253350718	-0.005262734013385926
30.54026851380173	-0.005275766557526048
30.56784449409628	-0.005288811509692602
30.59542047439083	-0.005301868267768742
30.62299645468539	-0.005314938079649311
30.65057243497994	-0.005328020341717069
30.67814841527449	-0.005341115047818915
30.70572439556904	-0.005354222190306673
30.73330037586359	-0.005367341760036775
30.76087635615814	-0.005380473746371486
30.78845233645269	-0.00539361813718077
30.81602831674724	-0.005406774918844373
30.84360429704179	-0.005419944076254146
30.87118027733634	-0.005433126125067146
30.89875625763089	-0.005446319935174871
30.92633223792544	-0.005459526021797567
30.95390821821999	-0.005472744368531395
30.98148419851454	-0.005485974959782837
31.00906017880909	-0.005499217780767565
31.03663615910364	-0.0055124728175093
31.06421213939819	-0.005525740056838735
31.09178811969274	-0.005539019486392573
31.11936409998729	-0.005552311094612613
31.14694008028184	-0.005565615010288673
31.17451606057639	-0.005578930589337411
31.20209204087094	-0.00559225874060873
31.22966802116549	-0.005605599018991318
31.25724400146004	-0.005618951435274239
31.28481998175459	-0.00563231598331208
31.31239596204914	-0.005645692654646945
31.33997194234369	-0.005659081440266446
31.36754792263824	-0.0056724823310128
31.39512390293279	-0.005685895317713462
31.42269988322734	-0.005699320322816112
31.45027586352189	-0.005712757480420913
31.47785184381644	-0.00572620671241447
31.50542782411099	-0.005739668009252738
31.53300380440554	-0.005753141361192622
31.56057978470009	-0.005766626758291924
31.58815576499464	-0.005780124190409415
31.61573174528919	-0.005793633647204888
31.64330772558374	-0.005807155118139391
31.67088370587829	-0.005820688592475362
31.69845968617284	-0.005834234059276861
31.72603566646739	-0.005847791507409776
31.75361164676194	-0.005861360925542111
31.78118762705649	-0.005874942302144224
31.80876360735104	-0.005888535625489092
31.83633958764559	-0.005902140883652626
31.86391556794014	-0.005915758064513894
31.89149154823469	-0.005929387155755477
31.91906752852924	-0.005943028144863718
31.94664350882379	-0.005956681019129021
31.97421948911834	-0.005970345765646192
32.00179546941289	-0.005984022371314678
32.02937144970744	-0.005997710822838934
32.05694743000199	-0.006011411106728675
32.08452341029654	-0.0060251232092992
32.11209939059109	-0.006038847116671721
32.13967537088564	-0.00605258281477363
32.16725135118019	-0.006066330289338825
32.19482733147474	-0.006080089525908026
32.22240331176929	-0.006093860509829057
