0
1000	105.6583745	100000000000000.1
5	0	0	1
5	0	0	0
4.673998997513734	3.939388748002151e-09
4.701574977808284	1.276019131840312e-08
4.729150958102834	2.123632554074676e-08
4.756726938397384	2.773555903100816e-08
4.784302918691934	3.120348265999163e-08
4.811878898986484	3.180200258820926e-08
4.839454879281035	3.317422334945243e-08
4.867030859575585	3.619073903603669e-08
4.894606839870135	4.10820289172293e-08
4.922182820164685	4.805274597176403e-08
4.949758800459235	5.725661895528202e-08
4.977334780753785	6.88431800621148e-08
5.004910761048335	8.288604539845744e-08
5.032486741342885	9.95084582445667e-08
5.060062721637435	1.187642490104705e-07
5.087638701931986	1.410108984933421e-07
5.115214682226536	1.681588546710679e-07
5.142790662521086	2.002678281872078e-07
5.170366642815636	2.368216570789461e-07
5.197942623110186	2.771556018842793e-07
5.225518603404736	3.205994954286681e-07
5.253094583699286	3.662975852037671e-07
5.280670563993836	4.136890022095506e-07
5.308246544288386	4.62245850979934e-07
5.335822524582936	5.118464739704633e-07
5.363398504877487	5.629157965042715e-07
5.390974485172037	6.16909376273971e-07
5.418550465466587	6.744563957731833e-07
5.446126445761137	7.387122840651494e-07
5.473702426055687	8.139040204163964e-07
5.501278406350237	8.929436000634957e-07
5.528854386644787	9.597639655737676e-07
5.556430366939337	1.03918951782292e-06
5.584006347233887	1.157921392314578e-06
5.611582327528438	1.359929557260712e-06
5.639158307822988	1.687167238524498e-06
5.666734288117538	2.178845757611828e-06
5.694310268412088	2.834398555439655e-06
5.721886248706638	3.702290010212981e-06
5.749462229001188	4.820316706140619e-06
5.777038209295738	6.832782940613265e-06
5.804614189590288	9.798796265128445e-06
5.832190169884838	1.292777772575294e-05
5.859766150179389	1.648547811074794e-05
5.887342130473939	1.903948161989678e-05
5.914918110768489	2.266598708497116e-05
5.942494091063039	2.544642964587877e-05
5.970070071357589	2.970948863050095e-05
5.997646051652139	3.308079280796107e-05
6.025222031946689	3.79307994449417e-05
6.052798012241239	4.49856696552467e-05
6.080373992535789	5.269448525054529e-05
6.107949972830339	6.150287719146031e-05
6.13552595312489	6.629369582890186e-05
6.16310193341944	7.411162849106557e-05
6.19067791371399	7.922964124267406e-05
6.21825389400854	8.424211483310195e-05
6.24582987430309	9.174548012331008e-05
6.27340585459764	9.729676655775968e-05
6.30098183489219	0.0001049710940442473
6.32855781518674	0.0001094533419204365
6.35613379548129	0.0001185767512135664
6.383709775775841	0.0001266011891318974
6.411285756070391	0.0001475593588646097
6.438861736364941	0.000196263866069161
6.466437716659491	0.0002919584857951006
6.494013696954041	0.0004394570744531209
6.521589677248591	0.0006491404604839708
6.549165657543141	0.0009353969356187633
6.576741637837691	0.001306019465265881
6.604317618132241	0.001820045324477795
6.631893598426791	0.002426497636794764
6.659469578721342	0.003171843060359656
6.687045559015892	0.004042347978004521
6.714621539310442	0.005032812612326825
6.742197519604992	0.006176148802359459
6.769773499899542	0.007475930242616904
6.797349480194092	0.008901416200204832
6.824925460488642	0.01050283344329482
6.852501440783192	0.01227197957101173
6.880077421077742	0.01418946552742513
6.907653401372293	0.01624868319874898
6.935229381666843	0.01853026814042332
6.962805361961393	0.02098538065221109
6.990381342255943	0.02361979833392826
7.017957322550493	0.02644827711157267
7.045533302845043	0.02940353818063332
7.073109283139593	0.03261154832151671
7.100685263434143	0.03597844984356091
7.128261243728693	0.03956093228463952
7.155837224023244	0.04328667314921091
7.183413204317794	0.04723957809503337
7.210989184612344	0.05136575042849478
7.238565164906894	0.05564193168897266
7.266141145201444	0.06016541654802113
7.293717125495994	0.06490247354505307
7.321293105790544	0.06976247593319053
7.348869086085094	0.07484591961828255
7.376445066379644	0.08007960263974852
7.404021046674194	0.08557178054931752
7.431597026968745	0.09125944449902208
7.459173007263295	0.09705843925845606
7.486748987557845	0.1030712550204782
7.514324967852395	0.1092486754799038
7.541900948146945	0.1156776056370244
7.569476928441495	0.1222122892392535
7.597052908736045	0.128993365126697
7.624628889030595	0.1358972425302094
7.652204869325145	0.1430292118460466
7.679780849619696	0.1502825242051713
7.707356829914246	0.1577761619596492
7.734932810208796	0.1653769336862283
7.762508790503346	0.1732243695729803
7.790084770797896	0.1811595638430382
7.817660751092446	0.1892885259968975
7.845236731386996	0.197601927975962
7.872812711681546	0.2060552537589509
7.900388691976096	0.2147193569743505
7.927964672270646	0.2234824802971605
7.955540652565197	0.2324763441361041
7.983116632859747	0.2415393014603744
8.010692613154298	0.2507819294337972
8.038268593448848	0.260221160572876
8.065844573743398	0.2697389228106362
8.093420554037948	0.2794211259613502
8.120996534332498	0.2893314971599971
8.148572514627048	0.2992915599043041
8.176148494921598	0.3094682048253741
8.203724475216148	0.3197066378336428
8.231300455510699	0.330081051464534
8.258876435805249	0.3406451849028049
8.286452416099799	0.3512832536153784
8.314028396394349	0.3620694780024009
8.341604376688899	0.3730706652000765
8.369180356983449	0.3840701336587718
8.396756337277999	0.3952353123092016
8.424332317572549	0.4064872158987823
8.451908297867099	0.4179670742664255
8.47948427816165	0.4294718188279095
8.5070602584562	0.4410917644320882
8.53463623875075	0.4528946023381804
8.5622122190453	0.4647334386056278
8.58978819933985	0.4766775175983305
8.6173641796344	0.4887467438717805
8.64494015992895	0.5010123786004367
8.6725161402235	0.5132840737307633
8.70009212051805	0.5256625757271725
8.7276681008126	0.5382387622678543
8.755244081107151	0.5508349067149086
8.782820061401701	0.563505072784214
8.810396041696251	0.5762459533364209
8.837972021990801	0.5891691370370621
8.865548002285351	0.6021303378783293
8.893123982579901	0.61518695349662
8.920699962874451	0.628316968832646
8.948275943169001	0.6416423345687338
8.975851923463551	0.654969567987309
9.003427903758102	0.6683660359722505
9.031003884052652	0.6818594589006215
9.058579864347202	0.6954331690033895
9.086155844641752	0.7091517366106254
9.113731824936302	0.7228948937013243
9.141307805230852	0.7367162555346525
9.168883785525402	0.7506113459692026
9.196459765819952	0.7646070582745194
9.224035746114502	0.7786478856498658
9.251611726409052	0.7927687777138089
9.279187706703603	0.806956469391233
9.306763686998153	0.8212024750569952
9.334339667292703	0.8356472804301029
9.361915647587253	0.8500552189883638
9.389491627881803	0.8645059674146177
9.417067608176353	0.8790506281262739
9.444643588470903	0.8936708498722957
9.472219568765453	0.9084598783646228
9.499795549060003	0.9232209398413911
9.527371529354554	0.9380126083432188
9.554947509649104	0.9528733550789692
9.582523489943654	0.9678043200441439
9.610099470238204	0.9828229131661322
9.637675450532754	0.9979564447710803
9.665251430827304	1.013096575735611
9.692827411121854	1.028282721443932
9.720403391416404	1.043515059468322
9.747979371710954	1.058828733462369
9.775555352005505	1.074184293287025
9.803131332300055	1.089754771036199
9.830707312594605	1.105264424826117
9.858283292889155	1.120833137138943
9.885859273183705	1.136433752996437
9.913435253478255	1.152112775071124
9.941011233772805	1.167843655259632
9.968587214067355	1.183799971240023
9.996163194361905	1.199646774295068
10.02373917465646	1.215567233238413
10.05131515495101	1.231546724263396
10.07889113524556	1.247596837712952
10.10646711554011	1.263704316424358
10.13404309583466	1.279876325797002
10.16161907612921	1.296182684018355
10.18919505642376	1.312436414131362
10.21677103671831	1.32880242166113
10.24434701701286	1.345215961933999
10.27192299730741	1.361688973605523
10.29949897760196	1.378241296752173
10.32707495789651	1.394791529484483
10.35465093819106	1.41157754397447
10.38222691848561	1.428309965403602
10.40980289878016	1.445130150646809
10.43737887907471	1.462002512058252
10.46495485936926	1.478920272349392
10.49253083966381	1.495908455638715
10.52010681995836	1.512983204580027
10.54768280025291	1.530118958078519
10.57525878054746	1.547464234410139
10.60283476084201	1.56474494625423
10.63041074113656	1.582092705716674
10.65798672143111	1.599538648223646
10.68556270172566	1.617026128276695
10.71313868202021	1.634633917561283
10.74071466231476	1.652297606742549
10.76829064260931	1.670057247050462
10.79586662290386	1.687946271412587
10.82344260319841	1.705866578322137
10.85101858349296	1.723829343226896
10.87859456378751	1.741923132538381
10.90617054408206	1.760080004592365
10.93374652437661	1.778337387102966
10.96132250467116	1.796677105730751
10.98889848496571	1.815128036784
11.01647446526026	1.833670204294998
11.04405044555481	1.852455328085882
11.07162642584936	1.871185383767314
11.09920240614391	1.890027015621745
11.12677838643846	1.908974727347159
11.15435436673301	1.928017900907648
11.18193034702756	1.947188233997353
11.20950632732211	1.966457563003061
11.23708230761666	1.985852803062895
11.26465828791121	2.00534123831154
11.29223426820576	2.024976827576109
11.31981024850031	2.044889538486915
11.34738622879486	2.064765572241142
11.37496220908941	2.084771336736861
11.40253818938396	2.104912570936626
11.43011416967851	2.125193583470944
11.45769014997306	2.145611337204686
11.48526613026761	2.166146896172596
11.51284211056216	2.186871341667004
11.54041809085671	2.207714192996613
11.56799407115126	2.2287345966599
11.59557005144581	2.249908379064636
11.62314603174036	2.271352376040698
11.65072201203491	2.292859511829669
11.67829799232946	2.314534731015935
11.70587397262401	2.336384594266098
11.73344995291856	2.358392326130643
11.76102593321311	2.380594577990134
11.78860191350766	2.402985070843388
11.81617789380221	2.425578193144649
11.84375387409676	2.448365173574558
11.87132985439131	2.471389446231765
11.89890583468586	2.494594345376232
11.92648181498041	2.517987071037915
11.95405779527496	2.541771394611476
11.98163377556951	2.565579960555328
12.00920975586406	2.589625333168907
12.03678573615861	2.613978217741899
12.06436171645316	2.63849426479053
12.09193769674771	2.663278048592066
12.11951367704226	2.688311175387351
12.14708965733681	2.713600987963215
12.17466563763136	2.739153343306238
12.20224161792591	2.764991374612709
12.22981759822046	2.791083938476551
12.25739357851501	2.817429040654424
12.28496955880956	2.844100346184921
12.31254553910411	2.871253352889289
12.34012151939866	2.898509406192611
12.36769749969321	2.926108582718849
12.39527347998776	2.954004698803675
12.42284946028231	2.982217323345412
12.45042544057686	3.01077263793276
12.47800142087141	3.039643710858563
12.50557740116597	3.068854269405386
12.53315338146052	3.098428205411577
12.56072936175507	3.12833577203126
12.58830534204962	3.158635483424725
12.61588132234417	3.189297931901405
12.64345730263872	3.22035462292426
12.67103328293327	3.251823331650292
12.69860926322782	3.283797480897761
12.72618524352237	3.316052861677328
12.75376122381692	3.348736769123984
12.78133720411147	3.381837534931235
12.80891318440602	3.415339257090039
12.83648916470057	3.449310181198391
12.86406514499512	3.483725796276186
12.89164112528967	3.5185945610411
12.91921710558422	3.553903355093865
12.94679308587877	3.589728448491725
12.97436906617332	3.626019145937583
13.00194504646787	3.662797247738662
13.02952102676242	3.700086958044089
13.05709700705697	3.737880108437018
13.08467298735152	3.776197094733133
13.11224896764607	3.815205186639532
13.13982494794062	3.854612660008355
13.16740092823517	3.894539594563008
13.19497690852972	3.93503459299525
13.22255288882427	3.976040630124043
13.25012886911882	4.017667299438621
13.27770484941337	4.059872024888636
13.30528082970792	4.102654278408409
13.33285681000247	4.146009584242933
13.36043279029702	4.189995693642168
13.38800877059157	4.234587740261862
13.41558475088612	4.279823991251977
13.44316073118067	4.325664029834703
13.47073671147522	4.372162448110828
13.49831269176977	4.419308449624251
13.52588867206432	4.467108091942504
13.55346465235887	4.51556519829107
13.58104063265342	4.56469845859371
13.60861661294797	4.614700103697247
13.63619259324252	4.665200357289525
13.66376857353707	4.716390096768649
13.69134455383162	4.76831444926944
13.71892053412617	4.820948857468421
13.74649651442072	4.874294938900864
13.77407249471527	4.928364479900945
13.80164847500982	4.983141267969664
13.82922445530437	5.038675872802765
13.85680043559892	5.094960972470798
13.88437641589347	5.151990030240484
13.91195239618802	5.20975021898874
13.93952837648257	5.268282254920312
13.96710435677712	5.327579274273621
13.99468033707167	5.387686080034491
14.02225631736622	5.448502756010846
14.04983229766077	5.510144092671134
14.07740827795532	5.572576441899438
14.10498425824987	5.635796151204747
14.13256023854442	5.699808302009043
14.16013621883897	5.764751902674564
14.18771219913352	5.830333057896798
14.21528817942807	5.896748860564151
14.24286415972262	5.96397004554625
14.27044014001717	6.031996160710547
14.29801612031172	6.100863805300496
14.32559210060627	6.170524009533461
14.35316808090082	6.241019387048158
14.38074406119537	6.312353741554365
14.40832004148992	6.384484280548066
14.43589602178447	6.4574355395552
14.46347200207902	6.531210320332153
14.49104798237357	6.605753829485752
14.51862396266812	6.681161737274567
14.54619994296267	6.757399525178944
14.57377592325722	6.834450459231917
14.60135190355177	6.91229200449759
14.62892788384632	6.990984653652201
14.65650386414087	7.070483286833155
14.68407984443542	7.150801823970061
14.71165582472997	7.231920641452058
14.73923180502452	7.313861562306128
14.76680778531907	7.396837097598405
14.79438376561362	7.480389703113407
14.82195974590817	7.564737734698768
14.84953572620272	7.649884391731741
14.87711170649727	7.735810814459289
14.90468768679182	7.822539393295843
14.93226366708637	7.910057670324668
14.95983964738092	7.998348247869082
14.98741562767547	8.087439421438665
15.01499160797002	8.177242367688281
15.04256758826457	8.267862041128758
15.07014356855912	8.359219729184447
15.09771954885368	8.451353770038109
15.12529552914823	8.544233980204156
15.15287150944278	8.637867834953076
15.18044748973733	8.73224757863108
15.20802347003188	8.827353228166844
15.23559945032643	8.923181142476144
15.26317543062098	9.019742223290356
15.29075141091553	9.117007118176604
15.31832739121008	9.214998113995478
15.34590337150463	9.313675633843205
15.37347935179918	9.413009300134796
15.40105533209373	9.513077977115479
15.42863131238828	9.613809233191484
15.45620729268283	9.715454442090657
15.48378327297738	9.817519519518555
15.51135925327193	9.920234217466732
15.53893523356648	10.02354736525639
15.56651121386103	10.12752644318232
15.59408719415558	10.23215992456583
15.62166317445013	10.33742407892003
15.64923915474468	10.44332554926894
15.67681513503923	10.54984082813928
15.70439111533378	10.65695202216092
15.73196709562833	10.76464414425224
15.75954307592288	10.87291357240259
15.78711905621743	10.98177431589743
15.81469503651198	11.09122139310307
15.84227101680653	11.20123642356322
15.86984699710108	11.31181507776592
15.89742297739563	11.42294343078054
15.92499895769018	11.53459909869477
15.95257493798473	11.64679552273872
15.98015091827928	11.75953331745846
16.00772689857383	11.87279808678252
16.03530287886838	11.98657600264072
16.06287885916293	12.10083712220157
16.09045483945748	12.21558472258878
16.11803081975203	12.33081381758719
16.14560680004658	12.44654396764745
16.17318278034113	12.56269302237624
16.20075876063568	12.67935309775344
16.22833474093023	12.79648611296902
16.25591072122478	12.91426291444257
16.28348670151933	13.03228567197131
16.31106268181388	13.1507615205446
16.33863866210843	13.26963037936463
16.36621464240298	13.3889600017173
16.39379062269753	13.50870800358625
16.42136660299208	13.62889079780262
16.44894258328663	13.74945252592072
16.47651856358118	13.87041641269601
16.50409454387573	13.99176599562023
16.53167052417028	14.11349635331611
16.55924650446483	14.23561094161168
16.58682248475938	14.35810488845839
16.61439846505393	14.48095575257281
16.64197444534848	14.60417285720794
16.66955042564303	14.72773333975067
16.69712640593758	14.85165035701541
16.72470238623213	14.97591111563068
16.75227836652668	15.10049505036151
16.77985434682123	15.22542449081092
16.80743032711578	15.35069171233849
16.83500630741033	15.47629254352198
16.86258228770488	15.6021791386351
16.89015826799943	15.72840843117335
16.91773424829398	15.85494786593178
16.94531022858853	15.98179289814747
16.97288620888308	16.10893197536873
17.00046218917763	16.23635080669213
17.02803816947218	16.36406685757794
17.05561414976673	16.49207105244103
17.08319013006128	16.62035581670555
17.11076611035583	16.74891598296266
17.13834209065038	16.87774507791735
17.16591807094493	17.00684036233139
17.19349405123948	17.13648278380305
17.22107003153403	17.26610028380869
17.24864601182858	17.39597077250228
17.27622199212313	17.52606586778994
17.30379797241768	17.65645670134905
17.33137395271223	17.78706409155279
17.35894993300678	17.91790742187558
17.38652591330133	18.04898373133116
17.41410189359588	18.18029679416373
17.44167787389043	18.31178663822188
17.46925385418498	18.44354740197929
17.49682983447953	18.57552505972203
17.52440581477408	18.70772511941018
17.55198179506863	18.84014362164069
17.57955777536318	18.972763343099
17.60713375565773	19.10559365709461
17.63470973595228	19.23856921416596
17.66228571624683	19.37181883776448
17.68986169654139	19.50525938129266
17.71743767683594	19.63889666646992
17.74501365713049	19.7727368179436
17.77258963742504	19.90676248528201
17.80016561771959	20.04098847877068
17.82774159801414	20.17540873844494
17.85531757830869	20.30999344381292
17.88289355860324	20.44478328414623
17.91046953889779	20.579718604666
17.93804551919234	20.71484224032023
17.96562149948689	20.85013670726203
17.99319747978144	20.98563969080708
18.02077346007599	21.12130058938418
18.04834944037054	21.25712984748402
18.07592542066509	21.39313148745894
18.10350140095964	21.52929437146438
18.13107738125419	21.66562087519939
18.15865336154874	21.802123783306
18.18622934184329	21.93877003778036
18.21380532213784	22.07555813254093
18.24138130243239	22.21252593348785
18.26895728272694	22.34996201539462
18.29653326302149	22.48724721211719
18.32410924331604	22.62467611768441
18.35168522361059	22.76226601319484
18.37926120390514	22.89999506544082
18.40683718419969	23.03788456703428
18.43441316449424	23.17591264103084
18.46198914478879	23.31408144978733
18.48956512508334	23.45240048030951
18.51714110537789	23.59088961516422
18.54471708567244	23.72939683190374
18.57229306596699	23.86814047998868
18.59986904626154	24.00701918171843
18.62744502655609	24.14603690992898
18.65502100685064	24.28518639543542
18.68259698714519	24.4244832699128
18.71017296743974	24.56389132288608
18.73774894773429	24.70344677824269
18.76532492802884	24.84313768113087
18.79290090832339	24.98291723015311
18.82047688861794	25.12286219461897
18.84805286891249	25.26293848332911
18.87562884920704	25.40314158376482
18.90320482950159	25.54347351681677
18.93078080979614	25.68394497330091
18.95835679009069	25.82451718304037
18.98593277038524	25.96523083428111
19.01350875067979	26.1060763418109
19.04108473097434	26.24703914459135
19.06866071126889	26.38813211387375
19.09623669156344	26.5293071230273
19.12381267185799	26.67064058724206
19.15138865215254	26.81209755700217
19.17896463244709	26.95367343218247
19.20654061274164	27.09537659710737
19.23411659303619	27.23720880779016
19.26169257333074	27.37914590535406
19.28926855362529	27.5212069073172
19.31684453391984	27.66338623197174
19.34442051421439	27.8056822018874
19.37199649450894	27.94811192295086
19.39957247480349	28.09065716248226
19.42714845509804	28.23332206738271
19.45472443539259	28.3761058841382
19.48230041568714	28.51901080239186
19.50987639598169	28.66203316673116
19.53745237627624	28.80517198470499
19.56502835657079	28.94860017679598
19.59260433686534	29.09197157363084
19.62018031715989	29.23545822209205
19.64775629745444	29.37905879526864
19.67533227774899	29.52277166276646
19.70290825804354	29.66659545336162
19.73048423833809	29.8105355432443
19.75806021863264	29.95458896771946
19.78563619892719	30.09876067170054
19.81321217922174	30.24304740639864
19.84078815951629	30.38744953295708
19.86836413981084	30.53196777273871
19.89594012010539	30.67659085459507
19.92351610039994	30.82133646450477
19.95109208069449	30.96618370245354
19.97866806098904	31.11114339144046
20.00624404128359	31.25616404572361
20.03382002157814	31.40141952298386
20.06139600187269	31.54672090310299
20.08897198216724	31.69209317772107
20.11654796246179	31.83762180071064
20.14412394275634	31.98325985974484
20.17169992305089	32.12901926421569
20.19927590334544	32.27486456398699
20.22685188363999	32.42083880080174
20.25442786393454	32.56693563687943
20.2820038442291	32.71313304080468
20.30957982452365	32.85944796605425
20.3371558048182	33.00586993217026
20.36473178511275	33.15240236765687
20.3923077654073	33.29904804793086
20.41988374570185	33.4458100157021
20.4474597259964	33.59263828958737
20.47503570629095	33.73961895234871
20.5026116865855	33.88671017997076
20.53018766688005	34.03389754265491
20.5577636471746	34.18122148945596
20.58533962746915	34.32865064949769
20.6129156077637	34.47619285047162
20.64049158805825	34.62384919760328
20.6680675683528	34.77161189641406
20.69564354864735	34.9194977653852
20.7232195289419	35.06749426534672
20.75079550923645	35.21551870682008
20.778371489531	35.36373803590747
20.80594746982555	35.51206684438088
20.8335234501201	35.6605169239898
20.86109943041465	35.80906832512959
20.8886754107092	35.95782046116439
20.91625139100375	36.10655079223245
20.9438273712983	36.2554470575397
20.97140335159285	36.40445683884252
20.9989793318874	36.55358263803173
21.02655531218195	36.70283132385418
21.0541312924765	36.85218652025158
21.08170727277105	37.00166744879395
21.1092832530656	37.15127228849431
21.13685923336015	37.30136981539878
21.1644352136547	37.4512057205437
21.19201119394925	37.60115783666077
21.2195871742438	37.75119937646294
21.24716315453835	37.90138085282761
21.2747391348329	38.05167709578991
21.30231511512745	38.20210497923833
21.329891095422	38.35264255443284
21.35746707571655	38.50328681379882
21.3850430560111	38.65405273440564
21.41261903630565	38.80494045918817
21.4401950166002	38.95594562476457
21.46777099689475	39.1070639225366
21.4953469771893	39.25829457577248
21.52292295748385	39.40965621870317
21.5504989377784	39.56113646249744
21.57807491807295	39.71274101051996
21.6056508983675	39.86443196958054
21.63322687866205	40.01626218846926
21.6608028589566	40.168210212159
21.68837883925115	40.32026929693839
21.7159548195457	40.47245809270387
21.74353079984025	40.62476848801126
21.7711067801348	40.77720341078679
21.79868276042935	40.92975094243315
21.8262587407239	41.08242056642925
21.85383472101845	41.23524945431465
21.881410701313	41.38818352305731
21.90898668160755	41.54121021974366
21.9365626619021	41.69436354918981
21.96413864219665	41.84764353286481
21.9917146224912	42.00105127167733
22.01929060278575	42.15457065562066
22.0468665830803	42.30822024395395
22.07444256337485	42.46198700554357
22.1020185436694	42.61589276322008
22.12959452396395	42.76991058171629
22.1571705042585	42.92396440689672
22.18474648455305	43.07823366377678
22.2123224648476	43.23262332788044
22.23989844514215	43.38713862861566
22.2674744254367	43.54177832805053
22.29505040573125	43.69654437650754
22.3226263860258	43.85144686584344
22.35020236632035	44.00646743885144
22.3777783466149	44.16161818927316
22.40535432690945	44.31689284631088
22.432930307204	44.47229057889834
22.46050628749855	44.62782035400826
22.4880822677931	44.78347990783767
22.51565824808765	44.93926954988915
22.5432342283822	45.09511522913474
22.57081020867675	45.25115945742277
22.5983861889713	45.40733106134671
22.62596216926585	45.56363093050379
22.6535381495604	45.72005738989405
22.68111412985495	45.87661532725436
22.7086901101495	46.03330666502732
22.73626609044405	46.19013288883895
22.7638420707386	46.3470851436801
22.79141805103315	46.50418003865716
22.8189940313277	46.66139738621321
22.84657001162225	46.81874475659527
22.87414599191681	46.97621438609256
22.90172197221136	47.13383372277362
22.92929795250591	47.29157754747639
22.95687393280046	47.44945578341493
22.98444991309501	47.60753054561319
23.01202589338956	47.76564536053336
23.03960187368411	47.92392723036453
23.06717785397866	48.08276827150912
23.09475383427321	48.24132698554983
23.12232981456776	48.40002112976755
23.14990579486231	48.55885064492766
23.17748177515686	48.71781784054716
23.20505775545141	48.87693203362507
23.23263373574596	49.03616645896178
23.26020971604051	49.19554263008946
23.28778569633506	49.35507231435019
23.31536167662961	49.51473586460325
23.34293765692416	49.67453748767073
23.37051363721871	49.83449126991676
23.39808961751326	49.99457072890521
23.42566559780781	50.15479538313236
23.45324157810236	50.31515954940951
23.48081755839691	50.47564649481487
23.50839353869146	50.6362930328422
23.53596951898601	50.79708710615512
23.56354549928056	50.95801677115818
23.59112147957511	51.11908914159354
23.61869745986966	51.28031657040669
23.64627344016421	51.44167542235853
23.67384942045876	51.60318559148911
23.70142540075331	51.76483478446094
23.72900138104786	51.92662808929487
23.75657736134241	52.08856730403826
23.78415334163696	52.25065305932505
23.81172932193151	52.41282980389058
23.83930530222606	52.57520971004944
23.86688128252061	52.73773380800938
23.89445726281516	52.90040299112876
23.92203324310971	53.06321972682902
23.94960922340426	53.22618675550817
23.97718520369881	53.38930153480997
24.00476118399336	53.55257363423817
24.03233716428791	53.71598698093736
24.05991314458246	53.87954920582867
24.08748912487701	54.04321041301149
24.11506510517156	54.20707375127444
24.14264108546611	54.37109500570678
24.17021706576066	54.53525738044398
24.19779304605521	54.69957296371404
24.22536902634976	54.86403648471834
24.25294500664431	55.02870055859891
24.28052098693886	55.19346454727238
24.30809696723341	55.35839258059267
24.33567294752796	55.5234552784547
24.36324892782251	55.68869298442927
24.39082490811706	55.8540874631035
24.41840088841161	56.01964573083613
24.44597686870616	56.18535119164724
24.47355284900071	56.35121350588556
24.50112882929526	56.51723660666893
24.52870480958981	56.68342462725908
24.55628078988436	56.84976328630389
24.58385677017891	57.0162576541965
24.61143275047346	57.18290930479046
24.63900873076801	57.34972532861875
24.66658471106256	57.51669924246887
24.69416069135711	57.68382838632549
24.72173667165166	57.8511268868143
24.74931265194621	58.01858205083271
24.77688863224076	58.18620667465531
24.80446461253531	58.35398683602429
24.83204059282986	58.52193490411396
24.85961657312441	58.69005681770486
24.88719255341896	58.8583313161204
24.91476853371351	59.02676848950445
24.94234451400806	59.19537312396164
24.96992049430261	59.36418027421512
24.99749647459716	59.53313141949133
25.02507245489171	59.70223308325379
25.05264843518626	59.8715032681706
25.08022441548081	60.04094097747485
25.10780039577536	60.21055586505535
25.13537637606991	60.38032908096566
25.16295235636446	60.55027158972843
25.19052833665901	60.72039268385306
25.21810431695356	60.89067602536468
25.24568029724811	61.06112977821116
25.27325627754266	61.23175785496768
25.30083225783721	61.40249697721796
25.32840823813176	61.57346285630277
25.35598421842631	61.74459716274251
25.38356019872086	61.91591434701196
25.41113617901541	62.08740060597908
25.43871215930996	62.25906008892898
25.46628813960452	62.43089570249193
25.49386411989907	62.60290293821542
25.52144010019362	62.77538848977724
25.54901608048817	62.94775115243714
25.57659206078272	63.12029358743023
25.60416804107727	63.29301075260613
25.63174402137182	63.46590520397351
25.65932000166637	63.63897692056383
25.68689598196092	63.81218385501963
25.71447196225547	63.98565668740931
25.74204794255002	64.15926156022464
25.76962392284457	64.33305397629186
25.79719990313912	64.50702998961835
25.82477588343367	64.68108046950604
25.85235186372822	64.85542261400489
25.87992784402277	65.02994283359726
25.90750382431732	65.20464720732603
25.93507980461187	65.3795034748135
25.96265578490642	65.55458058939921
25.99023176520097	65.7298392004336
26.01780774549552	65.90528442796673
26.04538372579007	66.08089636834221
26.07295970608462	66.25671971171154
26.10053568637917	66.4327310189521
26.12811166667372	66.60893431734365
26.15568764696827	66.78534485850663
26.18326362726282	66.96194213144119
26.21083960755737	67.13873409716624
26.23841558785192	67.31573373213925
26.26599156814647	67.49291081315833
26.29356754844102	67.67029313724595
26.32114352873557	67.84786635365616
26.34871950903012	68.02562920873373
26.37629548932467	68.20359820388043
26.40387146961922	68.38176048305216
26.43144744991377	68.56011526021935
26.45902343020832	68.73866650739255
26.48659941050287	68.91741258046903
26.51417539079742	69.09635499203868
26.54175137109197	69.27549182808134
26.56932735138652	69.45482801971448
26.59690333168107	69.63436143305786
26.62447931197562	69.81409922250654
26.65205529227017	69.99403939149121
26.67963127256472	70.1741782962596
26.70720725285927	70.35452018171893
26.73478323315382	70.53506990183092
26.76235921344837	70.71582574261407
26.78993519374292	70.89678608749476
26.81751117403747	71.07795043081801
26.84508715433202	71.25931546798984
26.87266313462657	71.44089063217815
26.90023911492112	71.62268381679857
26.92781509521567	71.80468650137603
26.95539107551022	71.98689920229015
26.98296705580477	72.16932242037798
27.01054303609932	72.35195718761088
27.03811901639387	72.53480398278492
27.06569499668842	72.71786274921588
27.09327097698297	72.90113398153453
27.12084695727752	73.08461818830926
27.14842293757207	73.26830641264968
27.17599891786662	73.45220684573692
27.20357489816117	73.63632942750918
27.23115087845572	73.82067100535336
27.25872685875027	74.00523031001714
27.28630283904482	74.19000654928922
27.31387881933937	74.37499706193479
27.34145479963392	74.5602038427333
27.36903077992847	74.7455986810463
27.39660676022302	74.93132257264769
27.42418274051757	75.11718255275751
27.45175872081212	75.30327942803011
27.47933470110667	75.48959818459524
27.50691068140122	75.67614897302406
27.53448666169577	75.8629262450813
27.56206264199032	76.04993295726486
27.58963862228487	76.23716798215999
27.61721460257942	76.42463370529236
27.64479058287397	76.61233122079399
27.67236656316852	76.80024826709951
27.69994254346307	76.98839928247767
27.72751852375762	77.17678502156281
27.75509450405217	77.36539040905862
27.78267048434672	77.554241584981
27.81024646464127	77.7433128549235
27.83782244493582	77.93262838306894
27.86539842523037	78.12216925012308
27.89297440552492	78.31193662480918
27.92055038581947	78.50194853444098
27.94812636611402	78.69219799023575
27.97570234640857	78.88268527447602
28.00327832670312	79.07340670128538
28.03085430699767	79.26436828292486
28.05843028729223	79.4555732412426
28.08600626758678	79.64700231953141
28.11358224788133	79.83868802698797
28.14115822817588	80.03061623158051
28.16873420847043	80.2227951372231
28.19631018876498	80.41515473075928
28.22388616905953	80.60781959234097
28.25146214935408	80.800732139389
28.27903812964863	80.99388783961867
28.30661410994318	81.18729785429727
28.33419009023773	81.38083419272125
28.36176607053228	81.57474335635625
28.38934205082683	81.76890159878589
28.41691803112138	81.96331633581674
28.44449401141593	82.15798161341235
28.47206999171048	82.35290370667423
28.49964597200503	82.54806746996225
28.52722195229958	82.74349702947228
28.55479793259413	82.93918750728102
28.58237391288868	83.13513014918628
28.60994989318323	83.33133736429913
28.63752587347778	83.52780478584366
28.66510185377233	83.72452912834662
28.69267783406688	83.92151793546682
28.72025381436143	84.11931715234341
28.74782979465598	84.3168360544537
28.77540577495053	84.51461597874091
28.80298175524508	84.71266141372986
28.83055773553963	84.9109743927942
28.85813371583418	85.10955251526995
28.88570969612873	85.30839872314546
28.91328567642328	85.50752002882263
28.94086165671783	85.7069073880829
28.96843763701238	85.90656281807453
28.99601361730693	86.10649452181288
29.02358959760148	86.30670242141929
29.05116557789603	86.50711364980941
29.07874155819058	86.70780503957741
29.10631753848513	86.9088324918788
29.13389351877968	87.11013304770441
29.16146949907423	87.31172377948424
29.18904547936878	87.51357923612719
29.21662145966333	87.71571394568841
29.24419743995788	87.91813634121337
29.27177342025243	88.12083432380776
29.29934940054698	88.32381232639015
29.32692538084153	88.52708666467645
29.35450136113608	88.73081787123428
29.38207734143063	88.93451620693665
29.40965332172518	89.13862910772183
29.43722930201973	89.34301114165848
29.46480528231428	89.54771536678983
29.49238126260883	89.75275126513239
29.51995724290338	89.95804016031362
29.54753322319793	90.16362007918408
29.57510920349248	90.36949227585292
29.60268518378703	90.57566178429497
29.63026116408158	90.78212901782751
29.65783714437613	90.98888807413988
29.68541312467068	91.19597164724797
29.71298910496523	91.40327539717029
29.74056508525978	91.61093845536833
29.76814106555433	91.81890756965157
29.79571704584888	92.02717016164713
29.82329302614343	92.23573892733897
29.85086900643798	92.4446090912576
29.87844498673253	92.65379236711712
29.90602096702708	92.8632817487447
29.93359694732163	93.0730680044414
29.96117292761618	93.28317398173253
29.98874890791073	93.49359250666707
30.01632488820528	93.7043337015851
30.04390086849983	93.91533114100925
30.07147684879438	94.12671122363857
30.09905282908893	94.33840653056444
30.12662880938348	94.55041920123108
30.15420478967803	94.76274963383241
30.18178076997258	94.97540508073767
30.20935675026713	95.1883870586841
30.23693273056168	95.4016807103137
30.26450871085623	95.61530122195155
30.29208469115078	95.82924349794057
30.31966067144533	96.04351141383015
30.34723665173988	96.2581179498933
30.37481263203443	96.47298597910962
30.40238861232898	96.68825039295322
30.42996459262353	96.90383851646324
30.45754057291808	97.11975568327459
30.48511655321263	97.33600839488943
30.51269253350718	97.55259417077254
30.54026851380173	97.76948749787081
30.56784449409628	97.98674741824296
30.59542047439083	98.20434921477717
30.62299645468539	98.42230304333431
30.65057243497994	98.6405863632003
30.67814841527449	98.85924385555219
30.70572439556904	99.0781196512457
30.73330037586359	99.29745005968425
30.76087635615814	99.51705868970139
30.78845233645269	99.73707897503695
30.81602831674724	99.9574367768582
30.84360429704179	100.1781515616458
30.87118027733634	100.3992304429944
30.89875625763089	100.6206487105737
30.92633223792544	100.8424247729375
30.95390821821999	101.0644892506372
30.98148419851454	101.2869830517399
31.00906017880909	101.509872757299
31.03663615910364	101.7330339611165
31.06421213939819	101.9565506691668
31.09178811969274	102.1804578241619
31.11936409998729	102.40476563905
31.14694008028184	102.6294477582983
31.17451606057639	102.8544724549639
31.20209204087094	103.0799390524876
31.22966802116549	103.3056732938032
31.25724400146004	103.5318265210284
31.28481998175459	103.7583492566774
31.31239596204914	103.9852566244364
31.33997194234369	104.2125432581958
31.36754792263824	104.4401789081289
31.39512390293279	104.668230241491
31.42269988322734	104.8965570488883
31.45027586352189	105.1253772288805
31.47785184381644	105.3544877110227
31.50542782411099	105.5840677134915
31.53300380440554	105.8140117454326
31.56057978470009	106.0443752456608
31.58815576499464	106.2751684292438
31.61573174528919	106.5063046553636
31.64330772558374	106.7378343263652
31.67088370587829	106.9697573874506
31.69845968617284	107.2020447619903
31.72603566646739	107.4348168717515
31.75361164676194	107.6678818577222
31.78118762705649	107.9013595513741
31.80876360735104	108.1353042471034
31.83633958764559	108.3696277369197
31.86391556794014	108.6044035542369
31.89149154823469	108.8395636358544
31.91906752852924	109.0751374363855
31.94664350882379	109.3111272179951
31.97421948911834	109.5475231474055
32.00179546941289	109.7843322836284
32.02937144970744	110.0215564894988
32.05694743000199	110.2592538152801
32.08452341029654	110.4972545388182
32.11209939059109	110.7357065105951
32.13967537088564	110.974636746848
32.16725135118019	111.213885484678
32.19482733147474	111.4536545690012
32.22240331176929	111.6938450639092
0
1000	105.6583745	100000000000000.1
5	0	0	1
5	0	0	0
4.673998997513734	-2.827742849991518e-09
4.701574977808284	-2.950349110255815e-09
4.729150958102834	-2.471909234985374e-09
4.756726938397384	-1.591227395262257e-09
4.784302918691934	-5.333996050710026e-10
4.811878898986484	-1.896516580290105e-10
4.839454879281035	-6.173554902077462e-10
4.867030859575585	-1.093858387610047e-09
4.894606839870135	-1.602668792519418e-09
4.922182820164685	-2.130110228405114e-09
4.949758800459235	-2.665146914851732e-09
4.977334780753785	-3.199084754140331e-09
5.004910761048335	-3.725241121238101e-09
5.032486741342885	-4.238627074984347e-09
5.060062721637435	-4.73566017116768e-09
5.087638701931986	-5.501001452358181e-09
5.115214682226536	-6.466809706956273e-09
5.142790662521086	-7.291246978051837e-09
5.170366642815636	-7.946840448890333e-09
5.197942623110186	-8.420605704939807e-09
5.225518603404736	-8.715302255629639e-09
5.253094583699286	-8.850414704309915e-09
5.280670563993836	-8.862907103024798e-09
5.308246544288386	-8.807788238153331e-09
5.335822524582936	-8.75851777411297e-09
5.363398504877487	-8.908666870880564e-09
5.390974485172037	-9.18855031890704e-09
5.418550465466587	-9.685434382843338e-09
5.446126445761137	-1.077908496136093e-08
5.473702426055687	-1.25266500662508e-08
5.501278406350237	-1.025079348947763e-08
5.528854386644787	-1.047941120188977e-08
5.556430366939337	-1.090985396457965e-08
5.584006347233887	-2.156010126731347e-08
5.611582327528438	-3.513068337112381e-08
5.639158307822988	-5.160134087844617e-08
5.666734288117538	-7.088394419719569e-08
5.694310268412088	-9.282202545327353e-08
5.721886248706638	-1.171908724994976e-07
5.749462229001188	-1.436978798207734e-07
5.777038209295738	-3.138153614123901e-07
5.804614189590288	-3.31145221933063e-07
5.832190169884838	-3.371696625519223e-07
5.859766150179389	-3.325145559723852e-07
5.887342130473939	-3.183862482475714e-07
5.914918110768489	-3.17748208395971e-07
5.942494091063039	-3.347870849193829e-07
5.970070071357589	-3.493062738787105e-07
5.997646051652139	-3.612928784972871e-07
6.025222031946689	-3.707968631273963e-07
6.052798012241239	-7.520569530379225e-07
6.080373992535789	-7.021537160623674e-07
6.107949972830339	-6.240053500874346e-07
6.13552595312489	-5.289311728339661e-07
6.16310193341944	-4.312864045784332e-07
6.19067791371399	-3.89469345083932e-07
6.21825389400854	-3.947959589624665e-07
6.24582987430309	-4.001947909495291e-07
6.27340585459764	-4.133818826551042e-07
6.30098183489219	-6.233496599425173e-07
6.32855781518674	-4.208051820199512e-07
6.35613379548129	-4.266531276052547e-07
6.383709775775841	-4.841866981795812e-07
6.411285756070391	-2.093687187378126e-06
6.438861736364941	-4.152227174763691e-06
6.466437716659491	-6.677442752507744e-06
6.494013696954041	-9.65277340058503e-06
6.521589677248591	-1.30661540153909e-05
6.549165657543141	-1.689813850797175e-05
6.576741637837691	-2.112197988351053e-05
6.604317618132241	-2.789804887133285e-05
6.631893598426791	-3.259772014988851e-05
6.659469578721342	-3.738153329815233e-05
6.687045559015892	-4.221418199442813e-05
6.714621539310442	-4.706274056358375e-05
6.742197519604992	-5.189659460622786e-05
6.769773499899542	-5.668746948983669e-05
6.797349480194092	-6.140938671966133e-05
6.824925460488642	-6.603864641324451e-05
6.852501440783192	-7.055380515829056e-05
6.880077421077742	-7.486244271911384e-05
6.907653401372293	-7.91006247376587e-05
6.935229381666843	-8.317983777887257e-05
6.962805361961393	-8.708677470635413e-05
6.990381342255943	-9.080996325759015e-05
7.017957322550493	-9.433974652412615e-05
7.045533302845043	-9.766826364451293e-05
7.073109283139593	-0.0001007894307635842
7.100685263434143	-0.0001036989223020172
7.128261243728693	-0.0001063941525718159
7.155837224023244	-0.0001085976975971283
7.183413204317794	-0.0001108885964242499
7.210989184612344	-0.0001129909752187854
7.238565164906894	-0.0001149065299915644
7.266141145201444	-0.0001166374451990018
7.293717125495994	-0.0001181863885317329
7.321293105790544	-0.0001195565059129164
7.348869086085094	-0.0001207514166957074
7.376445066379644	-0.0001217752090500372
7.404021046674194	-0.0001226324355294112
7.431597026968745	-0.0001232201644297652
7.459173007263295	-0.0001237695392988863
7.486748987557845	-0.000124177820527631
7.514324967852395	-0.0001244504017048006
7.541900948146945	-0.000124592666175774
7.569476928441495	-0.0001246099875239673
7.597052908736045	-0.0001245077300719297
7.624628889030595	-0.0001242912493970711
7.652204869325145	-0.0001239658928578098
7.679780849619696	-0.0001235370001265914
7.707356829914246	-0.0001229762428040923
7.734932810208796	-0.0001223593299925069
7.762508790503346	-0.0001216576830224353
7.790084770797896	-0.0001208763105837782
7.817660751092446	-0.0001200200753730336
7.845236731386996	-0.0001190936958490165
7.872812711681546	-0.0001181017479242087
7.900388691976096	-0.0001170486665971948
7.927964672270646	-0.0001159387475304447
7.955540652565197	-0.0001147761485767373
7.983116632859747	-0.0001135671526085774
8.010692613154298	-0.0001123107920641247
8.038268593448848	-0.0001110131906519081
8.065844573743398	-0.0001096779633471431
8.093420554037948	-0.0001083085777586891
8.120996534332498	-0.0001069082724040316
8.148572514627048	-0.00010547918743875
8.176148494921598	-0.0001040354126660598
8.203724475216148	-0.0001025591101647636
8.231300455510699	-0.0001010674809307094
8.258876435805249	-9.955514075849067e-05
8.286452416099799	-9.803631519068077e-05
8.314028396394349	-9.650766838007479e-05
8.341604376688899	-9.497162802636569e-05
8.369180356983449	-9.343049205346533e-05
8.396756337277999	-9.188642972178952e-05
8.424332317572549	-9.034148271020696e-05
8.451908297867099	-8.879756616950552e-05
8.47948427816165	-8.725646974892302e-05
8.5070602584562	-8.571985859706433e-05
8.53463623875075	-8.419878045422387e-05
8.5622122190453	-8.267481353923115e-05
8.58978819933985	-8.115876972231182e-05
8.6173641796344	-7.965191496701649e-05
8.64494015992895	-7.815543440420071e-05
8.6725161402235	-7.667043403645647e-05
8.70009212051805	-7.51979417249569e-05
8.7276681008126	-7.373890793082451e-05
8.755244081107151	-7.229420635394607e-05
8.782820061401701	-7.086463452071608e-05
8.810396041696251	-6.945688985401767e-05
8.837972021990801	-6.805912977684275e-05
8.865548002285351	-6.66779369529961e-05
8.893123982579901	-6.531386292972128e-05
8.920699962874451	-6.396741111919449e-05
8.948275943169001	-6.263903711232386e-05
8.975851923463551	-6.132914898683635e-05
9.003427903758102	-6.003810760995506e-05
9.031003884052652	-5.876622693596958e-05
9.058579864347202	-5.75137742990005e-05
9.086155844641752	-5.628537783300919e-05
9.113731824936302	-5.507200057648449e-05
9.141307805230852	-5.387820543624673e-05
9.168883785525402	-5.270411549092451e-05
9.196459765819952	-5.154982729816102e-05
9.224035746114502	-5.041541103954041e-05
9.251611726409052	-4.930091066382855e-05
9.279187706703603	-4.820634402868817e-05
9.306763686998153	-4.713170304103012e-05
9.334339667292703	-4.607695379616322e-05
9.361915647587253	-4.504496602333912e-05
9.389491627881803	-4.402953173914407e-05
9.417067608176353	-4.303348733877122e-05
9.444643588470903	-4.20567234860532e-05
9.472219568765453	-4.109911697694549e-05
9.499795549060003	-4.016053382978427e-05
9.527371529354554	-3.924082615354994e-05
9.554947509649104	-3.83398338785264e-05
9.582523489943654	-3.745738444511819e-05
9.610099470238204	-3.659329286183091e-05
9.637675450532754	-3.574918370389443e-05
9.665251430827304	-3.492103901261544e-05
9.692827411121854	-3.411046974297527e-05
9.720403391416404	-3.331725801135626e-05
9.747979371710954	-3.254118151430285e-05
9.775555352005505	-3.178201353384469e-05
9.803131332300055	-3.103952294375641e-05
9.830707312594605	-3.031347421677766e-05
9.858283292889155	-2.960362743281978e-05
9.885859273183705	-2.890973828818817e-05
9.913435253478255	-2.823260668863367e-05
9.941011233772805	-2.756978777785437e-05
9.968587214067355	-2.692207912490194e-05
9.996163194361905	-2.628922839047922e-05
10.02373917465646	-2.567098336325725e-05
10.05131515495101	-2.506709194408727e-05
10.07889113524556	-2.447730213125497e-05
10.10646711554011	-2.390136200677448e-05
10.13404309583466	-2.333901972372192e-05
10.16161907612921	-2.279002349461064e-05
10.18919505642376	-2.225467335322742e-05
10.21677103671831	-2.173156419513111e-05
10.24434701701286	-2.122099955250512e-05
10.27192299730741	-2.072273273302734e-05
10.29949897760196	-2.02365194000075e-05
10.32707495789651	-1.976211754901977e-05
10.35465093819106	-1.929928748543868e-05
10.38222691848561	-1.884779180286116e-05
10.40980289878016	-1.8407395362399e-05
10.43737887907471	-1.797786527282771e-05
10.46495485936926	-1.755922738300675e-05
10.49253083966381	-1.715071697614181e-05
10.52010681995836	-1.675236598532284e-05
10.54768280025291	-1.636395264561864e-05
10.57525878054746	-1.598525843636057e-05
10.60283476084201	-1.561606805647988e-05
10.63041074113656	-1.525616940056033e-05
10.65798672143111	-1.490535353557565e-05
10.68556270172566	-1.456341467828317e-05
10.71313868202021	-1.423015017324648e-05
10.74071466231476	-1.390543979366129e-05
10.76829064260931	-1.358892109768996e-05
10.79586662290386	-1.328048073780655e-05
10.82344260319841	-1.297992910917258e-05
10.85101858349296	-1.268707995780449e-05
10.87859456378751	-1.240175035686382e-05
10.90617054408206	-1.2123760683683e-05
10.93374652437661	-1.18529345974554e-05
10.96132250467116	-1.15890990175246e-05
10.98889848496571	-1.133208410221343e-05
11.01647446526026	-1.108171820078726e-05
11.04405044555481	-1.08378482564638e-05
11.07162642584936	-1.060030916589504e-05
11.09920240614391	-1.036894382157142e-05
11.12677838643846	-1.014359822299449e-05
11.15435436673301	-9.924121456798153e-06
11.18193034702756	-9.710365677417014e-06
11.20950632732211	-9.502186088204038e-06
11.23708230761666	-9.299440922912915e-06
11.26465828791121	-9.101991427471202e-06
11.29223426820576	-8.909646521683555e-06
11.31981024850031	-8.722389125754329e-06
11.34738622879486	-8.540033661270943e-06
11.37496220908941	-8.362452732472844e-06
11.40253818938396	-8.189521636296006e-06
11.43011416967851	-8.021118347821455e-06
11.45769014997306	-7.857123505690141e-06
11.48526613026761	-7.69742039746369e-06
11.51284211056216	-7.541894944909792e-06
11.54041809085671	-7.390435689190215e-06
11.56799407115126	-7.242847647396326e-06
11.59557005144581	-7.0992046744171e-06
11.62314603174036	-6.959316307213853e-06
11.65072201203491	-6.823080618712939e-06
11.67829799232946	-6.690397863425444e-06
11.70587397262401	-6.561170466682008e-06
11.73344995291856	-6.435303013801009e-06
11.76102593321311	-6.312702239172123e-06
11.78860191350766	-6.193277015236107e-06
11.81617789380221	-6.076938341340864e-06
11.84375387409676	-5.963560884192625e-06
11.87132985439131	-5.85314028266782e-06
11.89890583468586	-5.745555094848655e-06
11.92648181498041	-5.640724354579078e-06
11.95405779527496	-5.538569003513913e-06
11.98163377556951	-5.43901188143461e-06
12.00920975586406	-5.341977716392596e-06
12.03678573615861	-5.247393114657321e-06
12.06436171645316	-5.155186550445156e-06
12.09193769674771	-5.065288355404371e-06
12.11951367704226	-4.977557345982683e-06
12.14708965733681	-4.892081023183994e-06
12.17466563763136	-4.808721224728197e-06
12.20224161792591	-4.727414906245505e-06
12.22981759822046	-4.648100518933981e-06
12.25739357851501	-4.5707180032214e-06
12.28496955880956	-4.495208782263099e-06
12.31254553910411	-4.421515755253454e-06
12.34012151939866	-4.349583290527806e-06
12.36769749969321	-4.279357218430752e-06
12.39527347998776	-4.210727639087544e-06
12.42284946028231	-4.143762963816704e-06
12.45042544057686	-4.078355629334142e-06
12.47800142087141	-4.014456685693059e-06
12.50557740116597	-3.952018369324406e-06
12.53315338146052	-3.890994099793851e-06
12.56072936175507	-3.831338476388308e-06
12.58830534204962	-3.77300727450839e-06
12.61588132234417	-3.715957441842389e-06
12.64345730263872	-3.660147094296646e-06
12.67103328293327	-3.605495799771987e-06
12.69860926322782	-3.552047142049246e-06
12.72618524352237	-3.499722574898939e-06
12.75376122381692	-3.448484448934151e-06
12.78133720411147	-3.398296096244981e-06
12.80891318440602	-3.349121829230771e-06
12.83648916470057	-3.300926939193119e-06
12.86406514499512	-3.25367769466259e-06
12.89164112528967	-3.20734133943151e-06
12.91921710558422	-3.161886090264782e-06
12.94679308587877	-3.117257383744893e-06
12.97436906617332	-3.073475122374808e-06
13.00194504646787	-3.030486388348578e-06
13.02952102676242	-2.988263020222914e-06
13.05709700705697	-2.946777716674076e-06
13.08467298735152	-2.906004035158932e-06
13.11224896764607	-2.865916390173091e-06
13.13982494794062	-2.826490051077174e-06
13.16740092823517	-2.787701139462341e-06
13.19497690852972	-2.749526626026706e-06
13.22255288882427	-2.711917674920905e-06
13.25012886911882	-2.674908801736497e-06
13.27770484941337	-2.638452483048114e-06
13.30528082970792	-2.602528766734191e-06
13.33285681000247	-2.567118420475291e-06
13.36043279029702	-2.532202929841711e-06
13.38800877059157	-2.497764495845791e-06
13.41558475088612	-2.463786031933988e-06
13.44316073118067	-2.430251160394931e-06
13.47073671147522	-2.397144208161134e-06
13.49831269176977	-2.364433223799272e-06
13.52588867206432	-2.332139532949385e-06
13.55346465235887	-2.300232304710088e-06
13.58104063265342	-2.268698447959778e-06
13.60861661294797	-2.237525479595854e-06
13.63619259324252	-2.206701519808803e-06
13.66376857353707	-2.176215286712811e-06
13.69134455383162	-2.146056090321441e-06
13.71892053412617	-2.116213825859178e-06
13.74649651442072	-2.086678966402186e-06
13.77407249471527	-2.057430140977848e-06
13.80164847500982	-2.028485003868413e-06
13.82922445530437	-1.999823081068377e-06
13.85680043559892	-1.971436932801273e-06
13.88437641589347	-1.943319603162681e-06
13.91195239618802	-1.915464611673969e-06
13.93952837648257	-1.887865944223834e-06
13.96710435677712	-1.860518043407146e-06
13.99468033707167	-1.833415798273284e-06
14.02225631736622	-1.806554533498903e-06
14.04983229766077	-1.779921422167625e-06
14.07740827795532	-1.753530634906581e-06
14.10498425824987	-1.727369989525065e-06
14.13256023854442	-1.701436336234999e-06
14.16013621883897	-1.675726867149554e-06
14.18771219913352	-1.650239104754929e-06
14.21528817942807	-1.624970889981361e-06
14.24286415972262	-1.59992036990195e-06
14.27044014001717	-1.575085985089726e-06
14.29801612031172	-1.550466456664978e-06
14.32559210060627	-1.526054729616638e-06
14.35316808090082	-1.501862746329821e-06
14.38074406119537	-1.477883815511589e-06
14.40832004148992	-1.454117574980152e-06
14.43589602178447	-1.430563853192712e-06
14.46347200207902	-1.407222656959583e-06
14.49104798237357	-1.384094159085504e-06
14.51862396266812	-1.361178685972678e-06
14.54619994296267	-1.33847670522006e-06
14.57377592325722	-1.315988813253261e-06
14.60135190355177	-1.29371157325872e-06
14.62892788384632	-1.271654529251135e-06
14.65650386414087	-1.249814342799293e-06
14.68407984443542	-1.228191953611838e-06
14.71165582472997	-1.20678835552682e-06
14.73923180502452	-1.185604586346509e-06
14.76680778531907	-1.164641717896469e-06
14.79438376561362	-1.143900846333148e-06
14.82195974590817	-1.123383082722864e-06
14.84953572620272	-1.103089543913599e-06
14.87711170649727	-1.083018687658858e-06
14.90468768679182	-1.063177205637204e-06
14.93226366708637	-1.04356345620682e-06
14.95983964738092	-1.024178461670044e-06
14.98741562767547	-1.005023200509592e-06
15.01499160797002	-9.860986012862248e-07
15.04256758826457	-9.674055369037742e-07
15.07014356855912	-9.48944819247685e-07
15.09771954885368	-9.307171942016198e-07
15.12529552914823	-9.127233370450497e-07
15.15287150944278	-8.949620009963976e-07
15.18044748973733	-8.774375973977322e-07
15.20802347003188	-8.60148668050994e-07
15.23559945032643	-8.430955440739916e-07
15.26317543062098	-8.262784625980804e-07
15.29075141091553	-8.096975650946116e-07
15.31832739121008	-7.933528960355843e-07
15.34590337150463	-7.77244401879971e-07
15.37347935179918	-7.613719303762824e-07
15.40105533209373	-7.457352301711191e-07
15.42863131238828	-7.303327551549325e-07
15.45620729268283	-7.151665744022639e-07
15.48378327297738	-7.002349096601312e-07
15.51135925327193	-6.855370995998339e-07
15.53893523356648	-6.710723821806981e-07
15.56651121386103	-6.568398962901568e-07
15.59408719415558	-6.4283868358083e-07
15.62166317445013	-6.290676904907252e-07
15.64923915474468	-6.155257704326832e-07
15.67681513503923	-6.0221168613922e-07
15.70439111533378	-5.891233639334294e-07
15.73196709562833	-5.762609696481932e-07
15.75954307592288	-5.636222386268899e-07
15.78711905621743	-5.512055872138942e-07
15.81469503651198	-5.390093523047746e-07
15.84227101680653	-5.270317946285236e-07
15.86984699710108	-5.152711020786204e-07
15.89742297739563	-5.037253930814952e-07
15.92499895769018	-4.923927199914319e-07
15.95257493798473	-4.81271072501447e-07
15.98015091827928	-4.703578579710633e-07
16.00772689857383	-4.596520538605249e-07
16.03530287886838	-4.491509428922684e-07
16.06287885916293	-4.388522913089807e-07
16.09045483945748	-4.287538180481234e-07
16.11803081975203	-4.188531982623778e-07
16.14560680004658	-4.091480667852586e-07
16.17318278034113	-3.996360215359777e-07
16.20075876063568	-3.903146268581883e-07
16.22833474093023	-3.81181416787744e-07
16.25591072122478	-3.722335656636246e-07
16.28348670151933	-3.634692577481287e-07
16.31106268181388	-3.548856117705645e-07
16.33863866210843	-3.464800672406862e-07
16.36621464240298	-3.382500474905059e-07
16.39379062269753	-3.301929625718551e-07
16.42136660299208	-3.223062120537085e-07
16.44894258328663	-3.145871877182606e-07
16.47651856358118	-3.07033276155113e-07
16.50409454387573	-2.996418612532575e-07
16.53167052417028	-2.924101102047281e-07
16.55924650446483	-2.85335864961821e-07
16.58682248475938	-2.7841629181331e-07
16.61439846505393	-2.71648783844033e-07
16.64197444534848	-2.650307417265245e-07
16.66955042564303	-2.585595756943747e-07
16.69712640593758	-2.522327074128957e-07
16.72470238623213	-2.460475717489621e-07
16.75227836652668	-2.400016184420504e-07
16.77985434682123	-2.340923136786276e-07
16.80743032711578	-2.283169794675921e-07
16.83500630741033	-2.226734612327909e-07
16.86258228770488	-2.171591155077238e-07
16.89015826799943	-2.117714859827661e-07
16.91773424829398	-2.06508138821658e-07
16.94531022858853	-2.013666637709644e-07
16.97288620888308	-1.963446751856281e-07
17.00046218917763	-1.914398129735333e-07
17.02803816947218	-1.866497434620034e-07
17.05561414976673	-1.819721601891551e-07
17.08319013006128	-1.774046899981188e-07
17.11076611035583	-1.729452825561792e-07
17.13834209065038	-1.685916193102829e-07
17.16591807094493	-1.643415078882505e-07
17.19349405123948	-1.601927857798475e-07
17.22107003153403	-1.561433207741362e-07
17.24864601182858	-1.521910113385392e-07
17.27622199212313	-1.483337869424101e-07
17.30379797241768	-1.445696083278393e-07
17.33137395271223	-1.408964677303611e-07
17.35894993300678	-1.373123039683286e-07
17.38652591330133	-1.338153522993099e-07
17.41410189359588	-1.304036122969167e-07
17.44167787389043	-1.270752023128999e-07
17.46925385418498	-1.238282723867471e-07
17.49682983447953	-1.206610042516313e-07
17.52440581477408	-1.175716113041462e-07
17.55198179506863	-1.145583385400674e-07
17.57955777536318	-1.116194624582907e-07
17.60713375565773	-1.087532909350191e-07
17.63470973595228	-1.059581178414408e-07
17.66228571624683	-1.032324087453346e-07
17.68986169654139	-1.005745178877113e-07
17.71743767683594	-9.798287626365436e-08
17.74501365713049	-9.545594510483738e-08
17.77258963742504	-9.299221563148748e-08
17.80016561771959	-9.059020878544053e-08
17.82774159801414	-8.824847494584373e-08
17.85531757830869	-8.596559362898259e-08
17.88289355860324	-8.374017317363961e-08
17.91046953889779	-8.157080403503453e-08
17.93804551919234	-7.945624909896817e-08
17.96562149948689	-7.739515315842257e-08
17.99319747978144	-7.538623582057425e-08
18.02077346007599	-7.342824363710517e-08
18.04834944037054	-7.15199497470075e-08
18.07592542066509	-6.966015351135194e-08
18.10350140095964	-6.784768014103252e-08
18.13107738125419	-6.60813803184403e-08
18.15865336154874	-6.436012981396888e-08
18.18622934184329	-6.268280426450754e-08
18.21380532213784	-6.104838085048082e-08
18.24138130243239	-5.945578258977507e-08
18.26895728272694	-5.790398136183179e-08
18.29653326302149	-5.639197209499771e-08
18.32410924331604	-5.491877237743417e-08
18.35168522361059	-5.348342206693218e-08
18.37926120390514	-5.208498290022615e-08
18.40683718419969	-5.072253810235307e-08
18.43441316449424	-4.939519199656977e-08
18.46198914478879	-4.810204354512813e-08
18.48956512508334	-4.684229313957217e-08
18.51714110537789	-4.561507907668386e-08
18.54471708567244	-4.441958584280481e-08
18.57229306596699	-4.325501702220468e-08
18.59986904626154	-4.212059492950379e-08
18.62744502655609	-4.101556024437255e-08
18.65502100685064	-3.993917164883707e-08
18.68259698714519	-3.889070546749226e-08
18.71017296743974	-3.786945531089745e-08
18.73774894773429	-3.687471684285226e-08
18.76532492802884	-3.590584859227115e-08
18.79290090832339	-3.496217853141326e-08
18.82047688861794	-3.404306572007696e-08
18.84805286891249	-3.31478847340916e-08
18.87562884920704	-3.227602533795196e-08
18.90320482950159	-3.14268921614248e-08
18.93078080979614	-3.059990438028114e-08
18.95835679009069	-2.979449540128875e-08
18.98593277038524	-2.901011255158483e-08
19.01350875067979	-2.824620312275194e-08
19.04108473097434	-2.750227018405398e-08
19.06866071126889	-2.677778687370383e-08
19.09623669156344	-2.607225299912384e-08
19.12381267185799	-2.538518076526216e-08
19.15138865215254	-2.471609449729371e-08
19.17896463244709	-2.406453036766573e-08
19.20654061274164	-2.34300361275463e-08
19.23411659303619	-2.281217084272179e-08
19.26169257333074	-2.221050463397963e-08
19.28926855362529	-2.162460757875606e-08
19.31684453391984	-2.105409403924047e-08
19.34442051421439	-2.049855456043515e-08
19.37199649450894	-1.995760082945784e-08
19.39957247480349	-1.943085432776811e-08
19.42714845509804	-1.891794610300393e-08
19.45472443539259	-1.841851654493415e-08
19.48230041568714	-1.793221516553398e-08
19.50987639598169	-1.745870038318377e-08
19.53745237627624	-1.699763931098469e-08
19.56502835657079	-1.654870047033972e-08
19.59260433686534	-1.611158268704581e-08
19.62018031715989	-1.568597060297903e-08
19.64775629745444	-1.527156397923334e-08
19.67533227774899	-1.486807025428111e-08
19.70290825804354	-1.447520435927425e-08
19.73048423833809	-1.409268853702584e-08
19.75806021863264	-1.37202521646513e-08
19.78563619892719	-1.335763157984372e-08
19.81321217922174	-1.300456991075531e-08
19.84078815951629	-1.266081131965978e-08
19.86836413981084	-1.232612381888137e-08
19.89594012010539	-1.200026413692907e-08
19.92351610039994	-1.168300085774346e-08
19.95109208069449	-1.137410854218135e-08
19.97866806098904	-1.107336758090769e-08
20.00624404128359	-1.078056405041248e-08
20.03382002157814	-1.049548957212144e-08
20.06139600187269	-1.021794117456614e-08
20.08897198216724	-9.947721158577561e-09
20.11654796246179	-9.684631304819954e-09
20.14412394275634	-9.428496019156679e-09
20.17169992305089	-9.17912677531585e-09
20.19927590334544	-8.936345596631735e-09
20.22685188363999	-8.699979132909669e-09
20.25442786393454	-8.46985854517216e-09
20.2820038442291	-8.245819392924224e-09
20.30957982452365	-8.027701523907867e-09
20.3371558048182	-7.815348966313921e-09
20.36473178511275	-7.608609823418368e-09
20.3923077654073	-7.407333202524939e-09
20.41988374570185	-7.211381314795163e-09
20.4474597259964	-7.020610809435961e-09
20.47503570629095	-6.834885043707033e-09
20.5026116865855	-6.654070949817695e-09
20.53018766688005	-6.478038944470122e-09
20.5577636471746	-6.306662840463023e-09
20.58533962746915	-6.139819760325286e-09
20.6129156077637	-5.977390051948797e-09
20.64049158805825	-5.819257206188716e-09
20.6680675683528	-5.665304648768912e-09
20.69564354864735	-5.515428520696662e-09
20.7232195289419	-5.36951802681526e-09
20.75079550923645	-5.227468401240597e-09
20.778371489531	-5.089177628679866e-09
20.80594746982555	-4.95454637437805e-09
20.8335234501201	-4.823477915682816e-09
20.86109943041465	-4.695878075202807e-09
20.8886754107092	-4.57165515553365e-09
20.91625139100375	-4.450719875525679e-09
20.9438273712983	-4.332983365096428e-09
20.97140335159285	-4.218365091687638e-09
20.9989793318874	-4.106780644565684e-09
21.02655531218195	-3.998149773880745e-09
21.0541312924765	-3.892394344070898e-09
21.08170727277105	-3.789438279587185e-09
21.1092832530656	-3.689207511560218e-09
21.13685923336015	-3.591629926900473e-09
21.1644352136547	-3.496635316617688e-09
21.19201119394925	-3.404155327293096e-09
21.2195871742438	-3.314121509338761e-09
21.24716315453835	-3.226473095694278e-09
21.2747391348329	-3.141145043278987e-09
21.30231511512745	-3.058075924415637e-09
21.329891095422	-2.97720593236563e-09
21.35746707571655	-2.898476839595941e-09
21.3850430560111	-2.821831957034717e-09
21.41261903630565	-2.747216094298775e-09
21.4401950166002	-2.67457552087604e-09
21.46777099689475	-2.603857928245592e-09
21.4953469771893	-2.535011066493385e-09
21.52292295748385	-2.46798816139094e-09
21.5504989377784	-2.40273957875212e-09
21.57807491807295	-2.339218319303396e-09
21.6056508983675	-2.277378626093667e-09
21.63322687866205	-2.217175952389254e-09
21.6608028589566	-2.158566930335819e-09
21.68837883925115	-2.101509340373875e-09
21.7159548195457	-2.045962081394325e-09
21.74353079984025	-1.991885141620383e-09
21.7711067801348	-1.939238637008853e-09
21.79868276042935	-1.887986619766263e-09
21.8262587407239	-1.838091212551169e-09
21.85383472101845	-1.789516471142449e-09
21.881410701313	-1.74222740283738e-09
21.90898668160755	-1.696189941758195e-09
21.9365626619021	-1.651370924754916e-09
21.96413864219665	-1.607738067893496e-09
21.9917146224912	-1.565259943518515e-09
22.01929060278575	-1.523905957879442e-09
22.0468665830803	-1.483645363934711e-09
22.07444256337485	-1.444451209300222e-09
22.1020185436694	-1.406294272963251e-09
22.12959452396395	-1.369147070691899e-09
22.1571705042585	-1.332982845675028e-09
22.18474648455305	-1.297775549684532e-09
22.2123224648476	-1.263499824688984e-09
22.23989844514215	-1.230130984910672e-09
22.2674744254367	-1.1976449993181e-09
22.29505040573125	-1.166018474545839e-09
22.3226263860258	-1.135228146729044e-09
22.35020236632035	-1.105252885518237e-09
22.3777783466149	-1.076070603812169e-09
22.40535432690945	-1.047660289773376e-09
22.432930307204	-1.020001488551754e-09
22.46050628749855	-9.930742877793446e-10
22.4880822677931	-9.668593034180055e-10
22.51565824808765	-9.413376659533778e-10
22.5432342283822	-9.164910069286624e-10
22.57081020867675	-8.923014458115844e-10
22.5983861889713	-8.687509971698694e-10
22.62596216926585	-8.458239429570323e-10
22.6535381495604	-8.235031899397752e-10
22.68111412985495	-8.017726764312561e-10
22.7086901101495	-7.806167661561974e-10
22.73626609044405	-7.600202372093406e-10
22.7638420707386	-7.399682712797667e-10
22.79141805103315	-7.204464431363691e-10
22.8189940313277	-7.01440710369683e-10
22.84657001162225	-6.829374033853313e-10
22.87414599191681	-6.649228487625147e-10
22.90172197221136	-6.473848679826607e-10
22.92929795250591	-6.303104724881411e-10
22.95687393280046	-6.136873837599381e-10
22.98444991309501	-5.975036486314819e-10
23.01202589338956	-5.817476308309667e-10
23.03960187368411	-5.664080027280443e-10
23.06717785397866	-5.514737372812448e-10
23.09475383427321	-5.369341001824655e-10
23.12232981456776	-5.227786421947321e-10
23.14990579486231	-5.089968954217338e-10
23.17748177515686	-4.955795839575471e-10
23.20505775545141	-4.825167629499577e-10
23.23263373574596	-4.697990465308348e-10
23.26020971604051	-4.574172975269625e-10
23.28778569633506	-4.45362620993486e-10
23.31536167662961	-4.336263579036638e-10
23.34293765692416	-4.222000789921628e-10
23.37051363721871	-4.110755787490581e-10
23.39808961751326	-4.00244869561701e-10
23.42566559780781	-3.896999354727529e-10
23.45324157810236	-3.794337154626674e-10
23.48081755839691	-3.694385928332026e-10
23.50839353869146	-3.597073925599515e-10
23.53596951898601	-3.502331296673067e-10
23.56354549928056	-3.41009004290843e-10
23.59112147957511	-3.320283968587463e-10
23.61869745986966	-3.232848633901912e-10
23.64627344016421	-3.147721309085392e-10
23.67384942045876	-3.064840929672187e-10
23.70142540075331	-2.984146229701429e-10
23.72900138104786	-2.905583194285236e-10
23.75657736134241	-2.829093609760583e-10
23.78415334163696	-2.754622622440536e-10
23.81172932193151	-2.682116831244935e-10
23.83930530222606	-2.611524249969565e-10
23.86688128252061	-2.542794270464085e-10
23.89445726281516	-2.47587762670306e-10
23.92203324310971	-2.410726359733542e-10
23.94960922340426	-2.347293783483329e-10
23.97718520369881	-2.285532991823674e-10
24.00476118399336	-2.225402826585801e-10
24.03233716428791	-2.166858712267838e-10
24.05991314458246	-2.109858709170535e-10
24.08748912487701	-2.054361987743334e-10
24.11506510517156	-2.000328799775492e-10
24.14264108546611	-1.947720450279123e-10
24.17021706576066	-1.896499270052198e-10
24.19779304605521	-1.84662858890944e-10
24.22536902634976	-1.798072709568674e-10
24.25294500664431	-1.750795773260854e-10
24.28052098693886	-1.704766293672265e-10
24.30809696723341	-1.65995019388289e-10
24.33567294752796	-1.616315404698334e-10
24.36324892782251	-1.57383070553311e-10
24.39082490811706	-1.532465702396841e-10
24.41840088841161	-1.492190806408519e-10
24.44597686870616	-1.452977212829825e-10
24.47355284900071	-1.414796880608258e-10
24.50112882929526	-1.377622512420776e-10
24.52870480958981	-1.341426639481046e-10
24.55628078988436	-1.30618528496746e-10
24.58385677017891	-1.271872340458795e-10
24.61143275047346	-1.238463281481103e-10
24.63900873076801	-1.205934232165316e-10
24.66658471106256	-1.174261948442559e-10
24.69416069135711	-1.143423801641104e-10
24.72173667165166	-1.113397762478155e-10
24.74931265194621	-1.084162385439604e-10
24.77688863224076	-1.055696793540772e-10
24.80446461253531	-1.027979991703559e-10
24.83204059282986	-1.000993613813571e-10
24.85961657312441	-9.747177053565698e-11
24.88719255341896	-9.491335093291327e-11
24.91476853371351	-9.242227646311798e-11
24.94234451400806	-8.999676932214018e-11
24.96992049430261	-8.763509875793883e-11
24.99749647459716	-8.533557984693076e-11
25.02507245489171	-8.309657229999176e-11
25.05264843518626	-8.09164792975591e-11
25.08022441548081	-7.879369225998329e-11
25.10780039577536	-7.672681211678728e-11
25.13537637606991	-7.471430975010075e-11
25.16295235636446	-7.275475039675285e-11
25.19052833665901	-7.084673721158298e-11
25.21810431695356	-6.898891026269407e-11
25.24568029724811	-6.717994560493945e-11
25.27325627754266	-6.541855432512917e-11
25.30083225783721	-6.370348163617725e-11
25.32840823813176	-6.203350598693962e-11
25.35598421842631	-6.040739500924331e-11
25.38356019872086	-5.88240822060273e-11
25.41113617901541	-5.728239590141901e-11
25.43871215930996	-5.578123843234124e-11
25.46628813960452	-5.431954111940476e-11
25.49386411989907	-5.289626351828048e-11
25.52144010019362	-5.15103926887985e-11
25.54901608048817	-5.01609424814904e-11
25.57659206078272	-4.884695284128129e-11
25.60416804107727	-4.756748912803607e-11
25.63174402137182	-4.63216095010467e-11
25.65932000166637	-4.510849562452523e-11
25.68689598196092	-4.39272521183757e-11
25.71447196225547	-4.277703910127706e-11
25.74204794255002	-4.165703886133884e-11
25.76962392284457	-4.05664552835847e-11
25.79719990313912	-3.950451329098386e-11
25.82477588343367	-3.847045829881493e-11
25.85235186372822	-3.746355568214091e-11
25.87992784402277	-3.648309025616864e-11
25.90750382431732	-3.552833953264237e-11
25.93507980461187	-3.459868108313098e-11
25.96265578490642	-3.36934278905452e-11
25.99023176520097	-3.281193722763855e-11
26.01780774549552	-3.195358332023648e-11
26.04538372579007	-3.111775691013781e-11
26.07295970608462	-3.030386482830996e-11
26.10053568637917	-2.951132957821818e-11
26.12811166667372	-2.87395889291244e-11
26.15568764696827	-2.798809551918644e-11
26.18326362726282	-2.725629651368074e-11
26.21083960755737	-2.654371525657316e-11
26.23841558785192	-2.584982605380329e-11
26.26599156814647	-2.517413696980027e-11
26.29356754844102	-2.451616903782831e-11
26.32114352873557	-2.387545592587267e-11
26.34871950903012	-2.325154361037829e-11
26.37629548932467	-2.26439900577181e-11
26.40387146961922	-2.205236491326923e-11
26.43144744991377	-2.147624919796793e-11
26.45902343020832	-2.0915218943767e-11
26.48659941050287	-2.036891096046862e-11
26.51417539079742	-1.983692201530818e-11
26.54175137109197	-1.93188755241037e-11
26.56932735138652	-1.881440482318842e-11
26.59690333168107	-1.832315291424881e-11
26.62447931197562	-1.78447722151273e-11
26.65205529227017	-1.737892431650282e-11
26.67963127256472	-1.692527974435543e-11
26.70720725285927	-1.648351772812148e-11
26.73478323315382	-1.60533138577206e-11
26.76235921344837	-1.563438967083514e-11
26.78993519374292	-1.522643663314927e-11
26.81751117403747	-1.48291664160784e-11
26.84508715433202	-1.444229828276021e-11
26.87266313462657	-1.406555889289816e-11
26.90023911492112	-1.36986821121621e-11
26.92781509521567	-1.334140882607917e-11
26.95539107551022	-1.29934867583444e-11
26.98296705580477	-1.265467029347966e-11
27.01054303609932	-1.232471056354887e-11
27.03811901639387	-1.200339531414299e-11
27.06569499668842	-1.169048781783273e-11
27.09327097698297	-1.138576728180775e-11
27.12084695727752	-1.108901872199265e-11
27.14842293757207	-1.080003281402071e-11
27.17599891786662	-1.051860574765527e-11
27.20357489816117	-1.024453908461504e-11
27.23115087845572	-9.977639619754367e-12
27.25872685875027	-9.717719245547665e-12
27.28630283904482	-9.464587065615952e-12
27.31387881933937	-9.218081141646134e-12
27.34145479963392	-8.97801985276436e-12
27.36903077992847	-8.744234085919228e-12
27.39660676022302	-8.516559173763073e-12
27.42418274051757	-8.2948347807719e-12
27.45175872081212	-8.07890479199634e-12
27.47933470110667	-7.868617204407386e-12
27.50691068140122	-7.663824020799611e-12
27.53448666169577	-7.464381146213456e-12
27.56206264199032	-7.270142576515886e-12
27.58963862228487	-7.080983778786288e-12
27.61721460257942	-6.896765851833165e-12
27.64479058287397	-6.717359243575931e-12
27.67236656316852	-6.542637805987098e-12
27.69994254346307	-6.372478707921415e-12
27.72751852375762	-6.206762349958461e-12
27.75509450405217	-6.045372281230703e-12
27.78267048434672	-5.888195118207629e-12
27.81024646464127	-5.735120465405447e-12
27.83782244493582	-5.586036015725958e-12
27.86539842523037	-5.440847294224661e-12
27.89297440552492	-5.299447426484972e-12
27.92055038581947	-5.161737149953978e-12
27.94812636611402	-5.027619808699059e-12
27.97570234640857	-4.89700128816919e-12
28.00327832670312	-4.769789955119863e-12
28.03085430699767	-4.645896623767871e-12
28.05843028729223	-4.525235381520283e-12
28.08600626758678	-4.407717693230117e-12
28.11358224788133	-4.293262548320328e-12
28.14115822817588	-4.181794974540963e-12
28.16873420847043	-4.073233481266723e-12
28.19631018876498	-3.967501994517727e-12
28.22388616905953	-3.864526434902293e-12
28.25146214935408	-3.764234665212043e-12
28.27903812964863	-3.666556435143498e-12
28.30661410994318	-3.571423299824703e-12
28.33419009023773	-3.47876760967504e-12
28.36176607053228	-3.388528832040803e-12
28.38934205082683	-3.300635423455473e-12
28.41691803112138	-3.215034790413435e-12
28.44449401141593	-3.131663658446129e-12
28.47206999171048	-3.050463715645656e-12
28.49964597200503	-2.971378178594229e-12
28.52722195229958	-2.894351753405027e-12
28.55479793259413	-2.819330597646103e-12
28.58237391288868	-2.74626228313522e-12
28.60994989318323	-2.675095759592573e-12
28.63752587347778	-2.6057813191372e-12
28.66510185377233	-2.538267596709218e-12
28.69267783406688	-2.472513621454048e-12
28.72025381436143	-2.408470561413594e-12
28.74782979465598	-2.346093739518675e-12
28.77540577495053	-2.285339665244304e-12
28.80298175524508	-2.22616601795224e-12
28.83055773553963	-2.168531646529741e-12
28.85813371583418	-2.112396612412607e-12
28.88570969612873	-2.057722374473619e-12
28.91328567642328	-2.00447260120311e-12
28.94086165671783	-1.952557591201291e-12
28.96843763701238	-1.902040016683012e-12
28.99601361730693	-1.852833206641694e-12
29.02358959760148	-1.804904269174813e-12
29.05116557789603	-1.758220321104289e-12
29.07874155819058	-1.712749075652314e-12
29.10631753848513	-1.668458988140504e-12
29.13389351877968	-1.625319293564001e-12
29.16146949907423	-1.583300010021743e-12
29.18904547936878	-1.542371929499584e-12
29.21662145966333	-1.502504908123926e-12
29.24419743995788	-1.463674850815809e-12
29.27177342025243	-1.425852972789967e-12
29.29934940054698	-1.389012977780509e-12
29.32692538084153	-1.353129257046321e-12
29.35450136113608	-1.318176871942498e-12
29.38207734143063	-1.284131536882046e-12
29.40965332172518	-1.250969602683544e-12
29.43722930201973	-1.218668040300128e-12
29.46480528231428	-1.187204424924976e-12
29.49238126260883	-1.156555790404645e-12
29.51995724290338	-1.126703258227367e-12
29.54753322319793	-1.097624956834321e-12
29.57510920349248	-1.069300711837613e-12
29.60268518378703	-1.04171087584104e-12
29.63026116408158	-1.014836315103452e-12
29.65783714437613	-9.886583964986309e-13
29.68541312467068	-9.631589747685778e-13
29.71298910496523	-9.38320380066637e-13
29.74056508525978	-9.141254057865489e-13
29.76814106555433	-8.905564241980461e-13
29.79571704584888	-8.675989612316786e-13
29.82329302614343	-8.452362268808763e-13
29.85086900643798	-8.234527395407454e-13
29.87844498673253	-8.022334216795772e-13
29.90602096702708	-7.815635896439687e-13
29.93359694732163	-7.614289436935642e-13
29.96117292761618	-7.418155582652381e-13
29.98874890791073	-7.227098724675159e-13
30.01632488820528	-7.040986808079905e-13
30.04390086849983	-6.859682376808372e-13
30.07147684879438	-6.683078309214217e-13
30.09905282908893	-6.511044059320143e-13
30.12662880938348	-6.34346100784258e-13
30.15420478967803	-6.180214166249809e-13
30.18178076997258	-6.021196433472455e-13
30.20935675026713	-5.866245373263726e-13
30.23693273056168	-5.715353464751194e-13
30.26450871085623	-5.568349330409599e-13
30.29208469115078	-5.425143795107105e-13
30.31966067144533	-5.285636745762728e-13
30.34723665173988	-5.149736529436176e-13
30.37481263203443	-5.017348605121731e-13
30.40238861232898	-4.888381778444827e-13
30.42996459262353	-4.762747240808902e-13
30.45754057291808	-4.64035851845812e-13
30.48511655321263	-4.521131430951046e-13
30.51269253350718	-4.404984069947227e-13
30.54026851380173	-4.291836829818785e-13
30.56784449409628	-4.181612599584244e-13
30.59542047439083	-4.074151679098974e-13
30.62299645468539	-3.969556560181505e-13
30.65057243497994	-3.867654440249028e-13
30.67814841527449	-3.768379743164917e-13
30.70572439556904	-3.671665679639582e-13
30.73330037586359	-3.577446393216561e-13
30.76087635615814	-3.485657448233108e-13
30.78845233645269	-3.396235960710435e-13
30.81602831674724	-3.309120624653458e-13
30.84360429704179	-3.224251701376252e-13
30.87118027733634	-3.141558013700521e-13
30.89875625763089	-3.061008742237064e-13
30.92633223792544	-2.982536304146721e-13
30.95390821821999	-2.906086874015817e-13
30.98148419851454	-2.831608328230998e-13
31.00906017880909	-2.759046052816876e-13
31.03663615910364	-2.688288536346141e-13
31.06421213939819	-2.619491977367378e-13
31.09178811969274	-2.552396801660272e-13
31.11936409998729	-2.487030260251416e-13
31.14694008028184	-2.423350614768153e-13
31.17451606057639	-2.361306641229133e-13
31.20209204087094	-2.30086003050359e-13
31.22966802116549	-2.241969394963475e-13
31.25724400146004	-2.184594406755735e-13
31.28481998175459	-2.128695759045559e-13
31.31239596204914	-2.074235113749263e-13
31.33997194234369	-2.021175011499318e-13
31.36754792263824	-1.969478656244681e-13
31.39512390293279	-1.91910914714143e-13
31.42269988322734	-1.870069916163861e-13
31.45027586352189	-1.822261854185504e-13
31.47785184381644	-1.775681442120003e-13
31.50542782411099	-1.730299320237477e-13
31.53300380440554	-1.686084174277652e-13
31.56057978470009	-1.643005629216732e-13
31.58815576499464	-1.601034192680529e-13
31.61573174528919	-1.560141186767191e-13
31.64330772558374	-1.520298704871365e-13
31.67088370587829	-1.481479581143705e-13
31.69845968617284	-1.443657366031562e-13
31.72603566646739	-1.406806304975724e-13
31.75361164676194	-1.370901318921561e-13
31.78118762705649	-1.335917985994094e-13
31.80876360735104	-1.301832524002933e-13
31.83633958764559	-1.268621773595405e-13
31.86391556794014	-1.236263181953741e-13
31.89149154823469	-1.204734786972714e-13
31.91906752852924	-1.174015201877232e-13
31.94664350882379	-1.144083600251797e-13
31.97421948911834	-1.114919701461713e-13
32.00179546941289	-1.086503756450199e-13
32.02937144970744	-1.05881653389872e-13
32.05694743000199	-1.031839306739445e-13
32.08452341029654	-1.005553839010008e-13
32.11209939059109	-9.799423730415358e-14
32.13967537088564	-9.549876169714344e-14
32.16725135118019	-9.306727325727456e-14
32.19482733147474	-9.069813233922767e-14
32.22240331176929	-8.838974231897827e-14
