0
1000	105.6583745	100000000000000.1
5	0	0	1
5	0	0	0
4.673998997513734	1.557449065864235e-09
4.701574977808284	4.752979029953495e-09
4.729150958102834	7.622040713408556e-09
4.756726938397384	9.743059679270142e-09
4.784302918691934	1.085294644960116e-08
4.811878898986484	1.229561139246612e-08
4.839454879281035	2.248144043959101e-08
4.867030859575585	4.178928218789725e-08
4.894606839870135	6.825606109958651e-08
4.922182820164685	9.933701263625623e-08
4.949758800459235	1.320855345053606e-07
4.977334780753785	1.634923120840703e-07
5.004910761048335	1.905155902531778e-07
5.032486741342885	2.10571287736627e-07
5.060062721637435	2.214025515564837e-07
5.087638701931986	2.228772631297179e-07
5.115214682226536	2.236757963738153e-07
5.142790662521086	2.25159527224579e-07
5.170366642815636	2.272253462711724e-07
5.197942623110186	2.295681693073451e-07
5.225518603404736	2.320896982545912e-07
5.253094583699286	2.342354416614214e-07
5.280670563993836	2.361792171733253e-07
5.308246544288386	2.374510806768577e-07
5.335822524582936	2.381395880419899e-07
5.363398504877487	2.420192681884244e-07
5.390974485172037	2.758055769575252e-07
5.418550465466587	3.532107151142667e-07
5.446126445761137	4.857441138791436e-07
5.473702426055687	6.858619491153264e-07
5.501278406350237	9.750920143034532e-07
5.528854386644787	1.368924977956964e-06
5.556430366939337	1.85475675097519e-06
5.584006347233887	2.461886358726322e-06
5.611582327528438	3.22683400616856e-06
5.639158307822988	4.149378513141477e-06
5.666734288117538	5.241594872180707e-06
5.694310268412088	6.546940140663052e-06
5.721886248706638	8.066119019523639e-06
5.749462229001188	9.812566742280908e-06
5.777038209295738	1.245849494005076e-05
5.804614189590288	1.577348735903132e-05
5.832190169884838	1.931350369767519e-05
5.859766150179389	2.320385591698263e-05
5.887342130473939	2.615641702549052e-05
5.914918110768489	3.007478862401326e-05
5.942494091063039	3.321236183107734e-05
5.970070071357589	3.769110560211495e-05
5.997646051652139	4.140006434931431e-05
6.025222031946689	4.644402547788364e-05
6.052798012241239	5.385232555090971e-05
6.080373992535789	6.18737663160415e-05
6.107949972830339	7.106454373855987e-05
6.13552595312489	7.629112634912293e-05
6.16310193341944	8.645770293101244e-05
6.19067791371399	9.005954910352251e-05
6.21825389400854	9.556236369422876e-05
6.24582987430309	0.0001009539130789244
6.27340585459764	0.0001096941096951582
6.30098183489219	0.0001178834883277191
6.32855781518674	0.0001230018032888311
6.35613379548129	0.0001325945385379964
6.383709775775841	0.0001412050608070402
6.411285756070391	0.0001622579901827592
6.438861736364941	0.0002100833919610964
6.466437716659491	0.0003033042338674749
6.494013696954041	0.0004463441350498397
6.521589677248591	0.0006490696254021117
6.549165657543141	0.0009251706268464476
6.576741637837691	0.001281912547480632
6.604317618132241	0.00176665602197371
6.631893598426791	0.002357103791615518
6.659469578721342	0.003070879491595616
6.687045559015892	0.003903075127771601
6.714621539310442	0.004848548314767836
6.742197519604992	0.00593840211612021
6.769773499899542	0.007175758256639713
6.797349480194092	0.00853056397917203
6.824925460488642	0.01005033547098332
6.852501440783192	0.01172730560322588
6.880077421077742	0.0135420624919418
6.907653401372293	0.0154876818853477
6.935229381666843	0.01764105065301212
6.962805361961393	0.01995480553298021
6.990381342255943	0.02243429974890443
7.017957322550493	0.02509290654804219
7.045533302845043	0.02786526716487835
7.073109283139593	0.03087230029592456
7.100685263434143	0.03402301101539103
7.128261243728693	0.03737149229153964
7.155837224023244	0.04084782538538411
7.183413204317794	0.04453229919370253
7.210989184612344	0.04837230019493733
7.238565164906894	0.05234533128771066
7.266141145201444	0.0565437133905736
7.293717125495994	0.06093499629377774
7.321293105790544	0.06543161027346138
7.348869086085094	0.07012955631913535
7.376445066379644	0.07495848417907915
7.404021046674194	0.08002115792319185
7.431597026968745	0.08525662337831114
7.459173007263295	0.09058483699399038
7.486748987557845	0.09610268236474225
7.514324967852395	0.1017631133237962
7.541900948146945	0.1076479103469859
7.569476928441495	0.1136186422514501
7.597052908736045	0.1198083756060729
7.624628889030595	0.126098458424609
7.652204869325145	0.1325899804051117
7.679780849619696	0.1391795857015353
7.707356829914246	0.1459817651461135
7.734932810208796	0.1528684578709389
7.762508790503346	0.1599722679741564
7.790084770797896	0.1671412055685135
7.817660751092446	0.1744761499665363
7.845236731386996	0.1819686013697508
7.872812711681546	0.1895744026760094
7.900388691976096	0.1973531940795225
7.927964672270646	0.2052246026393066
7.955540652565197	0.2132869177095267
7.983116632859747	0.2213947362103388
8.010692613154298	0.2296530885226312
8.038268593448848	0.2380781163174086
8.065844573743398	0.2465569616764982
8.093420554037948	0.2551712268124391
8.120996534332498	0.2639825968358957
8.148572514627048	0.2728185680395212
8.176148494921598	0.2818401965649281
8.203724475216148	0.2908967662769136
8.231300455510699	0.3000707533854278
8.258876435805249	0.3093864805178448
8.286452416099799	0.3187567943632712
8.314028396394349	0.3282484587801143
8.341604376688899	0.3379200298522408
8.369180356983449	0.3475707739931734
8.396756337277999	0.3573512122254744
8.424332317572549	0.3671910322552314
8.451908297867099	0.3772145548695305
8.47948427816165	0.3872659370603962
8.5070602584562	0.3973906726236508
8.53463623875075	0.4076643286885698
8.5622122190453	0.4178560895721705
8.58978819933985	0.4282616245787956
8.6173641796344	0.4386902682857636
8.64494015992895	0.4491532385348267
8.6725161402235	0.4598997362457315
8.70009212051805	0.4704689565386675
8.7276681008126	0.4814249156682598
8.755244081107151	0.4922452319719072
8.782820061401701	0.5032286687468144
8.810396041696251	0.5140717221810973
8.837972021990801	0.5252776141839021
8.865548002285351	0.5363029777456525
8.893123982579901	0.5475993256986816
8.920699962874451	0.5587933846371076
8.948275943169001	0.5702925221379487
8.975851923463551	0.5815375309819316
9.003427903758102	0.5931256501878075
9.031003884052652	0.6047038889368291
9.058579864347202	0.6162281585256008
9.086155844641752	0.627994936201361
9.113731824936302	0.6396719097997506
9.141307805230852	0.6514993622541605
9.168883785525402	0.6632046062696639
9.196459765819952	0.6752159233631092
9.224035746114502	0.6871702863251538
9.251611726409052	0.6991213038059665
9.279187706703603	0.7112211775868348
9.306763686998153	0.7232574160202419
9.334339667292703	0.7355849728618279
9.361915647587253	0.7478261256146757
9.389491627881803	0.7599904314103435
9.417067608176353	0.7723390574020964
9.444643588470903	0.7846045839297777
9.472219568765453	0.7972278344186136
9.499795549060003	0.809751308126649
9.527371529354554	0.8221975972667872
9.554947509649104	0.8347993041544508
9.582523489943654	0.8474349752249732
9.610099470238204	0.8600180544333308
9.637675450532754	0.8728499462595727
9.665251430827304	0.8854104332888882
9.692827411121854	0.8983638275403307
9.720403391416404	0.9112492064927795
9.747979371710954	0.9240362958069843
9.775555352005505	0.9370712362506224
9.803131332300055	0.9502205941345918
9.830707312594605	0.9630489698681897
9.858283292889155	0.9762769858210221
9.885859273183705	0.9894688812541076
9.913435253478255	1.002680485568188
9.941011233772805	1.015796338075913
9.968587214067355	1.029261406173737
9.996163194361905	1.042628732162637
10.02373917465646	1.05592559877509
10.05131515495101	1.069400948744342
10.07889113524556	1.082906028629679
10.10646711554011	1.096242451485045
10.13404309583466	1.109929899404478
10.16161907612921	1.123671980341072
10.18919505642376	1.137332682425496
10.21677103671831	1.15093907930908
10.24434701701286	1.164779967762505
10.27192299730741	1.178636925399041
10.29949897760196	1.192390642879836
10.32707495789651	1.206362386597867
10.35465093819106	1.220495173049933
10.38222691848561	1.2345534188311
10.40980289878016	1.248481544650171
10.43737887907471	1.262733937391174
10.46495485936926	1.276968136527962
10.49253083966381	1.291241331298458
10.52010681995836	1.305394345831239
10.54768280025291	1.319865679839341
10.57525878054746	1.33447897664678
10.60283476084201	1.349003733675356
10.63041074113656	1.363462757846015
10.65798672143111	1.378169760300196
10.68556270172566	1.392882318455848
10.71313868202021	1.407689342889811
10.74071466231476	1.422306686702442
10.76829064260931	1.437334014071559
10.79586662290386	1.452430417120212
10.82344260319841	1.467518296988559
10.85101858349296	1.482635365640883
10.87859456378751	1.497710944721774
10.90617054408206	1.51304198465586
10.93374652437661	1.528439868128735
10.96132250467116	1.543898941119524
10.98889848496571	1.559307160425181
11.01647446526026	1.575001194749351
11.04405044555481	1.590871037236543
11.07162642584936	1.606686970405412
11.09920240614391	1.622590953543537
11.12677838643846	1.63839553760198
11.15435436673301	1.654548655593931
11.18193034702756	1.670775391119985
11.20950632732211	1.687074544038972
11.23708230761666	1.70348588890425
11.26465828791121	1.719788712821329
11.29223426820576	1.736481719010738
11.31981024850031	1.753394483983169
11.34738622879486	1.770249226918755
11.37496220908941	1.787226241312406
11.40253818938396	1.804187962119593
11.43011416967851	1.821458595832935
11.45769014997306	1.838822785535756
11.48526613026761	1.856288359452979
11.51284211056216	1.873917557732294
11.54041809085671	1.891380181720488
11.56799407115126	1.909407038877336
11.59557005144581	1.927495409236903
11.62314603174036	1.945818897798418
11.65072201203491	1.964186935922483
11.67829799232946	1.982703907076037
11.70587397262401	2.001167033781853
11.73344995291856	2.020069179919609
11.76102593321311	2.039111724223121
11.78860191350766	2.058314734787437
11.81617789380221	2.077698350931249
11.84375387409676	2.097264621766179
11.87132985439131	2.116871341078598
11.89890583468586	2.136898380569589
11.92648181498041	2.15704280546749
11.95405779527496	2.177548522759278
11.98163377556951	2.198069226842453
12.00920975586406	2.218809915861264
12.03678573615861	2.239566049376141
12.06436171645316	2.260861458234055
12.09193769674771	2.282333075211272
12.11951367704226	2.304022768896999
12.14708965733681	2.3259464260177
12.17466563763136	2.34811137539558
12.20224161792591	2.37022493195086
12.22981759822046	2.393044470878621
12.25739357851501	2.416001063303538
12.28496955880956	2.4392514754183
12.31254553910411	2.462948150514827
12.34012151939866	2.486735026149869
12.36769749969321	2.510806789354445
12.39527347998776	2.535056000864124
12.42284946028231	2.559812790341777
12.45042544057686	2.584849178739491
12.47800142087141	2.61018316319566
12.50557740116597	2.63583119788521
12.53315338146052	2.661821406114288
12.56072936175507	2.688123733811743
12.58830534204962	2.714502320808306
12.61588132234417	2.741644795236783
12.64345730263872	2.769100869293819
12.67103328293327	2.796919775765241
12.69860926322782	2.825221604646573
12.72618524352237	2.853786037580925
12.75376122381692	2.882752509475909
12.78133720411147	2.912120934224184
12.80891318440602	2.941645199236167
12.83648916470057	2.97192265428714
12.86406514499512	3.002593018049871
12.89164112528967	3.033652849413786
12.91921710558422	3.065191674930224
12.94679308587877	3.097173691871614
12.97436906617332	3.129640920095328
13.00194504646787	3.162310291499626
13.02952102676242	3.195831216402693
13.05709700705697	3.229772683834282
13.08467298735152	3.264201431636663
13.11224896764607	3.299291879518554
13.13982494794062	3.334749546008683
13.16740092823517	3.370733350772388
13.19497690852972	3.407260237530243
13.22255288882427	3.4442855869093
13.25012886911882	3.481646597976324
13.27770484941337	3.519924530989441
13.30528082970792	3.558723549559236
13.33285681000247	3.598068099934934
13.36043279029702	3.63802007640394
13.38800877059157	3.678559559538156
13.41558475088612	3.71971925584226
13.44316073118067	3.761481041595504
13.47073671147522	3.803450238194398
13.49831269176977	3.846680106390632
13.52588867206432	3.890438276198145
13.55346465235887	3.934811553225275
13.58104063265342	3.979836764530569
13.60861661294797	4.025667296700999
13.63619259324252	4.072070214815888
13.66376857353707	4.119116788966974
13.69134455383162	4.166879129012607
13.71892053412617	4.215353676077516
13.74649651442072	4.264351668500808
13.77407249471527	4.314306905542394
13.80164847500982	4.364939617002932
13.82922445530437	4.416313946358809
13.85680043559892	4.46842593591096
13.88437641589347	4.521283327281527
13.91195239618802	4.574870642965553
13.93952837648257	4.629229977941114
13.96710435677712	4.684370601460012
13.99468033707167	4.740281930727232
14.02225631736622	4.796656391061641
14.04983229766077	4.854215822682951
14.07740827795532	4.912533119887888
14.10498425824987	4.971622609339179
14.13256023854442	5.03151014110464
14.16013621883897	5.092326323090407
14.18771219913352	5.153794008062079
14.21528817942807	5.216101697354136
14.24286415972262	5.279224548461489
14.27044014001717	5.343165681511094
14.29801612031172	5.4075962337386
14.32559210060627	5.473316483040828
14.35316808090082	5.53982347432652
14.38074406119537	5.607113196676257
14.40832004148992	5.675298460933893
14.43589602178447	5.744270238591685
14.46347200207902	5.814079982305008
14.49104798237357	5.884678815924443
14.51862396266812	5.956158157163176
14.54619994296267	6.028485895309892
14.57377592325722	6.101648891212816
14.60135190355177	6.175384575225833
14.62892788384632	6.250308654188207
14.65650386414087	6.326036420468127
14.68407984443542	6.402582267438644
14.71165582472997	6.479953090133983
14.73923180502452	6.558167529271398
14.76680778531907	6.6374322083352
14.79438376561362	6.717309485891812
14.82195974590817	6.798010516512988
14.84953572620272	6.879540021750104
14.87711170649727	6.96187931166862
14.90468768679182	7.045050502844795
14.93226366708637	7.128683350523635
14.95983964738092	7.213595307411294
14.98741562767547	7.299232117315181
15.01499160797002	7.385688888667453
15.04256758826457	7.472942156410566
15.07014356855912	7.560961904985382
15.09771954885368	7.649786332737216
15.12529552914823	7.739392509084145
15.15287150944278	7.829783403987698
15.18044748973733	7.920953811198321
15.20802347003188	8.012885717234317
15.23559945032643	8.10557603706242
15.26317543062098	8.198515350785607
15.29075141091553	8.292914963224908
15.31832739121008	8.387959604311359
15.34590337150463	8.483698215257611
15.37347935179918	8.580148381979356
15.40105533209373	8.677279577298878
15.42863131238828	8.775149969566638
15.45620729268283	8.873957588764615
15.48378327297738	8.973229332913869
15.51135925327193	9.073186573627428
15.53893523356648	9.173781981280795
15.56651121386103	9.275078193712618
15.59408719415558	9.377063406697145
15.62166317445013	9.47971501800526
15.64923915474468	9.582775704400081
15.67681513503923	9.686829932776529
15.70439111533378	9.791477771532964
15.73196709562833	9.896729361825725
15.75954307592288	10.00258771647067
15.78711905621743	10.10907031918562
15.81469503651198	10.21615733187974
15.84227101680653	10.32385593727846
15.86984699710108	10.43215004783659
15.89742297739563	10.54102698725034
15.92499895769018	10.65046651223757
15.95257493798473	10.7604789635471
15.98015091827928	10.87106191810213
16.00772689857383	10.98220682466741
16.03530287886838	11.0933447752861
16.06287885916293	11.20574982034202
16.09045483945748	11.31856766911358
16.11803081975203	11.43186086003531
16.14560680004658	11.54566669588596
16.17318278034113	11.65991578815764
16.20075876063568	11.77469702834698
16.22833474093023	11.8899776143679
16.25591072122478	12.00589847647962
16.28348670151933	12.12213278836853
16.31106268181388	12.23883316907933
16.33863866210843	12.35595646909499
16.36621464240298	12.47356363079257
16.39379062269753	12.5916154387811
16.42136660299208	12.71007020803292
16.44894258328663	12.82904045098499
16.47651856358118	12.94792865826033
16.50409454387573	13.0678223212397
16.53167052417028	13.18805596627985
16.55924650446483	13.30866946540208
16.58682248475938	13.42967080994785
16.61439846505393	13.55104490120652
16.64197444534848	13.67280120132438
16.66955042564303	13.79492184848474
16.69712640593758	13.91741685653482
16.72470238623213	14.04027681641771
16.75227836652668	14.16346136206642
16.77985434682123	14.28703296853302
16.80743032711578	14.41095380139912
16.83500630741033	14.53522519373912
16.86258228770488	14.65979549072848
16.89015826799943	14.78473099767193
16.91773424829398	14.90999320844131
16.94531022858853	15.0353049519111
16.97288620888308	15.1612769945656
17.00046218917763	15.28751156964292
17.02803816947218	15.41404196739272
17.05561414976673	15.54087189781217
17.08319013006128	15.6679894625446
17.11076611035583	15.79539357744708
17.13834209065038	15.92307889689025
17.16591807094493	16.05104230927697
17.19349405123948	16.17955353914883
17.22107003153403	16.30806341569176
17.24864601182858	16.43683842510291
17.27622199212313	16.56586487182274
17.30379797241768	16.69515362537355
17.33137395271223	16.82469984882695
17.35894993300678	16.95449198984798
17.38652591330133	17.0845272794229
17.41410189359588	17.21480784187845
17.44167787389043	17.34479117449812
17.46925385418498	17.47568033787666
17.49682983447953	17.60673315597925
17.52440581477408	17.73798867816786
17.55198179506863	17.86945599018442
17.57955777536318	18.00112548808053
17.60713375565773	18.13300782305507
17.63470973595228	18.26504274180609
17.66228571624683	18.39735138281584
17.68986169654139	18.52985676797015
17.71743767683594	18.66256408348963
17.74501365713049	18.79547834172562
17.77258963742504	18.92858433963432
17.80016561771959	19.06191105851794
17.82774159801414	19.19540090587957
17.85531757830869	19.3290900313669
17.88289355860324	19.46296065989918
17.91046953889779	19.59700514195692
17.93804551919234	19.7312383249917
17.96562149948689	19.86564646144329
17.99319747978144	19.99980396788815
18.02077346007599	20.13470325416459
18.04834944037054	20.26972541145643
18.07592542066509	20.40489941147558
18.10350140095964	20.54022533954636
18.13107738125419	20.67571010591594
18.15865336154874	20.81136671237312
18.18622934184329	20.94716755735372
18.21380532213784	21.08311087910113
18.24138130243239	21.21923206455994
18.26895728272694	21.35580829714945
18.29653326302149	21.49224792057433
18.32410924331604	21.62883182830297
18.35168522361059	21.76556843955072
18.37926120390514	21.90245368409135
18.40683718419969	22.03949829899176
18.43441316449424	22.17668284587184
18.46198914478879	22.31400956678218
18.48956512508334	22.4514874900161
18.51714110537789	22.58910236932314
18.54471708567244	22.72679113991441
18.57229306596699	22.86432422041848
18.59986904626154	23.00246457626381
18.62744502655609	23.14069538008221
18.65502100685064	23.27903718926606
18.68259698714519	23.41751287276273
18.71017296743974	23.55609473442478
18.73774894773429	23.69481712558926
18.76532492802884	23.83366905241063
18.79290090832339	23.97261109721448
18.82047688861794	24.11171321387945
18.84805286891249	24.25094355556651
18.87562884920704	24.39029866647953
18.90320482950159	24.52977987052354
18.93078080979614	24.66938852049454
18.95835679009069	24.80910560104894
18.98593277038524	24.94896075847982
19.01350875067979	25.08894425594784
19.04108473097434	25.22904337665561
19.06866071126889	25.3692688578857
19.09623669156344	25.5095770194381
19.12381267185799	25.65003788757394
19.15138865215254	25.79061921165744
19.17896463244709	25.93131698596447
19.20654061274164	26.07140571450294
19.23411659303619	26.21257583356668
19.26169257333074	26.35374938901007
19.28926855362529	26.49499386366049
19.31684453391984	26.63632798674534
19.34442051421439	26.77776173163813
19.37199649450894	26.91931719035709
19.39957247480349	27.06097967404201
19.42714845509804	27.20275372361148
19.45472443539259	27.34463973697083
19.48230041568714	27.48664005299385
19.50987639598169	27.62875201802981
19.53745237627624	27.77097494112961
19.56502835657079	27.91342913152844
19.59260433686534	28.0559176164673
19.62018031715989	28.19847294578939
19.64775629745444	28.34113705740476
19.67533227774899	28.48390896795307
19.70290825804354	28.62678706409394
19.73048423833809	28.76977611574682
19.75806021863264	28.91287322710157
19.78563619892719	29.05608253825443
19.81321217922174	29.1994009789903
19.84078815951629	29.34283172642161
19.86836413981084	29.48637202810985
19.89594012010539	29.63001269206275
19.92351610039994	29.77308262769005
19.95109208069449	29.91713443278108
19.97866806098904	30.06120618293876
20.00624404128359	30.20534622857055
20.03382002157814	30.34957331207397
20.06139600187269	30.49389861240109
20.08897198216724	30.63828288834928
20.11654796246179	30.78280805682287
20.14412394275634	30.92743357743897
20.17169992305089	31.07217023444433
20.19927590334544	31.21698695137229
20.22685188363999	31.36192413539649
20.25442786393454	31.50696671511131
20.2820038442291	31.65211331753234
20.30957982452365	31.79736966505159
20.3371558048182	31.94272690815883
20.36473178511275	32.0881878336951
20.3923077654073	32.23375494723552
20.41988374570185	32.37942989176788
20.4474597259964	32.52516807278408
20.47503570629095	32.67104965964734
20.5026116865855	32.81703513072256
20.53018766688005	32.96311150755126
20.5577636471746	33.10931516084521
20.58533962746915	33.25561791870422
20.6129156077637	33.40202656224906
20.64049158805825	33.54854196238804
20.6680675683528	33.69515789504304
20.69564354864735	33.84188795131831
20.7232195289419	33.98835732919451
20.75079550923645	34.13530459312196
20.778371489531	34.28240119080047
20.80594746982555	34.42958436365056
20.8335234501201	34.57687112696942
20.86109943041465	34.72425005133966
20.8886754107092	34.87173361710833
20.91625139100375	35.01933037998927
20.9438273712983	35.16702124454088
20.97140335159285	35.31481526367301
20.9989793318874	35.46271565876027
21.02655531218195	35.61072005633872
21.0541312924765	35.75883181352683
21.08170727277105	35.90706295596112
21.1092832530656	36.05540822738656
21.13685923336015	36.20422222273815
21.1644352136547	36.35278209076132
21.19201119394925	36.50145003006402
21.2195871742438	36.65020094843618
21.24716315453835	36.79908193281016
21.2747391348329	36.94806924886699
21.30231511512745	37.09717825986984
21.329891095422	37.2463892400329
21.35746707571655	37.39570012193467
21.3850430560111	37.54512303078298
21.41261903630565	37.69465901161085
21.4401950166002	37.84430389551599
21.46777099689475	37.99405362011137
21.4953469771893	38.14390837797669
21.52292295748385	38.29388333152679
21.5504989377784	38.44396791984721
21.57807491807295	38.59344920475205
21.6056508983675	38.74391345273541
21.63322687866205	38.89443116392007
21.6608028589566	39.04502219137636
21.68837883925115	39.19569517845339
21.7159548195457	39.34647625702468
21.74353079984025	39.49736122336427
21.7711067801348	39.64835757328711
21.79868276042935	39.79945343643195
21.8262587407239	39.95065966043156
21.85383472101845	40.10193197939205
21.881410701313	40.25343816560422
21.90898668160755	40.4049757874546
21.9365626619021	40.55662279047467
21.96413864219665	40.70838476864366
21.9917146224912	40.86026298203227
22.01929060278575	41.01224397710311
22.0468665830803	41.16434436656509
22.07444256337485	41.31655248828848
22.1020185436694	41.46888793857526
22.12959452396395	41.62132649262564
22.1571705042585	41.77379723129664
22.18474648455305	41.92646658517413
22.2123224648476	42.07924708927276
22.23989844514215	42.23214301326559
22.2674744254367	42.38515299003236
22.29505040573125	42.53827902800662
22.3226263860258	42.6915294109706
22.35020236632035	42.84488896863929
22.3777783466149	42.99836796872795
22.40535432690945	43.15196109261457
22.432930307204	43.3056672938261
22.46050628749855	43.45949404280601
22.4880822677931	43.61343977888147
22.51565824808765	43.76750437971343
22.5432342283822	43.92084662508233
22.57081020867675	44.07533779708937
22.5983861889713	44.22986871271873
22.62596216926585	44.38447929189842
22.6535381495604	44.53918531965454
22.68111412985495	44.69399875067619
22.7086901101495	44.84892534938088
22.73626609044405	45.00396906688416
22.7638420707386	45.15912417917745
22.79141805103315	45.31439659804752
22.8189940313277	45.46978918596734
22.84657001162225	45.62529903438256
22.87414599191681	45.78091926373171
22.90172197221136	45.93667513010332
22.92929795250591	46.09254528193644
22.95687393280046	46.24854075791734
22.98444991309501	46.40465436562346
23.01202589338956	46.56089932582531
23.03960187368411	46.71726019211172
23.06717785397866	46.87414837618432
23.09475383427321	47.03075836600155
23.12232981456776	47.18749148763619
23.14990579486231	47.34434820601595
23.17748177515686	47.50133020818526
23.20505775545141	47.65844505057915
23.23263373574596	47.81567059691734
23.26020971604051	47.97302420646952
23.28778569633506	48.13051866357969
23.31536167662961	48.28813519909203
23.34293765692416	48.44587686340771
23.37051363721871	48.60375909153479
23.39808961751326	48.76175466753762
23.42566559780781	48.91988215188297
23.45324157810236	49.07813644726604
23.48081755839691	49.23650150788057
23.50839353869146	49.39501268233917
23.53596951898601	49.55365785280744
23.56354549928056	49.71242669052485
23.59112147957511	49.87132524313252
23.61869745986966	50.02979694137084
23.64627344016421	50.18910173755962
23.67384942045876	50.34848303916205
23.70142540075331	50.50796192968238
23.72900138104786	50.66755583017471
23.75657736134241	50.82727264811317
23.78415334163696	50.98711594140197
23.81172932193151	51.14702515417434
23.83930530222606	51.30712814005172
23.86688128252061	51.46735948393448
23.89445726281516	51.62772113807814
23.92203324310971	51.78821510672596
23.94960922340426	51.94884386712275
23.97718520369881	52.1096059383857
24.00476118399336	52.27051018247644
24.03233716428791	52.43154131360405
24.05991314458246	52.59270708620518
24.08748912487701	52.75396180380473
24.11506510517156	52.91539938336571
24.14264108546611	53.07697970989084
24.17021706576066	53.23868871673118
24.19779304605521	53.40053632903948
24.22536902634976	53.56252408747133
24.25294500664431	53.72464510911772
24.28052098693886	53.88691666250481
24.30809696723341	54.04931819709506
24.33567294752796	54.21184041318664
24.36324892782251	54.3745200070037
24.39082490811706	54.53734060206081
24.41840088841161	54.70030867294512
24.44597686870616	54.86341024742589
24.47355284900071	55.02665291696368
24.50112882929526	55.19004042349673
24.52870480958981	55.35357694143929
24.55628078988436	55.51724891762214
24.58385677017891	55.68106154812962
24.61143275047346	55.84501604048297
24.63900873076801	56.00911862930935
24.66658471106256	56.17336327021498
24.69416069135711	56.33774824108925
24.72173667165166	56.50228519889827
24.74931265194621	56.66696333456726
24.77688863224076	56.83179422654933
24.80446461253531	56.99676528616732
24.83204059282986	57.16188708137844
24.85961657312441	57.32636751591958
24.88719255341896	57.4919509178844
24.91476853371351	57.65762270091778
24.94234451400806	57.82341232253442
24.96992049430261	57.98937444928603
24.99749647459716	58.15534564490171
25.02507245489171	58.32162997652937
25.05264843518626	58.48797196237146
25.08022441548081	58.65445976581699
25.10780039577536	58.82110390576169
25.13537637606991	58.98788695524695
25.16295235636446	59.15482017736292
25.19052833665901	59.32191144469012
25.21810431695356	59.48914730837336
25.24568029724811	59.65653470108301
25.27325627754266	59.82407628077093
25.30083225783721	59.99171617439409
25.32840823813176	60.15956058895765
25.35598421842631	60.32755564409958
25.38356019872086	60.49571375619363
25.41113617901541	60.66402295121143
25.43871215930996	60.83248703988785
25.46628813960452	61.00110837677479
25.49386411989907	61.16988399934314
25.52144010019362	61.33910603686927
25.54901608048817	61.50819882007104
25.57659206078272	61.67745223642477
25.60416804107727	61.84686194327802
25.63174402137182	62.01643056087315
25.65932000166637	62.1861589287783
25.68689598196092	62.35602520112311
25.71447196225547	62.52607438280409
25.74204794255002	62.69628179442709
25.76962392284457	62.86665210600535
25.79719990313912	63.03718633178708
25.82477588343367	63.20778254710601
25.85235186372822	63.37864306362292
25.87992784402277	63.54966255618135
25.90750382431732	63.72084662337196
25.93507980461187	63.89216452535413
25.96265578490642	64.06368038482771
25.99023176520097	64.23535818989174
26.01780774549552	64.40720244175542
26.04538372579007	64.57919520791002
26.07295970608462	64.75137633641975
26.10053568637917	64.92372499446341
26.12811166667372	65.09624462293604
26.15568764696827	65.26895020560646
26.18326362726282	65.44182164459865
26.21083960755737	65.61486657077612
26.23841558785192	65.78711535188907
26.26599156814647	65.96072253001221
26.29356754844102	66.13441899713104
26.32114352873557	66.30825539488077
26.34871950903012	66.48223490902106
26.37629548932467	66.65638039643788
26.40387146961922	66.83069137327415
26.43144744991377	67.0051631788217
26.45902343020832	67.17980390258678
26.48659941050287	67.35461326745333
26.51417539079742	67.52959431463779
26.54175137109197	67.70474565981583
26.56932735138652	67.8800715161005
26.59690333168107	68.05557162817077
26.62447931197562	68.23125206782017
26.65205529227017	68.40711094884459
26.67963127256472	68.58314539770718
26.70720725285927	68.75935906810793
26.73478323315382	68.93575602126602
26.76235921344837	69.11233496619943
26.78993519374292	69.28909497303505
26.81751117403747	69.46603505401821
26.84508715433202	69.64315249758789
26.87266313462657	69.82045665434528
26.90023911492112	69.9979535055044
26.92781509521567	70.17563566947096
26.95539107551022	70.35350358391676
26.98296705580477	70.53155766868041
27.01054303609932	70.70979886915157
27.03811901639387	70.88822758055373
27.06569499668842	71.06684366566716
27.09327097698297	71.24564753373407
27.12084695727752	71.42463960728617
27.14842293757207	71.60381138989251
27.17599891786662	71.78317048087982
27.20357489816117	71.96272623664044
27.23115087845572	72.14247558406841
27.25872685875027	72.32241785186071
27.28630283904482	72.50255194100809
27.31387881933937	72.68287614316505
27.34145479963392	72.86339424980039
27.36903077992847	73.04410852153424
27.39660676022302	73.22501911635734
27.42418274051757	73.4061191612351
27.45175872081212	73.58741994513652
27.47933470110667	73.76891574291395
27.50691068140122	73.9506156287143
27.53448666169577	74.13251443995011
27.56206264199032	74.31461536859508
27.58963862228487	74.49691730364412
27.61721460257942	74.67942138595029
27.64479058287397	74.86213414083298
27.67236656316852	75.04503758426029
27.69994254346307	75.2281467803321
27.72751852375762	75.41146283720214
27.75509450405217	75.59497246840901
27.78267048434672	75.7786853419386
27.81024646464127	75.96260508878026
27.83782244493582	76.14607300506965
27.86539842523037	76.33054602003016
27.89297440552492	76.5151689687157
27.92055038581947	76.6999802455733
27.94812636611402	76.88498401132757
27.97570234640857	77.0701866027768
28.00327832670312	77.2555878319162
28.03085430699767	77.44119462932431
28.05843028729223	77.62701131600438
28.08600626758678	77.81302134285237
28.11358224788133	77.99925583956752
28.14115822817588	78.18570127307407
28.16873420847043	78.37236458270803
28.19631018876498	78.55918318901877
28.22388616905953	78.74627216658241
28.25146214935408	78.93357655408279
28.27903812964863	79.12109377049042
28.30661410994318	79.30883362283568
28.33419009023773	79.49667732953836
28.36176607053228	79.68485342636454
28.38934205082683	79.87324834741015
28.41691803112138	80.06186681711814
28.44449401141593	80.25070599654595
28.47206999171048	80.43976847719314
28.49964597200503	80.62904094876653
28.52722195229958	80.81854902758847
28.55479793259413	81.00828457565889
28.58237391288868	81.19824052479542
28.60994989318323	81.3884282443353
28.63752587347778	81.57884301242142
28.66510185377233	81.76948347932333
28.69267783406688	81.96035440411617
28.72025381436143	82.15198099394306
28.74782979465598	82.343316167064
28.77540577495053	82.53487899634521
28.80298175524508	82.72667240146131
28.83055773553963	82.9187021256792
28.85813371583418	83.1109624170751
28.88570969612873	83.30345652645178
28.91328567642328	83.49619093804094
28.94086165671783	83.68915789733281
28.96843763701238	83.88235877594663
28.99601361730693	84.07580058882512
29.02358959760148	84.26948132670599
29.05116557789603	84.4633390356704
29.07874155819058	84.65743820844966
29.10631753848513	84.85183533703976
29.13389351877968	85.0464735029594
29.16146949907423	85.24136207702618
29.18904547936878	85.43648188393941
29.21662145966333	85.63184526619003
29.24419743995788	85.82745981877153
29.27177342025243	86.0233148501067
29.29934940054698	86.21941506606061
29.32692538084153	86.41577963413873
29.35450136113608	86.61237967273826
29.38207734143063	86.80923031268544
29.40965332172518	87.00629057248418
29.43722930201973	87.20363996586246
29.46480528231428	87.40124247574548
29.49238126260883	87.59905550718449
29.51995724290338	87.79718793750666
29.54753322319793	87.99560085122461
29.57510920349248	88.19421810084391
29.60268518378703	88.39309410883942
29.63026116408158	88.59222811293645
29.65783714437613	88.79161665383037
29.68541312467068	88.99009014459625
29.71298910496523	89.19019406260944
29.74056508525978	89.39052980490688
29.76814106555433	89.591080291179
29.79571704584888	89.79186581320533
29.82329302614343	89.99289235665275
29.85086900643798	90.19416856985021
29.87844498673253	90.39570728242286
29.90602096702708	90.59750458811519
29.93359694732163	90.79955480508306
29.96117292761618	91.00187772883407
29.98874890791073	91.2044684113352
30.01632488820528	91.4073378689919
30.04390086849983	91.61040783604045
30.07147684879438	91.81383972694358
30.09905282908893	92.01753225880502
30.12662880938348	92.22149991065905
30.15420478967803	92.42574010144409
30.18178076997258	92.63026160323194
30.20935675026713	92.83506562865254
30.23693273056168	93.0401390542755
30.26450871085623	93.2454944090495
30.29208469115078	93.45112820432497
30.31966067144533	93.65704300197683
30.34723665173988	93.86324490464953
30.37481263203443	94.0696916200778
30.40238861232898	94.27646694764451
30.42996459262353	94.48352095626615
30.45754057291808	94.690863773488
30.48511655321263	94.8984937153335
30.51269253350718	95.1064147450989
30.54026851380173	95.31460026520698
30.56784449409628	95.52310265564408
30.59542047439083	95.73189686328261
30.62299645468539	95.94100698578389
30.65057243497994	96.15039595750676
30.67814841527449	96.36008596078167
30.70572439556904	96.57001040451397
30.73330037586359	96.78030948412321
30.76087635615814	96.99082892572179
30.78845233645269	97.20171457968006
30.81602831674724	97.41289337526591
30.84360429704179	97.62438146294265
30.87118027733634	97.83618387846175
30.89875625763089	98.04827918152391
30.92633223792544	98.26068390276576
30.95390821821999	98.473333752806
30.98148419851454	98.6863565022818
31.00906017880909	98.89969192655309
31.03663615910364	99.11333273698474
31.06421213939819	99.32723481264007
31.09178811969274	99.54146902024891
31.11936409998729	99.75605236438041
31.14694008028184	99.97096278952412
31.17451606057639	100.1861782715414
31.20209204087094	100.4017145934184
31.22966802116549	100.6175741669932
31.25724400146004	100.8337541889239
31.28481998175459	101.050252219171
31.31239596204914	101.2670826117592
31.33997194234369	101.4842329970276
31.36754792263824	101.7017068246358
31.39512390293279	101.9195218407666
31.42269988322734	102.1375570985104
31.45027586352189	102.3560290698483
31.47785184381644	102.5747305977941
31.50542782411099	102.793860503287
31.53300380440554	103.01331846232
31.56057978470009	103.2331102153921
31.58815576499464	103.4532999867599
31.61573174528919	103.6737594315081
31.64330772558374	103.8945673138947
31.67088370587829	104.115715155944
31.69845968617284	104.337196876341
31.72603566646739	104.5590353961608
31.75361164676194	104.7811649960199
31.78118762705649	105.0036323073009
31.80876360735104	105.226513359943
31.83633958764559	105.4497323013109
31.86391556794014	105.6720445876046
31.89149154823469	105.896205807969
31.91906752852924	106.1206796060489
31.94664350882379	106.3454166739818
31.97421948911834	106.5704923582686
32.00179546941289	106.795905518967
32.02937144970744	107.0216593535111
32.05694743000199	107.2477636001429
32.08452341029654	107.4742256708639
32.11209939059109	107.7010063224399
32.13967537088564	107.9281944791099
32.16725135118019	108.1556440168771
32.19482733147474	108.3835499122925
32.22240331176929	108.6118199782002
0
1000	105.6583745	100000000000000.1
5	0	0	1
5	0	0	0
4.673998997513734	-1.079045761814636e-09
4.701574977808284	-1.025462726112828e-09
4.729150958102834	-8.178511125755205e-10
4.756726938397384	-5.126774930933255e-10
4.784302918691934	-1.694464068857557e-10
4.811878898986484	-1.530333902406005e-09
4.839454879281035	-4.305824466185598e-09
4.867030859575585	-6.4959366750832e-09
4.894606839870135	-7.939710151895635e-09
4.922182820164685	-8.564119746749513e-09
4.949758800459235	-8.370677005106314e-09
4.977334780753785	-7.42128166713834e-09
5.004910761048335	-5.82471850697383e-09
5.032486741342885	-3.724438021425306e-09
5.060062721637435	-1.287844285826192e-09
5.087638701931986	-9.208816296970806e-11
5.115214682226536	-2.559110006525236e-10
5.142790662521086	-3.822013354236822e-10
5.170366642815636	-4.618769639678541e-10
5.197942623110186	-4.902305812850809e-10
5.225518603404736	-4.673699332754428e-10
5.253094583699286	-3.985515342909915e-10
5.280670563993836	-2.944251148059068e-10
5.308246544288386	-1.712033133487125e-10
5.335822524582936	-5.076882497637112e-11
5.363398504877487	-2.63231393978965e-09
5.390974485172037	-8.888003317771278e-09
5.418550465466587	-1.654256293029527e-08
5.446126445761137	-2.569803980372514e-08
5.473702426055687	-3.633688191760606e-08
5.501278406350237	-5.084605892063094e-08
5.528854386644787	-6.310890029164523e-08
5.556430366939337	-7.614336502466724e-08
5.584006347233887	-9.277081762555755e-08
5.611582327528438	-1.107498723051676e-07
5.639158307822988	-1.299796296900878e-07
5.666734288117538	-1.503314276610595e-07
5.694310268412088	-1.716329374391887e-07
5.721886248706638	-1.937028348432319e-07
5.749462229001188	-2.163385464949942e-07
5.777038209295738	-3.653859790000047e-07
5.804614189590288	-3.773809567950719e-07
5.832190169884838	-3.784535029316702e-07
5.859766150179389	-3.694100433600424e-07
5.887342130473939	-3.516117802929594e-07
5.914918110768489	-3.478922003689473e-07
5.942494091063039	-3.624025331448024e-07
5.970070071357589	-3.751929842862014e-07
5.997646051652139	-3.862751899518373e-07
6.025222031946689	-3.956970979065342e-07
6.052798012241239	-7.788150990347059e-07
6.080373992535789	-7.302232869048796e-07
6.107949972830339	-6.540571061532985e-07
6.13552595312489	-5.614633818305891e-07
6.16310193341944	-4.665088048653385e-07
6.19067791371399	-4.263016352354724e-07
6.21825389400854	-4.321558923871375e-07
6.24582987430309	-4.37935090124128e-07
6.27340585459764	-4.511293173849825e-07
6.30098183489219	-6.552629979037158e-07
6.32855781518674	-4.570812505013936e-07
6.35613379548129	-4.62770469362213e-07
6.383709775775841	-5.184352808085008e-07
6.411285756070391	-2.073424402405551e-06
6.438861736364941	-4.057621108746925e-06
6.466437716659491	-6.487853420827376e-06
6.494013696954041	-9.345157205600682e-06
6.521589677248591	-1.261619365397573e-05
6.549165657543141	-1.628059016451017e-05
6.576741637837691	-2.031106465039538e-05
6.604317618132241	-2.677655580029366e-05
6.631893598426791	-3.123719311051066e-05
6.659469578721342	-3.576603454634139e-05
6.687045559015892	-4.032905680698414e-05
6.714621539310442	-4.489466215753351e-05
6.742197519604992	-4.943366364071342e-05
6.769773499899542	-5.391923220354164e-05
6.797349480194092	-5.832687351987798e-05
6.824925460488642	-6.263439036393625e-05
6.852501440783192	-6.682184734766582e-05
6.880077421077742	-7.08012717314185e-05
6.907653401372293	-7.470413360035986e-05
6.935229381666843	-7.844621368323198e-05
6.962805361961393	-8.201561004021258e-05
6.990381342255943	-8.54022141714313e-05
7.017957322550493	-8.859768094441906e-05
7.045533302845043	-9.159539882973777e-05
7.073109283139593	-9.439046049405747e-05
7.100685263434143	-9.697963379129131e-05
7.128261243728693	-9.936133318496454e-05
7.155837224023244	-0.0001012779959012246
7.183413204317794	-0.0001032701225051214
7.210989184612344	-0.0001050811376740124
7.238565164906894	-0.0001067133547716755
7.266141145201444	-0.0001081695315531837
7.293717125495994	-0.0001094528620675566
7.321293105790544	-0.0001105669687897435
7.348869086085094	-0.0001115158949721359
7.376445066379644	-0.0001123040972065397
7.404021046674194	-0.0001129364381881758
7.431597026968745	-0.000113318929121425
7.459173007263295	-0.0001136648498433353
7.486748987557845	-0.0001138801553803667
7.514324967852395	-0.0001139703359583601
7.541900948146945	-0.0001139408436612106
7.569476928441495	-0.000113797092856222
7.597052908736045	-0.0001135444606430879
7.624628889030595	-0.0001131882873218452
7.652204869325145	-0.000112733876875858
7.679780849619696	-0.0001121864974664639
7.707356829914246	-0.000111521024799303
7.734932810208796	-0.0001108061651317311
7.762508790503346	-0.000110016465473206
7.790084770797896	-0.0001091567714889964
7.817660751092446	-0.0001082317702279754
7.845236731386996	-0.000107245992631658
7.872812711681546	-0.0001062038159881929
7.900388691976096	-0.0001051094663333328
7.927964672270646	-0.000103967020800071
7.955540652565197	-0.0001027804099183298
7.983116632859747	-0.0001015554185390577
8.010692613154298	-0.0001002913830554305
8.038268593448848	-9.89939060865697e-05
8.065844573743398	-9.766636875739716e-05
8.093420554037948	-9.631202766951427e-05
8.120996534332498	-9.493401640909909e-05
8.148572514627048	-9.353534725679219e-05
8.176148494921598	-9.211891298727424e-05
8.203724475216148	-9.068748872299155e-05
8.231300455510699	-8.924373383161807e-05
8.258876435805249	-8.778520175563686e-05
8.286452416099799	-8.632476298478987e-05
8.314028396394349	-8.48597165100432e-05
8.341604376688899	-8.339223301724689e-05
8.369180356983449	-8.192435564989297e-05
8.396756337277999	-8.045800186597545e-05
8.424332317572549	-7.899496525526226e-05
8.451908297867099	-7.753691731772517e-05
8.47948427816165	-7.608540920311879e-05
8.5070602584562	-7.464187341073387e-05
8.53463623875075	-7.283942730294352e-05
8.5622122190453	-7.161096165527261e-05
8.58978819933985	-7.027526546689052e-05
8.6173641796344	-6.892225897821724e-05
8.64494015992895	-6.757080786974475e-05
8.6725161402235	-6.622773593650235e-05
8.70009212051805	-6.489636157682834e-05
8.7276681008126	-6.357864428151688e-05
8.755244081107151	-6.227590301716568e-05
8.782820061401701	-6.098910468529859e-05
8.810396041696251	-5.971881698142895e-05
8.837972021990801	-5.846675853084533e-05
8.865548002285351	-5.723206087107131e-05
8.893123982579901	-5.601505776707021e-05
8.920699962874451	-5.481605065085519e-05
8.948275943169001	-5.363530721037884e-05
8.975851923463551	-5.247306047377148e-05
9.003427903758102	-5.132950820625493e-05
9.031003884052652	-5.02048125309282e-05
9.058579864347202	-4.909909971262498e-05
9.086155844641752	-4.801643280986509e-05
9.113731824936302	-4.694853401695829e-05
9.141307805230852	-4.589946077153412e-05
9.168883785525402	-4.486923448891604e-05
9.196459765819952	-4.385785558492572e-05
9.224035746114502	-4.286530369715708e-05
9.251611726409052	-4.189153788797152e-05
9.279187706703603	-4.093649683374305e-05
9.306763686998153	-4.000009900335691e-05
9.334339667292703	-3.908224282802037e-05
9.361915647587253	-3.818529377732397e-05
9.389491627881803	-3.730391174772643e-05
9.417067608176353	-3.644043917346137e-05
9.444643588470903	-3.559471811381209e-05
9.472219568765453	-3.476658158958977e-05
9.499795549060003	-3.3955853450725e-05
9.527371529354554	-3.316234795854747e-05
9.554947509649104	-3.238586831516021e-05
9.582523489943654	-3.162619952107269e-05
9.610099470238204	-3.088302880149726e-05
9.637675450532754	-3.0158205560072e-05
9.665251430827304	-2.944763714777614e-05
9.692827411121854	-2.875287748388193e-05
9.720403391416404	-2.807369534623015e-05
9.747979371710954	-2.740985742832076e-05
9.775555352005505	-2.676112831418481e-05
9.803131332300055	-2.612727045419158e-05
9.830707312594605	-2.55080441417863e-05
9.858283292889155	-2.490320749115395e-05
9.885859273183705	-2.431251641580462e-05
9.913435253478255	-2.373660188791509e-05
9.941011233772805	-2.317338132870039e-05
9.968587214067355	-2.262348694223011e-05
9.996163194361905	-2.20866735565601e-05
10.02373917465646	-2.156269740664797e-05
10.05131515495101	-2.10513160869277e-05
10.07889113524556	-2.055228850538262e-05
10.10646711554011	-2.006537483909353e-05
10.13404309583466	-1.959033649124069e-05
10.16161907612921	-1.912693604954092e-05
10.18919505642376	-1.867539715574865e-05
10.21677103671831	-1.82345231525457e-05
10.24434701701286	-1.780454287714892e-05
10.27192299730741	-1.7385227422118e-05
10.29949897760196	-1.69763508186861e-05
10.32707495789651	-1.65776899863529e-05
10.35465093819106	-1.618902468393712e-05
10.38222691848561	-1.581013746205707e-05
10.40980289878016	-1.544081361701032e-05
10.43737887907471	-1.508084114602395e-05
10.46495485936926	-1.473022129164874e-05
10.49253083966381	-1.438830705856179e-05
10.52010681995836	-1.405510627198281e-05
10.54768280025291	-1.373041921643285e-05
10.57525878054746	-1.341404956200024e-05
10.60283476084201	-1.310580431915275e-05
10.63041074113656	-1.280549379475153e-05
10.65798672143111	-1.25129315492342e-05
10.68556270172566	-1.222793435493584e-05
10.71313868202021	-1.195032215551765e-05
10.74071466231476	-1.167998179955314e-05
10.76829064260931	-1.141660612053239e-05
10.79586662290386	-1.116008854925654e-05
10.82344260319841	-1.091026190904138e-05
10.85101858349296	-1.066696227601917e-05
10.87859456378751	-1.043002894193122e-05
10.90617054408206	-1.019930437781827e-05
10.93374652437661	-9.974634198577873e-06
10.96132250467116	-9.755867128358562e-06
10.98889848496571	-9.54285496676074e-06
11.01647446526026	-9.335446041478276e-06
11.04405044555481	-9.13351181817818e-06
11.07162642584936	-8.936906578340795e-06
11.09920240614391	-8.745494042792463e-06
11.12677838643846	-8.559140821972758e-06
11.15435436673301	-8.377716386528744e-06
11.18193034702756	-8.201093038528821e-06
11.20950632732211	-8.029145883267535e-06
11.23708230761666	-7.861752801632263e-06
11.26465828791121	-7.698794423002823e-06
11.29223426820576	-7.540109186536835e-06
11.31981024850031	-7.38567704145688e-06
11.34738622879486	-7.235341487401599e-06
11.37496220908941	-7.088993477745537e-06
11.40253818938396	-6.946526396272385e-06
11.43011416967851	-6.807836034725348e-06
11.45769014997306	-6.672820570754062e-06
11.48526613026761	-6.541380546230945e-06
11.51284211056216	-6.413418845910333e-06
11.54041809085671	-6.288840676402793e-06
11.56799407115126	-6.167483098848708e-06
11.59557005144581	-6.049403212610371e-06
11.62314603174036	-5.934442111645975e-06
11.65072201203491	-5.822513438428649e-06
11.67829799232946	-5.713532759606842e-06
11.70587397262401	-5.607417550109555e-06
11.73344995291856	-5.50408717751266e-06
11.76102593321311	-5.403462886643827e-06
11.78860191350766	-5.305467784402963e-06
11.81617789380221	-5.210026824774706e-06
11.84375387409676	-5.117035039042326e-06
11.87132985439131	-5.026487442738007e-06
11.89890583468586	-4.938282446714288e-06
11.92648181498041	-4.852351952492693e-06
11.95405779527496	-4.768629502587397e-06
11.98163377556951	-4.687050268135765e-06
12.00920975586406	-4.607551036628458e-06
12.03678573615861	-4.53007019971495e-06
12.06436171645316	-4.454547741059844e-06
12.09193769674771	-4.380925224224766e-06
12.11951367704226	-4.309084975912461e-06
12.14708965733681	-4.239098881565446e-06
12.17466563763136	-4.170851860436961e-06
12.20224161792591	-4.104291102598012e-06
12.22981759822046	-4.03936506350471e-06
12.25739357851501	-3.976023456167889e-06
12.28496955880956	-3.914217243367116e-06
12.31254553910411	-3.853898629887825e-06
12.34012151939866	-3.795021054759495e-06
12.36769749969321	-3.737539183472152e-06
12.39527347998776	-3.681361344868939e-06
12.42284946028231	-3.626544142534772e-06
12.45042544057686	-3.572997885908291e-06
12.47800142087141	-3.520681613166382e-06
12.50557740116597	-3.469555352047229e-06
12.53315338146052	-3.419580115828751e-06
12.56072936175507	-3.370717899308539e-06
12.58830534204962	-3.32293167476429e-06
12.61588132234417	-3.276185387872852e-06
12.64345730263872	-3.230443953565459e-06
12.67103328293327	-3.185640531592855e-06
12.69860926322782	-3.141810455212732e-06
12.72618524352237	-3.098888467501027e-06
12.75376122381692	-3.056842997609256e-06
12.78133720411147	-3.015643287348333e-06
12.80891318440602	-2.975259389877488e-06
12.83648916470057	-2.935662168316874e-06
12.86406514499512	-2.896823294259942e-06
12.89164112528967	-2.858715246161147e-06
12.91921710558422	-2.821311307573863e-06
12.94679308587877	-2.78456545312773e-06
12.97436906617332	-2.748494686829056e-06
13.00194504646787	-2.713054355969185e-06
13.02952102676242	-2.678220742625982e-06
13.05709700705697	-2.64397084045837e-06
13.08467298735152	-2.610282354191008e-06
13.11224896764607	-2.5771336988676e-06
13.13982494794062	-2.544503998845657e-06
13.16740092823517	-2.512373086505394e-06
13.19497690852972	-2.480721500645489e-06
13.22255288882427	-2.449508231398723e-06
13.25012886911882	-2.418761850233499e-06
13.27770484941337	-2.388442461577629e-06
13.30528082970792	-2.358533178293657e-06
13.33285681000247	-2.329017717225846e-06
13.36043279029702	-2.299880398789408e-06
13.38800877059157	-2.271106146181119e-06
13.41558475088612	-2.242680484185001e-06
13.44316073118067	-2.214589537547589e-06
13.47073671147522	-2.186820028897895e-06
13.49831269176977	-2.159344789977969e-06
13.52588867206432	-2.132182100072902e-06
13.55346465235887	-2.105305761673356e-06
13.58104063265342	-2.078704705392311e-06
13.60861661294797	-2.05236838489464e-06
13.63619259324252	-2.026286774391309e-06
13.66376857353707	-2.000450365607436e-06
13.69134455383162	-1.974850164206946e-06
13.71892053412617	-1.949477685658208e-06
13.74649651442072	-1.924324950527024e-06
13.77407249471527	-1.899374014901783e-06
13.80164847500982	-1.874639843694548e-06
13.82922445530437	-1.850105304262797e-06
13.85680043559892	-1.825764265047051e-06
13.88437641589347	-1.801611026895366e-06
13.91195239618802	-1.777640317053691e-06
13.93952837648257	-1.753847282588952e-06
13.96710435677712	-1.730227483245519e-06
13.99468033707167	-1.706776883738199e-06
14.02225631736622	-1.683491845487405e-06
14.04983229766077	-1.66036188657848e-06
14.07740827795532	-1.637399311063581e-06
14.10498425824987	-1.614594256406926e-06
14.13256023854442	-1.591944496946828e-06
14.16013621883897	-1.569448127038113e-06
14.18771219913352	-1.547103551484689e-06
14.21528817942807	-1.524909475546567e-06
14.24286415972262	-1.502864894541293e-06
14.27044014001717	-1.480969083061883e-06
14.29801612031172	-1.459221583835413e-06
14.32559210060627	-1.437617262151592e-06
14.35316808090082	-1.416166509609595e-06
14.38074406119537	-1.394864594057799e-06
14.40832004148992	-1.373711958885928e-06
14.43589602178447	-1.352709236006093e-06
14.46347200207902	-1.331857234516432e-06
14.49104798237357	-1.311156929253644e-06
14.51862396266812	-1.290609449256621e-06
14.54619994296267	-1.27021606616607e-06
14.57377592325722	-1.249978182587047e-06
14.60135190355177	-1.229893751974961e-06
14.62892788384632	-1.20997190363213e-06
14.65650386414087	-1.190210717091239e-06
14.68407984443542	-1.170611960470151e-06
14.71165582472997	-1.151177462316386e-06
14.73923180502452	-1.131909101472041e-06
14.76680778531907	-1.112808797093596e-06
14.79438376561362	-1.093878498851422e-06
14.82195974590817	-1.07512017733333e-06
14.84953572620272	-1.056535814675659e-06
14.87711170649727	-1.038124972110488e-06
14.90468768679182	-1.0198947263555e-06
14.93226366708637	-1.00184455650156e-06
14.95983964738092	-9.839763727317965e-07
14.98741562767547	-9.662920458184119e-07
15.01499160797002	-9.48793400358012e-07
15.04256758826457	-9.314822083407519e-07
15.07014356855912	-9.14360183064207e-07
15.09771954885368	-8.974289734012565e-07
15.12529552914823	-8.806901584296069e-07
15.15287150944278	-8.641436286175486e-07
15.18044748973733	-8.477942058594205e-07
15.20802347003188	-8.316415746961539e-07
15.23559945032643	-8.156869685374099e-07
15.26317543062098	-7.999315243366125e-07
15.29075141091553	-7.84376280027019e-07
15.31832739121008	-7.69022172308139e-07
15.34590337150463	-7.538700347773151e-07
15.37347935179918	-7.389205964001399e-07
15.40105533209373	-7.241744803122734e-07
15.42863131238828	-7.096311177837674e-07
15.45620729268283	-6.952932034507459e-07
15.48378327297738	-6.811599232534069e-07
15.51135925327193	-6.672314575098146e-07
15.53893523356648	-6.535078758358534e-07
15.56651121386103	-6.399891381267149e-07
15.59408719415558	-6.266750957769734e-07
15.62166317445013	-6.135654931260269e-07
15.64923915474468	-6.006599691153975e-07
15.67681513503923	-5.87958059144229e-07
15.70439111533378	-5.754585132515589e-07
15.73196709562833	-5.631621069369759e-07
15.75954307592288	-5.510673739009935e-07
15.78711905621743	-5.391734485720426e-07
15.81469503651198	-5.27479371430398e-07
15.84227101680653	-5.159840920213608e-07
15.86984699710108	-5.046864720583714e-07
15.89742297739563	-4.935852886033534e-07
15.92499895769018	-4.826792373119538e-07
15.95257493798473	-4.719669357317779e-07
15.98015091827928	-4.614464547835198e-07
16.00772689857383	-4.511172604474676e-07
16.03530287886838	-4.409772697973939e-07
16.06287885916293	-4.310248154258185e-07
16.09045483945748	-4.212581672497075e-07
16.11803081975203	-4.116755360837463e-07
16.14560680004658	-4.022750771861447e-07
16.17318278034113	-3.930548937692708e-07
16.20075876063568	-3.84013040467946e-07
16.22833474093023	-3.751475267587855e-07
16.25591072122478	-3.6645601938293e-07
16.28348670151933	-3.579370820216989e-07
16.31106268181388	-3.495882982398591e-07
16.33863866210843	-3.414075259296972e-07
16.36621464240298	-3.333925930702957e-07
16.39379062269753	-3.255413008599944e-07
16.42136660299208	-3.178514267606703e-07
16.44894258328663	-3.103207274513899e-07
16.47651856358118	-3.029469416894049e-07
16.50409454387573	-2.957277930768597e-07
16.53167052417028	-2.886607832197326e-07
16.55924650446483	-2.817440551748419e-07
16.58682248475938	-2.749750864610297e-07
16.61439846505393	-2.683515630228544e-07
16.64197444534848	-2.618711674055321e-07
16.66955042564303	-2.555315810235258e-07
16.69712640593758	-2.493304863273776e-07
16.72470238623213	-2.432655688698228e-07
16.75227836652668	-2.373345192724516e-07
16.77985434682123	-2.315350350943678e-07
16.80743032711578	-2.258646820144018e-07
16.83500630741033	-2.203214732268186e-07
16.86258228770488	-2.149029921802556e-07
16.89015826799943	-2.096069790972506e-07
16.91773424829398	-2.044311886531989e-07
16.94531022858853	-1.993733913508896e-07
16.97288620888308	-1.944313748071784e-07
17.00046218917763	-1.896029449543652e-07
17.02803816947218	-1.84885927158895e-07
17.05561414976673	-1.802781672600368e-07
17.08319013006128	-1.757774304393767e-07
17.11076611035583	-1.713818216747967e-07
17.13834209065038	-1.670891482019154e-07
17.16591807094493	-1.62897345262843e-07
17.19349405123948	-1.58804372358713e-07
17.22107003153403	-1.54808213904716e-07
17.24864601182858	-1.509068798207934e-07
17.27622199212313	-1.470984060607531e-07
17.30379797241768	-1.43380855082532e-07
17.33137395271223	-1.397523162622776e-07
17.35894993300678	-1.36210840585925e-07
17.38652591330133	-1.327547108388599e-07
17.41410189359588	-1.293820312544626e-07
17.44167787389043	-1.260910011104888e-07
17.46925385418498	-1.228798477273402e-07
17.49682983447953	-1.197468266234698e-07
17.52440581477408	-1.166902216296697e-07
17.55198179506863	-1.137083449645376e-07
17.57955777536318	-1.10799537273349e-07
17.60713375565773	-1.079621676324839e-07
17.63470973595228	-1.051945779077744e-07
17.66228571624683	-1.024953112902452e-07
17.68986169654139	-9.98627643396347e-08
17.71743767683594	-9.729541853100527e-08
17.74501365713049	-9.479178318541468e-08
17.77258963742504	-9.235039533060263e-08
17.80016561771959	-8.996981953839178e-08
17.82774159801414	-8.764864774048598e-08
17.85531757830869	-8.538549902426984e-08
17.88289355860324	-8.317901941014623e-08
17.91046953889779	-8.102784650122653e-08
17.93804551919234	-7.893075353749029e-08
17.96562149948689	-7.688642953551243e-08
17.99319747978144	-7.489362522962203e-08
18.02077346007599	-7.295111684405597e-08
18.04834944037054	-7.105770580144738e-08
18.07592542066509	-6.921221842056998e-08
18.10350140095964	-6.741350560444018e-08
18.13107738125419	-6.566044251982106e-08
18.15865336154874	-6.395192826911425e-08
18.18622934184329	-6.228685568198827e-08
18.21380532213784	-6.066423377701403e-08
18.24138130243239	-5.908300051827236e-08
18.26895728272694	-5.754214694342712e-08
18.29653326302149	-5.604068621656358e-08
18.32410924331604	-5.457765328392448e-08
18.35168522361059	-5.315210452648614e-08
18.37926120390514	-5.176311741004811e-08
18.40683718419969	-5.040979013346712e-08
18.43441316449424	-4.90912412756253e-08
18.46198914478879	-4.780658803802373e-08
18.48956512508334	-4.655503387485864e-08
18.51714110537789	-4.533573423371176e-08
18.54471708567244	-4.414788538633131e-08
18.57229306596699	-4.299070215727793e-08
18.59986904626154	-4.186341758192942e-08
18.62744502655609	-4.076528256559996e-08
18.65502100685064	-3.969556554415188e-08
18.68259698714519	-3.865355214644736e-08
18.71017296743974	-3.763854485896035e-08
18.73774894773429	-3.664984670820389e-08
18.76532492802884	-3.568682664018354e-08
18.79290090832339	-3.474881918440186e-08
18.82047688861794	-3.383519074005001e-08
18.84805286891249	-3.294532288341864e-08
18.87562884920704	-3.20786120570281e-08
18.90320482950159	-3.123446926193685e-08
18.93078080979614	-3.041231975341654e-08
18.95835679009069	-2.961160274016436e-08
18.98593277038524	-2.883177108720395e-08
19.01350875067979	-2.807227798608725e-08
19.04108473097434	-2.733263025954348e-08
19.06866071126889	-2.661230650076838e-08
19.09623669156344	-2.59108111297284e-08
19.12381267185799	-2.522766075996928e-08
19.15138865215254	-2.456238393108967e-08
19.17896463244709	-2.391452084508715e-08
19.20654061274164	-2.328362310665573e-08
19.23411659303619	-2.266925346750267e-08
19.26169257333074	-2.207098557474055e-08
19.28926855362529	-2.14883941807861e-08
19.31684453391984	-2.092109412983003e-08
19.34442051421439	-2.036868040785601e-08
19.37199649450894	-1.983076768065456e-08
19.39957247480349	-1.930698028685789e-08
19.42714845509804	-1.879695201514686e-08
19.45472443539259	-1.830032588533061e-08
19.48230041568714	-1.781675393331647e-08
19.50987639598169	-1.734589699998096e-08
19.53745237627624	-1.688742452394523e-08
19.56502835657079	-1.644100679726371e-08
19.59260433686534	-1.600634576810948e-08
19.62018031715989	-1.558312765562511e-08
19.64775629745444	-1.517105419227772e-08
19.67533227774899	-1.476983470923094e-08
19.70290825804354	-1.437918595525504e-08
19.73048423833809	-1.399883191914383e-08
19.75806021863264	-1.362850365562565e-08
19.78563619892719	-1.326793911475121e-08
19.81321217922174	-1.291688297473708e-08
19.84078815951629	-1.257508086883986e-08
19.86836413981084	-1.224230228577032e-08
19.89594012010539	-1.191830531162844e-08
19.92351610039994	-1.160285985755848e-08
19.95109208069449	-1.129574176214696e-08
19.97866806098904	-1.09967326465467e-08
20.00624404128359	-1.070561977261711e-08
20.03382002157814	-1.042219590405484e-08
20.06139600187269	-1.014625917048594e-08
20.08897198216724	-9.877612934490445e-09
20.11654796246179	-9.616060912728809e-09
20.14412394275634	-9.361426572449825e-09
20.17169992305089	-9.113523287538835e-09
20.19927590334544	-8.872174015009565e-09
20.22685188363999	-8.637206309348429e-09
20.25442786393454	-8.408452208218519e-09
20.2820038442291	-8.185748120650894e-09
20.30957982452365	-7.968934717694021e-09
20.3371558048182	-7.757856825490781e-09
20.36473178511275	-7.552363320750796e-09
20.3923077654073	-7.352303735240059e-09
20.41988374570185	-7.157541695199747e-09
20.4474597259964	-6.967934215416913e-09
20.47503570629095	-6.783345331503214e-09
20.5026116865855	-6.603642632464669e-09
20.53018766688005	-6.428697171086983e-09
20.5577636471746	-6.258383376344086e-09
20.58533962746915	-6.092578967801461e-09
20.6129156077637	-5.931164871984778e-09
20.64049158805825	-5.77402514068363e-09
20.6680675683528	-5.621044076091179e-09
20.69564354864735	-5.472117644396011e-09
20.7232195289419	-5.327135906896917e-09
20.75079550923645	-5.185994598886764e-09
20.778371489531	-5.048592192553057e-09
20.80594746982555	-4.914829827324021e-09
20.8335234501201	-4.784611241821637e-09
20.86109943041465	-4.657842707396854e-09
20.8886754107092	-4.534432963221588e-09
20.91625139100375	-4.414293152911679e-09
20.9438273712983	-4.297334627229117e-09
20.97140335159285	-4.183477663097818e-09
20.9989793318874	-4.072638040457521e-09
21.02655531218195	-3.96473588746154e-09
21.0541312924765	-3.859693435884141e-09
21.08170727277105	-3.757434967205904e-09
21.1092832530656	-3.657886759963494e-09
21.13685923336015	-3.560977038342988e-09
21.1644352136547	-3.46663592199569e-09
21.19201119394925	-3.374795377055019e-09
21.2195871742438	-3.285387622419101e-09
21.24716315453835	-3.198351438594145e-09
21.2747391348329	-3.113622448188742e-09
21.30231511512745	-3.031139515648741e-09
21.329891095422	-2.950843119901861e-09
21.35746707571655	-2.872675312721452e-09
21.3850430560111	-2.796579678081334e-09
21.41261903630565	-2.722501292484538e-09
21.4401950166002	-2.65038668624859e-09
21.46777099689475	-2.580183805729782e-09
21.4953469771893	-2.511840635728645e-09
21.52292295748385	-2.445310675889532e-09
21.5504989377784	-2.380544514350926e-09
21.57807491807295	-2.317495383684654e-09
21.6056508983675	-2.256117753346586e-09
21.63322687866205	-2.196367297690885e-09
21.6608028589566	-2.138200864749794e-09
21.68837883925115	-2.081576445765486e-09
21.7159548195457	-2.026453145460325e-09
21.74353079984025	-1.972791153031816e-09
21.7711067801348	-1.920550714840825e-09
21.79868276042935	-1.869696214102648e-09
21.8262587407239	-1.820189891749669e-09
21.85383472101845	-1.771995985195911e-09
21.881410701313	-1.725079678897823e-09
21.90898668160755	-1.679407079797549e-09
21.9365626619021	-1.634945193357315e-09
21.96413864219665	-1.591661900174341e-09
21.9917146224912	-1.549525933165596e-09
22.01929060278575	-1.508506855311584e-09
22.0468665830803	-1.468574283032003e-09
22.07444256337485	-1.429700968660193e-09
22.1020185436694	-1.391858055466259e-09
22.12959452396395	-1.355018204631835e-09
22.1571705042585	-1.319154802013718e-09
22.18474648455305	-1.284241939308775e-09
22.2123224648476	-1.250254395674634e-09
22.23989844514215	-1.217167619797878e-09
22.2674744254367	-1.184957712401356e-09
22.29505040573125	-1.153601409182213e-09
22.3226263860258	-1.123075455632977e-09
22.35020236632035	-1.093359092724718e-09
22.3777783466149	-1.064430232604229e-09
22.40535432690945	-1.036267980253179e-09
22.432930307204	-1.008851994781772e-09
22.46050628749855	-9.82162475012174e-10
22.4880822677931	-9.561801454114159e-10
22.51565824808765	-9.308862423673901e-10
22.5432342283822	-9.062625008014952e-10
22.57081020867675	-8.822911411114658e-10
22.5983861889713	-8.589543973845641e-10
22.62596216926585	-8.362363922603702e-10
22.6535381495604	-8.141202520320142e-10
22.68111412985495	-7.925900085480146e-10
22.7086901101495	-7.716301172870205e-10
22.73626609044405	-7.512254463242612e-10
22.7638420707386	-7.31361265566094e-10
22.79141805103315	-7.120232362477323e-10
22.8189940313277	-6.931974006891717e-10
22.84657001162225	-6.74870172304341e-10
22.87414599191681	-6.570279440099708e-10
22.90172197221136	-6.396586486594098e-10
22.92929795250591	-6.227493599330614e-10
22.95687393280046	-6.062878753793726e-10
22.98444991309501	-5.902623162437789e-10
23.01202589338956	-5.746611190423708e-10
23.03960187368411	-5.594730273398641e-10
23.06717785397866	-5.446870837281521e-10
23.09475383427321	-5.302926220016954e-10
23.12232981456776	-5.162792595259788e-10
23.14990579486231	-5.026365968785427e-10
23.17748177515686	-4.89355414877142e-10
23.20505775545141	-4.764258342944077e-10
23.23263373574596	-4.638385301908581e-10
23.26020971604051	-4.51584424985267e-10
23.28778569633506	-4.396546820169237e-10
23.31536167662961	-4.280406992637647e-10
23.34293765692416	-4.167341032135737e-10
23.37051363721871	-4.057267428854029e-10
23.39808961751326	-3.950106839983576e-10
23.42566559780781	-3.845780119970078e-10
23.45324157810236	-3.744216128633181e-10
23.48081755839691	-3.645339708642281e-10
23.50839353869146	-3.549079604635971e-10
23.53596951898601	-3.455366452388156e-10
23.56354549928056	-3.364132729461622e-10
23.59112147957511	-3.275312707065122e-10
23.61869745986966	-3.18884240309167e-10
23.64627344016421	-3.104659536315735e-10
23.67384942045876	-3.02270348172673e-10
23.70142540075331	-2.942913196072516e-10
23.72900138104786	-2.865235525764615e-10
23.75657736134241	-2.789612453114759e-10
23.78415334163696	-2.715989525343706e-10
23.81172932193151	-2.644313733170451e-10
23.83930530222606	-2.574533473301352e-10
23.86688128252061	-2.506598511823044e-10
23.89445726281516	-2.440459948483278e-10
23.92203324310971	-2.376070181843475e-10
23.94960922340426	-2.313382875286774e-10
23.97718520369881	-2.252351745445734e-10
24.00476118399336	-2.192935374198074e-10
24.03233716428791	-2.135089803990828e-10
24.05991314458246	-2.078773418149333e-10
24.08748912487701	-2.023945703789731e-10
24.11506510517156	-1.970567223063296e-10
24.14264108546611	-1.918599585098423e-10
24.17021706576066	-1.86800541862771e-10
24.19779304605521	-1.818748345287409e-10
24.22536902634976	-1.770792953576449e-10
24.25294500664431	-1.724103607251747e-10
24.28052098693886	-1.67864921543591e-10
24.30809696723341	-1.634395909239969e-10
24.33567294752796	-1.591311880967448e-10
24.36324892782251	-1.549366165772624e-10
24.39082490811706	-1.508528619767986e-10
24.41840088841161	-1.468769898658199e-10
24.44597686870616	-1.430061436891427e-10
24.47355284900071	-1.392375427318685e-10
24.50112882929526	-1.355684801351852e-10
24.52870480958981	-1.319962495516787e-10
24.55628078988436	-1.285184368093505e-10
24.58385677017891	-1.251324712870923e-10
24.61143275047346	-1.218359217061646e-10
24.63900873076801	-1.186264212357587e-10
24.66658471106256	-1.155016658151525e-10
24.69416069135711	-1.124594125164862e-10
24.72173667165166	-1.094974779474295e-10
24.74931265194621	-1.066137366930129e-10
24.77688863224076	-1.038061197958838e-10
24.80446461253531	-1.010725425255272e-10
24.83204059282986	-9.841119381348242e-11
24.85961657312441	-9.582009204169498e-11
24.88719255341896	-9.329737865967627e-11
24.91476853371351	-9.0841244328851e-11
24.94234451400806	-8.844992764568569e-11
24.96992049430261	-8.612171389542932e-11
24.99749647459716	-8.385493383593978e-11
25.02507245489171	-8.164796251106563e-11
25.05264843518626	-7.949921809304289e-11
25.08022441548081	-7.740710716238615e-11
25.10780039577536	-7.537024393910246e-11
25.13537637606991	-7.338711380877745e-11
25.16295235636446	-7.145629570978104e-11
25.19052833665901	-6.957640618721906e-11
25.21810431695356	-6.774609841900528e-11
25.24568029724811	-6.596406126513816e-11
25.27325627754266	-6.422901833979685e-11
25.30083225783721	-6.253972710586325e-11
25.32840823813176	-6.089497799146991e-11
25.35598421842631	-5.92935662203809e-11
25.38356019872086	-5.773440320608786e-11
25.41113617901541	-5.621634495352705e-11
25.43871215930996	-5.47383049796615e-11
25.46628813960452	-5.329922558699931e-11
25.49386411989907	-5.189807711358861e-11
25.52144010019362	-5.053385720120618e-11
25.54901608048817	-4.920559008141622e-11
25.57659206078272	-4.791232587917091e-11
25.60416804107727	-4.665313993362433e-11
25.63174402137182	-4.54270909879056e-11
25.65932000166637	-4.423338973794376e-11
25.68689598196092	-4.307114060957523e-11
25.71447196225547	-4.193951277189955e-11
25.74204794255002	-4.083769734501249e-11
25.76962392284457	-3.976490683374486e-11
25.79719990313912	-3.872037457474437e-11
25.82477588343367	-3.770335419668938e-11
25.85235186372822	-3.671311909341895e-11
25.87992784402277	-3.574896190975831e-11
25.90750382431732	-3.481017419740623e-11
25.93507980461187	-3.389612748927643e-11
25.96265578490642	-3.300614869121375e-11
25.99023176520097	-3.213960228885445e-11
26.01780774549552	-3.129586957404283e-11
26.04538372579007	-3.047434820949419e-11
26.07295970608462	-2.967445180383509e-11
26.10053568637917	-2.889560949684838e-11
26.12811166667372	-2.81372655547497e-11
26.15568764696827	-2.739887897531648e-11
26.18326362726282	-2.667990614750177e-11
26.21083960755737	-2.597987017522635e-11
26.23841558785192	-2.529825442913765e-11
26.26599156814647	-2.463457284579855e-11
26.29356754844102	-2.398835221244587e-11
26.32114352873557	-2.335913183388098e-11
26.34871950903012	-2.274646320732186e-11
26.37629548932467	-2.214990970508423e-11
26.40387146961922	-2.156904626495674e-11
26.43144744991377	-2.100345908813257e-11
26.45902343020832	-2.045272731259471e-11
26.48659941050287	-1.991649686653044e-11
26.51417539079742	-1.939436731891157e-11
26.54175137109197	-1.888596680239994e-11
26.56932735138652	-1.839093326104977e-11
26.59690333168107	-1.79089141978407e-11
26.62447931197562	-1.743956642811277e-11
26.65205529227017	-1.698255583881392e-11
26.67963127256472	-1.653755715346869e-11
26.70720725285927	-1.610425370277389e-11
26.73478323315382	-1.56823288424478e-11
26.76235921344837	-1.527150008686572e-11
26.78993519374292	-1.487146662592945e-11
26.81751117403747	-1.448194392270838e-11
26.84508715433202	-1.410265495730435e-11
26.87266313462657	-1.373333003218357e-11
26.90023911492112	-1.337370658214811e-11
26.92781509521567	-1.302352898887057e-11
26.95539107551022	-1.26825483999147e-11
26.98296705580477	-1.235052255216281e-11
27.01054303609932	-1.202720500065812e-11
27.03811901639387	-1.171238852425532e-11
27.06569499668842	-1.14058386370687e-11
27.09327097698297	-1.11073376078667e-11
27.12084695727752	-1.081667344529143e-11
27.14842293757207	-1.053363975028535e-11
27.17599891786662	-1.025803557195535e-11
27.20357489816117	-9.989665266825348e-12
27.23115087845572	-9.728338361425392e-12
27.25872685875027	-9.473869418164201e-12
27.28630283904482	-9.226071921432889e-12
27.31387881933937	-8.984782743156065e-12
27.34145479963392	-8.74982459061344e-12
27.36903077992847	-8.521030811580431e-12
27.39660676022302	-8.298239149321873e-12
27.42418274051757	-8.081291629225892e-12
27.45175872081212	-7.870034448106569e-12
27.47933470110667	-7.664317866134587e-12
27.50691068140122	-7.46399610135394e-12
27.53448666169577	-7.268927226741734e-12
27.56206264199032	-7.078967368216797e-12
27.58963862228487	-6.893994051926543e-12
27.61721460257942	-6.713870412364469e-12
27.64479058287397	-6.538468882581336e-12
27.67236656316852	-6.367665256124782e-12
27.69994254346307	-6.201338600653433e-12
27.72751852375762	-6.03937117356653e-12
27.75509450405217	-5.881648339619223e-12
27.78267048434672	-5.728058490492339e-12
27.81024646464127	-5.57849296628508e-12
27.83782244493582	-5.432841697538139e-12
27.86539842523037	-5.291010722922769e-12
27.89297440552492	-5.152895351796281e-12
27.92055038581947	-5.01839791509945e-12
27.94812636611402	-4.887423319546574e-12
27.97570234640857	-4.759879000124998e-12
28.00327832670312	-4.635675751320359e-12
28.03085430699767	-4.514722405150674e-12
28.05843028729223	-4.396937355465805e-12
28.08600626758678	-4.282235889611629e-12
28.11358224788133	-4.170533892824118e-12
28.14115822817588	-4.061759171767148e-12
28.16873420847043	-3.955831697763156e-12
28.19631018876498	-3.852676678704027e-12
28.22388616905953	-3.75222129044171e-12
28.25146214935408	-3.654394625958859e-12
28.27903812964863	-3.559127645226278e-12
28.30661410994318	-3.466353124540852e-12
28.33419009023773	-3.376005599004153e-12
28.36176607053228	-3.288021232576387e-12
28.38934205082683	-3.202336186314427e-12
28.41691803112138	-3.118894501969489e-12
28.44449401141593	-3.037635096794426e-12
28.47206999171048	-2.958500689999512e-12
28.49964597200503	-2.881435507144626e-12
28.52722195229958	-2.806385241515554e-12
28.55479793259413	-2.733297016390207e-12
28.58237391288868	-2.662119348181408e-12
28.60994989318323	-2.592802110441979e-12
28.63752587347778	-2.525296498716467e-12
28.66510185377233	-2.459552186391742e-12
28.69267783406688	-2.395528741623268e-12
28.72025381436143	-2.333178333957464e-12
28.74782979465598	-2.272457112910547e-12
28.77540577495053	-2.213322396112337e-12
28.80298175524508	-2.155732652741727e-12
28.83055773553963	-2.099647503024291e-12
28.85813371583418	-2.04502776054532e-12
28.88570969612873	-1.991835614906997e-12
28.91328567642328	-1.94003543759645e-12
28.94086165671783	-1.88953958850872e-12
28.96843763701238	-1.840408783255165e-12
28.99601361730693	-1.792558364277058e-12
29.02358959760148	-1.745956091505216e-12
29.05116557789603	-1.700569725705048e-12
29.07874155819058	-1.656367613237391e-12
29.10631753848513	-1.613318830368483e-12
29.13389351877968	-1.571393220327023e-12
29.16146949907423	-1.530561396596798e-12
29.18904547936878	-1.490794733734199e-12
29.21662145966333	-1.452063788783627e-12
29.24419743995788	-1.414344747551725e-12
29.27177342025243	-1.377609505702666e-12
29.29934940054698	-1.341832301495725e-12
29.32692538084153	-1.306988049156947e-12
29.35450136113608	-1.27305232162533e-12
29.38207734143063	-1.240001333693709e-12
29.40965332172518	-1.207811925538923e-12
29.43722930201973	-1.176461546635666e-12
29.46480528231428	-1.145928240048252e-12
29.49238126260883	-1.116189600378436e-12
29.51995724290338	-1.087226979388002e-12
29.54753322319793	-1.059019047784716e-12
29.57510920349248	-1.031546059351573e-12
29.60268518378703	-1.004788785466667e-12
29.63026116408158	-9.787285019306969e-13
29.65783714437613	-9.533469760920487e-13
29.68541312467068	-9.286264542659253e-13
29.71298910496523	-9.045496494438176e-13
29.74056508525978	-8.810997292892943e-13
29.76814106555433	-8.582595812565858e-13
29.79571704584888	-8.360147736364129e-13
29.82329302614343	-8.143490208161578e-13
29.85086900643798	-7.932471849544323e-13
29.87844498673253	-7.726945249382207e-13
29.90602096702708	-7.526766862761425e-13
29.93359694732163	-7.331796912208709e-13
29.96117292761618	-7.141899291178836e-13
29.98874890791073	-6.956941469776779e-13
30.01632488820528	-6.776794402683103e-13
30.04390086849983	-6.601326046251259e-13
30.07147684879438	-6.430427552000225e-13
30.09905282908893	-6.263973179747032e-13
30.12662880938348	-6.101846857709721e-13
30.15420478967803	-5.943935551993686e-13
30.18178076997258	-5.790129189468944e-13
30.20935675026713	-5.640320582374027e-13
30.23693273056168	-5.494405354626014e-13
30.26450871085623	-5.352281869814564e-13
30.29208469115078	-5.213851160855756e-13
30.31966067144533	-5.079010873983163e-13
30.34723665173988	-4.947679619581201e-13
30.37481263203443	-4.819760067184768e-13
30.40238861232898	-4.695163250602066e-13
30.42996459262353	-4.573802562162242e-13
30.45754057291808	-4.455593718421174e-13
30.48511655321263	-4.340454756126351e-13
30.51269253350718	-4.228306107500064e-13
30.54026851380173	-4.119070929400506e-13
30.56784449409628	-4.012676517165126e-13
30.59542047439083	-3.908951266278625e-13
30.62299645468539	-3.808004311830303e-13
30.65057243497994	-3.709674060309825e-13
30.67814841527449	-3.613893774627475e-13
30.70572439556904	-3.52059757784045e-13
30.73330037586359	-3.42972100441307e-13
30.76087635615814	-3.341201143635188e-13
30.78845233645269	-3.254976668619333e-13
30.81602831674724	-3.170987825996668e-13
30.84360429704179	-3.089176410292129e-13
30.87118027733634	-3.009473362883725e-13
30.89875625763089	-2.931848004508492e-13
30.92633223792544	-2.856234898226215e-13
30.95390821821999	-2.782581628082637e-13
30.98148419851454	-2.710837174589786e-13
31.00906017880909	-2.640951604323368e-13
31.03663615910364	-2.572876865978518e-13
31.06421213939819	-2.506565592688448e-13
31.09178811969274	-2.441971903495214e-13
31.11936409998729	-2.37905109296939e-13
31.14694008028184	-2.317763687099371e-13
31.17451606057639	-2.258058282822026e-13
31.20209204087094	-2.199898578194701e-13
31.22966802116549	-2.143244337556097e-13
31.25724400146004	-2.088056365302832e-13
31.28481998175459	-2.034296472631737e-13
31.31239596204914	-1.981927437654785e-13
31.33997194234369	-1.930912948052051e-13
31.36754792263824	-1.881217491752938e-13
31.39512390293279	-1.832806057341347e-13
31.42269988322734	-1.785683522292895e-13
31.45027586352189	-1.739740517931516e-13
31.47785184381644	-1.694988284681356e-13
31.50542782411099	-1.651394197664473e-13
31.53300380440554	-1.608927597159476e-13
31.56057978470009	-1.567558944690445e-13
31.58815576499464	-1.527259593771443e-13
31.61573174528919	-1.488001700009984e-13
31.64330772558374	-1.449758173765936e-13
31.67088370587829	-1.41250264866813e-13
31.69845968617284	-1.376209457017922e-13
31.72603566646739	-1.34085360860649e-13
31.75361164676194	-1.306410771447338e-13
31.78118762705649	-1.272857253718959e-13
31.80876360735104	-1.240169986560809e-13
31.83633958764559	-1.208326507530086e-13
31.86391556794014	-1.177304944609097e-13
31.89149154823469	-1.14708400069636e-13
31.91906752852924	-1.117642938538352e-13
31.94664350882379	-1.088961566072613e-13
31.97421948911834	-1.06102022216074e-13
32.00179546941289	-1.033799762694896e-13
32.02937144970744	-1.007281547064374e-13
32.05694743000199	-9.814474249708018e-14
32.08452341029654	-9.562797235818184e-14
32.11209939059109	-9.317612350139113e-14
32.13967537088564	-9.078752041357586e-14
32.16725135118019	-8.846053166837791e-14
32.19482733147474	-8.61935687681954e-14
32.22240331176929	-8.398508501582148e-14
