0
1000	1776.86	100000000000000.1
5	0	0	1
5	0	0	0
7.494979834713454	1.206579430349029e-07
7.519733422974787	3.794954305227665e-07
7.544487011236121	6.219437152365349e-07
7.569240599497454	8.066175777215968e-07
7.593994187758788	9.055688020843041e-07
7.618747776020121	9.186574551930117e-07
7.643501364281454	9.186657991911418e-07
7.668254952542788	9.189832391440662e-07
7.693008540804121	9.193819644888389e-07
7.717762129065455	9.200294377649647e-07
7.742515717326788	9.207611983834331e-07
7.767269305588122	9.297831793123462e-07
7.792022893849455	1.082707476778127e-06
7.816776482110789	1.484023091885199e-06
7.841530070372122	2.200821953195846e-06
7.866283658633455	3.303347868445237e-06
7.891037246894789	4.85900936209561e-06
7.915790835156122	6.935077798001931e-06
7.940544423417456	9.594949695906527e-06
7.965298011678789	1.289810851744358e-05
7.990051599940123	1.690179222773014e-05
8.014805188201457	2.165660802887684e-05
8.03955877646279	2.72106613838445e-05
8.064312364724124	3.360238904311753e-05
8.089065952985457	4.087314199766674e-05
8.113819541246791	4.904568723029689e-05
8.138573129508124	5.815177044614017e-05
8.163326717769458	6.820570069185252e-05
8.188080306030791	7.922700345032848e-05
8.212833894292125	9.122016880369175e-05
8.237587482553458	0.0001041282005299467
8.262341070814792	0.0001179125471601686
8.287094659076125	0.0001327407712027439
8.311848247337458	0.0001485702880837084
8.336601835598792	0.0001653325852767847
8.361355423860125	0.0001831503581478041
8.386109012121459	0.0002020875413102476
8.410862600382792	0.0002219400943378794
8.435616188644126	0.0002428426130100205
8.460369776905459	0.0002648301731542698
8.485123365166793	0.0002877506114178643
8.509876953428126	0.0003117268055361296
8.534630541689459	0.0003366741115634381
8.559384129950793	0.0003627130561699577
8.584137718212126	0.0003898855142356426
8.60889130647346	0.0004179401512631751
8.633644894734793	0.000447235006990706
8.658398482996127	0.0004775155251770172
8.68315207125746	0.0005089346196908312
8.707905659518794	0.0005414300536003237
8.732659247780127	0.0005751860982217945
8.75741283604146	0.000609987323468431
8.782166424302794	0.0006461287223600869
8.806920012564127	0.0006831862582398548
8.831673600825461	0.0007215737872917164
8.856427189086794	0.000760843891902841
8.881180777348128	0.0008013029996498811
8.905934365609461	0.0008429186860304098
8.930687953870795	0.0008857120982570556
8.955441542132128	0.0009295324390169405
8.980195130393462	0.000974264492358562
9.004948718654795	0.001020407046844319
9.029702306916128	0.00106762196707721
9.054455895177462	0.001116171307934157
9.079209483438795	0.001166207143717383
9.103963071700129	0.001218013130800882
9.128716659961462	0.001271774980527473
9.153470248222796	0.001327197836573256
9.178223836484129	0.001384715379614136
9.202977424745463	0.001444775128557047
9.227731013006796	0.001507040296914223
9.252484601268129	0.00157189091843459
9.277238189529463	0.001639997359367851
9.301991777790796	0.0017108472266116
9.32674536605213	0.001785369346431754
9.351498954313463	0.001863381334377298
9.376252542574797	0.001945854659986928
9.40100613083613	0.002032085768944923
9.425759719097464	0.00212272274278905
9.450513307358797	0.002218612916627435
9.47526689562013	0.00232000785373692
9.500020483881464	0.00242659741846706
9.524774072142797	0.002538711619637634
9.549527660404131	0.002657308455770431
9.574281248665464	0.00278254128706442
9.599034836926798	0.002817168697626406
9.623788425188131	0.003051278756923429
9.648542013449465	0.003196629534099244
9.673295601710798	0.003348343857263771
9.698049189972132	0.003507952332896851
9.722802778233465	0.003674910789521213
9.747556366494798	0.003849906844206386
9.772309954756132	0.004033262037051793
9.797063543017465	0.004225527420017611
9.821817131278799	0.00442553166675775
9.846570719540132	0.004636542547326114
9.871324307801466	0.004856781187193431
9.896077896062799	0.00508732977860213
9.920831484324133	0.005327604967040796
9.945585072585466	0.005579606392351643
9.970338660846799	0.005842649344673611
9.995092249108133	0.0061169432307703
10.01984583736947	0.00640373938719845
10.0445994256308	0.006703035216224868
10.06935301389213	0.006941379201522658
10.09410660215347	0.007342945281942541
10.1188601904148	0.007682727983596651
10.14361377867613	0.008038239296900311
10.16836736693747	0.008408196834976671
10.1931209551988	0.008794663791251987
10.21787454346013	0.009196325962754067
10.24262813172147	0.009769195194561856
10.2673817199828	0.01028981654825246
10.29213530824413	0.01071213869253451
10.31688889650547	0.01128523598635146
10.3416424847668	0.01184552667828564
10.36639607302813	0.01237911391798446
10.39114966128947	0.0128200929556739
10.4159032495508	0.01343792624252209
10.44065683781213	0.01392995321830307
10.46541042607347	0.01460582897718255
10.4901640143348	0.01525511236279102
10.51491760259614	0.01581743595289256
10.53967119085747	0.01647341580635246
10.5644247791188	0.01718509487988168
10.58917836738014	0.01800698184659625
10.61393195564147	0.01914070530828809
10.6386855439028	0.02049220938022167
10.66343913216414	0.02248565270602408
10.68819272042547	0.02488399610674586
10.7129463086868	0.02812227713859916
10.73769989694814	0.03210013337315157
10.76245348520947	0.03702616965440243
10.7872070734708	0.04293936280758148
10.81196066173214	0.05012658592688073
10.83671424999347	0.05857904176810375
10.8614678382548	0.06870958559890461
10.88622142651614	0.08034489122944788
10.91097501477747	0.09386487080650589
10.9357286030388	0.1090736833687014
10.96048219130014	0.1268032218119176
10.98523577956147	0.14712085747317
11.0099893678228	0.1694373324452163
11.03474295608414	0.1947909283263126
11.05949654434547	0.2229399086535884
11.0842501326068	0.2531877433693587
11.10900372086814	0.2870918600419171
11.13375730912947	0.3234859246255973
11.1585108973908	0.3634441090912968
11.18326448565214	0.4062363149394866
11.20801807391347	0.4533824684179781
11.23277166217481	0.5029798460968711
11.25752525043614	0.5571372710053859
11.28227883869747	0.6143551186233362
11.30703242695881	0.6758452035675335
11.33178601522014	0.741297711882689
11.35653960348147	0.8114644721179052
11.38129319174281	0.885124535639023
11.40604678000414	0.9635316790280146
11.43080036826547	1.046799239030914
11.45555395652681	1.134403626811927
11.48030754478814	1.22692587685637
11.50506113304947	1.324223641864242
11.52981472131081	1.427432220013726
11.55456830957214	1.535051843392943
11.57932189783347	1.647901448065524
11.60407548609481	1.767150468706414
11.62882907435614	1.891327649244508
11.65358266261747	2.021673077398689
11.67833625087881	2.157514138075533
11.70308983914014	2.299469548849189
11.72784342740147	2.448589972773141
11.75259701566281	2.603122494869315
11.77735060392414	2.765376826496433
11.80210419218547	2.933255812271273
11.82685778044681	3.10782003055564
11.85161136870814	3.290397938521262
11.87636495696947	3.479418441716239
11.90111854523081	3.675915851453245
11.92587213349214	3.880763396000608
11.95062572175348	4.092805995325161
11.97537931001481	4.313463149990951
12.00013289827614	4.541448901924727
12.02488648653748	4.777673264211045
12.04964007479881	5.02332563834288
12.07439366306014	5.276677636825202
12.09914725132148	5.539174748940877
12.12390083958281	5.81194356269476
12.14865442784414	6.093321213056425
12.17340801610548	6.384076208312297
12.19816160436681	6.684944371332214
12.22291519262814	6.996582470501083
12.24766878088948	7.317934584931584
12.27242236915081	7.649706242980836
12.29717595741214	7.992901563957235
12.32192954567348	8.346572980274031
12.34668313393481	8.711955148400046
12.37143672219614	9.089991816117255
12.39619031045748	9.478743655072938
12.42094389871881	9.880063577569304
12.44569748698014	10.29416994409956
12.47045107524148	10.72171801460781
12.49520466350281	11.16195958771805
12.51995825176414	11.61570898939085
12.54471184002548	12.08329958206419
12.56946542828681	12.56554180558736
12.59421901654814	13.06219956552586
12.61897260480948	13.57350114010024
12.64372619307081	14.10125390738258
12.66847978133215	14.64408326843271
12.69323336959348	15.20351953463835
12.71798695785481	15.77907553361783
12.74274054611615	16.37289216398443
12.76749413437748	16.98322492838049
12.79224772263881	17.61165272392257
12.81700131090015	18.25904766174828
12.84175489916148	18.92577825658261
12.86650848742281	19.61119581344305
12.89126207568415	20.31678442039629
12.91601566394548	21.04298203676169
12.94076925220681	21.79164310643291
12.96552284046815	22.56087415681651
12.99027642872948	23.35220264534032
13.01503001699081	24.16673442274907
13.03978360525215	25.005105029965
13.06453719351348	25.86872164469809
13.08929078177481	26.75664093327372
13.11404437003615	27.66971345452917
13.13879795829748	28.60968052997148
13.16355154655881	29.57753423468226
13.18830513482015	30.57279942911239
13.21305872308148	31.59686707506288
13.23781231134281	32.65060143175729
13.26256589960415	33.73495307309948
13.28731948786548	34.85186178266413
13.31207307612681	36.00004961771116
13.33682666438815	37.18142929127296
13.36158025264948	38.3970804584074
13.38633384091082	39.648737624753
13.41108742917215	40.93793043877383
13.43584101743348	42.26373691801109
13.46059460569482	43.62796458307748
13.48534819395615	45.03222538029324
13.51010178221748	46.47793433953069
13.53485537047882	47.96728014845853
13.55960895874015	49.49953702442029
13.58436254700148	51.07721900250757
13.60911613526282	52.70146180214206
13.63386972352415	54.37385535489869
13.65862331178548	56.09723111155989
13.68337690004682	57.87091902940903
13.70813048830815	59.69779933942907
13.73288407656948	61.57889484945903
13.75763766483082	63.51694242843724
13.78239125309215	65.51303479072884
13.80714484135348	67.57072917334794
13.83189842961482	69.68934502753042
13.85665201787615	71.87260130947874
13.88140560613748	74.1227851242745
13.90615919439882	76.44149930697959
13.93091278266015	78.83123161061945
13.95566637092148	81.29502678925137
13.98041995918282	83.83393117130616
14.00517354744415	86.45175751371505
14.02992713570548	89.1510177794357
14.05468072396682	91.93429936225944
14.07943431222815	94.80485707135682
14.10418790048949	97.76545405753158
14.12894148875082	100.8183869192035
14.15369507701215	103.9650796151683
14.17844866527349	107.2165505228928
14.20320225353482	110.5687063801299
14.22795584179615	114.0274808727229
14.25270943005749	117.5972910035991
14.27746301831882	121.2811266048655
14.30221660658015	125.0829981323123
14.32697019484149	129.0073848819989
14.35172378310282	133.0586425965695
14.37647737136415	137.2416119545442
14.40123095962549	141.5605255110767
14.42598454788682	146.0215853821341
14.45073813614815	150.6277932852537
14.47549172440949	155.3852115843852
14.50024531267082	160.299585633239
14.52499890093215	165.3759925900074
14.54975248919349	170.6206197182752
14.57450607745482	176.0397539917923
14.59925966571615	181.6412126160218
14.62401325397749	187.4283946083132
14.64876684223882	193.4095797578281
14.67352043050015	199.5917260148344
14.69827401876149	205.9821270891692
14.72302760702282	212.5890451157464
14.74778119528415	219.4189833183195
14.77253478354549	226.4815545895447
14.79728837180682	233.7858751897382
14.82204196006816	241.338073239993
14.84679554832949	249.1486322227191
14.87154913659082	257.2270006358367
14.89630272485216	265.5831081924738
14.92105631311349	274.2268762965391
14.94580990137482	283.1691878163043
14.97056348963616	292.4223242886152
14.99531707789749	301.9951304098357
15.02007066615882	311.9005552492617
15.04482425442016	322.1504928065079
15.06957784268149	332.7582744057099
15.09433143094282	343.7365559202025
15.11908501920416	355.0988597281419
15.14383860746549	366.8597092061447
15.16859219572682	379.0337689629978
15.19334578398816	391.6345177420649
15.21809937224949	404.6839554961584
15.24285296051082	418.1910892622181
15.26760654877216	432.1755315452569
15.29236013703349	446.6547299378196
15.31711372529482	461.646736995243
15.34186731355616	477.1708334008497
15.36662090181749	493.2465688860714
15.39137449007882	509.8954651266733
15.41612807834016	527.1353757881698
15.44088166660149	544.9900973064869
15.46563525486282	563.4821514837669
15.49038884312416	582.6345610889896
15.51514243138549	602.472193394629
15.53989601964683	623.0180965422408
15.56464960790816	644.3006547110416
15.58940319616949	666.3458100891695
15.61415678443083	689.1814881328496
15.63891037269216	712.8371637309306
15.66366396095349	737.3418678711148
15.68841754921483	762.7268297900703
15.71317113747616	789.0246169946143
15.73792472573749	816.2677274001525
15.76267831399883	844.4919069426483
15.78743190226016	873.7320303210035
15.81218549052149	904.0257388524037
15.83693907878283	935.4095477425454
15.86169266704416	967.9249828694217
15.88644625530549	1001.613957245151
15.91119984356683	1036.515701008773
15.93595343182816	1072.676622862276
15.96070702008949	1110.139886966642
15.98546060835083	1148.9554951184
16.01021419661216	1189.171449914822
16.03496778487349	1230.838047724166
16.05972137313483	1274.007074176468
16.08447496139616	1318.733907183625
16.10922854965749	1365.073849528995
16.13398213791883	1413.086767357163
16.15873572618016	1462.829464646223
16.18348931444149	1514.364872159654
16.20824290270283	1567.758468208487
16.23299649096416	1623.076618365927
16.2577500792255	1680.387980803185
16.28250366748683	1739.766296968844
16.30725725574816	1801.278100118804
16.3320108440095	1865.007204932717
16.35676443227083	1931.029952092738
16.38151802053216	1999.428253639763
16.4062716087935	2070.285944723852
16.43102519705483	2143.692695416441
16.45577878531616	2219.73602161932
16.4805323735775	2298.510363371886
16.50528596183883	2380.113731399139
16.53003955010016	2464.641490190021
16.5547931383615	2552.207618051778
16.57954672662283	2642.909720809881
16.60430031488416	2736.8617799713
16.6290539031455	2834.178344293872
16.65380749140683	2934.978161009221
16.67856107966816	3039.383123193651
16.7033146679295	3147.522233192341
16.72806825619083	3259.522812950477
16.75282184445216	3375.521638601511
16.7775754327135	3495.659859925094
16.80232902097483	3620.080930307461
16.82708260923616	3748.935930104751
16.8518361974975	3882.379316288416
16.87658978575883	4020.571309417531
16.90134337402016	4163.676775664018
16.9260969622815	4311.862932626032
16.95085055054283	4465.319357275594
16.97560413880417	4624.216332562551
17.0003577270655	4788.748699381247
17.02511131532683	4959.108252773029
17.04986490358817	5135.498281039315
17.0746184918495	5318.127228836437
17.09937208011083	5507.211512957755
17.12412566837217	5702.973665052747
17.1488792566335	5905.644071231356
17.17363284489483	6115.460883849878
17.19838643315617	6332.669961759296
17.2231400214175	6557.524268381802
17.24789360967883	6790.28803675864
17.27264719794017	7031.232011213528
17.2974007862015	7280.637177457489
17.32215437446283	7538.79259033133
17.34690796272417	7805.99831461145
17.3716615509855	8082.561021661519
17.39641513924683	8368.803155430771
17.42116872750817	8665.053722137711
17.4459223157695	8971.654447767069
17.47067590403083	9288.955963963701
17.49542949229217	9617.322955943373
17.5201830805535	9957.130791909647
17.54493666881483	10308.76873653588
17.56969025707617	10672.63681610512
17.5944438453375	11049.1506422154
17.61919743359883	11438.73593557909
17.64395102186017	11841.83550759178
17.6687046101215	12258.91683914717
17.69345819838284	12690.4182266728
17.71821178664417	13136.85930065266
17.7429653749055	13598.7321889752
17.76771896316684	14076.55444427879
17.79247255142817	14570.86254010157
17.8172261396895	15082.21018416569
17.84197972795084	15611.16846395116
17.86673331621217	16158.32834224244
17.8914869044735	16724.29837391445
17.91624049273484	17309.70743827424
17.94099408099617	17915.20515771585
17.9657476692575	18541.46240609827
17.99050125751884	19189.17124719721
18.01525484578017	19859.04574486411
18.0400084340415	20551.82491989481
18.06476202230284	21268.27006564563
18.08951561056417	22009.16961147587
18.1142691988255	22775.33119602439
18.13902278708684	23567.59436306118
18.16377637534817	24386.82477951073
18.1885299636095	25233.91441968773
18.21328355187084	26109.78533829902
18.23803714013217	27015.38852970457
18.2627907283935	27951.70611332677
18.28754431665484	28919.75029282793
18.31229790491617	29920.56708131617
18.3370514931775	30955.23635374497
18.36180508143884	32024.8701251017
18.38655866970017	33130.62059262373
18.41131225796151	34273.67232017285
18.43606584622284	35455.24922554562
18.46081943448417	36676.61635399923
18.48557302274551	37939.07447451841
18.51032661100684	39243.97218608512
18.53508019926817	40592.69462055724
18.55983378752951	41986.67363365723
18.58458737579084	43427.38873855251
18.60934096405217	44916.36423526153
18.63409455231351	46455.17301793219
18.65884814057484	48045.43873441943
18.68360172883617	49688.83574743247
18.70835531709751	51387.09147381411
18.73310890535884	53141.9853628456
18.75786249362017	54955.36584379975
18.78261608188151	56829.12059859355
18.80736967014284	58765.21020445816
18.83212325840417	60765.65230377903
18.85687684666551	62832.53064829857
18.88163043492684	64967.99315459515
18.90638402318817	67174.25628924885
18.93113761144951	69453.57630255885
18.95589119971084	71808.39992645629
18.98064478797217	74241.06904157865
19.00539837623351	76754.12260009325
19.03015196449484	79350.1481345395
19.05490555275617	82031.81412952002
19.07965914101751	84801.87288135056
19.10441272927884	87663.16354528826
19.12916631754018	90618.61336331746
19.15391990580151	93671.24157340922
19.17867349406284	96824.16227428347
19.20342708232418	100080.5869356355
19.22818067058551	103443.8270025975
19.25293425884684	106917.2974814878
19.27768784710818	110504.5200534974
19.30244143536951	114209.1264843178
19.32719502363084	118034.8615582
19.35194861189218	121985.5813515628
19.37670220015351	126065.2838889099
19.40145578841484	130278.0589892095
19.42620937667618	134628.1493681014
19.45096296493751	139119.9114896742
19.47571655319884	143757.8507128909
19.50047014146018	148546.6082001524
19.52522372972151	153490.9672815174
19.54997731798284	158595.861866827
19.57473090624418	163866.374272222
19.59948449450551	169307.7489839637
19.62423808276684	174925.4016858477
19.64899167102818	180724.8912774539
19.67374525928951	186711.9685780216
19.69849884755084	192892.5616393443
19.72325243581218	199272.7591642717
19.74800602407351	205858.8719235671
19.77275961233484	212657.382410814
19.79751320059618	219674.9803530113
19.82226678885751	226918.5578844633
19.84702037711885	234395.2228374697
19.87177396538018	242112.3031354938
19.89652755364151	250077.3439167485
19.92128114190285	258298.1355996526
19.94603473016418	266782.6958556576
19.97078831842551	275539.2951429498
19.99554190668685	284576.4536096955
20.02029549494818	293902.9569294031
20.04504908320951	303527.8554977241
20.06980267147085	313460.4860331134
20.09455625973218	323710.4614296496
20.11930984799351	334287.6913763313
20.14406343625485	345202.391926509
20.16881702451618	356465.0850508403
20.19357061277751	368086.6327353164
20.21832420103885	380078.2644254297
20.24307778930018	392451.3139447937
20.26783137756151	405217.846953875
20.29258496582285	418390.0289935914
20.31733855408418	431980.4806217815
20.34209214234551	446002.1834416304
20.36684573060685	460468.5266069177
20.39159931886818	475393.3163968216
20.41635290712951	490790.7393168205
20.44110649539085	506675.5005373348
20.46586008365218	523062.5936683553
20.49061367191351	539967.6594969019
20.51536726017485	557406.6919715606
20.54012084843618	575396.2012290895
20.56487443669752	593953.2464341379
20.58962802495885	613095.1977775777
20.61438161322018	632840.2714080119
20.63913520148152	653207.0370804389
20.66388878974285	674214.6038671728
20.68864237800418	695882.7829099086
20.71339596626552	718231.8948280767
20.73814955452685	741282.890015728
20.76290314278818	765057.3789746281
20.78765673104952	789577.5987947227
20.81241031931085	814866.4633840839
20.83716390757218	840947.5903632481
20.86191749583352	867845.3004085383
20.88667108409485	895584.6909799069
20.91142467235618	924191.4075637299
20.93617826061752	953692.2117563265
20.96093184887885	984114.4326743764
20.98568543714018	1015486.271665862
21.01043902540152	1047836.803462202
21.03519261366285	1081195.95215796
21.05994620192418	1115594.532740448
21.08469979018552	1151064.357330675
21.10945337844685	1187638.08785475
21.13420696670818	1225349.43736168
21.15896055496952	1264233.101806866
21.18371414323085	1304324.845921848
21.20846773149218	1345661.473558051
21.23322131975352	1388280.744648488
21.25797490801485	1432222.194914643
21.28272849627619	1477525.577145735
21.30748208453752	1524232.478493633
21.33223567279885	1572385.549768541
21.35698926106019	1622028.766839001
21.38174284932152	1673207.364701397
21.40649643758285	1725967.957613805
21.43125002584419	1780358.538083815
21.45600361410552	1836428.546726425
21.48075720236685	1894228.893888811
21.50551079062819	1953811.999437047
21.53026437888952	2015231.859104826
21.55501796715085	2078544.068688772
21.57977155541219	2143805.881412658
21.60452514367352	2211076.243053639
21.62927873193485	2280415.882907579
21.65403232019619	2351887.323675387
21.67878590845752	2425554.928954052
21.70353949671885	2501484.980641413
21.72829308498019	2579745.777160363
21.75304667324152	2660407.587855575
21.77780026150285	2743542.780901262
21.80255384976419	2829225.871640128
21.82730743802552	2917533.621195616
21.85206102628685	3008545.028435322
21.87681461454819	3102341.44485447
21.90156820280952	3199006.630113022
21.92632179107085	3298626.837704582
21.95107537933219	3401290.85529035
21.97582896759352	3507090.117764874
22.00058255585486	3616118.744953858
22.02533614411619	3728473.665943899
22.05008973237752	3844254.714257616
22.07484332063886	3963564.447676002
22.09959690890019	4086508.788578888
22.12435049716152	4213196.589211328
22.14910408542286	4343739.942173517
22.17385767368419	4478254.253489615
22.19861126194552	4616858.335529485
22.22336485020686	4759674.517269545
22.24811843846819	4906828.717875559
22.27287202672952	5058450.568730237
22.29762561499086	5214673.377246502
22.32237920325219	5375634.955276057
22.34713279151352	5541476.310714002
22.37188637977486	5712343.163222884
22.39663996803619	5888385.376961432
22.42139355629752	6069757.248985133
22.44614714455886	6256617.572491532
22.47090073282019	6449129.834139349
22.49565432108152	6647462.316967802
22.52040790934286	6851788.211083038
22.54516149760419	7062285.858731513
22.56991508586552	7279138.776154047
22.59466867412686	7502535.936320275
22.61942226238819	7732671.673588873
22.64417585064952	7969746.25553639
22.66892943891086	8213965.676523169
22.69368302717219	8465541.991170494
22.71843661543353	8724693.471557483
22.74319020369486	8991644.758433297
22.76794379195619	9266627.100992261
22.79269738021753	9549878.515430434
22.81745096847886	9841643.870686961
22.84220455674019	10142175.40974625
22.86695814500153	10451732.53382183
22.89171173326286	10770582.29297906
22.91646532152419	11098999.59383735
22.94121890978553	11437267.31432033
22.96597249804686	11785676.55308546
22.99072608630819	12144527.06198326
23.01547967456953	12514127.09836437
23.04023326283086	12894794.00565249
23.06498685109219	13286854.62995346
23.08974043935353	13690644.87715809
23.11449402761486	14106510.75059935
23.13924761587619	14534808.25043312
23.16400120413753	14975903.7364532
23.18875479239886	15430174.28048491
23.21350838066019	15898007.79695543
23.23826196892153	16379803.62779748
23.26301555718286	16875972.64057956
23.28776914544419	17386937.65731059
23.31252273370553	17913133.81020955
23.33727632196686	18455008.85113318
23.36202991022819	19013023.53779386
23.38678349848953	19587652.02969072
23.41153708675086	20179382.00800456
23.4362906750122	20788716.00197985
23.46104426327353	21416170.20719478
23.48579785153486	22062276.34935516
23.5105514397962	22727581.39092486
23.53530502805753	23412648.24322092
23.56005861631886	24118056.01125482
23.5848122045802	24844400.60079728
23.60956579284153	25592295.33645807
23.63431938110286	26362370.95892323
23.6590729693642	27155276.73736223
23.68382655762553	27971680.6775319
23.70858014588686	28812270.00029416
23.7333337341482	29677751.86363728
23.75808732240953	30568853.85491457
23.78284091067086	31486324.61053498
23.8075944989322	32430934.41976233
23.83234808719353	33403475.52789613
23.85710167545486	34404763.52449717
23.8818552637162	35435637.21343166
23.90660885197753	36496959.66905865
23.93136244023886	37589618.91808084
23.9561160285002	38714528.52930834
23.98086961676153	39872628.43028884
24.00562320502286	41064885.60876029
24.0303767932842	42292295.08551038
24.05513038154553	43555880.16592867
24.07988396980686	44856694.02877004
24.1046375580682	46195819.97720291
24.12939114632953	47574372.46998724
24.15414473459087	48993498.12510281
24.1788983228522	50454376.49299318
24.20365191111353	51958221.02281678
24.22840549937487	53506280.08077917
24.2531590876362	55099837.81329727
24.27791267589753	56740215.69601484
24.30266626415887	58428772.50480948
24.3274198524202	60166906.45377384
24.35217344068153	61956055.81807258
24.37692702894287	63797700.19263941
24.4016806172042	65693361.59511844
24.42643420546553	67644605.57880743
24.45118779372687	69653042.90361349
24.4759413819882	71720330.28065987
24.50069497024953	73848172.02411216
24.52544855851087	76038321.15466315
24.5502021467722	78292581.04884642
24.57495573503353	80612806.70525749
24.59970932329487	83000906.30053924
24.6244629115562	85458842.50949217
24.64921649981753	87988634.20933457
24.67397008807887	90592358.27461746
24.6987236763402	93272150.69945785
24.72347726460153	96030208.67822263
24.74823085286287	98868792.38001865
24.7729844411242	101790226.3248591
24.79773802938553	104796901.617773
24.82249161764687	107891277.6905546
24.8472452059082	111075884.8186542
24.87199879416954	114353323.2199134
24.89675238243087	117726270.6566749
24.9215059706922	121197479.2091901
24.94625955895354	124769780.1037492
24.97101314721487	128446085.2085611
24.9957667354762	132229389.5872656
25.02052032373754	136122773.5025265
25.04527391199887	140129405.2375045
25.0700275002602	144252543.6003447
25.09478108852154	148495539.2752347
25.11953467678287	152861839.7218899
25.1442882650442	157354989.8291024
25.16904185330554	161978635.6689056
25.19379544156687	166736526.9375129
25.2185490298282	171632520.2510528
25.24330261808954	176670581.9017813
25.26805620635087	181854790.8674192
25.2928097946122	187189342.9740655
25.31756338287354	192678551.4413978
25.34231697113487	198326854.3738527
25.3670705593962	204138814.7034862
25.39182414765754	210119125.5360706
25.41657773591887	216272612.7858712
25.4413313241802	222604240.1166056
25.46608491244154	229119111.7570211
25.49083850070287	235822476.8483498
25.5155920889642	242719736.9718275
25.54034567722554	249816434.120735
25.56509926548687	257118286.2986756
25.58985285374821	264631161.003226
25.61460644200954	272361096.837158
25.63936003027087	280314301.5134249
25.66411361853221	288497159.6845375
25.68886720679354	296916237.0699294
25.71362079505487	305578285.0330141
25.73837438331621	314490246.4318708
25.76312797157754	323659261.1625878
25.78788155983887	333092670.2852135
25.81263514810021	342798023.3424568
25.83738873636154	352783084.2509298
25.86214232462287	363055835.4751043
25.88689591288421	373624485.4484019
25.91164950114554	384497475.6502767
25.93640308940687	395683485.1980749
25.96115667766821	407191439.9044317
25.98591026592954	419030516.5936324
26.01066385419087	431210153.0310465
26.03541744245221	443740051.9111722
26.06017103071354	456630189.5107629
26.08492461897487	469890827.3737403
26.10967820723621	483532513.8383424
26.13443179549754	497566095.8712702
26.15918538375887	512002726.3069333
26.18393897202021	526853873.6413159
26.20869256028154	542131329.1060643
26.23344614854287	557847216.6125728
26.25819973680421	574014003.3451872
26.28295332506554	590644504.8328269
26.30770691332688	607751902.5281254
26.33246050158821	625349745.3900857
26.35721408984954	643451966.3737646
26.38196767811088	662072890.3704662
26.40672126637221	681227245.3593597
26.43147485463354	700930175.7542212
26.45622844289488	721197250.5223694
26.48098203115621	742044477.9395715
26.50573561941754	763488317.1171573
26.53048920767888	785545688.8560033
26.55524279594021	808233992.6079562
26.57999638420154	831571115.1880774
26.60474997246288	855575447.2993966
26.62950356072421	880265896.2736698
26.65425714898554	905661902.8877078
26.67901073724688	931783451.5861242
26.70376432550821	958651090.6351206
26.72851791376954	986285944.750604
26.75327150203088	1014709732.021596
26.77802509029221	1043944780.464494
26.80277867855354	1074014048.792625
26.82753226681488	1104941133.203537
26.85228585507621	1136750297.66729
26.87703944333754	1169466485.75497
26.90179303159888	1203115340.784047
26.92654661986021	1237723226.026455
26.95130020812154	1273317243.925948
26.97605379638288	1309925257.029989
27.00080738464421	1347575909.359833
27.02556097290555	1386298647.240599
27.05031456116688	1426123745.205682
27.07506814942821	1467082322.180722
27.09982173768955	1509206371.694491
27.12457532595088	1552528782.838454
27.14932891421221	1597083366.683567
27.17408250247355	1642904875.963287
27.19883609073488	1690029048.10414
27.22358967899621	1738492610.971765
27.24834326725755	1788333323.475693
27.27309685551888	1839590001.319789
27.29785044378021	1892302546.345336
27.32260403204155	1946511975.666403
27.34735762030288	2002260455.491554
27.37211120856421	2059591329.74101
27.39686479682555	2118549155.125535
27.42161838508688	2179179730.267451
27.44637197334821	2241530142.390129
27.47112556160955	2305648786.970287
27.49587914987088	2371585414.107558
27.52063273813221	2439391163.701716
27.54538632639355	2509118604.052623
27.57013991465488	2580821771.926048
27.59489350291621	2654556211.479434
27.61964709117755	2730379018.547056
27.64440067943888	2808348883.657641
27.66915426770021	2888526128.854457
27.69390785596155	2970972771.964238
27.71866144422288	3055752550.641241
27.74341503248422	3142930982.891797
27.76816862074555	3232575414.242953
27.79292220900688	3324755068.117341
27.81767579726822	3419541105.830551
27.84242938552955	3517006637.061056
27.86718297379088	3617226864.640615
27.89193656205222	3720279049.626283
27.91669015031355	3826242613.918164
27.94144373857488	3935199184.967702
27.96619732683622	4047232679.931144
27.99095091509755	4162429340.60452
28.01570450335888	4280877812.68821
28.04045809162022	4402669209.581038
28.06521167988155	4527897181.250501
28.08996526814288	4656657980.101222
28.11471885640422	4789050544.555908
28.13947244466555	4925176558.283887
28.16422603292688	5065140535.696971
28.18897962118822	5209049895.29796
28.21373320944955	5357015047.848181
28.23848679771088	5509149469.97761
28.26324038597222	5665569793.586485
28.28799397423355	5826395891.038315
28.31274756249488	5991750966.238723
28.33750115075622	6161761835.846396
28.36225473901755	6336558073.540648
28.38700832727888	6516274011.614973
28.41176191554022	6701046933.655195
28.43651550380155	6891018129.95231
28.46126909206289	7086332810.15261
28.48602268032422	7287140217.309002
28.51077626858555	7493593746.077452
28.53552985684689	7705851033.526649
28.56028344510822	7924074097.500731
28.58503703336955	8148429447.885389
28.60979062163089	8379088207.090961
28.63454420989222	8616226267.732738
28.65929779815355	8860024364.630785
28.68405138641489	9110668265.670477
28.70880497467622	9368348883.136909
28.73355856293755	9633262416.193165
28.75831215119889	9905610501.628618
28.78306573946022	10185600373.85137
28.80781932772155	10473444996.08117
28.83257291598289	10769363234.095
28.85732650424422	11073580015.57134
28.88208009250555	11386326510.49908
28.90683368076689	11707840215.90411
28.93158726902822	12038365330.57556
28.95634085728955	12378152718.73798
28.98109444555089	12727460210.65757
29.00584803381222	13086552769.39639
29.03060162207355	13455702693.58722
29.05535521033489	13835189806.91014
29.08010879859622	14225301680.91438
29.10486238685755	14626333834.52992
29.12961597511889	15038589957.21931
29.15436956338022	15462382138.00124
29.17912315164156	15898031073.20064
29.20387673990289	16345866362.13035
29.22863032816422	16806226679.85561
29.25338391642556	17279460064.84319
29.27813750468689	17765924177.79189
29.30289109294822	18265986549.06961
29.32764468120956	18780024869.96997
29.35239826947089	19308427248.44228
29.37715185773222	19851592526.2605
29.40190544599356	20409930532.58664
29.42665903425489	20983862441.12268
29.45141262251622	21573821009.42422
29.47616621077756	22180250969.89944
29.50091979903889	22803609318.96012
29.52567338730022	23444365644.26089
29.55042697556156	24103002500.17507
29.57518056382289	24780015747.26294
29.59993415208422	25475914913.95731
29.62468774034556	26191223585.89858
29.64944132860689	26926479773.22004
29.67419491686822	27682236340.67987
29.69894850512956	28459061340.10724
29.72370209339089	29257538530.66843
29.74845568165222	30078267716.80344
29.77320926991356	30921865261.32777
29.79796285817489	31788964486.398
29.82271644643622	32680216153.0185
29.84747003469756	33596288952.74673
29.87222362295889	34537869983.8296
29.89697721122023	35505665261.88722
29.92173079948156	36500400230.46424
29.94648438774289	37522820338.4331
29.97123797600423	38573691481.10489
29.99599156426556	39653800698.47931
30.02074515252689	40763956639.21728
30.04549874078823	41904990201.02182
30.07025232904956	43077755159.29078
30.09500591731089	44283128763.21216
30.11975950557223	45522012364.18292
30.14451309383356	46795332114.10014
30.16926668209489	48104039634.01017
30.19402027035623	49449112662.44696
30.21877385861756	50831555875.61238
30.24352744687889	52252401493.66795
30.26828103514023	53712710132.1515
30.29303462340156	55213571553.72105
30.31778821166289	56756105446.11697
30.34254179992423	58341462229.70993
30.36729538818556	59970823970.79639
30.39204897644689	61645405146.98409
30.41680256470823	63366453612.90614
30.44155615296956	65135251453.80344
30.46630974123089	66953115959.26609
30.49106332949223	68821400567.8624
30.51581691775356	70741495899.43869
30.54057050601489	72714830664.13019
30.56532409427623	74742872812.16307
30.59007768253756	76827130568.90494
30.61483127079889	78969153501.64357
30.63958485906023	81170533684.67258
30.66433844732156	83432906871.13168
30.6890920355829	85757953655.70242
30.71384562384423	88147400688.19792
30.73859921210556	90603021976.80283
30.7633528003669	93126640119.79999
30.78810638862823	95720127686.67126
30.81285997688956	98385408580.79021
30.8376135651509	101124459376.6492
30.86236715341223	103939310812.941
30.88712074167356	106832049280.3575
30.9118743299349	109804818287.3566
30.93662791819623	112859820044.9415
30.96138150645756	115999317056.2304
30.9861350947189	119225633824.3213
31.01088868298023	122541158425.8356
31.03564227124156	125948344350.1506
31.0603958595029	129449712177.5912
31.08514944776423	133047851533.2728
31.10990303602556	136745422884.8391
31.1346566242869	140545159487.9139
31.15941021254823	144449869246.1515
31.18416380080956	148462437173.9878
31.2089173890709	152585826942.7289
31.23367097733223	156823083330.6788
31.25842456559356	161177334372.7234
31.2831781538549	165651793634.4492
31.30793174211623	170249762554.179
31.33268533037756	174974632781.2916
31.3574389186389	179829888683.9658
31.38219250690023	184819109539.9018
31.40694609516157	189945974315.754
31.4316996834229	195214258590.1797
31.45645327168423	200627844362.0231
31.48120685994557	206190718818.403
31.5059604482069	211906977917.5919
31.53071403646823	217780829530.3608
31.55546762472957	223816596424.5508
31.5802212129909	230018719419.4234
31.60497480125223	236391760550.4742
31.62972838951357	242940406424.9377
31.6544819777749	249669468889.8867
31.67923556603623	256583899344.3492
31.70398915429757	263688776545.868
31.7287427425589	270989319105.4847
31.75349633082023	278490889299.6874
31.77824991908157	286198995500.352
31.8030035073429	294119296041.4404
31.82775709560423	302257603669.2556
31.85251068386557	310619889667.8445
31.8772642721269	319212288100.5522
31.90201786038823	328041100295.8445
31.92677144864957	337112799340.5477
31.9515250369109	346434033060.0012
31.97627862517223	356011635676.5681
32.00103221343357	365852624529.8329
32.0257858016949	375964202411.283
32.05053938995623	386353778244.4742
32.07529297821757	397028956930.4224
32.1000465664789	407997552048.4124
32.12480015474024	419267589576.5532
32.14955374300157	430847314355.5153
32.1743073312629	442745195592.0406
32.19906091952424	454969933125.9774
32.22381450778557	467530463636.5775
0
1000	1776.86	100000000000000.1
5	0	0	1
5	0	0	0
7.494979834713454	-5.640052849627722e-09
7.519733422974787	-5.660460655415492e-09
7.544487011236121	-4.690907588622493e-09
7.569240599497454	-3.02625901210986e-09
7.593994187758788	-1.03334559152642e-09
7.618747776020121	-1.05325093494038e-12
7.643501364281454	-3.500281358873574e-12
7.668254952542788	-6.337389139656349e-12
7.693008540804121	-9.490225670283479e-12
7.717762129065455	-1.288966666439727e-11
7.742515717326788	-1.647311815561576e-11
7.767269305588122	-8.967168145614336e-10
7.792022893849455	-4.433962541723815e-09
7.816776482110789	-8.908845010646945e-09
7.841530070372122	-1.426102759444356e-08
7.866283658633455	-2.041355719145348e-08
7.891037246894789	-2.72770910650564e-08
7.915790835156122	-3.475386714879162e-08
7.940544423417456	-4.274147131486712e-08
7.965298011678789	-5.113543489584861e-08
7.990051599940123	-5.983159302368226e-08
8.014805188201457	-6.872806267315746e-08
8.03955877646279	-7.772689970945284e-08
8.064312364724124	-8.673548503189856e-08
8.089065952985457	-9.566768183930171e-08
8.113819541246791	-1.044450734287177e-07
8.138573129508124	-1.129972480959193e-07
8.163326717769458	-1.212623665361181e-07
8.188080306030791	-1.291882806150748e-07
8.212833894292125	-1.367327122079592e-07
8.237587482553458	-1.422872569381518e-07
8.262341070814792	-1.49109844557465e-07
8.287094659076125	-1.55625686896782e-07
8.311848247337458	-1.618237498708563e-07
8.336601835598792	-1.676960749545121e-07
8.361355423860125	-1.732396215191792e-07
8.386109012121459	-1.784529752093511e-07
8.410862600382792	-1.833351771166344e-07
8.435616188644126	-1.878897084541102e-07
8.460369776905459	-1.921227110707079e-07
8.485123365166793	-1.955093675521504e-07
8.509876953428126	-1.991728949990155e-07
8.534630541689459	-2.025948353279294e-07
8.559384129950793	-2.057871475820023e-07
8.584137718212126	-2.0876130394415e-07
8.60889130647346	-2.115286034757013e-07
8.633644894734793	-2.140999391493498e-07
8.658398482996127	-2.164857264082892e-07
8.68315207125746	-2.186958409748477e-07
8.707905659518794	-2.207395650688515e-07
8.732659247780127	-2.237691385527763e-07
8.75741283604146	-2.254045240298306e-07
8.782166424302794	-2.267999949850753e-07
8.806920012564127	-2.279718663958742e-07
8.831673600825461	-2.289407515490879e-07
8.856427189086794	-2.297315222386574e-07
8.881180777348128	-2.303732638859216e-07
8.905934365609461	-2.308992265303488e-07
8.930687953870795	-2.31346772523907e-07
8.955441542132128	-2.317573216598468e-07
8.980195130393462	-2.30339619316763e-07
9.004948718654795	-2.309809466007299e-07
9.029702306916128	-2.318885389321692e-07
9.054455895177462	-2.331031827468055e-07
9.079209483438795	-2.346615097734958e-07
9.103963071700129	-2.36596002622272e-07
9.128716659961462	-2.389350080299576e-07
9.153470248222796	-2.41702756718686e-07
9.178223836484129	-2.449193889315322e-07
9.202977424745463	-2.486009848084691e-07
9.227731013006796	-2.525208164959624e-07
9.252484601268129	-2.571862671050455e-07
9.277238189529463	-2.623610550574164e-07
9.301991777790796	-2.680432012927517e-07
9.32674536605213	-2.742257116126076e-07
9.351498954313463	-2.809058467141795e-07
9.376252542574797	-2.880429533450706e-07
9.40100613083613	-2.956384191372101e-07
9.425759719097464	-3.036597162889109e-07
9.450513307358797	-3.120763812801273e-07
9.47526689562013	-3.227750301259799e-07
9.500020483881464	-3.316990698352097e-07
9.524774072142797	-3.407390070464078e-07
9.549527660404131	-3.498642358630662e-07
9.574281248665464	-3.590479808615672e-07
9.599034836926798	-3.682672662074788e-07
9.623788425188131	-3.775028827746486e-07
9.648542013449465	-3.867393535978309e-07
9.673295601710798	-3.959648979540139e-07
9.698049189972132	-4.051713943355704e-07
9.722802778233465	-4.135446827587003e-07
9.747556366494798	-4.227767829628432e-07
9.772309954756132	-4.320550070722102e-07
9.797063543017465	-4.413781013876774e-07
9.821817131278799	-4.507448717386562e-07
9.846570719540132	-4.601541824309872e-07
9.871324307801466	-4.696049552137993e-07
9.896077896062799	-4.790961682657992e-07
9.920831484324133	-4.88626855201323e-07
9.945585072585466	-4.981961040963483e-07
9.970338660846799	-5.078117050398554e-07
9.995092249108133	-5.174547726389505e-07
10.01984583736947	-5.271332563652233e-07
10.0445994256308	-5.368465306957509e-07
10.06935301389213	-5.465940565752273e-07
10.09410660215347	-5.563753802412883e-07
10.1188601904148	-5.661901320688767e-07
10.14361377867613	-5.760380254340484e-07
10.16836736693747	-5.859188555974894e-07
10.1931209551988	-5.958324986079479e-07
10.21787454346013	-7.513378061112737e-07
10.24262813172147	-7.480724019785617e-07
10.2673817199828	-7.326267383123361e-07
10.29213530824413	-7.063295340762133e-07
10.31688889650547	-6.711206668333948e-07
10.3416424847668	-6.560026307286591e-07
10.36639607302813	-6.661408680959296e-07
10.39114966128947	-6.763132301825482e-07
10.4159032495508	-6.865208842662282e-07
10.44065683781213	-6.967652512107326e-07
10.46541042607347	-7.069215962536763e-07
10.4901640143348	-7.172474578931958e-07
10.51491760259614	-7.276295582153402e-07
10.53967119085747	-7.380726202905717e-07
10.5644247791188	-7.485815630431219e-07
10.58917836738014	-8.917603560531614e-07
10.61393195564147	-1.217309093775812e-06
10.6386855439028	-1.611136673836908e-06
10.66343913216414	-2.075095170263697e-06
10.68819272042547	-2.610497052486993e-06
10.7129463086868	-3.195799492566387e-06
10.73769989694814	-3.877840826990464e-06
10.76245348520947	-4.634001018584217e-06
10.7872070734708	-5.463320122423517e-06
10.81196066173214	-6.364227546304561e-06
10.83671424999347	-7.334543819075345e-06
10.8614678382548	-8.371481982642183e-06
10.88622142651614	-9.471648685138921e-06
10.91097501477747	-1.0631045037564e-05
10.9357286030388	-1.184506728374252e-05
10.96048219130014	-1.333620876266198e-05
10.98523577956147	-1.462276061352209e-05
11.0099893678228	-1.592731614345069e-05
11.03474295608414	-1.724487256744348e-05
11.05949654434547	-1.857079224551301e-05
11.0842501326068	-1.990080245385625e-05
11.10900372086814	-2.123100774038506e-05
11.13375730912947	-2.255806607836719e-05
11.1585108973908	-2.387689794623844e-05
11.18326448565214	-2.518796429221224e-05
11.20801807391347	-2.64455019909645e-05
11.23277166217481	-2.773354584165756e-05
11.25752525043614	-2.900904735896506e-05
11.28227883869747	-3.027015915056999e-05
11.30703242695881	-3.151520004751554e-05
11.33178601522014	-3.274265452672716e-05
11.35653960348147	-3.395117220493027e-05
11.38129319174281	-3.513956739570525e-05
11.40604678000414	-3.630681872233585e-05
11.43080036826547	-3.745206877990056e-05
11.45555395652681	-3.855279494107693e-05
11.48030754478814	-3.965407821613416e-05
11.50506113304947	-4.073361293057291e-05
11.52981472131081	-4.179100414315039e-05
11.55456830957214	-4.282592631228161e-05
11.57932189783347	-4.383812334071343e-05
11.60407548609481	-4.482740862248284e-05
11.62882907435614	-4.579366509125772e-05
11.65358266261747	-4.673684526928158e-05
11.67833625087881	-4.765697131625e-05
11.70308983914014	-4.854350731714763e-05
11.72784342740147	-4.941878568410171e-05
11.75259701566281	-5.027255617116828e-05
11.77735060392414	-5.110466690538978e-05
11.80210419218547	-5.191559780712021e-05
11.82685778044681	-5.270556079431117e-05
11.85161136870814	-5.347483421630425e-05
11.87636495696947	-5.422372406281417e-05
11.90111854523081	-5.495256177130609e-05
11.92587213349214	-5.566170388728075e-05
11.95062572175348	-5.63467887279938e-05
11.97537931001481	-5.701813359780613e-05
12.00013289827614	-5.767140395731913e-05
12.02488648653748	-5.830701543557785e-05
12.04964007479881	-5.892538857083725e-05
12.07439366306014	-5.952694890158059e-05
12.09914725132148	-6.011212704985578e-05
12.12390083958281	-6.068135879761075e-05
12.14865442784414	-6.12350851566753e-05
12.17340801610548	-6.177375243300646e-05
12.19816160436681	-6.229595364071642e-05
12.22291519262814	-6.280603192708051e-05
12.24766878088948	-6.330257820653412e-05
12.27242236915081	-6.378604390321241e-05
12.29717595741214	-6.425687825033468e-05
12.32192954567348	-6.471552834550951e-05
12.34668313393481	-6.516243919797798e-05
12.37143672219614	-6.55980537693643e-05
12.39619031045748	-6.602281300914403e-05
12.42094389871881	-6.6437155885779e-05
12.44569748698014	-6.684106626889866e-05
12.47045107524148	-6.723592603740766e-05
12.49520466350281	-6.762171308848393e-05
12.51995825176414	-6.799885470147743e-05
12.54471184002548	-6.836777429482725e-05
12.56946542828681	-6.872889144815641e-05
12.59421901654814	-6.908262192826815e-05
12.61897260480948	-6.942937772232891e-05
12.64372619307081	-6.976956708418647e-05
12.66847978133215	-7.010359460522921e-05
12.69323336959348	-7.043200047107312e-05
12.71798695785481	-7.075490534740735e-05
12.74274054611615	-7.107282904444713e-05
12.76749413437748	-7.138615998725063e-05
12.79224772263881	-7.169528296712473e-05
12.81700131090015	-7.200057914107721e-05
12.84175489916148	-7.230242603042272e-05
12.86650848742281	-7.260119751850778e-05
12.89126207568415	-7.289726384750629e-05
12.91601566394548	-7.319099161421957e-05
12.94076925220681	-7.348293064699593e-05
12.96552284046815	-7.377305003992339e-05
12.99027642872948	-7.406189284627075e-05
13.01503001699081	-7.434981256264132e-05
13.03978360525215	-7.463715980764316e-05
13.06453719351348	-7.492428231645296e-05
13.08929078177481	-7.521152493513206e-05
13.11404437003615	-7.549922961469795e-05
13.13879795829748	-7.578773540495163e-05
13.16355154655881	-7.607737844806002e-05
13.18830513482015	-7.636862925001253e-05
13.21305872308148	-7.666153128983475e-05
13.23781231134281	-7.6956549896967e-05
13.26256589960415	-7.725401070780277e-05
13.28731948786548	-7.755423700211315e-05
13.31207307612681	-7.785754969465284e-05
13.33682666438815	-7.816426732683015e-05
13.36158025264948	-7.847470605844611e-05
13.38633384091082	-7.878917965950867e-05
13.41108742917215	-7.910799950212504e-05
13.43584101743348	-7.943151387967291e-05
13.46059460569482	-7.97599470788199e-05
13.48534819395615	-8.009364288532915e-05
13.51010178221748	-8.043290336336457e-05
13.53485537047882	-8.07780283012866e-05
13.55960895874015	-8.112931520242693e-05
13.58436254700148	-8.1487059276265e-05
13.60911613526282	-8.185155342999777e-05
13.63386972352415	-8.222308826049391e-05
13.65862331178548	-8.26019520466265e-05
13.68337690004682	-8.298841230490818e-05
13.70813048830815	-8.338279061712534e-05
13.73288407656948	-8.378535053986135e-05
13.75763766483082	-8.419637096448541e-05
13.78239125309215	-8.461612831028182e-05
13.80714484135348	-8.504489651178521e-05
13.83189842961482	-8.548294700758579e-05
13.85665201787615	-8.593054873045432e-05
13.88140560613748	-8.638796809865616e-05
13.90615919439882	-8.685546900834125e-05
13.93091278266015	-8.733323958374013e-05
13.95566637092148	-8.782169130241111e-05
13.98041995918282	-8.83210074160653e-05
14.00517354744415	-8.883144111017853e-05
14.02992713570548	-8.93532426791823e-05
14.05468072396682	-8.988665952068312e-05
14.07943431222815	-9.043193613102432e-05
14.10418790048949	-9.098931410200902e-05
14.12894148875082	-9.155903211863424e-05
14.15369507701215	-9.214132595771467e-05
14.17844866527349	-9.273633425600012e-05
14.20320225353482	-9.33444839176498e-05
14.22795584179615	-9.396590721954844e-05
14.25270943005749	-9.460082747250692e-05
14.27746301831882	-9.52494646827083e-05
14.30221660658015	-9.59120355554887e-05
14.32697019484149	-9.658875349941707e-05
14.35172378310282	-9.727982863066459e-05
14.37647737136415	-9.798546777765635e-05
14.40123095962549	-9.87058744860018e-05
14.42598454788682	-9.94411842202017e-05
14.45073813614815	-0.0001001917293440855
14.47549172440949	-0.000100957638495816
14.50024531267082	-0.000101739101582746
14.52499890093215	-0.0001025363049961121
14.54975248919349	-0.0001033494313522306
14.57450607745482	-0.0001041786604357152
14.59925966571615	-0.0001050241677265694
14.62401325397749	-0.0001058861255978339
14.64876684223882	-0.0001067647028619495
14.67352043050015	-0.0001076600479704044
14.69827401876149	-0.0001085723580191535
14.72302760702282	-0.0001095017744046242
14.74778119528415	-0.0001104484518587601
14.77253478354549	-0.0001114125415590055
14.79728837180682	-0.0001123941904971357
14.82204196006816	-0.0001133935454963628
14.84679554832949	-0.0001144107440544391
14.87154913659082	-0.0001154459246488718
14.89630272485216	-0.0001164992208935567
14.92105631311349	-0.0001175708024283918
14.94580990137482	-0.000118660713616404
14.97056348963616	-0.0001197691172403514
14.99531707789749	-0.0001208961334372809
15.02007066615882	-0.0001220418790738206
15.04482425442016	-0.0001232064677557941
15.06957784268149	-0.0001243900098377484
15.09433143094282	-0.0001255926124324036
15.11908501920416	-0.0001268143794200292
15.14383860746549	-0.0001280554114577544
15.16859219572682	-0.0001293158822988512
15.19334578398816	-0.000130595726995298
15.21809937224949	-0.0001318951129054523
15.24285296051082	-0.0001332141285030498
15.26760654877216	-0.0001345528594322692
15.29236013703349	-0.0001359113885191859
15.31711372529482	-0.0001372897957834703
15.34186731355616	-0.0001386881584520158
15.36662090181749	-0.0001401065509815498
15.39137449007882	-0.0001415450451378579
15.41612807834016	-0.0001430038992117068
15.44088166660149	-0.0001444828558536497
15.46563525486282	-0.0001459832048668853
15.49038884312416	-0.0001475013185329029
15.51514243138549	-0.0001490413500166896
15.53989601964683	-0.0001506017950853818
15.56464960790816	-0.000152182749877248
15.58940319616949	-0.0001537842741707967
15.61415678443083	-0.0001554064202901885
15.63891037269216	-0.0001570492368661166
15.66366396095349	-0.0001587128457676996
15.68841754921483	-0.0001603971333022552
15.71317113747616	-0.0001621022140699641
15.73792472573749	-0.0001638281273511996
15.76267831399883	-0.0001655749105903678
15.78743190226016	-0.0001673425993981874
15.81218549052149	-0.0001691312275535242
15.83693907878283	-0.0001709408270047105
15.86169266704416	-0.0001727714278702682
15.88644625530549	-0.0001746230584389397
15.91119984356683	-0.0001764958399980875
15.93595343182816	-0.0001783895993659658
15.96070702008949	-0.0001803044541863687
15.98546060835083	-0.0001822404261421578
16.01021419661216	-0.0001841975354887237
16.03496778487349	-0.0001861758010585641
16.05972137313483	-0.0001881752402708042
16.08447496139616	-0.0001901958691637477
16.10922854965749	-0.0001922377026188299
16.13398213791883	-0.000194300718164927
16.15873572618016	-0.0001963851040089046
16.18348931444149	-0.0001984906161171665
16.20824290270283	-0.0002006173714748066
16.23299649096416	-0.0002027653718218075
16.2577500792255	-0.0002049346334724784
16.28250366748683	-0.0002071251573792904
16.30725725574816	-0.0002093369488508174
16.3320108440095	-0.0002115700116508537
16.35676443227083	-0.0002138243484019235
16.38151802053216	-0.0002160999606244128
16.4062716087935	-0.00021839690872866
16.43102519705483	-0.0002207150666758832
16.45577878531616	-0.0002230544929782787
16.4805323735775	-0.0002254151852322856
16.50528596183883	-0.0002277971425922241
16.53003955010016	-0.000230200355447739
16.5547931383615	-0.0002326248238787363
16.57954672662283	-0.0002350705409890035
16.60430031488416	-0.000237537500323205
16.6290539031455	-0.0002400256946485787
16.65380749140683	-0.0002425351609967222
16.67856107966816	-0.0002450657964588855
16.7033146679295	-0.0002476176364756451
16.72806825619083	-0.0002501906709988624
16.75282184445216	-0.0002527848893510852
16.7775754327135	-0.000255400280237815
16.80232902097483	-0.0002580368317518847
16.82708260923616	-0.0002606945313757666
16.8518361974975	-0.0002633733659831844
16.87658978575883	-0.0002660733218404441
16.90134337402016	-0.0002687944234707628
16.9260969622815	-0.0002715365747379226
16.95085055054283	-0.0002742997991325466
16.97560413880417	-0.0002770840808400534
17.0003577270655	-0.0002798894036112999
17.02511131532683	-0.0002827157507633615
17.04986490358817	-0.0002855631051802992
17.0746184918495	-0.0002884314493139144
17.09937208011083	-0.0002913207651844882
17.12412566837217	-0.0002942310343815076
17.1488792566335	-0.0002971622711897808
17.17363284489483	-0.0003001143870482613
17.19838643315617	-0.0003030873956760908
17.2231400214175	-0.0003060812772276446
17.24789360967883	-0.0003090960115721587
17.27264719794017	-0.0003121315782930883
17.2974007862015	-0.0003151879566880972
17.32215437446283	-0.0003182651257692876
17.34690796272417	-0.0003213630642635285
17.3716615509855	-0.0003244817506128326
17.39641513924683	-0.0003276211894882779
17.42116872750817	-0.0003307813033640526
17.4459223157695	-0.0003339620964760557
17.47067590403083	-0.0003371635463624948
17.49542949229217	-0.0003403856303923222
17.5201830805535	-0.0003436283257654227
17.54493666881483	-0.0003468916095127956
17.56969025707617	-0.0003501754584967363
17.5944438453375	-0.0003534798494110115
17.61919743359883	-0.0003568047587810343
17.64395102186017	-0.0003601501826977942
17.6687046101215	-0.0003635160561193656
17.69345819838284	-0.0003669023748964414
17.71821178664417	-0.000370309115054889
17.7429653749055	-0.0003737362525377688
17.76771896316684	-0.0003771837632053134
17.79247255142817	-0.0003806516228349015
17.8172261396895	-0.0003841398071210321
17.84197972795084	-0.000387648291675295
17.86673331621217	-0.0003911770520263392
17.8914869044735	-0.0003947260791616418
17.91624049273484	-0.0003982953159830303
17.94099408099617	-0.0004018847533735251
17.9657476692575	-0.0004054943666605462
17.99050125751884	-0.0004091241311526384
18.01525484578017	-0.000412774022136919
18.0400084340415	-0.0004164440148721793
18.06476202230284	-0.0004201340845643359
18.08951561056417	-0.000423844206228172
18.1142691988255	-0.0004275743516553244
18.13902278708684	-0.0004313245207088307
18.16377637534817	-0.0004350946501810067
18.1885299636095	-0.0004388847318153306
18.21328355187084	-0.0004426947408603238
18.23803714013217	-0.0004465246525933525
18.2627907283935	-0.0004503744423203619
18.28754431665484	-0.0004542440853756107
18.31229790491617	-0.0004581335571214031
18.3370514931775	-0.0004620428329478212
18.36180508143884	-0.0004659718882724546
18.38655866970017	-0.0004699207038532109
18.41131225796151	-0.0004738892438744415
18.43606584622284	-0.0004778774893118873
18.46081943448417	-0.0004818854157535286
18.48557302274551	-0.0004859129988915111
18.51032661100684	-0.000489960213924008
18.53508019926817	-0.0004940270374582413
18.55983378752951	-0.0004981134447221902
18.58458737579084	-0.0005022194116473161
18.60934096405217	-0.0005063449141327769
18.63409455231351	-0.000510489931260409
18.65884814057484	-0.0005146544323791968
18.68360172883617	-0.0005188383968217509
18.70835531709751	-0.0005230418007042195
18.73310890535884	-0.0005272646202033749
18.75786249362017	-0.0005315068315563904
18.78261608188151	-0.000535768411060617
18.80736967014284	-0.0005400493350733589
18.83212325840417	-0.0005443495800116487
18.85687684666551	-0.0005486691223520222
18.88163043492684	-0.0005530079397541446
18.90638402318817	-0.0005573660064895505
18.93113761144951	-0.0005617433003134256
18.95589119971084	-0.0005661397979376698
18.98064478797217	-0.0005705554761298
19.00539837623351	-0.0005749903117011939
19.03015196449484	-0.0005794442814601458
19.05490555275617	-0.0005839173618754909
19.07965914101751	-0.0005884095936970645
19.10441272927884	-0.0005929207705292193
19.12916631754018	-0.0005974510453295137
19.15391990580151	-0.0006020003430508193
19.17867349406284	-0.0006065686379367421
19.20342708232418	-0.0006111559073213066
19.22818067058551	-0.0006157621286009753
19.25293425884684	-0.000620387279241095
19.27768784710818	-0.0006250313367952611
19.30244143536951	-0.0006296942789813428
19.32719502363084	-0.0006343760841857732
19.35194861189218	-0.0006390767769263203
19.37670220015351	-0.0006437961845391088
19.40145578841484	-0.0006485344402454771
19.42620937667618	-0.000653291468947707
19.45096296493751	-0.0006580672484913828
19.47571655319884	-0.0006628617566779121
19.50047014146018	-0.0006676749704365508
19.52522372972151	-0.0006725068768888036
19.54997731798284	-0.0006773574375845832
19.57473090624418	-0.0006822266414941112
19.59948449450551	-0.0006871144649680557
19.62423808276684	-0.0006920209332685569
19.64899167102818	-0.0006969458850765955
19.67374525928951	-0.000701889434622262
19.69849884755084	-0.0007068515180714243
19.72325243581218	-0.0007118321129672383
19.74800602407351	-0.0007168311976044727
19.77275961233484	-0.0007218487504505101
19.79751320059618	-0.0007268847500564836
19.82226678885751	-0.0007319391750342803
19.84702037711885	-0.0007370120040486746
19.87177396538018	-0.0007421032131335015
19.89652755364151	-0.0007472127867028316
19.92128114190285	-0.0007523407007898799
19.94603473016418	-0.0007574869342315895
19.97078831842551	-0.0007626514659004627
19.99554190668685	-0.0007678342747045544
20.02029549494818	-0.0007730353395874445
20.04504908320951	-0.0007782546395281981
20.06980267147085	-0.0007834921535413196
20.09455625973218	-0.000788747860676707
20.11930984799351	-0.0007940217412572051
20.14406343625485	-0.0007993137718200076
20.16881702451618	-0.0008046239327607206
20.19357061277751	-0.0008099522032809109
20.21832420103885	-0.0008152985626228567
20.24307778930018	-0.0008206629900694632
20.26783137756151	-0.0008260454649441643
20.29258496582285	-0.0008314459666108223
20.31733855408418	-0.0008368644744736122
20.34209214234551	-0.0008423009679768939
20.36684573060685	-0.0008477554240619806
20.39159931886818	-0.0008532278274687309
20.41635290712951	-0.000858718155311006
20.44110649539085	-0.0008642263872120729
20.46586008365218	-0.000869752502860693
20.49061367191351	-0.0008752964820715588
20.51536726017485	-0.0008808583050477851
20.54012084843618	-0.0008864379546232176
20.56487443669752	-0.0008920353526844826
20.58962802495885	-0.0008976506133197679
20.61438161322018	-0.0009032836192002599
20.63913520148152	-0.000908933689273223
20.66388878974285	-0.000914602789566436
20.68864237800418	-0.00092028894970723
20.71339596626552	-0.0009259927887598212
20.73814955452685	-0.0009317142886969707
20.76290314278818	-0.0009374534299059341
20.78765673104952	-0.0009432101925294082
20.81241031931085	-0.000948984556659159
20.83716390757218	-0.0009547765023846418
20.86191749583352	-0.000960586010482244
20.88667108409485	-0.0009664130597334949
20.91142467235618	-0.0009722576308641808
20.93617826061752	-0.0009781197040473885
20.96093184887885	-0.0009839992594890216
20.98568543714018	-0.000989896277427769
21.01043902540152	-0.0009958107381350678
21.03519261366285	-0.00100174262191507
21.05994620192418	-0.001007691909104611
21.08469979018552	-0.001013658580073174
21.10945337844685	-0.001019642615125027
21.13420696670818	-0.00102564399486341
21.15896055496952	-0.001031662699701073
21.18371414323085	-0.001037698710150455
21.20846773149218	-0.001043752006759911
21.23322131975352	-0.001049822570115047
21.25797490801485	-0.001055910380841403
21.28272849627619	-0.001062015419610276
21.30748208453752	-0.001068137667153036
21.33223567279885	-0.001074277104302736
21.35698926106019	-0.001080433702002028
21.38174284932152	-0.00108660745943597
21.40649643758285	-0.001092798348972907
21.43125002584419	-0.001099006351427438
21.45600361410552	-0.001105231447630224
21.48075720236685	-0.001111473618428059
21.50551079062819	-0.001117732844683921
21.53026437888952	-0.001124009107277011
21.55501796715085	-0.001130302387102785
21.57977155541219	-0.001136612665072976
21.60452514367352	-0.001142939926906103
21.62927873193485	-0.001149284143539338
21.65403232019619	-0.001155645300744679
21.67878590845752	-0.001162023379540162
21.70353949671885	-0.001168418360980586
21.72829308498019	-0.001174830226157523
21.75304667324152	-0.001181258956199332
21.77780026150285	-0.001187704532271229
21.80255384976419	-0.001194166935575407
21.82730743802552	-0.001200646147351309
21.85206102628685	-0.001207142144769691
21.87681461454819	-0.001213654917797363
21.90156820280952	-0.001220184443590701
21.92632179107085	-0.001226730703489059
21.95107537933219	-0.001233293678848433
21.97582896759352	-0.001239873351041455
22.00058255585486	-0.001246469701457387
22.02533614411619	-0.001253082711502115
22.05008973237752	-0.001259712362598149
22.07484332063886	-0.001266358636184616
22.09959690890019	-0.001273021517739953
22.12435049716152	-0.001279700980320794
22.14910408542286	-0.001286397009471926
22.17385767368419	-0.0012931095867378
22.19861126194552	-0.001299838693697252
22.22336485020686	-0.001306584311963359
22.24811843846819	-0.001313346423183223
22.27287202672952	-0.001320125009037636
22.29762561499086	-0.001326920051240518
22.32237920325219	-0.0013337315315379
22.34713279151352	-0.001340559427823604
22.37188637977486	-0.001347403729985031
22.39663996803619	-0.001354264415953555
22.42139355629752	-0.001361141467491535
22.44614714455886	-0.00136803486618816
22.47090073282019	-0.001374944592471518
22.49565432108152	-0.001381870801615551
22.52040790934286	-0.001388812977926039
22.54516149760419	-0.001395771584578853
22.56991508586552	-0.001402746450210451
22.59466867412686	-0.001409737556337398
22.61942226238819	-0.00141674488351738
22.64417585064952	-0.001423768413648199
22.66892943891086	-0.001430808128783126
22.69368302717219	-0.001437864011008757
22.71843661543353	-0.001444936042444963
22.74319020369486	-0.001452024205244852
22.76794379195619	-0.001459128481594724
22.79269738021753	-0.001466248853714028
22.81745096847886	-0.001473385303855325
22.84220455674019	-0.001480537814459484
22.86695814500153	-0.001487706367253497
22.89171173326286	-0.001494890945173913
22.91646532152419	-0.001502091530598572
22.94121890978553	-0.001509308105932054
22.96597249804686	-0.001516540653605118
22.99072608630819	-0.001523789156074432
23.01547967456953	-0.00153105359582242
23.04023326283086	-0.001538333955357165
23.06498685109219	-0.001545630217212339
23.08974043935353	-0.001552942365616095
23.11449402761486	-0.001560270379656921
23.13924761587619	-0.001567614243635981
23.16400120413753	-0.001574973940204306
23.18875479239886	-0.001582349452044603
23.21350838066019	-0.001589740761871319
23.23826196892153	-0.001597147852430699
23.26301555718286	-0.001604570706500883
23.28776914544419	-0.00161200930689202
23.31252273370553	-0.001619463636446434
23.33727632196686	-0.001626933672168487
23.36202991022819	-0.001634419409421841
23.38678349848953	-0.001641920824945997
23.41153708675086	-0.00164943790166082
23.4362906750122	-0.001656970622507435
23.46104426327353	-0.001664518970446663
23.48579785153486	-0.001672082928458149
23.5105514397962	-0.001679662479539821
23.53530502805753	-0.001687257606707575
23.56005861631886	-0.001694868292995043
23.5848122045802	-0.001702494524940132
23.60956579284153	-0.001710136278337181
23.63431938110286	-0.001717793539760379
23.6590729693642	-0.001725466292341946
23.68382655762553	-0.001733154519247204
23.70858014588686	-0.001740858203674526
23.7333337341482	-0.001748577328855292
23.75808732240953	-0.001756311878053837
23.78284091067086	-0.001764061834567402
23.8075944989322	-0.001771827181726098
23.83234808719353	-0.001779607898986813
23.85710167545486	-0.001787403977904978
23.8818552637162	-0.001795215397985949
23.90660885197753	-0.001803042142657102
23.93136244023886	-0.00181088419536161
23.9561160285002	-0.001818741539558385
23.98086961676153	-0.001826614158722036
24.00562320502286	-0.001834502036342802
24.0303767932842	-0.001842405155926496
24.05513038154553	-0.001850323500994433
24.07988396980686	-0.001858257058487562
24.1046375580682	-0.001866205804784138
24.12939114632953	-0.001874169726946854
24.15414473459087	-0.001882148808611287
24.1788983228522	-0.001890143033449388
24.20365191111353	-0.001898152385171551
24.22840549937487	-0.001906176847530633
24.2531590876362	-0.001914216404330509
24.27791267589753	-0.001922271039446422
24.30266626415887	-0.001930340736881481
24.3274198524202	-0.001938425467736436
24.35217344068153	-0.001946525239056579
24.37692702894287	-0.00195464002436635
24.4016806172042	-0.001962769807615875
24.42643420546553	-0.001970914572773547
24.45118779372687	-0.001979074303826179
24.4759413819882	-0.001987248984779125
24.50069497024953	-0.001995438599656382
24.52544855851087	-0.002003643132500673
24.5502021467722	-0.002011862567373524
24.57495573503353	-0.002020096890659165
24.59970932329487	-0.002028346081844845
24.6244629115562	-0.002036610127158919
24.64921649981753	-0.002044889010675193
24.67397008807887	-0.002053182716387038
24.6987236763402	-0.002061491227859764
24.72347726460153	-0.002069814523659918
24.74823085286287	-0.002078152626964971
24.7729844411242	-0.002086505457546006
24.79773802938553	-0.002094873038118389
24.82249161764687	-0.002103255345056336
24.8472452059082	-0.002111652367889918
24.87199879416954	-0.002120064087334715
24.89675238243087	-0.002128490487753857
24.9215059706922	-0.002136931553534705
24.94625955895354	-0.002145387269088814
24.97101314721487	-0.002153857618851889
24.9957667354762	-0.002162342587283748
25.02052032373754	-0.002170842158868283
25.04527391199887	-0.002179356318113414
25.0700275002602	-0.002187885050930807
25.09478108852154	-0.002196428338990764
25.11953467678287	-0.002204986168263396
25.1442882650442	-0.002213558523364979
25.16904185330554	-0.002222145388941344
25.19379544156687	-0.002230746749667788
25.2185490298282	-0.002239362590248984
25.24330261808954	-0.002247992895418896
25.26805620635087	-0.002256637649940703
25.2928097946122	-0.00226529683860672
25.31756338287354	-0.002273970443904975
25.34231697113487	-0.002282658455381971
25.3670705593962	-0.002291360855747114
25.39182414765754	-0.002300077629958935
25.41657773591887	-0.002308808763110616
25.4413313241802	-0.002317554240985217
25.46608491244154	-0.002326314769697781
25.49083850070287	-0.002335088157386942
25.5155920889642	-0.002343876576035336
25.54034567722554	-0.002352679277185178
25.56509926548687	-0.002361496249890577
25.58985285374821	-0.002370327472533714
25.61460644200954	-0.00237917293395288
25.63936003027087	-0.002388032619299706
25.66411361853221	-0.002396906513754701
25.68886720679354	-0.002405794602527231
25.71362079505487	-0.002414696870855495
25.73837438331621	-0.002423613304006503
25.76312797157754	-0.002432543887276059
25.78788155983887	-0.002441488605988734
25.81263514810021	-0.00245044743681731
25.83738873636154	-0.002459420385715079
25.86214232462287	-0.00246840742489156
25.88689591288421	-0.00247740854072322
25.91164950114554	-0.002486423718910261
25.93640308940687	-0.002495452945009605
25.96115667766821	-0.002504496204543524
25.98591026592954	-0.002513553483031879
26.01066385419087	-0.002522624766004068
26.03541744245221	-0.002531710039004148
26.06017103071354	-0.002540809286912103
26.08492461897487	-0.002549922496765616
26.10967820723621	-0.002559049653426336
26.13443179549754	-0.002568190742502455
26.15918538375887	-0.002577345749621543
26.18393897202021	-0.00258651466043051
26.20869256028154	-0.002595697460595583
26.23344614854287	-0.002604894135802277
26.25819973680421	-0.002614104671755366
26.28295332506554	-0.00262332905417885
26.30770691332688	-0.002632567270897373
26.33246050158821	-0.002641819303324474
26.35721408984954	-0.002651085139333104
26.38196767811088	-0.002660364764742042
26.40672126637221	-0.002669658165398089
26.43147485463354	-0.002678965327176029
26.45622844289488	-0.002688286235978578
26.48098203115621	-0.002697620877736338
26.50573561941754	-0.002706969238407764
26.53048920767888	-0.002716331303979097
26.55524279594021	-0.002725707057908831
26.57999638420154	-0.002735096491577076
26.60474997246288	-0.002744499588486674
26.62950356072421	-0.002753916334712578
26.65425714898554	-0.002763346716346292
26.67901073724688	-0.002772790719495827
26.70376432550821	-0.002782248330285652
26.72851791376954	-0.002791719534856633
26.75327150203088	-0.002801204319365989
26.77802509029221	-0.002810702669987235
26.80277867855354	-0.002820214574141928
26.82753226681488	-0.002829740015351797
26.85228585507621	-0.002839278981207926
26.87703944333754	-0.002848831458002835
26.90179303159888	-0.0028583974320683
26.92654661986021	-0.002867976889787074
26.95130020812154	-0.0028775698176204
26.97605379638288	-0.002887176202183028
27.00080738464421	-0.002896796030500112
27.02556097290555	-0.002906429291307856
27.05031456116688	-0.002916075942996578
27.07506814942821	-0.002925736014524658
27.09982173768955	-0.002935409474784994
27.12457532595088	-0.002945096310314924
27.14932891421221	-0.002954796507667865
27.17408250247355	-0.002964510053413313
27.19883609073488	-0.002974236934136845
27.22358967899621	-0.002983977136440121
27.24834326725755	-0.00299373064694088
27.27309685551888	-0.003003497452272946
27.29785044378021	-0.003013277539328521
27.32260403204155	-0.003023070894460344
27.34735762030288	-0.003032877504296064
27.37211120856421	-0.003042697355524874
27.39686479682555	-0.003052530434865045
27.42161838508688	-0.003062376729062466
27.44637197334821	-0.00307223622488979
27.47112556160955	-0.003082108909145902
27.49587914987088	-0.003091994768655588
27.52063273813221	-0.003101893790269283
27.54538632639355	-0.003111805957340733
27.57013991465488	-0.003121731264023359
27.59489350291621	-0.003131669693804553
27.61964709117755	-0.003141621233649541
27.64440067943888	-0.003151585870609051
27.66915426770021	-0.003161563592179493
27.69390785596155	-0.003171559045532626
27.71866144422288	-0.003181558228392814
27.74341503248422	-0.003191575123505676
27.76816862074555	-0.003201605049744843
27.79292220900688	-0.00321164799996058
27.81767579726822	-0.003221703950068919
27.84242938552955	-0.003231772892777472
27.86718297379088	-0.003241854815183956
27.89193656205222	-0.003251949704416525
27.91669015031355	-0.003262057547633929
27.94144373857488	-0.003272178332025823
27.96619732683622	-0.003282312044813281
27.99095091509755	-0.003292458673249738
28.01570450335888	-0.003302618204622767
28.04045809162022	-0.003312790625644423
28.06521167988155	-0.003322975925477669
28.08996526814288	-0.003333174090434176
28.11471885640422	-0.003343385107857978
28.13947244466555	-0.003353608965107536
28.16422603292688	-0.003363845649555729
28.18897962118822	-0.003374095148589826
28.21373320944955	-0.003384357449611462
28.23848679771088	-0.003394632540036611
28.26324038597222	-0.003404920407295574
28.28799397423355	-0.003415221041572037
28.31274756249488	-0.003425534424596127
28.33750115075622	-0.003435860546601487
28.36225473901755	-0.003446199395100604
28.38700832727888	-0.00345655095763152
28.41176191554022	-0.003466915221757697
28.43651550380155	-0.003477292175067899
28.46126909206289	-0.00348768180517608
28.48602268032422	-0.00349808409972127
28.51077626858555	-0.003508499046367489
28.53552985684689	-0.003518926632606476
28.56028344510822	-0.003529366846493371
28.58503703336955	-0.003539819675653196
28.60979062163089	-0.003550285107874851
28.63454420989222	-0.003560763130980732
28.65929779815355	-0.003571253732831628
28.68405138641489	-0.00358175690133734
28.70880497467622	-0.003592272624482419
28.73355856293755	-0.003602800890400023
28.75831215119889	-0.003613341687645766
28.78306573946022	-0.003623894989238522
28.80781932772155	-0.003634460808125318
28.83257291598289	-0.003645039121516243
28.85732650424422	-0.003655629917457364
28.88208009250555	-0.003666233184010634
28.90683368076689	-0.003676848909253899
28.93158726902822	-0.003687477081280919
28.95634085728955	-0.003698117688201389
28.98109444555089	-0.003708770718140949
29.00584803381222	-0.003719436159241213
29.03060162207355	-0.003730114000961471
29.05535521033489	-0.003740804228865437
29.08010879859622	-0.003751506832287518
29.10486238685755	-0.003762221799430531
29.12961597511889	-0.00377294911852756
29.15436956338022	-0.003783688777841679
29.17912315164156	-0.003794440765665744
29.20387673990289	-0.003805205070322235
29.22863032816422	-0.003815981680163126
29.25338391642556	-0.003826770583569773
29.27813750468689	-0.003837571764188292
29.30289109294822	-0.003848385220414738
29.32764468120956	-0.003859210935928628
29.35239826947089	-0.003870048899186303
29.37715185773222	-0.003880899098652774
29.40190544599356	-0.003891761522801715
29.42665903425489	-0.003902636160115446
29.45141262251622	-0.003913522999084906
29.47616621077756	-0.003924422028209652
29.50091979903889	-0.003935333235997834
29.52567338730022	-0.003946256616325668
29.55042697556156	-0.003957192146519829
29.57518056382289	-0.003968139820500416
29.59993415208422	-0.003979099626856729
29.62468774034556	-0.003990071554209581
29.64944132860689	-0.004001055591211195
29.67419491686822	-0.004012051726545102
29.69894850512956	-0.004023059948926041
29.72370209339089	-0.00403408024709984
29.74845568165222	-0.00404511260984327
29.77320926991356	-0.004056157021747802
29.79796285817489	-0.004067213480465773
29.82271644643622	-0.004078281970622919
29.84747003469756	-0.00408936248107936
29.87222362295889	-0.004100455000706903
29.89697721122023	-0.004111559518388969
29.92173079948156	-0.00412267602302054
29.94648438774289	-0.004133804503508097
29.97123797600423	-0.004144944948769577
29.99599156426556	-0.004156097347734317
30.02074515252689	-0.004167261691608991
30.04549874078823	-0.004178437964611466
30.07025232904956	-0.004189626157981566
30.09500591731089	-0.004200826260713621
30.11975950557223	-0.004212038261822948
30.14451309383356	-0.004223262150345805
30.16926668209489	-0.004234497915339323
30.19402027035623	-0.00424574554588146
30.21877385861756	-0.004257005031070927
30.24352744687889	-0.004268276360027121
30.26828103514023	-0.00427955952268978
30.29303462340156	-0.004290854506534345
30.31778821166289	-0.004302161301566532
30.34254179992423	-0.004313479896996704
30.36729538818556	-0.00432481028205775
30.39204897644689	-0.004336152446004994
30.41680256470823	-0.00434750637811615
30.44155615296956	-0.004358872067691256
30.46630974123089	-0.00437024950405263
30.49106332949223	-0.00438163867654482
30.51581691775356	-0.004393039573296062
30.54057050601489	-0.004404452186282669
30.56532409427623	-0.00441587650367143
30.59007768253756	-0.004427312514884716
30.61483127079889	-0.004438760209361621
30.63958485906023	-0.004450219576557938
30.66433844732156	-0.004461690605946107
30.6890920355829	-0.004473173287015164
30.71384562384423	-0.004484667609270675
30.73859921210556	-0.004496173562234678
30.7633528003669	-0.0045076911356164
30.78810638862823	-0.004519220318602179
30.81285997688956	-0.004530761100947975
30.8376135651509	-0.004542313472246563
30.86236715341223	-0.004553877422108766
30.88712074167356	-0.004565452940163677
30.9118743299349	-0.004577040016059021
30.93662791819623	-0.004588638639461871
30.96138150645756	-0.004600248800060085
30.9861350947189	-0.004611870487565448
31.01088868298023	-0.00462350368182273
31.03564227124156	-0.004635148391193804
31.0603958595029	-0.004646804596761921
31.08514944776423	-0.004658472288290136
31.10990303602556	-0.004670151455569218
31.1346566242869	-0.004681842088416106
31.15941021254823	-0.004693544176672931
31.18416380080956	-0.004705257710206341
31.2089173890709	-0.00471698267890707
31.23367097733223	-0.004728719072689604
31.25842456559356	-0.00474046693605856
31.2831781538549	-0.004752226144499182
31.30793174211623	-0.004763996743639188
31.33268533037756	-0.004775778723848123
31.3574389186389	-0.004787572075806245
31.38219250690023	-0.004799376790464232
31.40694609516157	-0.004811192859030698
31.4316996834229	-0.004823020272967248
31.45645327168423	-0.004834859023986101
31.48120685994557	-0.00484670910404873
31.5059604482069	-0.004858570342705457
31.53071403646823	-0.004870443072257063
31.55546762472957	-0.004882327121981423
31.5802212129909	-0.004894222483410666
31.60497480125223	-0.004906129147622154
31.62972838951357	-0.004918047105239155
31.6544819777749	-0.00492997634643144
31.67923556603623	-0.004941916860915737
31.70398915429757	-0.004953868637955896
31.7287427425589	-0.004965831666362284
31.75349633082023	-0.004977805934489134
31.77824991908157	-0.004989791430224704
31.8030035073429	-0.005001788140947516
31.82775709560423	-0.005013796053174748
31.85251068386557	-0.005025815168225844
31.8772642721269	-0.00503784543486744
31.90201786038823	-0.00504988687151501
31.92677144864957	-0.005061939454333143
31.9515250369109	-0.005074003167824397
31.97627862517223	-0.005086077996273828
32.00103221343357	-0.005098163923565538
32.0257858016949	-0.005110260933154166
32.05053938995623	-0.005122369008057974
32.07529297821757	-0.005134488130856933
32.1000465664789	-0.005146618283692395
32.12480015474024	-0.005158759448267315
32.14955374300157	-0.005170911605846736
32.1743073312629	-0.005183074737258379
32.19906091952424	-0.005195248822893289
32.22381450778557	-0.005207433842706501
