0
1000	105.6583745	100000000000000.1
5	0	0	1
5	0	0	0
4.673998997513734	-0
4.701574977808284	-0
4.729150958102834	-0
4.756726938397384	-0
4.784302918691934	-0
4.811878898986484	5.387452651815944e-13
4.839454879281035	4.920113435951126e-12
4.867030859575585	1.36303479248297e-11
4.894606839870135	2.614643850098083e-11
4.922182820164685	4.153647618309298e-11
4.949758800459235	5.850648178012896e-11
4.977334780753785	7.552360406263914e-11
5.004910761048335	9.084230077192142e-11
5.032486741342885	1.027177958468076e-10
5.060062721637435	1.094098719896733e-10
5.087638701931986	1.102888939907357e-10
5.115214682226536	1.1030302490951e-10
5.142790662521086	1.102758008328549e-10
5.170366642815636	1.102891927459807e-10
5.197942623110186	1.10286429279916e-10
5.225518603404736	1.103159358358705e-10
5.253094583699286	1.10248493314774e-10
5.280670563993836	1.103040442474144e-10
5.308246544288386	1.102961465676027e-10
5.335822524582936	1.103341519389332e-10
5.363398504877487	1.143999285729588e-10
5.390974485172037	1.51577252950332e-10
5.418550465466587	2.408621601948341e-10
5.446126445761137	4.006288665471331e-10
5.473702426055687	6.526993893662579e-10
5.501278406350237	9.372136811034759e-10
5.528854386644787	1.278562815848694e-09
5.556430366939337	1.869753641005293e-09
5.584006347233887	2.713612618133193e-09
5.611582327528438	3.791415826924975e-09
5.639158307822988	5.297067824526882e-09
5.666734288117538	7.370673778337126e-09
5.694310268412088	9.855980994275784e-09
5.721886248706638	1.297951151648624e-08
5.749462229001188	1.684403281103089e-08
5.777038209295738	2.249355241141423e-08
5.804614189590288	2.974191541532077e-08
5.832190169884838	3.6763706909498e-08
5.859766150179389	4.69290322795587e-08
5.887342130473939	5.51444115650943e-08
5.914918110768489	6.540926044929136e-08
5.942494091063039	7.513194280868757e-08
5.970070071357589	8.766835273770298e-08
5.997646051652139	9.898238053278521e-08
6.025222031946689	1.144438536951062e-07
6.052798012241239	1.284418923459917e-07
6.080373992535789	1.441875033645712e-07
6.107949972830339	1.608956256871417e-07
6.13552595312489	1.785733702249935e-07
6.16310193341944	1.993686686927606e-07
6.19067791371399	2.20242862229117e-07
6.21825389400854	2.481508164021986e-07
6.24582987430309	2.824206660215556e-07
6.27340585459764	3.299659005857534e-07
6.30098183489219	3.864576192267401e-07
6.32855781518674	4.83642311780785e-07
6.35613379548129	5.861738016851615e-07
6.383709775775841	7.127629035678593e-07
6.411285756070391	8.436857557223584e-07
6.438861736364941	1.024147839050782e-06
6.466437716659491	1.190120260676466e-06
6.494013696954041	1.364487181635563e-06
6.521589677248591	1.553731874418529e-06
6.549165657543141	1.799886282098937e-06
6.576741637837691	2.039061469750378e-06
6.604317618132241	2.306284527739891e-06
6.631893598426791	2.618472014435995e-06
6.659469578721342	2.936206278993236e-06
6.687045559015892	3.296985757772164e-06
6.714621539310442	3.691428245551399e-06
6.742197519604992	4.109078948375849e-06
6.769773499899542	4.612621886649673e-06
6.797349480194092	5.254534165871502e-06
6.824925460488642	6.04972489442172e-06
6.852501440783192	7.006648551519428e-06
6.880077421077742	8.124090149144914e-06
6.907653401372293	9.493165035244277e-06
6.935229381666843	1.115282185677156e-05
6.962805361961393	1.308470161913699e-05
6.990381342255943	1.535508915073264e-05
7.017957322550493	1.808487927085659e-05
7.045533302845043	2.12519918440986e-05
7.073109283139593	2.487666923481491e-05
7.100685263434143	2.91082776822928e-05
7.128261243728693	3.396869177480052e-05
7.155837224023244	3.949662953999406e-05
7.183413204317794	4.590494112965669e-05
7.210989184612344	5.301581532663042e-05
7.238565164906894	6.10292747495178e-05
7.266141145201444	6.997549956927964e-05
7.293717125495994	7.967372326091688e-05
7.321293105790544	9.02920087024549e-05
7.348869086085094	0.0001020501121824481
7.376445066379644	0.0001149425842044645
7.404021046674194	0.000128836466316316
7.431597026968745	0.0001438191725040981
7.459173007263295	0.0001690827394796588
7.486748987557845	0.000192781353621572
7.514324967852395	0.0002177379039546528
7.541900948146945	0.0002342471607454359
7.569476928441495	0.0002595234656995621
7.597052908736045	0.0002838271898110212
7.624628889030595	0.0003125187970056225
7.652204869325145	0.0003329925400207104
7.679780849619696	0.0003657385214669358
7.707356829914246	0.0003975832228930166
7.734932810208796	0.0004248285576417109
7.762508790503346	0.0004635623234420851
7.790084770797896	0.0005057055493938182
7.817660751092446	0.0005399759240380361
7.845236731386996	0.0005836534155530971
7.872812711681546	0.0006461570923658232
7.900388691976096	0.0007416581690745521
7.927964672270646	0.0008668835337842638
7.955540652565197	0.001027662749764185
7.983116632859747	0.001240312840498663
8.010692613154298	0.001497747778716892
8.038268593448848	0.001831998702061225
8.065844573743398	0.002231247503297972
8.093420554037948	0.002726333458012812
8.120996534332498	0.003306710639604698
8.148572514627048	0.004013569967197787
8.176148494921598	0.004827858354195229
8.203724475216148	0.005784567979812425
8.231300455510699	0.006879344755509956
8.258876435805249	0.008139189163173754
8.286452416099799	0.009629697432817006
8.314028396394349	0.01127989578886429
8.341604376688899	0.01308931170296061
8.369180356983449	0.01515778172039337
8.396756337277999	0.01739098768638029
8.424332317572549	0.01990682303611982
8.451908297867099	0.02260769038483635
8.47948427816165	0.02558721350968075
8.5070602584562	0.02884075386881769
8.53463623875075	0.03229562351429482
8.5622122190453	0.03609906815903696
8.58978819933985	0.04012337579931679
8.6173641796344	0.04450617668217209
8.64494015992895	0.04913335739223628
8.6725161402235	0.05416387116774829
8.70009212051805	0.05944576440927244
8.7276681008126	0.0651555506827186
8.755244081107151	0.07114203276963907
8.782820061401701	0.07756751811519448
8.810396041696251	0.08431474347734967
8.837972021990801	0.09145934621727622
8.865548002285351	0.09906281820430611
8.893123982579901	0.1070124175887564
8.920699962874451	0.1154732547237193
8.948275943169001	0.1243114554152689
8.975851923463551	0.1336197925274045
9.003427903758102	0.1434085512212854
9.031003884052652	0.1537271069795269
9.058579864347202	0.1644670893919702
9.086155844641752	0.1757629759988387
9.113731824936302	0.1875896470979711
9.141307805230852	0.1999398577361718
9.168883785525402	0.2128544970785835
9.196459765819952	0.2263505451819766
9.224035746114502	0.240427760406729
9.251611726409052	0.2551764632479152
9.279187706703603	0.2705164993905317
9.306763686998153	0.2865427086061445
9.334339667292703	0.3031783545018967
9.361915647587253	0.3204964028885067
9.389491627881803	0.338574205724899
9.417067608176353	0.3573231100366167
9.444643588470903	0.3768202309770212
9.472219568765453	0.3971804404946479
9.499795549060003	0.4182514350489465
9.527371529354554	0.4401438628635108
9.554947509649104	0.4629436879055408
9.582523489943654	0.4865582634484896
9.610099470238204	0.511034565726001
9.637675450532754	0.5364824066096828
9.665251430827304	0.5628217729015937
9.692827411121854	0.5901623143450614
9.720403391416404	0.6185605339969781
9.747979371710954	0.6479117825157004
9.775555352005505	0.6783356916952992
9.803131332300055	0.7099479575636489
9.830707312594605	0.7425902302482905
9.858283292889155	0.7764090623436498
9.885859273183705	0.8114155039244536
9.913435253478255	0.8477200148928337
9.941011233772805	0.8852259368831945
9.968587214067355	0.9240487684506389
9.996163194361905	0.9643288937478997
10.02373917465646	1.005901496713364
10.05131515495101	1.048944347177732
10.07889113524556	1.093450774197134
10.10646711554011	1.139570837870796
10.13404309583466	1.18719242231896
10.16161907612921	1.236454903917334
10.18919505642376	1.287431154473275
10.21677103671831	1.340096638159739
10.24434701701286	1.394576737094818
10.27192299730741	1.450907871993957
10.29949897760196	1.50918145137677
10.32707495789651	1.569410050101581
10.35465093819106	1.631682603544522
10.38222691848561	1.696043203964587
10.40980289878016	1.762559752719369
10.43737887907471	1.831434119068382
10.46495485936926	1.902591683806877
10.49253083966381	1.976119502058104
10.52010681995836	2.052138284774484
10.54768280025291	2.130791894120362
10.57525878054746	2.212034729090887
10.60283476084201	2.296055658851527
10.63041074113656	2.382936221154224
10.65798672143111	2.472845250642061
10.68556270172566	2.565707885717381
10.71313868202021	2.661743861140732
10.74071466231476	2.761053490164302
10.76829064260931	2.863785341379919
10.79586662290386	2.970128231985551
10.82344260319841	3.079982315296478
10.85101858349296	3.193631850146538
10.87859456378751	3.311179378223644
10.90617054408206	3.432865905933051
10.93374652437661	3.558679117531089
10.96132250467116	3.688896538434295
10.98889848496571	3.823564476561951
11.01647446526026	3.962962475592803
11.04405044555481	4.107312999968649
11.07162642584936	4.256628315839989
11.09920240614391	4.411177724415416
11.12677838643846	4.571112331785953
11.15435436673301	4.736747797455569
11.18193034702756	4.908224180139181
11.20950632732211	5.085895193492225
11.23708230761666	5.269789615318444
11.26465828791121	5.460203404312335
11.29223426820576	5.657452752886551
11.31981024850031	5.86176956393632
11.34738622879486	6.073545450313883
11.37496220908941	6.292894918254068
11.40253818938396	6.520164714096924
11.43011416967851	6.755691523818245
11.45769014997306	6.999790364887983
11.48526613026761	7.252815054209193
11.51284211056216	7.515207586660374
11.54041809085671	7.7871535591708
11.56799407115126	8.069127352420601
11.59557005144581	8.361495127760065
11.62314603174036	8.664687842180442
11.65072201203491	8.979172646859327
11.67829799232946	9.305495469930126
11.70587397262401	9.643875794474873
11.73344995291856	9.994976712359419
11.76102593321311	10.35929018892011
11.78860191350766	10.73733122940918
11.81617789380221	11.12965674776329
11.84375387409676	11.53691864867746
11.87132985439131	11.95955526865627
11.89890583468586	12.3983127541925
11.92648181498041	12.85386327237643
11.95405779527496	13.3268387051077
11.98163377556951	13.81796592205789
12.00920975586406	14.32798469174248
12.03678573615861	14.85770044344898
12.06436171645316	15.40783042537131
12.09193769674771	15.9792569531817
12.11951367704226	16.57286079737299
12.14708965733681	17.18954952790267
12.17466563763136	17.83025066013925
12.20224161792591	18.49590817304931
12.22981759822046	19.18773529889671
12.25739357851501	19.90659656865499
12.28496955880956	20.65363300175385
12.31254553910411	21.43002657207666
12.34012151939866	22.23700457745314
12.36769749969321	23.07579406094097
12.39527347998776	23.94770667937834
12.42284946028231	24.8541871473513
12.45042544057686	25.79648233916137
12.47800142087141	26.77615413971937
12.50557740116597	27.79472193256532
12.53315338146052	28.8537587561997
12.56072936175507	29.95492891643687
12.58830534204962	31.0999762167834
12.61588132234417	32.29083626220194
12.64345730263872	33.52911116809598
12.67103328293327	34.81683198775757
12.69860926322782	36.15605672063782
12.72618524352237	37.54888963854883
12.75376122381692	38.99747461225174
12.78133720411147	40.50413696733052
12.80891318440602	42.07120157420105
12.83648916470057	43.70115204318876
12.86406514499512	45.39665483106177
12.89164112528967	47.16012690665112
12.91921710558422	48.99443811185137
12.94679308587877	50.90250257628376
12.97436906617332	52.88727981936169
13.00194504646787	54.95188104853464
13.02952102676242	57.09954421185584
13.05709700705697	59.33362499129441
13.08467298735152	61.65766611825307
13.11224896764607	64.07524934243852
13.13982494794062	66.59010101623807
13.16740092823517	69.20615750918239
13.19497690852972	71.92751662060105
13.22255288882427	74.75844511815448
13.25012886911882	77.70326849581051
13.27770484941337	80.76663041232473
13.30528082970792	83.95324192438147
13.33285681000247	87.2681748191316
13.36043279029702	90.71630261621466
13.38800877059157	94.30306878285387
13.41558475088612	98.03403294689411
13.44316073118067	101.9149396785739
13.47073671147522	105.951691268362
13.49831269176977	110.1505856810647
13.52588867206432	114.5180178792187
13.55346465235887	119.0607098438165
13.58104063265342	123.7855574888364
13.60861661294797	128.6999198141041
13.63619259324252	133.8108246888975
13.66376857353707	139.1268648751606
13.69134455383162	144.6554073627936
13.71892053412617	150.4050821457076
13.74649651442072	156.3845679530707
13.77407249471527	162.6029799089816
13.80164847500982	169.0696896259548
13.82922445530437	175.7943606004018
13.85680043559892	182.7871722863188
13.88437641589347	190.0586921234981
13.91195239618802	197.619645026862
13.93952837648257	205.4814236278245
13.96710435677712	213.6557537007546
13.99468033707167	222.1548360933962
14.02225631736622	230.9912942967239
14.04983229766077	240.1783103779117
14.07740827795532	249.7294271390004
14.10498425824987	259.6587900140912
14.13256023854442	269.9810772507611
14.16013621883897	280.7114569685698
14.18771219913352	291.8659065373625
14.21528817942807	303.4604381430592
14.24286415972262	315.5121906340698
14.27044014001717	328.0388147872477
14.29801612031172	341.0585030024832
14.32559210060627	354.5903136725296
14.35316808090082	368.6538664415108
14.38074406119537	383.2695515321973
14.40832004148992	398.4585020930217
14.43589602178447	414.2426864397848
14.46347200207902	430.6448318243951
14.49104798237357	447.6885394712552
14.51862396266812	465.3983878344684
14.54619994296267	483.7994775311283
14.57377592325722	502.9182725602744
14.60135190355177	522.7820235263197
14.62892788384632	543.4190338338276
14.65650386414087	564.8585980314975
14.68407984443542	587.1311081563053
14.71165582472997	610.2681137403679
14.73923180502452	634.3023020214245
14.76680778531907	659.2675174299288
14.79438376561362	685.1988503280259
14.82195974590817	712.1327426095394
14.84953572620272	740.1069915007544
14.87711170649727	769.1605313164647
14.90468768679182	799.3339880810936
14.93226366708637	830.6693027060162
14.95983964738092	863.2101871309076
14.98741562767547	897.0014252558069
15.01499160797002	932.0901253036161
15.04256758826457	968.5246025286993
15.07014356855912	1006.355114118092
15.09771954885368	1045.633642215221
15.12529552914823	1086.414120739919
15.15287150944278	1128.75244717083
15.18044748973733	1172.706510994493
15.20802347003188	1218.336301275443
15.23559945032643	1265.704080337402
15.26317543062098	1314.873871436427
15.29075141091553	1365.912645144044
15.31832739121008	1418.889426287477
15.34590337150463	1473.875823056297
15.37347935179918	1530.945960321346
15.40105533209373	1590.176698204703
15.42863131238828	1651.647579636862
15.45620729268283	1715.441033510257
15.48378327297738	1781.642407099839
15.51135925327193	1850.340090128951
15.53893523356648	1921.62569068281
15.56651121386103	1995.594116120427
15.59408719415558	2072.343511000733
15.62166317445013	2151.975804564789
15.64923915474468	2234.595917935182
15.67681513503923	2320.313242935411
15.70439111533378	2409.240724065435
15.73196709562833	2501.495341407934
15.75954307592288	2597.198372429033
15.78711905621743	2696.474977122729
15.81469503651198	2799.455151312501
15.84227101680653	2906.273393879544
15.86984699710108	3017.068934003288
15.89742297739563	3131.985929456873
15.92499895769018	3251.17376364528
15.95257493798473	3374.78668149392
15.98015091827928	3502.984774637037
16.00772689857383	3635.933626480985
16.03530287886838	3773.804643573805
16.06287885916293	3916.775545823962
16.09045483945748	4065.029706938451
16.11803081975203	4218.757467272792
16.14560680004658	4378.155540496291
16.17318278034113	4543.427702082631
16.20075876063568	4714.784856138702
16.22833474093023	4892.445268898555
16.25591072122478	5076.634912090266
16.28348670151933	5267.587350173704
16.31106268181388	5465.544781705667
16.33863866210843	5670.757569636635
16.36621464240298	5883.48489979501
16.39379062269753	6103.994958294677
16.42136660299208	6332.562469988285
16.44894258328663	6569.483179938907
16.47651856358118	6815.045745361615
16.50409454387573	7069.560644973468
16.53167052417028	7333.346279366169
16.55924650446483	7606.731571583706
16.58682248475938	7890.057413187417
16.61439846505393	8183.676367839909
16.64197444534848	8487.953218101329
16.66955042564303	8803.26537840227
16.69712640593758	9130.003302865058
16.72470238623213	9468.570943916326
16.75227836652668	9819.386314701442
16.77985434682123	10182.88163703887
16.80743032711578	10559.50422979576
16.83500630741033	10949.71718128503
16.86258228770488	11353.99874604816
16.89015826799943	11772.84429482431
16.91773424829398	12206.76608755243
16.94531022858853	12656.29385601441
16.97288620888308	13121.97606508111
17.00046218917763	13604.37922204556
17.02803816947218	14104.09009872742
17.05561414976673	14621.71490166579
17.08319013006128	15157.88109183866
17.11076611035583	15713.23415412134
17.13834209065038	16288.45544623196
17.16591807094493	16884.22872245498
17.19349405123948	17501.27527851305
17.22107003153403	18140.33751541097
17.24864601182858	18802.18316856177
17.27622199212313	19487.60618052709
17.30379797241768	20197.42774791785
17.33137395271223	20932.49686944296
17.35894993300678	21693.69147238919
17.38652591330133	22481.92023999242
17.41410189359588	23298.12128649432
17.44167787389043	24143.26586610256
17.46925385418498	25018.3578835589
17.49682983447953	25924.43538855236
17.52440581477408	26862.57220378298
17.55198179506863	27833.8767284001
17.57955777536318	28839.49790106819
17.60713375565773	29880.62150596479
17.63470973595228	30958.47433990019
17.66228571624683	32074.32442442344
17.68986169654139	33229.48350630288
17.71743767683594	34425.30620816391
17.74501365713049	35663.19428977006
17.77258963742504	36944.59732344276
17.80016561771959	38271.01191467787
17.82774159801414	39643.98724769084
17.85531757830869	41065.1277927503
17.88289355860324	42536.07632977574
17.91046953889779	44058.55481201546
17.93804551919234	45634.32841467255
17.96562149948689	47265.22394725856
17.99319747978144	48953.13106095906
18.02077346007599	50700.00238263802
18.04834944037054	52507.85678638922
18.07592542066509	54378.78036405313
18.10350140095964	56314.92982070588
18.13107738125419	58318.53416491414
18.15865336154874	60391.89703335927
18.18622934184329	62537.39976536208
18.21380532213784	64757.50323143237
18.24138130243239	67054.75051961438
18.26895728272694	69431.7707071246
18.29653326302149	71891.28035981882
18.32410924331604	74436.08725194886
18.35168522361059	77069.10472287152
18.37926120390514	79793.29571480695
18.40683718419969	82611.79485140542
18.43441316449424	85527.79225168383
18.46198914478879	88544.59747492956
18.48956512508334	91665.63014383796
18.51714110537789	94894.42404607128
18.54471708567244	98234.63120033631
18.57229306596699	101690.0235311263
18.59986904626154	105264.5028878157
18.62744502655609	108962.0955509091
18.65502100685064	112786.9653741109
18.68259698714519	116743.4137294094
18.71017296743974	120835.885641281
18.73774894773429	125068.9724618138
18.76532492802884	129447.423466737
18.79290090832339	133976.1285203556
18.82047688861794	138660.1652864072
18.84805286891249	143504.7625915022
18.87562884920704	148515.3265897046
18.90320482950159	153697.4459094713
18.93078080979614	159056.8849954988
18.95835679009069	164599.6117694606
18.98593277038524	170331.7843471505
19.01350875067979	176259.7650672089
19.04108473097434	182390.1279021781
19.06866071126889	188729.6651815666
19.09623669156344	195285.3883533742
19.12381267185799	202064.5489084075
19.15138865215254	209074.6322750684
19.17896463244709	216323.3701392501
19.20654061274164	223818.7529865759
19.23411659303619	231569.032492337
19.26169257333074	239582.7338600924
19.28926855362529	247868.6587898121
19.31684453391984	256435.9057207848
19.34442051421439	265293.8679583662
19.37199649450894	274452.2489279233
19.39957247480349	283921.0721130189
19.42714845509804	293710.6894751575
19.45472443539259	303831.7988237036
19.48230041568714	314295.4278211075
19.50987639598169	325113.0000877579
19.53745237627624	336296.2910575363
19.56502835657079	347857.4690520309
19.59260433686534	359809.0998613501
19.62018031715989	372164.164266202
19.64775629745444	384936.0655438243
19.67533227774899	398138.6467255243
19.70290825804354	411786.2066089568
19.73048423833809	425893.5096593809
19.75806021863264	440475.8045333453
19.78563619892719	455548.8381960049
19.81321217922174	471128.8732757118
19.84078815951629	487232.703301457
19.86836413981084	503877.6708955252
19.89594012010539	521081.6853165343
19.92351610039994	538863.2413390054
19.95109208069449	557241.4360131845
19.97866806098904	576235.9898554992
20.00624404128359	595867.2630351607
20.03382002157814	616156.2956998204
20.06139600187269	637124.7887994025
20.08897198216724	658795.1692209853
20.11654796246179	681190.5856293049
20.14412394275634	704334.9435657694
20.17169992305089	728252.9259942543
20.19927590334544	752970.0187932028
20.22685188363999	778512.5364579305
20.25442786393454	804907.6497833852
20.2820038442291	832183.4113204174
20.30957982452365	860368.78562923
20.3371558048182	889493.6812869417
20.36473178511275	919588.9708749588
20.3923077654073	950686.5337860007
20.41988374570185	982819.2828260496
20.4474597259964	1016021.197952307
20.47503570629095	1050327.362340515
20.5026116865855	1085773.988432208
20.53018766688005	1122398.477601545
20.5577636471746	1160239.427777614
20.58533962746915	1199336.693281104
20.6129156077637	1239731.416916986
20.64049158805825	1281466.072427475
20.6680675683528	1324584.508389969
20.69564354864735	1369131.989826027
20.7232195289419	1415155.244977148
20.75079550923645	1462702.518267708
20.778371489531	1511823.596308173
20.80594746982555	1562569.892088818
20.8335234501201	1614994.468008659
20.86109943041465	1669152.100115682
20.8886754107092	1725099.331132818
20.91625139100375	1782894.531672075
20.9438273712983	1842597.94938302
20.97140335159285	1904271.77550836
20.9989793318874	1967980.204323326
21.02655531218195	2033789.498089338
21.0541312924765	2101768.052494269
21.08170727277105	2171986.465035832
21.1092832530656	2244517.603240278
21.13685923336015	2319436.683543067
21.1644352136547	2396821.336443268
21.19201119394925	2476751.690314231
21.2195871742438	2559310.446541437
21.24716315453835	2644582.966675736
21.2747391348329	2732657.35125111
21.30231511512745	2823624.531699689
21.329891095422	2917578.356361391
21.35746707571655	3014615.687715387
21.3850430560111	3114836.494770183
21.41261903630565	3218343.949355622
21.4401950166002	3325244.536618812
21.46777099689475	3435648.151244265
21.4953469771893	3549668.210457403
21.52292295748385	3667421.763436173
21.5504989377784	3789029.606029696
21.57807491807295	3914616.408600586
21.6056508983675	4044310.818786181
21.63322687866205	4178245.618740824
21.6608028589566	4316557.822356372
21.68837883925115	4459388.831674254
21.7159548195457	4606884.565960592
21.74353079984025	4759195.61023435
21.7711067801348	4916477.357168032
21.79868276042935	5078890.169443562
21.8262587407239	5246599.521112868
21.85383472101845	5419776.182109236
21.881410701313	5598596.361806019
21.90898668160755	5783241.889935724
21.9365626619021	5973900.405050774
21.96413864219665	6170765.522623505
21.9917146224912	6374037.029706091
22.01929060278575	6583921.081307372
22.0468665830803	6800630.408210223
22.07444256337485	7024384.509459589
22.1020185436694	7255409.8428678
22.12959452396395	7493940.250999216
22.1571705042585	7740216.678699773
22.18474648455305	7994488.046548968
22.2123224648476	8257011.061720036
22.23989844514215	8528050.613438725
22.2674744254367	8807880.01146264
22.29505040573125	9096781.274582561
22.3226263860258	9395045.311334293
22.35020236632035	9702972.453653021
22.3777783466149	10020872.29341722
22.40535432690945	10349064.47908551
22.432930307204	10687878.71994895
22.46050628749855	11037655.19183909
22.4880822677931	11398744.86671787
22.51565824808765	11771509.86273971
22.5432342283822	12156323.74871705
22.57081020867675	12553572.06190878
22.5983861889713	12963652.28679115
22.62596216926585	13386974.7837062
22.6535381495604	13823962.77749904
22.68111412985495	14275052.91679208
22.7086901101495	14740695.67606732
22.73626609044405	15221355.80145706
22.7638420707386	15717512.73428156
22.79141805103315	16229661.18462022
22.8189940313277	16758311.17941834
22.84657001162225	17303989.326833
22.87414599191681	17867238.6043269
22.90172197221136	18448619.21769591
22.92929795250591	19048709.07363966
22.95687393280046	19668104.33448692
22.98444991309501	20307419.99090552
23.01202589338956	20967290.47809621
23.03960187368411	21648370.30581385
23.06717785397866	22351334.45713465
23.09475383427321	23076879.41581213
23.12232981456776	23825723.54574169
23.14990579486231	24598607.88195602
23.17748177515686	25396296.82779357
23.20505775545141	26219578.87442898
23.23263373574596	27069267.40110584
23.26020971604051	27946201.32366783
23.28778569633506	28851246.29837766
23.31536167662961	29785294.69969284
23.34293765692416	30749267.46110703
23.37051363721871	31744114.33891239
23.39808961751326	32770815.00136498
23.42566559780781	33830379.95005137
23.45324157810236	34923851.45276613
23.48081755839691	36052304.61172885
23.50839353869146	37216848.26717747
23.53596951898601	38418626.33768152
23.56354549928056	39658818.2788929
23.59112147957511	40938640.99300316
23.61869745986966	42259349.45718575
23.64627344016421	43622238.09559092
23.67384942045876	45028641.98188527
23.70142540075331	46479938.09273563
23.72900138104786	47977546.68201371
23.75657736134241	49522932.51794839
23.78415334163696	51117606.42093737
23.81172932193151	52763126.42231628
23.83930530222606	54461099.62887976
23.86688128252061	56213183.43138754
23.89445726281516	58021087.2005628
23.92203324310971	59886573.8909205
23.94960922340426	61811461.69010043
23.97718520369881	63797625.79169665
24.00476118399336	65847000.06770006
24.03233716428791	67961578.84862927
24.05991314458246	70143419.5752078
24.08748912487701	72394642.96794836
24.11506510517156	74717436.9703892
24.14264108546611	77114057.72471254
24.17021706576066	79586831.97287871
24.19779304605521	82138159.21762626
24.22536902634976	84770514.06115827
24.25294500664431	87486448.40532076
24.28052098693886	90288593.94088686
24.30809696723341	93179664.88847706
24.33567294752796	96162459.32403129
24.36324892782251	99239863.97995053
24.39082490811706	102414855.1396886
24.41840088841161	105690502.0157885
24.44597686870616	109069969.7247098
24.47355284900071	112556522.1558877
24.50112882929526	116153525.1284019
24.52870480958981	119864449.408832
24.55628078988436	123692874.0746938
24.58385677017891	127642489.3948977
24.61143275047346	131717102.5296187
24.63900873076801	135920636.5151444
24.66658471106256	140257138.7596283
24.69416069135711	144730782.111802
24.72173667165166	149345869.5167506
24.74931265194621	154106838.0225823
24.77688863224076	159018262.8233238
24.80446461253531	164084861.6284734
24.83204059282986	169311499.0430828
24.85961657312441	174703191.0672338
24.88719255341896	180265109.9390688
24.91476853371351	186002588.637794
24.94234451400806	191921126.4335124
24.96992049430261	198026393.2234674
24.99749647459716	204324235.5037187
25.02507245489171	210820681.562398
25.05264843518626	217521947.0356518
25.08022441548081	224434440.817053
25.10780039577536	231564770.9454946
25.13537637606991	238919750.7400748
25.16295235636446	246506405.1731656
25.19052833665901	254331978.0875518
25.21810431695356	262403936.9057796
25.24568029724811	270729982.2088307
25.27325627754266	279318052.9990928
25.30083225783721	288176334.8124527
25.32840823813176	297313267.2715765
25.35598421842631	306737551.7885044
25.38356019872086	316458159.732386
25.41113617901541	326484340.6985745
25.43871215930996	336825631.2417312
25.46628813960452	347491863.3258671
25.49386411989907	358493174.4754651
25.52144010019362	369840015.1114644
25.54901608048817	381543160.5425206
25.57659206078272	393613719.5948281
25.60416804107727	406063145.289337
25.63174402137182	418903245.3220361
25.65932000166637	432146193.0779523
25.68689598196092	445804538.7341761
25.71447196225547	459891221.3718814
25.74204794255002	474419580.036328
25.76962392284457	489403366.6705898
25.79719990313912	504856759.2936141
25.82477588343367	520794373.6046816
25.85235186372822	537231279.6491221
25.87992784402277	554183008.0041429
25.90750382431732	571665576.087009
25.93507980461187	589695492.876278
25.96265578490642	608289778.1507645
25.99023176520097	627465978.0393686
26.01780774549552	647242180.715036
26.04538372579007	667637032.9379115
26.07295970608462	688669757.5152044
26.10053568637917	710360170.8292396
26.12811166667372	732728702.8237517
26.15568764696827	755796410.5765204
26.18326362726282	779585004.4713031
26.21083960755737	804116863.702733
26.23841558785192	829415058.0827652
26.26599156814647	855503369.3619356
26.29356754844102	882406312.7372392
26.32114352873557	910149159.5626667
26.34871950903012	938757960.9825535
26.37629548932467	968259570.3757228
26.40387146961922	998681671.9417892
26.43144744991377	1030052797.668382
26.45902343020832	1062402363.910152
26.48659941050287	1095760691.323186
26.51417539079742	1130159035.173559
26.54175137109197	1165629613.328196
26.56932735138652	1202205636.159998
26.59690333168107	1239921336.636173
26.62447931197562	1278812001.906603
26.65205529227017	1318914004.986258
26.67963127256472	1360264840.517737
26.70720725285927	1402903152.523509
26.73478323315382	1446868778.703392
26.76235921344837	1492202780.450892
26.78993519374292	1538947482.635616
26.81751117403747	1587146511.522757
26.84508715433202	1636844835.357611
26.87266313462657	1688088805.081314
26.90023911492112	1740926196.460362
26.92781509521567	1795406253.719062
26.95539107551022	1851579737.262767
26.98296705580477	1909498957.553843
27.01054303609932	1969217846.08339
27.03811901639387	2030791982.424366
27.06569499668842	2094278655.275644
27.09327097698297	2159736912.747222
27.12084695727752	2227227616.083618
27.14842293757207	2296813495.247833
27.17599891786662	2368559205.24565
27.20357489816117	2442531386.416431
27.23115087845572	2518798723.396249
27.25872685875027	2597432010.327325
27.28630283904482	2678504208.345834
27.31387881933937	2762090522.176812
27.34145479963392	2848268460.42175
27.36903077992847	2937117908.949393
27.39660676022302	3028721203.11641
27.42418274051757	3123163203.265779
27.45175872081212	3220531368.113806
27.47933470110667	3320915840.198488
27.50691068140122	3424409522.987424
27.53448666169577	3531108166.164125
27.56206264199032	3641110455.078041
27.58963862228487	3754518092.713715
27.61721460257942	3871435902.520582
27.64479058287397	3991971915.2214
27.67236656316852	4116237469.654967
27.69994254346307	4244347312.232462
27.72751852375762	4376419705.19025
27.75509450405217	4512576525.97956
27.78267048434672	4652943384.137348
27.81024646464127	4797649731.789635
27.83782244493582	4946828981.359853
27.86539842523037	5100618629.088079
27.89297440552492	5259160366.532278
27.92055038581947	5422600232.001704
27.94812636611402	5591088720.70437
27.97570234640857	5764780933.006547
28.00327832670312	5943836702.797072
28.03085430699767	6128420757.659536
28.05843028729223	6318702854.897256
28.08600626758678	6514857940.710287
28.11358224788133	6717066305.581409
28.14115822817588	6925513747.049919
28.16873420847043	7140391737.788347
28.19631018876498	7361897600.161831
28.22388616905953	7590234676.690601
28.25146214935408	7825612514.161081
28.27903812964863	8068247080.664274
28.30661410994318	8318360911.674278
28.33419009023773	8576183341.530878
28.36176607053228	8841950703.390457
28.38934205082683	9115906541.63311
28.41691803112138	9398301830.311123
28.44449401141593	9689395199.507313
28.47206999171048	9989453167.104746
28.49964597200503	10298750378.33455
28.52722195229958	10617569893.14587
28.55479793259413	10946203275.25201
28.58237391288868	11284951113.33043
28.60994989318323	11634123100.59505
28.63752587347778	11994038376.57613
28.66510185377233	12365025806.00903
28.69267783406688	12747424273.24167
28.72025381436143	13141582988.1046
28.74782979465598	13547861797.03676
28.77540577495053	13966631507.73241
28.80298175524508	14398274057.75187
28.83055773553963	14843183534.50189
28.85813371583418	15301765453.00962
28.88570969612873	15774437928.77695
28.91328567642328	16261631750.2208
28.94086165671783	16763790833.36011
28.96843763701238	17281372596.11786
28.99601361730693	17814848376.78492
29.02358959760148	18364703852.3944
29.05116557789603	18931439473.9502
29.07874155819058	19515571147.06107
29.10631753848513	20117629654.40971
29.13389351877968	20738162969.84914
29.16146949907423	21377735069.1692
29.18904547936878	22036927317.08839
29.21662145966333	22716338684.97411
29.24419743995788	23416586360.78985
29.27177342025243	24138306289.75577
29.29934940054698	24882153739.50146
29.32692538084153	25648803889.2543
29.35450136113608	26438952429.37716
29.38207734143063	27253316072.00084
29.40965332172518	28092633794.49458
29.43722930201973	28957666040.36408
29.46480528231428	29849197474.4718
29.49238126260883	30768035790.81436
29.51995724290338	31715013513.78533
29.54753322319793	32690988375.02925
29.57510920349248	33696844157.76411
29.60268518378703	34733491454.63036
29.63026116408158	35801868496.20878
29.65783714437613	36902942169.70141
29.68541312467068	38037708024.84229
29.71298910496523	39207192878.95943
29.74056508525978	40412453365.15194
29.76814106555433	41654579489.19904
29.79571704584888	42934693585.14606
29.82329302614343	44253952093.96536
29.85086900643798	45613546630.30804
29.87844498673253	47014704869.73399
29.90602096702708	48458691716.09921
29.93359694732163	49946809763.48528
29.96117292761618	51480403226.43026
29.98874890791073	53060854509.13008
30.01632488820528	54689589302.17677
30.04390086849983	56368076248.87517
30.07147684879438	58097827733.98393
30.09905282908893	59880403034.28778
30.12662880938348	61717408107.07256
30.15420478967803	63610497510.37514
30.18178076997258	65561376049.76871
30.20935675026713	67571800647.79159
30.23693273056168	69643579202.38707
30.26450871085623	71778577427.23386
30.29208469115078	73978715826.28835
30.31966067144533	76245972699.33929
30.34723665173988	78582387182.71837
30.37481263203443	80990059701.19797
30.40238861232898	83471153675.61575
30.42996459262353	86027898979.65021
30.45754057291808	88662592287.2438
30.48511655321263	91377601050.83783
30.51269253350718	94175360798.43356
30.54026851380173	97058383580.98505
30.56784449409628	100029256493.779
30.59542047439083	103090646583.7769
30.62299645468539	106245299634.7907
30.65057243497994	109496044394.3393
30.67814841527449	112845795961.1909
30.70572439556904	116297557340.8546
30.73330037586359	119854421582.0556
30.76087635615814	123519571242.6792
30.78845233645269	127296299324.6834
30.81602831674724	131187984553.729
30.84360429704179	135198110416.8854
30.87118027733634	139330266384.734
30.89875625763089	143588150593.2698
30.92633223792544	147975574318.511
30.95390821821999	152496461915.4587
30.98148419851454	157154856471.4549
31.00906017880909	161954923373.9467
31.03663615910364	166900959485.9686
31.06421213939819	171997374019.5411
31.09178811969274	177248722909.7559
31.11936409998729	182659703511.4152
31.14694008028184	188235147372.264
31.17451606057639	193980030296.9061
31.20209204087094	199899482874.8593
31.22966802116549	205998787337.9249
31.25724400146004	212283386642.4697
31.28481998175459	218758888586.5296
31.31239596204914	225431065106.3477
31.33997194234369	232305873644.3349
31.36754792263824	239389443574.2278
31.39512390293279	246688082097.8992
31.42269988322734	254208292498.8195
31.45027586352189	261956784471.7102
31.47785184381644	269940457232.8701
31.50542782411099	278166418748.4146
31.53300380440554	286641995133.9273
31.56057978470009	295374730682.1814
31.58815576499464	304372399928.1283
31.61573174528919	313643005870.0162
31.64330772558374	323194795415.401
31.67088370587829	333036269621.8954
31.69845968617284	343176183212.855
31.72603566646739	353623539974.1711
31.75361164676194	364387627392.5904
31.78118762705649	375478021179.3552
31.80876360735104	386904570533.6438
31.83633958764559	398677427202.0981
31.86391556794014	410807045298.2921
31.89149154823469	423304197372.0573
31.91906752852924	436179978267.5278
31.94664350882379	449445813198.2596
31.97421948911834	463113477508.5082
32.00179546941289	477195092958.86
32.02937144970744	491703158856.6912
32.05694743000199	506650543592.186
32.08452341029654	522050488943.3403
32.11209939059109	537916649896.8613
32.13967537088564	554263095071.1451
32.16725135118019	571104307226.9436
32.19482733147474	588455207988.193
32.22240331176929	606331164039.111
0
1000	105.6583745	100000000000000.1
5	0	0	1
5	0	0	0
4.673998997513734	-0
4.701574977808284	-0
4.729150958102834	-0
4.756726938397384	-0
4.784302918691934	-0
4.811878898986484	-6.385513782551751e-13
4.839454879281035	-1.891804019753486e-12
4.867030859575585	-2.99688985015702e-12
4.894606839870135	-3.839747337011598e-12
4.922182820164685	-4.337083739026436e-12
4.949758800459235	-4.436359098924451e-12
4.977334780753785	-4.114844692846058e-12
5.004910761048335	-3.378312224243483e-12
5.032486741342885	-2.259631263627395e-12
5.060062721637435	-8.17405895357572e-13
5.087638701931986	-0
5.115214682226536	-0
5.142790662521086	-0
5.170366642815636	-0
5.197942623110186	-0
5.225518603404736	-0
5.253094583699286	-0
5.280670563993836	-0
5.308246544288386	-0
5.335822524582936	-0
5.363398504877487	-2.80940237109154e-12
5.390974485172037	-9.978346906773242e-12
5.418550465466587	-1.947228213500892e-11
5.446126445761137	-3.161336956277113e-11
5.473702426055687	-4.673733505218775e-11
5.501278406350237	-4.033645126618796e-11
5.528854386644787	-6.45301980561422e-11
5.556430366939337	-9.496924193514071e-11
5.584006347233887	-1.318492938900798e-10
5.611582327528438	-1.752535617657012e-10
5.639158307822988	-2.251545065150177e-10
5.666734288117538	-2.814073446397443e-10
5.694310268412088	-3.437491132785824e-10
5.721886248706638	-4.118055852191826e-10
5.749462229001188	-4.850891744445089e-10
5.777038209295738	-7.748467447908944e-10
5.804614189590288	-8.382946184975531e-10
5.832190169884838	-8.866391998955597e-10
5.859766150179389	-9.207989779215245e-10
5.887342130473939	-9.424033195140792e-10
5.914918110768489	-9.856822987560477e-10
5.942494091063039	-1.056771788452506e-09
5.970070071357589	-1.125341757456716e-09
5.997646051652139	-1.191226335833013e-09
6.025222031946689	-1.254344069140837e-09
6.052798012241239	-1.294883087780515e-09
6.080373992535789	-1.354324401676059e-09
6.107949972830339	-1.412936720067396e-09
6.13552595312489	-1.470794517604727e-09
6.16310193341944	-1.527974540483417e-09
6.19067791371399	-1.775547605308781e-09
6.21825389400854	-2.277259438488329e-09
6.24582987430309	-2.862332627725701e-09
6.27340585459764	-3.528334724014598e-09
6.30098183489219	-4.271449010240079e-09
6.32855781518674	-7.029421578302402e-09
6.35613379548129	-7.734479103019028e-09
6.383709775775841	-8.333368670108097e-09
6.411285756070391	-8.834416143428403e-09
6.438861736364941	-9.252938074825607e-09
6.466437716659491	-9.846448190760611e-09
6.494013696954041	-1.066233380119468e-08
6.521589677248591	-1.147898962337444e-08
6.549165657543141	-1.230042646242312e-08
6.576741637837691	-1.313207193905991e-08
6.604317618132241	-1.398241834952147e-08
6.631893598426791	-1.485601603391362e-08
6.659469578721342	-1.576426271985111e-08
6.687045559015892	-1.671811468937286e-08
6.714621539310442	-1.77298692043449e-08
6.742197519604992	-1.999354888610354e-08
6.769773499899542	-2.396590154619565e-08
6.797349480194092	-2.864654411973596e-08
6.824925460488642	-3.406830890484184e-08
6.852501440783192	-4.026020751229645e-08
6.880077421077742	-4.589957868607933e-08
6.907653401372293	-5.382740251683958e-08
6.935229381666843	-6.27020811243527e-08
6.962805361961393	-7.25262206199595e-08
6.990381342255943	-8.329245986244392e-08
7.017957322550493	-9.498413070021058e-08
7.045533302845043	-1.075735873818545e-07
7.073109283139593	-1.210390208451836e-07
7.100685263434143	-1.353182706535999e-07
7.128261243728693	-1.503699092213317e-07
7.155837224023244	-1.698995104350753e-07
7.183413204317794	-1.859608087121274e-07
7.210989184612344	-2.022709353450217e-07
7.238565164906894	-2.187790964802841e-07
7.266141145201444	-2.354421643815309e-07
7.293717125495994	-2.522245880118438e-07
7.321293105790544	-2.690983037796062e-07
7.348869086085094	-2.86042646702921e-07
7.376445066379644	-3.030442622132426e-07
7.404021046674194	-3.200970187881176e-07
7.431597026968745	-4.71985530050341e-07
7.459173007263295	-4.768699286248777e-07
7.486748987557845	-4.705271513098198e-07
7.514324967852395	-4.542130786444525e-07
7.541900948146945	-4.297550935074074e-07
7.569476928441495	-4.243459907798658e-07
7.597052908736045	-4.428238419056308e-07
7.624628889030595	-4.61547296845026e-07
7.652204869325145	-4.805204343992573e-07
7.679780849619696	-4.997470609312982e-07
7.707356829914246	-5.192664706884124e-07
7.734932810208796	-5.39000574476345e-07
7.762508790503346	-5.589975966378741e-07
7.790084770797896	-5.79263457372428e-07
7.817660751092446	-5.998044199642425e-07
7.845236731386996	-7.42260093068829e-07
7.872812711681546	-1.052939897943474e-06
7.900388691976096	-1.427756774290159e-06
7.927964672270646	-1.868844686138196e-06
7.955540652565197	-2.37788992071012e-06
7.983116632859747	-2.89108563359543e-06
8.010692613154298	-3.545133617885263e-06
8.038268593448848	-4.275073808240568e-06
8.065844573743398	-5.080302928060648e-06
8.093420554037948	-5.959518261257789e-06
8.120996534332498	-6.910719876799419e-06
8.148572514627048	-7.931212543092365e-06
8.176148494921598	-9.017607290959172e-06
8.203724475216148	-1.01658226773982e-05
8.231300455510699	-1.137108580732343e-05
8.258876435805249	-1.288602721444753e-05
8.286452416099799	-1.416507261246124e-05
8.314028396394349	-1.546096188048386e-05
8.341604376688899	-1.676844806383575e-05
8.369180356983449	-1.80826906399998e-05
8.396756337277999	-1.93992517572767e-05
8.424332317572549	-2.071409290207032e-05
8.451908297867099	-2.20235719479329e-05
8.47948427816165	-2.332444054429477e-05
8.5070602584562	-2.461384180714274e-05
8.53463623875075	-2.583980058177026e-05
8.5622122190453	-2.710369306738041e-05
8.58978819933985	-2.835405464910864e-05
8.6173641796344	-2.958914128733717e-05
8.64494015992895	-3.080738115931686e-05
8.6725161402235	-3.200737411691474e-05
8.70009212051805	-3.318789121378823e-05
8.7276681008126	-3.434787429333294e-05
8.755244081107151	-3.548643562977655e-05
8.782820061401701	-3.660285761566087e-05
8.810396041696251	-3.767224026683131e-05
8.837972021990801	-3.874508877004797e-05
8.865548002285351	-3.979672057972432e-05
8.893123982579901	-4.082688318589511e-05
8.920699962874451	-4.183538888884983e-05
8.948275943169001	-4.282211488273187e-05
8.975851923463551	-4.378700333561304e-05
9.003427903758102	-4.473006146617103e-05
9.031003884052652	-4.565136161679726e-05
9.058579864347202	-4.65510413228833e-05
9.086155844641752	-4.741862730202467e-05
9.113731824936302	-4.827669469531447e-05
9.141307805230852	-4.911484808538431e-05
9.168883785525402	-4.993339314242809e-05
9.196459765819952	-5.073265526088584e-05
9.224035746114502	-5.151297969286437e-05
9.251611726409052	-5.227473167120312e-05
9.279187706703603	-5.301829652294527e-05
9.306763686998153	-5.374407977397659e-05
9.334339667292703	-5.445250724560227e-05
9.361915647587253	-5.513984381674147e-05
9.389491627881803	-5.581529397645587e-05
9.417067608176353	-5.647514115435737e-05
9.444643588470903	-5.711985651685951e-05
9.472219568765453	-5.774991413350014e-05
9.499795549060003	-5.836579107811887e-05
9.527371529354554	-5.8967967518827e-05
9.554947509649104	-5.955692679820084e-05
9.582523489943654	-6.013315550493599e-05
9.610099470238204	-6.069714353803891e-05
9.637675450532754	-6.124829952680136e-05
9.665251430827304	-6.178940450431497e-05
9.692827411121854	-6.231985080167503e-05
9.720403391416404	-6.284012503196297e-05
9.747979371710954	-6.335070187430954e-05
9.775555352005505	-6.385200644021891e-05
9.803131332300055	-6.434375650807606e-05
9.830707312594605	-6.483051401226395e-05
9.858283292889155	-6.530687192213772e-05
9.885859273183705	-6.577636327420808e-05
9.913435253478255	-6.623876732357294e-05
9.941011233772805	-6.669539719444584e-05
9.968587214067355	-6.714624341953546e-05
9.996163194361905	-6.759178088944227e-05
10.02373917465646	-6.803248232858899e-05
10.05131515495101	-6.846881829689431e-05
10.07889113524556	-6.890125718940963e-05
10.10646711554011	-6.93302652338044e-05
10.13404309583466	-6.975630648553377e-05
10.16161907612921	-7.017984282046345e-05
10.18919505642376	-7.060138502430845e-05
10.21677103671831	-7.102128457825367e-05
10.24434701701286	-7.144004709012063e-05
10.27192299730741	-7.185812578295175e-05
10.29949897760196	-7.227597183660806e-05
10.32707495789651	-7.269403437954709e-05
10.35465093819106	-7.311276047988547e-05
10.38222691848561	-7.353259513575937e-05
10.40980289878016	-7.395398126499125e-05
10.43737887907471	-7.437735969406583e-05
10.46495485936926	-7.480308628732181e-05
10.49253083966381	-7.523177077622026e-05
10.52010681995836	-7.56637643884071e-05
10.54768280025291	-7.609949872892238e-05
10.57525878054746	-7.653940288506031e-05
10.60283476084201	-7.698390341357509e-05
10.63041074113656	-7.743342432794273e-05
10.65798672143111	-7.788838708569557e-05
10.68556270172566	-7.834921057584427e-05
10.71313868202021	-7.881631110640304e-05
10.74071466231476	-7.928995239414539e-05
10.76829064260931	-7.977085860042072e-05
10.79586662290386	-8.025928798804909e-05
10.82344260319841	-8.075564518303735e-05
10.85101858349296	-8.126033149995335e-05
10.87859456378751	-8.177374492688189e-05
10.90617054408206	-8.229628011148147e-05
10.93374652437661	-8.282832834808707e-05
10.96132250467116	-8.337027756580841e-05
10.98889848496571	-8.392251231758091e-05
11.01647446526026	-8.448526323162233e-05
11.04405044555481	-8.505922185108386e-05
11.07162642584936	-8.564461235931645e-05
11.09920240614391	-8.624180455216422e-05
11.12677838643846	-8.685116410465017e-05
11.15435436673301	-8.747305255764545e-05
11.18193034702756	-8.810782730682152e-05
11.20950632732211	-8.875584159361905e-05
11.23708230761666	-8.941744449801014e-05
11.26465828791121	-9.009298093286628e-05
11.29223426820576	-9.0782619811883e-05
11.31981024850031	-9.148705683258192e-05
11.34738622879486	-9.220645155815104e-05
11.37496220908941	-9.294113068064722e-05
11.40253818938396	-9.369141598732753e-05
11.43011416967851	-9.445762436494075e-05
11.45769014997306	-9.524006780461819e-05
11.48526613026761	-9.603905340734149e-05
11.51284211056216	-9.6854883389965e-05
11.54041809085671	-9.768785509177111e-05
11.56799407115126	-9.853813356232043e-05
11.59557005144581	-9.940627263448773e-05
11.62314603174036	-0.0001002924270209698
11.65072201203491	-0.0001011968735146202
11.67829799232946	-0.000102119883524007
11.70587397262401	-0.0001030617230838179
11.73344995291856	-0.0001040226528656292
11.76102593321311	-0.0001050029281890207
11.78860191350766	-0.0001060027990330188
11.81617789380221	-0.0001070225100478511
11.84375387409676	-0.000108062260186939
11.87132985439131	-0.0001091223678704804
11.89890583468586	-0.0001102030212286225
11.92648181498041	-0.0001113044433624259
11.95405779527496	-0.0001124268519352594
11.98163377556951	-0.0001135704591867881
12.00920975586406	-0.0001147354719471062
12.03678573615861	-0.0001159220916510051
12.06436171645316	-0.0001171305143523627
12.09193769674771	-0.0001183609307386452
12.11951367704226	-0.0001196135922560606
12.14708965733681	-0.0001208885409080223
12.17466563763136	-0.0001221860176113129
12.20224161792591	-0.0001235061922826404
12.22981759822046	-0.0001248492298394479
12.25739357851501	-0.0001262152902162346
12.28496955880956	-0.0001276045283806679
12.31254553910411	-0.000129017094349507
12.34012151939866	-0.0001304531332043583
12.36769749969321	-0.0001319127851072785
12.39527347998776	-0.0001333963132660698
12.42284946028231	-0.0001349035815539554
12.45042544057686	-0.0001364348428162909
12.47800142087141	-0.0001379902186642785
12.50557740116597	-0.0001395698264809606
12.53315338146052	-0.0001411737794385349
12.56072936175507	-0.0001428021865145695
12.58830534204962	-0.0001444551525073847
12.61588132234417	-0.0001461327780507898
12.64345730263872	-0.0001478351596283178
12.67103328293327	-0.0001495625697333831
12.69860926322782	-0.0001513147205841429
12.72618524352237	-0.000153091876834
12.75376122381692	-0.000154894119928664
12.78133720411147	-0.0001567215279792069
12.80891318440602	-0.000158574175777913
12.83648916470057	-0.0001604521348173431
12.86406514499512	-0.000162355473315105
12.89164112528967	-0.0001642842562492751
12.91921710558422	-0.0001662385454149527
12.94679308587877	-0.0001682186245337214
12.97436906617332	-0.0001702240922693714
13.00194504646787	-0.0001722552154129371
13.02952102676242	-0.0001743120432371891
13.05709700705697	-0.0001763946224099394
13.08467298735152	-0.0001785029969977642
13.11224896764607	-0.0001806372084692827
13.13982494794062	-0.0001827972956979477
13.16740092823517	-0.0001849832949643036
13.19497690852972	-0.0001871952399576575
13.22255288882427	-0.0001894333033587235
13.25012886911882	-0.0001916972181284514
13.27770484941337	-0.0001939871520915572
13.30528082970792	-0.000196303129734519
13.33285681000247	-0.0001986451735674542
13.36043279029702	-0.0002010133041275629
13.38800877059157	-0.0002034075399824222
13.41558475088612	-0.00020582789773313
13.44316073118067	-0.0002082743920172944
13.47073671147522	-0.0002107470355118618
13.49831269176977	-0.0002132459513778376
13.52588867206432	-0.0002157709134650245
13.55346465235887	-0.0002183220415585456
13.58104063265342	-0.0002208993414751107
13.60861661294797	-0.0002235028175674698
13.63619259324252	-0.0002261324727270085
13.66376857353707	-0.000228788308386426
13.69134455383162	-0.0002314703245224121
13.71892053412617	-0.0002341785196582901
13.74649651442072	-0.0002369128908666118
13.77407249471527	-0.0002396735190081117
13.80164847500982	-0.0002424602202027134
13.82922445530437	-0.0002452730727926868
13.85680043559892	-0.0002481120688065993
13.88437641589347	-0.0002509771992006558
13.91195239618802	-0.0002538684538605119
13.93952837648257	-0.0002567858216026414
13.96710435677712	-0.0002597292901746237
13.99468033707167	-0.0002626988462523006
14.02225631736622	-0.0002656944754253614
14.04983229766077	-0.0002687162333425732
14.07740827795532	-0.0002717639555278101
14.10498425824987	-0.000274837695505649
14.13256023854442	-0.0002779374352881163
14.16013621883897	-0.0002810631561368847
14.18771219913352	-0.0002842148385647803
14.21528817942807	-0.0002873924623372713
14.24286415972262	-0.0002905960064739365
14.27044014001717	-0.0002938254492499163
14.29801612031172	-0.0002970807681973458
14.32559210060627	-0.0003003619980390559
14.35316808090082	-0.0003036689937851414
14.38074406119537	-0.0003070017889576327
14.40832004148992	-0.0003103603586356097
14.43589602178447	-0.0003137446774108321
14.46347200207902	-0.0003171547193886043
14.49104798237357	-0.0003205904581886261
14.51862396266812	-0.0003240518669458343
14.54619994296267	-0.0003275389183112328
14.57377592325722	-0.0003310515844527137
14.60135190355177	-0.0003345898831431447
14.62892788384632	-0.0003381536892858287
14.65650386414087	-0.0003417430199240693
14.68407984443542	-0.000345357845705955
14.71165582472997	-0.0003489981369985732
14.73923180502452	-0.000352663863888307
14.76680778531907	-0.000356354996181106
14.79438376561362	-0.0003600715034027091
14.82195974590817	-0.0003638133547987833
14.84953572620272	-0.0003675805193348834
14.87711170649727	-0.0003713730043511533
14.90468768679182	-0.00037519067660929
14.93226366708637	-0.0003790335977682025
14.95983964738092	-0.0003829016922796733
14.98741562767547	-0.0003867949376190892
15.01499160797002	-0.0003907133022918657
15.04256758826457	-0.0003946567541870819
15.07014356855912	-0.0003986252609594136
15.09771954885368	-0.0004026187900965676
15.12529552914823	-0.0004066373089378553
15.15287150944278	-0.0004106808103415468
15.18044748973733	-0.0004147492077794526
15.20802347003188	-0.0004188424939134314
15.23559945032643	-0.0004229606357482749
15.26317543062098	-0.0004271036002638363
15.29075141091553	-0.0004312713544147154
15.31832739121008	-0.0004354638651299461
15.34590337150463	-0.0004396810993126861
15.37347935179918	-0.0004439230238399093
15.40105533209373	-0.0004481896055621
15.42863131238828	-0.0004524808274377918
15.45620729268283	-0.0004567966225532871
15.48378327297738	-0.0004611369738888855
15.51135925327193	-0.0004655018483265478
15.53893523356648	-0.0004698912127895958
15.56651121386103	-0.0004743050342423017
15.59408719415558	-0.0004787432796894813
15.62166317445013	-0.0004832059161760867
15.64923915474468	-0.0004876929107868021
15.67681513503923	-0.0004922042306456394
15.70439111533378	-0.0004967398514961068
15.73196709562833	-0.0005012997225969386
15.75954307592288	-0.0005058838198274286
15.78711905621743	-0.0005104921105456729
15.81469503651198	-0.0005151245621859879
15.84227101680653	-0.0005197811422592005
15.86984699710108	-0.0005244618183536282
15.89742297739563	-0.0005291665581376852
15.92499895769018	-0.0005338953293669002
15.95257493798473	-0.0005386480999053034
15.98015091827928	-0.0005434248301503157
16.00772689857383	-0.0005482255061491833
16.03530287886838	-0.0005530500822194443
16.06287885916293	-0.0005578985286654255
16.09045483945748	-0.0005627708140419041
16.11803081975203	-0.0005676669067308038
16.14560680004658	-0.0005725867751266731
16.17318278034113	-0.0005775303876792571
16.20075876063568	-0.0005824977129068275
16.22833474093023	-0.0005874887194011539
16.25591072122478	-0.0005925033761038864
16.28348670151933	-0.0005975416510504841
16.31106268181388	-0.0006026035134374395
16.33863866210843	-0.0006076889322078759
16.36621464240298	-0.0006127978765177431
16.39379062269753	-0.000617930321368594
16.42136660299208	-0.0006230862150279917
16.44894258328663	-0.0006282655501790042
16.47651856358118	-0.0006334682870715272
16.50409454387573	-0.0006386943953741444
16.53167052417028	-0.0006439438443188473
16.55924650446483	-0.0006492166040629699
16.58682248475938	-0.0006545126440648346
16.61439846505393	-0.0006598319340055999
16.64197444534848	-0.0006651744436098121
16.66955042564303	-0.000670540142583677
16.69712640593758	-0.0006759290002900303
16.72470238623213	-0.000681340980577218
16.75227836652668	-0.000686776088506203
16.77985434682123	-0.0006922342416107944
16.80743032711578	-0.000697715432032525
16.83500630741033	-0.000703219639692478
16.86258228770488	-0.0007087468256169068
16.89015826799943	-0.0007142969813799944
16.91773424829398	-0.000719870036310763
16.94531022858853	-0.0007254659895753742
16.97288620888308	-0.0007310848063048384
17.00046218917763	-0.0007367264567095452
17.02803816947218	-0.0007423909113978965
17.05561414976673	-0.0007480781411121247
17.08319013006128	-0.0007537881171763938
17.11076611035583	-0.0007595208094870958
17.13834209065038	-0.000765276189503507
17.16591807094493	-0.0007710542282149756
17.19349405123948	-0.0007768548966280876
17.22107003153403	-0.0007826781656796744
17.24864601182858	-0.0007885240057533796
17.27622199212313	-0.0007943923769959302
17.30379797241768	-0.0008002833044796625
17.33137395271223	-0.0008061966856902381
17.35894993300678	-0.0008121325254133473
17.38652591330133	-0.0008180907983808796
17.41410189359588	-0.0008240714720553441
17.44167787389043	-0.0008300745180080528
17.46925385418498	-0.0008360999078635312
17.49682983447953	-0.0008421476132976404
17.52440581477408	-0.0008482176060367116
17.55198179506863	-0.0008543098578570934
17.57955777536318	-0.0008604243405848816
17.60713375565773	-0.0008665610260957456
17.63470973595228	-0.000872719885449679
17.66228571624683	-0.0008789008924194732
17.68986169654139	-0.0008851040181732406
17.71743767683594	-0.0008913292347775504
17.74501365713049	-0.0008975765143436463
17.77258963742504	-0.0009038458290274208
17.80016561771959	-0.0009101371510293841
17.82774159801414	-0.0009164504525946334
17.85531757830869	-0.0009227857060128223
17.88289355860324	-0.0009291428836181293
17.91046953889779	-0.0009355219575149492
17.93804551919234	-0.0009419229007029735
17.96562149948689	-0.0009483456853696896
17.99319747978144	-0.000954790284023445
18.02077346007599	-0.0009612566692156669
18.04834944037054	-0.0009677448135409155
18.07592542066509	-0.0009742546896369729
18.10350140095964	-0.0009807862701850017
18.13107738125419	-0.0009873395279098016
18.15865336154874	-0.0009939144355802488
18.18622934184329	-0.001000510964880228
18.21380532213784	-0.001007129089755263
18.24138130243239	-0.001013768781348947
18.26895728272694	-0.001020430082969226
18.29653326302149	-0.001027112775146081
18.32410924331604	-0.001033817010185139
18.35168522361059	-0.001040542706929128
18.37926120390514	-0.001047289837557758
18.40683718419969	-0.001054058375042035
18.43441316449424	-0.001060848292530251
18.46198914478879	-0.001067659561660905
18.48956512508334	-0.001074492158940463
18.51714110537789	-0.001081346056294838
18.54471708567244	-0.001088221227108097
18.57229306596699	-0.001095117644798585
18.59986904626154	-0.001102035282818904
18.62744502655609	-0.001108974114655896
18.65502100685064	-0.001115934113830627
18.68259698714519	-0.001122915253898373
18.71017296743974	-0.001129917508448599
18.73774894773429	-0.001136940855869003
18.76532492802884	-0.00114398526090903
18.79290090832339	-0.001151050702499233
18.82047688861794	-0.001158137117279971
18.84805286891249	-0.001165244575921096
18.87562884920704	-0.001172372965268387
18.90320482950159	-0.001179522284177573
18.93078080979614	-0.001186692507225853
18.95835679009069	-0.001193883608522862
18.98593277038524	-0.001201095562130275
19.01350875067979	-0.001208328339954872
19.04108473097434	-0.00121558192064368
19.06866071126889	-0.001222856276175725
19.09623669156344	-0.001230151380727709
19.12381267185799	-0.001237467208510387
19.15138865215254	-0.001244803733769085
19.17896463244709	-0.001252160930783967
19.20654061274164	-0.001259538773870165
19.23411659303619	-0.001266937237377859
19.26169257333074	-0.001274356295692308
19.28926855362529	-0.001281795925397276
19.31684453391984	-0.001289256096424029
19.34442051421439	-0.001296736785442918
19.37199649450894	-0.001304237966998984
19.39957247480349	-0.001311759615681274
19.42714845509804	-0.001319301706122812
19.45472443539259	-0.001326864213000566
19.48230041568714	-0.001334447111035425
19.50987639598169	-0.001342050374992164
19.53745237627624	-0.001349673979679432
19.56502835657079	-0.001357317898127126
19.59260433686534	-0.001364982109052413
19.62018031715989	-0.001372666585548029
19.64775629745444	-0.001380371302577473
19.67533227774899	-0.001388096235139526
19.70290825804354	-0.00139584135826841
19.73048423833809	-0.001403606647034047
19.75806021863264	-0.001411392076542517
19.78563619892719	-0.001419197621936871
19.81321217922174	-0.001427023258398652
19.84078815951629	-0.001434868965320431
19.86836413981084	-0.001442734709687139
19.89594012010539	-0.001450620470599981
19.92351610039994	-0.001458526223367624
19.95109208069449	-0.001466451943340471
19.97866806098904	-0.001474397605910561
20.00624404128359	-0.001482363186511481
20.03382002157814	-0.001490348660618275
20.06139600187269	-0.001498354003747361
20.08897198216724	-0.001506379191456448
20.11654796246179	-0.001514424199852993
20.14412394275634	-0.001522489003458704
20.17169992305089	-0.001530573578533891
20.19927590334544	-0.001538677900826271
20.22685188363999	-0.001546801946132672
20.25442786393454	-0.001554945690301007
20.2820038442291	-0.001563109109234216
20.30957982452365	-0.001571292178898787
20.3371558048182	-0.001579494875345439
20.36473178511275	-0.001587717174768225
20.3923077654073	-0.001595959041295194
20.41988374570185	-0.001604220472770243
20.4474597259964	-0.001612501435542323
20.47503570629095	-0.001620801905794371
20.5026116865855	-0.001629121859740606
20.53018766688005	-0.001637461273626675
20.5577636471746	-0.001645820123729767
20.58533962746915	-0.001654198386358685
20.6129156077637	-0.001662596037853905
20.64049158805825	-0.001671013054587622
20.6680675683528	-0.00167944941583788
20.69564354864735	-0.001687905092054654
20.7232195289419	-0.001696380062570121
20.75079550923645	-0.001704874303900907
20.778371489531	-0.001713387792605377
20.80594746982555	-0.001721920505282882
20.8335234501201	-0.00173047241857235
20.86109943041465	-0.001739043509149394
20.8886754107092	-0.001747633753719547
20.91625139100375	-0.001756243128999701
20.9438273712983	-0.001764871612932494
20.97140335159285	-0.001773519181198612
20.9989793318874	-0.001782185811018228
21.02655531218195	-0.001790871479309998
21.0541312924765	-0.001799576163026416
21.08170727277105	-0.001808299839153766
21.1092832530656	-0.00181704248471206
21.13685923336015	-0.001825804076754987
21.1644352136547	-0.001834584592369868
21.19201119394925	-0.001843384008677586
21.2195871742438	-0.001852202305079394
21.24716315453835	-0.001861039454005501
21.2747391348329	-0.001869895435012521
21.30231511512745	-0.001878770225398284
21.329891095422	-0.001887663802509653
21.35746707571655	-0.00189657614374417
21.3850430560111	-0.00190550722655323
21.41261903630565	-0.001914457028448725
21.4401950166002	-0.001923425527018355
21.46777099689475	-0.001932412699966313
21.4953469771893	-0.001941418512375409
21.52292295748385	-0.001950442964872254
21.5504989377784	-0.001959486024809723
21.57807491807295	-0.001968547669933113
21.6056508983675	-0.001977627878018192
21.63322687866205	-0.001986726626871274
21.6608028589566	-0.001995843894329301
21.68837883925115	-0.00200497965825989
21.7159548195457	-0.002014133896561382
21.74353079984025	-0.002023306587162884
21.7711067801348	-0.002032497711009832
21.79868276042935	-0.002041707240012735
21.8262587407239	-0.002050935155015979
21.85383472101845	-0.002060181434032135
21.881410701313	-0.002069446055071857
21.90898668160755	-0.002078728996084574
21.9365626619021	-0.002088030234748734
21.96413864219665	-0.002097349747339001
21.9917146224912	-0.002106687488870672
22.01929060278575	-0.002116043560268832
22.0468665830803	-0.002125417752409745
22.07444256337485	-0.002134810160270913
22.1020185436694	-0.002144220736506793
22.12959452396395	-0.00215364945952733
22.1571705042585	-0.002163096307776982
22.18474648455305	-0.002172561259734659
22.2123224648476	-0.002182044293913668
22.23989844514215	-0.002191545388861646
22.2674744254367	-0.002201064523160508
22.29505040573125	-0.002210601675426381
22.3226263860258	-0.002220156825797905
22.35020236632035	-0.00222972994984403
22.3777783466149	-0.002239321027786867
22.40535432690945	-0.002248930038393
22.432930307204	-0.002258556960468915
22.46050628749855	-0.002268201772860857
22.4880822677931	-0.002277864454454695
22.51565824808765	-0.002287544984175808
22.5432342283822	-0.002297243340988953
22.57081020867675	-0.002306959503898169
22.5983861889713	-0.002316693452062113
22.62596216926585	-0.002326445164304334
22.6535381495604	-0.002336214619884174
22.68111412985495	-0.002346001797969086
22.7086901101495	-0.00235580667776671
22.73626609044405	-0.002365629238524549
22.7638420707386	-0.002375469459529508
22.79141805103315	-0.002385327320107172
22.8189940313277	-0.002395202799620612
22.84657001162225	-0.002405095877468284
22.87414599191681	-0.002415006525713273
22.90172197221136	-0.002424934738765214
22.92929795250591	-0.002434880489063035
22.95687393280046	-0.002444843756153072
22.98444991309501	-0.002454824519612023
23.01202589338956	-0.002464822759046458
23.03960187368411	-0.002474838454092486
23.06717785397866	-0.002484871584415495
23.09475383427321	-0.002494922129709978
23.12232981456776	-0.002504990069699382
23.14990579486231	-0.002515075386263782
23.17748177515686	-0.002525178054739841
23.20505775545141	-0.002535298057073135
23.23263373574596	-0.002545435373120471
23.26020971604051	-0.002555589982776508
23.28778569633506	-0.002565761865973645
23.31536167662961	-0.002575951002681892
23.34293765692416	-0.002586157372908721
23.37051363721871	-0.002596380956698913
23.39808961751326	-0.002606621734134372
23.42566559780781	-0.002616879684711476
23.45324157810236	-0.002627154789904437
23.48081755839691	-0.002637447029255732
23.50839353869146	-0.00264775638298191
23.53596951898601	-0.002658082831332396
23.56354549928056	-0.002668426354589428
23.59112147957511	-0.002678786933068009
23.61869745986966	-0.00268916454711585
23.64627344016421	-0.002699559177113312
23.67384942045876	-0.002709970803473351
23.70142540075331	-0.002720399407174738
23.72900138104786	-0.002730844967580861
23.75657736134241	-0.002741307465738547
23.78415334163696	-0.002751786882195332
23.81172932193151	-0.002762283197533343
23.83930530222606	-0.002772796392369221
23.86688128252061	-0.002783326447354065
23.89445726281516	-0.002793873343173362
23.92203324310971	-0.002804437060546919
23.94960922340426	-0.002815017580228806
23.97718520369881	-0.002825614882963976
24.00476118399336	-0.002836228949622096
24.03233716428791	-0.002846859761070018
24.05991314458246	-0.002857507298213534
24.08748912487701	-0.002868171541995251
24.11506510517156	-0.002878852473394739
24.14264108546611	-0.00288955007342883
24.17021706576066	-0.00290026432315223
24.19779304605521	-0.00291099520365879
24.22536902634976	-0.002921742696084357
24.25294500664431	-0.002932506774932812
24.28052098693886	-0.002943287433604214
24.30809696723341	-0.002954084647874078
24.33567294752796	-0.002964898399030246
24.36324892782251	-0.002975728668393822
24.39082490811706	-0.002986575437319122
24.41840088841161	-0.00299743868719362
24.44597686870616	-0.003008318399437898
24.47355284900071	-0.003019214555505599
24.50112882929526	-0.003030127136883372
24.52870480958981	-0.003041056120453453
24.55628078988436	-0.003052001497761427
24.58385677017891	-0.003062963245259919
24.61143275047346	-0.003073941344514801
24.63900873076801	-0.003084935777121761
24.66658471106256	-0.003095946524704202
24.69416069135711	-0.003106973568912087
24.72173667165166	-0.003118016891421227
24.74931265194621	-0.003129076473932861
24.77688863224076	-0.003140152298173359
24.80446461253531	-0.00315124434961133
24.83204059282986	-0.003162352602271028
24.85961657312441	-0.003173477041666528
24.88719255341896	-0.00318461764965324
24.91476853371351	-0.003195774408128211
24.94234451400806	-0.00320694729903005
24.96992049430261	-0.003218136304338861
24.99749647459716	-0.003229341406076165
25.02507245489171	-0.003240562586304831
25.05264843518626	-0.00325179982712901
25.08022441548081	-0.003263053105929612
25.10780039577536	-0.003274322414842571
25.13537637606991	-0.003285607731314909
25.16295235636446	-0.003296909037575157
25.19052833665901	-0.003308226315872182
25.21810431695356	-0.003319559548475007
25.24568029724811	-0.003330908717672588
25.27325627754266	-0.003342273805773553
25.30083225783721	-0.003353654795105899
25.32840823813176	-0.003365051668016606
25.35598421842631	-0.00337646441226316
25.38356019872086	-0.00338789299899863
25.41113617901541	-0.003399337415997024
25.43871215930996	-0.003410797645709699
25.46628813960452	-0.003422273670625509
25.49386411989907	-0.003433765473270554
25.52144010019362	-0.00344527303620794
25.54901608048817	-0.003456796342037575
25.57659206078272	-0.00346833537339597
25.60416804107727	-0.003479890112956065
25.63174402137182	-0.003491460538809461
25.65932000166637	-0.003503046641631644
25.68689598196092	-0.003514648399181612
25.71447196225547	-0.003526265277579757
25.74204794255002	-0.003537898831743712
25.76962392284457	-0.003549547455881166
25.79719990313912	-0.003561211669919854
25.82477588343367	-0.003572891455395637
25.85235186372822	-0.003584586795011124
25.87992784402277	-0.003596297671688526
25.90750382431732	-0.00360802406973665
25.93507980461187	-0.003619765969343337
25.96265578490642	-0.003631523355157611
25.99023176520097	-0.003643296210330808
26.01780774549552	-0.003655084518045913
26.04538372579007	-0.003666888261517706
26.07295970608462	-0.003678707423992953
26.10053568637917	-0.003690541988750637
26.12811166667372	-0.003702391939102246
26.15568764696827	-0.003714257258392124
26.18326362726282	-0.003726137926504446
26.21083960755737	-0.003738033934204633
26.23841558785192	-0.003749945261341757
26.26599156814647	-0.003761871891364434
26.29356754844102	-0.003773813807749665
26.32114352873557	-0.003785770994002987
26.34871950903012	-0.00379774343365859
26.37629548932467	-0.003809731110279398
26.40387146961922	-0.003821734007457096
26.43144744991377	-0.003833752108812168
26.45902343020832	-0.003845785397803023
26.48659941050287	-0.003857833858511944
26.51417539079742	-0.003869897474447488
26.54175137109197	-0.003881976229341439
26.56932735138652	-0.003894070106953035
26.59690333168107	-0.003906179091069031
26.62447931197562	-0.003918303165503796
26.65205529227017	-0.003930442314099534
26.67963127256472	-0.003942596520726657
26.70720725285927	-0.003954765769284527
26.73478323315382	-0.003966950045383747
26.76235921344837	-0.0039791493296875
26.78993519374292	-0.003991363607678103
26.81751117403747	-0.00400359286335322
26.84508715433202	-0.004015837080739236
26.87266313462657	-0.004028096243891178
26.90023911492112	-0.004040370336892645
26.92781509521567	-0.004052659343855717
26.95539107551022	-0.004064963248920897
26.98296705580477	-0.004077282036257015
27.01054303609932	-0.004089615690691798
27.03811901639387	-0.004101964195084189
27.06569499668842	-0.00411432753439376
27.09327097698297	-0.004126705692913511
27.12084695727752	-0.004139098654963248
27.14842293757207	-0.004151506404889658
27.17599891786662	-0.004163928927066349
27.20357489816117	-0.00417636620589386
27.23115087845572	-0.00418881822579967
27.25872685875027	-0.004201284971238184
27.28630283904482	-0.004213766429181202
27.31387881933937	-0.004226262578933617
27.34145479963392	-0.004238773407532846
27.36903077992847	-0.004251298899562275
27.39660676022302	-0.004263839039642685
27.42418274051757	-0.004276393812432219
27.45175872081212	-0.004288963202626374
27.47933470110667	-0.004301547194958007
27.50691068140122	-0.004314145774197362
27.53448666169577	-0.004326758925152163
27.56206264199032	-0.00433938662817547
27.58963862228487	-0.004352028877592609
27.61721460257942	-0.00436468565374404
27.64479058287397	-0.004377356941530196
27.67236656316852	-0.004390042725866034
27.69994254346307	-0.004402742991680964
27.72751852375762	-0.004415457723918816
27.75509450405217	-0.004428186907537773
27.78267048434672	-0.004440930527510308
27.81024646464127	-0.004453688568823135
27.83782244493582	-0.004466461022413147
27.86539842523037	-0.004479247860813671
27.89297440552492	-0.004492049075114749
27.92055038581947	-0.004504864650441379
27.94812636611402	-0.004517694571966969
27.97570234640857	-0.004530538824916542
28.00327832670312	-0.004543397394573197
28.03085430699767	-0.004556270266292278
28.05843028729223	-0.004569157425536456
28.08600626758678	-0.004582058857979385
28.11358224788133	-0.004594974530474993
28.14115822817588	-0.004607904462386195
28.16873420847043	-0.004620848623905801
28.19631018876498	-0.004633807000550288
28.22388616905953	-0.004646779577852406
28.25146214935408	-0.004659766341361391
28.27903812964863	-0.004672767276643132
28.30661410994318	-0.004685782369280309
28.33419009023773	-0.0046988116048725
28.36176607053228	-0.004711854969036272
28.38934205082683	-0.004724912499643391
28.41691803112138	-0.004737984073431853
28.44449401141593	-0.004751069728184415
28.47206999171048	-0.004764169450054492
28.49964597200503	-0.004777283225440011
28.52722195229958	-0.004790411040984557
28.55479793259413	-0.004803552883577629
28.58237391288868	-0.004816708740354505
28.60994989318323	-0.004829878598695984
28.63752587347778	-0.004843062446227992
28.66510185377233	-0.004856260101522514
28.69267783406688	-0.004869471906420374
28.72025381436143	-0.004882697679163412
28.74782979465598	-0.00489593740687817
28.77540577495053	-0.004909191076207454
28.80298175524508	-0.004922458673311148
28.83055773553963	-0.004935740183867048
28.85813371583418	-0.004949035593071675
28.88570969612873	-0.004962344885641105
28.91328567642328	-0.004975668045811802
28.94086165671783	-0.004989005240036356
28.96843763701238	-0.005002356069881172
28.99601361730693	-0.005015720701722935
29.02358959760148	-0.00502909911948097
29.05116557789603	-0.00504249130738367
29.07874155819058	-0.005055897249967764
29.10631753848513	-0.00506931693207757
29.13389351877968	-0.005082750338864253
29.16146949907423	-0.00509619745578505
29.18904547936878	-0.005109658268602501
29.21662145966333	-0.005123132696470131
29.24419743995788	-0.005136620865597233
29.27177342025243	-0.005150122695379262
29.29934940054698	-0.005163638172196939
29.32692538084153	-0.005177167282443529
29.35450136113608	-0.005190710012524782
29.38207734143063	-0.005204266348858859
29.40965332172518	-0.005217836277876262
29.43722930201973	-0.005231419786019762
29.46480528231428	-0.005245016859744329
29.49238126260883	-0.005258627571190421
29.51995724290338	-0.005272251727835203
29.54753322319793	-0.005285889402256459
29.57510920349248	-0.005299540581704132
29.60268518378703	-0.005313205253807782
29.63026116408158	-0.005326883406575829
29.65783714437613	-0.005340575028394832
29.68541312467068	-0.005354280108028756
29.71298910496523	-0.005367998634618266
29.74056508525978	-0.005381730597680005
29.76814106555433	-0.005395475769052289
29.79571704584888	-0.005409234594582903
29.82329302614343	-0.005423006845820961
29.85086900643798	-0.005436792511881226
29.87844498673253	-0.00545059158131432
29.90602096702708	-0.005464404042107668
29.93359694732163	-0.005478229881686396
29.96117292761618	-0.005492069086914215
29.98874890791073	-0.005505921644094215
30.01632488820528	-0.005519787538969646
30.04390086849983	-0.005533666900926494
30.07147684879438	-0.005547559413391229
30.09905282908893	-0.005561465205212481
30.12662880938348	-0.005575384261126495
30.15420478967803	-0.005589316565928155
30.18178076997258	-0.005603262104470786
30.20935675026713	-0.005617220861666049
30.23693273056168	-0.005631192822483749
30.26450871085623	-0.005645177971951717
30.29208469115078	-0.005659176295155654
30.31966067144533	-0.005673188018537897
30.34723665173988	-0.005687212623012203
30.37481263203443	-0.005701250336453989
30.40238861232898	-0.005715301146333449
30.42996459262353	-0.005729365041230344
30.45754057291808	-0.005743442010838259
30.48511655321263	-0.005757532045975219
30.51269253350718	-0.005771635138609765
30.54026851380173	-0.005785751281930184
30.56784449409628	-0.005799880470561121
30.59542047439083	-0.005814022062582044
30.62299645468539	-0.005828177376303302
30.65057243497994	-0.005842345774997275
30.67814841527449	-0.005856527251714184
30.70572439556904	-0.005870721797937685
30.73330037586359	-0.005884929403587712
30.76087635615814	-0.00589915005702329
30.78845233645269	-0.005913383745045369
30.81602831674724	-0.005927630452899625
30.84360429704179	-0.005941890164279282
30.87118027733634	-0.005956163446437396
30.89875625763089	-0.005970449058279198
30.92633223792544	-0.00598474756551111
30.95390821821999	-0.005999058950739744
30.98148419851454	-0.006013383197578945
31.00906017880909	-0.006027720290645311
31.03663615910364	-0.00604207021555507
31.06421213939819	-0.00605643295892157
31.09178811969274	-0.00607080850835306
31.11936409998729	-0.006085196852450677
31.14694008028184	-0.006099597682008306
31.17451606057639	-0.006114011611917923
31.20209204087094	-0.006128438333484905
31.22966802116549	-0.006142877836656732
31.25724400146004	-0.006157330111083098
31.28481998175459	-0.006171795146116342
31.31239596204914	-0.006186272930811893
31.33997194234369	-0.006200763453928731
31.36754792263824	-0.006215266703929852
31.39512390293279	-0.006229782668982746
31.42269988322734	-0.006244311478685654
31.45027586352189	-0.006258852823575609
31.47785184381644	-0.006273406835073566
31.50542782411099	-0.00628797350097636
31.53300380440554	-0.006302552809692336
31.56057978470009	-0.006317144750000345
31.58815576499464	-0.006331749311004713
31.61573174528919	-0.006346366482122102
31.64330772558374	-0.006360996253076516
31.67088370587829	-0.006375638613896811
31.69845968617284	-0.006390293554915303
31.72603566646739	-0.00640496106676675
31.75361164676194	-0.006419641140387569
31.78118762705649	-0.006434333767015171
31.80876360735104	-0.006449038938187313
31.83633958764559	-0.006463756645741537
31.86391556794014	-0.006478486881814586
31.89149154823469	-0.006493229638841863
31.91906752852924	-0.006507984909556882
31.94664350882379	-0.006522752686990731
31.97421948911834	-0.006537532964471537
32.00179546941289	-0.006552325735623943
32.02937144970744	-0.00656713099436858
32.05694743000199	-0.006581948734921534
32.08452341029654	-0.006596778951793838
32.11209939059109	-0.006611621639790934
32.13967537088564	-0.006626476794012174
32.16725135118019	-0.00664134440985028
32.19482733147474	-0.006656224482990857
32.22240331176929	-0.006671117009411842
