0
1000	105.6583745	100000000000000.1
5	0	0	1
5	0	0	0
4.673998997513734	-0
4.701574977808284	-0
4.729150958102834	-0
4.756726938397384	-0
4.784302918691934	-0
4.811878898986484	-0
4.839454879281035	-0
4.867030859575585	-0
4.894606839870135	-0
4.922182820164685	-0
4.949758800459235	-0
4.977334780753785	-0
5.004910761048335	-0
5.032486741342885	-0
5.060062721637435	-0
5.087638701931986	-0
5.115214682226536	-0
5.142790662521086	-0
5.170366642815636	-0
5.197942623110186	-0
5.225518603404736	-0
5.253094583699286	-0
5.280670563993836	-0
5.308246544288386	-0
5.335822524582936	-0
5.363398504877487	-0
5.390974485172037	-0
5.418550465466587	-0
5.446126445761137	-0
5.473702426055687	-0
5.501278406350237	-0
5.528854386644787	-0
5.556430366939337	-0
5.584006347233887	-0
5.611582327528438	-0
5.639158307822988	-0
5.666734288117538	-0
5.694310268412088	-0
5.721886248706638	-0
5.749462229001188	-0
5.777038209295738	4.722904460944048e-13
5.804614189590288	1.430269467825906e-12
5.832190169884838	2.145305626809168e-12
5.859766150179389	2.856455449493895e-12
5.887342130473939	3.203546166144674e-12
5.914918110768489	3.244547849908956e-12
5.942494091063039	3.248233819862952e-12
5.970070071357589	3.245379100986879e-12
5.997646051652139	3.248736339924201e-12
6.025222031946689	3.240029267396293e-12
6.052798012241239	1.005565888871129e-09
6.080373992535789	2.863621812385436e-09
6.107949972830339	4.770932035295753e-09
6.13552595312489	5.817807261254366e-09
6.16310193341944	6.534477615807837e-09
6.19067791371399	6.319242136677625e-09
6.21825389400854	6.287692144540061e-09
6.24582987430309	6.596150965218416e-09
6.27340585459764	6.742699146573138e-09
6.30098183489219	6.797955166409705e-09
6.32855781518674	1.553046718072681e-08
6.35613379548129	3.264655637798872e-08
6.383709775775841	4.716852305762636e-08
6.411285756070391	5.905822102715099e-08
6.438861736364941	6.578734223682175e-08
6.466437716659491	6.668106636077734e-08
6.494013696954041	7.162861879802475e-08
6.521589677248591	7.963341349349247e-08
6.549165657543141	9.52758752263562e-08
6.576741637837691	1.204564189866267e-07
6.604317618132241	1.513633164928868e-07
6.631893598426791	1.932572067995211e-07
6.659469578721342	2.49212789025073e-07
6.687045559015892	3.393352979589003e-07
6.714621539310442	4.587628762945887e-07
6.742197519604992	6.278094907908054e-07
6.769773499899542	8.802621954878636e-07
6.797349480194092	1.270265930791296e-06
6.824925460488642	1.806980713014174e-06
6.852501440783192	2.519963890085272e-06
6.880077421077742	3.454996995710549e-06
6.907653401372293	4.61542543105134e-06
6.935229381666843	6.068414345883119e-06
6.962805361961393	7.816468476159327e-06
6.990381342255943	9.906929475214306e-06
7.017957322550493	1.239839582503496e-05
7.045533302845043	1.53330197962255e-05
7.073109283139593	1.86882867070547e-05
7.100685263434143	2.257817497263076e-05
7.128261243728693	2.704397808475592e-05
7.155837224023244	3.208582304810118e-05
7.183413204317794	3.788823168279184e-05
7.210989184612344	4.433161805053598e-05
7.238565164906894	5.158438566425901e-05
7.266141145201444	5.958188502159776e-05
7.293717125495994	6.833786392164232e-05
7.321293105790544	7.792360337381504e-05
7.348869086085094	8.849055205620014e-05
7.376445066379644	0.0001000305264058174
7.404021046674194	0.0001124976117038508
7.431597026968745	0.0001259417972466477
7.459173007263295	0.0001494834159506264
7.486748987557845	0.0001713465168203807
7.514324967852395	0.0001943096073423208
7.541900948146945	0.0002087307098433351
7.569476928441495	0.0002316953855663772
7.597052908736045	0.0002534343264252457
7.624628889030595	0.0002795384271302346
7.652204869325145	0.0002971051729629417
7.679780849619696	0.0003268311570575445
7.707356829914246	0.0003552919819702167
7.734932810208796	0.0003789738809158142
7.762508790503346	0.0004139345499824111
7.790084770797896	0.0004521104853458368
7.817660751092446	0.0004820668658330629
7.845236731386996	0.0005211727193507252
7.872812711681546	0.0005788147116693341
7.900388691976096	0.0006691157333214197
7.927964672270646	0.0007889008682303308
7.955540652565197	0.0009438838400488253
7.983116632859747	0.001150209053294212
8.010692613154298	0.00140133110407651
8.038268593448848	0.001728741072766655
8.065844573743398	0.002120690854507798
8.093420554037948	0.002608183555741701
8.120996534332498	0.003180438751889067
8.148572514627048	0.003878931664945562
8.176148494921598	0.004684213712763548
8.203724475216148	0.005631717812875224
8.231300455510699	0.006716604658432867
8.258876435805249	0.007966183927851448
8.286452416099799	0.009445958028523327
8.314028396394349	0.01108492276372692
8.341604376688899	0.0128825126368935
8.369180356983449	0.01493869036988899
8.396756337277999	0.01715901108701799
8.424332317572549	0.01966142061348259
8.451908297867099	0.02234817446079208
8.47948427816165	0.02531303867613491
8.5070602584562	0.02855126835325823
8.53463623875075	0.03199015183409903
8.5622122190453	0.03577694370186472
8.58978819933985	0.03978385132604215
8.6173641796344	0.04414860245668994
8.64494015992895	0.04875677515872288
8.6725161402235	0.05376765713347925
8.70009212051805	0.05902919727162847
8.7276681008126	0.06471762491200456
8.755244081107151	0.07068194795094017
8.782820061401701	0.07708452805695526
8.810396041696251	0.08380766862702378
8.837972021990801	0.09092738561704077
8.865548002285351	0.09850510594367097
8.893123982579901	0.1064277060363468
8.920699962874451	0.1148606577183921
8.948275943169001	0.1236698251475224
8.975851923463551	0.1329481631210294
9.003427903758102	0.1427056557819115
9.031003884052652	0.1529917954875939
9.058579864347202	0.1636981151684959
9.086155844641752	0.1749590809766877
9.113731824936302	0.1867495790956582
9.141307805230852	0.1990622756141457
9.168883785525402	0.211938020889229
9.196459765819952	0.2253937658843784
9.224035746114502	0.2394291998545682
9.251611726409052	0.2541346505764004
9.279187706703603	0.2694299118219793
9.306763686998153	0.2854097676477199
9.334339667292703	0.3019973027032883
9.361915647587253	0.3192655765836837
9.389491627881803	0.3372919181073098
9.417067608176353	0.3559873617812369
9.444643588470903	0.375429367835237
9.472219568765453	0.3957325101717301
9.499795549060003	0.4167444204488223
9.527371529354554	0.4385756149877432
9.554947509649104	0.4613122312994651
9.582523489943654	0.4848616127514613
9.610099470238204	0.5092703521219984
9.637675450532754	0.5346482488038117
9.665251430827304	0.5609154158397938
9.692827411121854	0.5881813605184951
9.720403391416404	0.6165025618366445
9.747979371710954	0.64577411156517
9.775555352005505	0.6761155280382729
9.803131332300055	0.7076427764333385
9.830707312594605	0.7401972020969451
9.858283292889155	0.7739253718419222
9.885859273183705	0.8088379814113597
9.913435253478255	0.8450458044550775
9.941011233772805	0.8824518787944637
9.968587214067355	0.9211716031222101
9.996163194361905	0.9613455247533342
10.02373917465646	1.002808290629456
10.05131515495101	1.0457379892423
10.07889113524556	1.090127605570598
10.10646711554011	1.136127243640142
10.13404309583466	1.183624609631698
10.16161907612921	1.232759121667245
10.18919505642376	1.283603131885013
10.21677103671831	1.336132614345085
10.24434701701286	1.390472486313472
10.27192299730741	1.446659125670535
10.29949897760196	1.504783866856535
10.32707495789651	1.564859051977287
10.35465093819106	1.626973728801692
10.38222691848561	1.691171717447473
10.40980289878016	1.757520914419633
10.43737887907471	1.826222982967515
10.46495485936926	1.897203339892471
10.49253083966381	1.970548681140708
10.52010681995836	2.046379904875383
10.54768280025291	2.124840528104506
10.57525878054746	2.205884817716845
10.60283476084201	2.289701576732301
10.63041074113656	2.376372329558595
10.65798672143111	2.466065693430332
10.68556270172566	2.558706456994816
10.71313868202021	2.654514669598578
10.74071466231476	2.753590401697606
10.76829064260931	2.856081922537219
10.79586662290386	2.9621779837014
10.82344260319841	3.071778434566062
10.85101858349296	3.1851674848596
10.87859456378751	3.302447705974676
10.90617054408206	3.423859805337367
10.93374652437661	3.549391555712885
10.96132250467116	3.67932001476293
10.98889848496571	3.81369138111754
11.01647446526026	3.95278521983465
11.04405044555481	4.096823160638613
11.07162642584936	4.245818403029384
11.09920240614391	4.400039652906215
11.12677838643846	4.559637562519031
11.15435436673301	4.724928181227208
11.18193034702756	4.896051348876046
11.20950632732211	5.073359846523097
11.23708230761666	5.25688324538119
11.26465828791121	5.446916940218842
11.29223426820576	5.643776656522826
11.31981024850031	5.847695634362448
11.34738622879486	6.059063630987876
11.37496220908941	6.277995345414838
11.40253818938396	6.504837200782681
11.43011416967851	6.739926898224851
11.45769014997306	6.983577735544345
11.48526613026761	7.236143265684698
11.51284211056216	7.498067329791656
11.54041809085671	7.769533247665796
11.56799407115126	8.051015051051861
11.59557005144581	8.342881020690257
11.62314603174036	8.645558929103634
11.65072201203491	8.959517445110926
11.67829799232946	9.28530273393573
11.70587397262401	9.623132436668222
11.73344995291856	9.973670616572388
11.76102593321311	10.33740917810751
11.78860191350766	10.71486159119994
11.81617789380221	11.10658578401419
11.84375387409676	11.51323338020504
11.87132985439131	11.93524206670475
11.89890583468586	12.37335745645549
11.92648181498041	12.82825263742395
11.95405779527496	13.30055937156046
11.98163377556951	13.79100247477659
12.00920975586406	14.30032380028216
12.03678573615861	14.82932772972542
12.06436171645316	15.37873068134449
12.09193769674771	15.94941610926008
12.11951367704226	16.54226405172027
12.14708965733681	17.15818193927762
12.17466563763136	17.79809753947793
12.20224161792591	18.46295386316136
12.22981759822046	19.15396441312929
12.25739357851501	19.87199367569179
12.28496955880956	20.61818259390646
12.31254553910411	21.39371241921171
12.34012151939866	22.19981081655482
12.36769749969321	23.03770460496374
12.39527347998776	23.908705858833
12.42284946028231	24.81425841436634
12.45042544057686	25.75560968747799
12.47800142087141	26.73431937731673
12.50557740116597	27.75191018632905
12.53315338146052	28.80995280113443
12.56072936175507	29.91011280294094
12.58830534204962	31.05413192841459
12.61588132234417	32.24394855471041
12.64345730263872	33.4811619693926
12.67103328293327	34.76780574442012
12.69860926322782	36.10593576966291
12.72618524352237	37.49765870202141
12.75376122381692	38.94511544975787
12.78133720411147	40.450635043545
12.80891318440602	42.01653900435829
12.83648916470057	43.6453121690589
12.86406514499512	45.33962333011493
12.89164112528967	47.10188696514325
12.91921710558422	48.93497361919284
12.94679308587877	50.84179758258751
12.97436906617332	52.82532071245034
13.00194504646787	54.88865336409258
13.02952102676242	57.03503099719291
13.05709700705697	59.26781254926887
13.08467298735152	61.59054060400272
13.11224896764607	64.00679993839975
13.13982494794062	66.52031178869017
13.16740092823517	69.13501621724235
13.19497690852972	71.85501090011924
13.22255288882427	74.6845652729309
13.25012886911882	77.62800402130792
13.27770484941337	80.68996972465042
13.30528082970792	83.87517545157026
13.33285681000247	87.18869486293181
13.36043279029702	90.63540305515083
13.38800877059157	94.22074250228935
13.41558475088612	97.95027238210703
13.44316073118067	101.8297412492089
13.47073671147522	105.8650522608326
13.49831269176977	110.0625031444734
13.52588867206432	114.4284920644564
13.55346465235887	118.9697391206914
13.58104063265342	123.6931446649668
13.60861661294797	128.6060654980537
13.63619259324252	133.7155398826407
13.66376857353707	139.0301522038883
13.69134455383162	144.5572770788246
13.71892053412617	150.3055435261101
13.74649651442072	156.2836358814959
13.77407249471527	162.5006668358695
13.80164847500982	168.966012796003
13.82922445530437	175.689339954146
13.85680043559892	182.6808302475415
13.88437641589347	189.9510535551339
13.91195239618802	197.5107356995553
13.93952837648257	205.371273859804
13.96710435677712	213.5443971461074
13.99468033707167	222.0423102388581
14.02225631736622	230.8776390939169
14.04983229766077	240.0635684331364
14.07740827795532	249.6136435860425
14.10498425824987	259.5420194634352
14.13256023854442	269.863374755456
14.16013621883897	280.5928851051609
14.18771219913352	291.7465284394031
14.21528817942807	303.3403215953578
14.24286415972262	315.3914110267324
14.27044014001717	327.91745083085
14.29801612031172	340.9366421384833
14.32559210060627	354.4680487238437
14.35316808090082	368.5312927943347
14.38074406119537	383.1467736851103
14.40832004148992	398.3356306246069
14.43589602178447	414.1198387795528
14.46347200207902	430.5221377070891
14.49104798237357	447.5661218638518
14.51862396266812	465.2763940958449
14.54619994296267	483.6780547835268
14.57377592325722	502.7975798150749
14.60135190355177	522.6622279201615
14.62892788384632	543.3003118752878
14.65650386414087	564.7411360857725
14.68407984443542	587.0151025973839
14.71165582472997	610.1537717581393
14.73923180502452	634.1898430319228
14.76680778531907	659.1571684908101
14.79438376561362	685.09085706394
14.82195974590817	712.0273609786345
14.84953572620272	740.0044886102881
14.87711170649727	769.0611882235189
14.90468768679182	799.2381072597092
14.93226366708637	830.577189058783
14.95983964738092	863.1220687847145
14.98741562767547	896.9178570107043
15.01499160797002	932.011359732618
15.04256758826457	968.4510217902059
15.07014356855912	1006.287113042364
15.09771954885368	1045.571644482476
15.12529552914823	1086.358553649272
15.15287150944278	1128.703772225825
15.18044748973733	1172.665213257575
15.20802347003188	1218.30287020003
15.23559945032643	1265.679058365711
15.26317543062098	1314.85779839502
15.29075141091553	1365.906101075039
15.31832739121008	1418.893015742153
15.34590337150463	1473.890172782622
15.37347935179918	1530.971741855843
15.40105533209373	1590.214591861761
15.42863131238828	1651.69830963125
15.45620729268283	1715.50535540329
15.48378327297738	1781.721107646184
15.51135925327193	1850.433999535503
15.53893523356648	1921.735655462283
15.56651121386103	1995.721037489368
15.59408719415558	2072.488324173683
15.62166317445013	2152.139488842111
15.64923915474468	2234.779503291824
15.67681513503923	2320.517776294492
15.70439111533378	2409.467320415241
15.73196709562833	2501.745159234421
15.75954307592288	2597.472616579128
15.78711905621743	2696.774888836231
15.81469503651198	2799.782085930766
15.84227101680653	2906.628693552315
15.86984699710108	3017.454023496237
15.89742297739563	3132.402293841504
15.92499895769018	3251.62295090269
15.95257493798473	3375.270307653031
15.98015091827928	3503.50450904372
16.00772689857383	3636.491225575495
16.03530287886838	3774.401914067433
16.06287885916293	3917.414393334322
16.09045483945748	4065.712090715433
16.11803081975203	4219.485462383319
16.14560680004658	4378.931269702668
16.17318278034113	4544.253391266975
16.20075876063568	4715.662830238761
16.22833474093023	4893.377921385582
16.25591072122478	5077.624687664041
16.28348670151933	5268.636994625563
16.31106268181388	5466.656931832742
16.33863866210843	5671.935064394559
16.36621464240298	5884.730649622424
16.39379062269753	6105.312011498536
16.42136660299208	6333.956872233683
16.44894258328663	6570.952481422645
16.47651856358118	6816.596253884645
16.50409454387573	7071.195905123986
16.53167052417028	7335.069993002574
16.55924650446483	7608.547577362374
16.58682248475938	7891.96969509435
16.61439846505393	8185.68910399063
16.64197444534848	8490.070722749881
16.66955042564303	8805.492107088481
16.69712640593758	9132.343924340914
16.72470238623213	9471.030285361609
16.75227836652668	9821.969382635254
16.77985434682123	10185.59368763302
16.80743032711578	10562.35075648405
16.83500630741033	10952.70353799727
16.86258228770488	11357.13093309577
16.89015826799943	11776.12839605983
16.91773424829398	12210.20832850682
16.94531022858853	12659.9008559515
16.97288620888308	13125.75438089747
17.00046218917763	13608.33603145787
17.02803816947218	14108.23269936948
17.05561414976673	14626.0508087294
17.08319013006128	15162.41816120626
17.11076611035583	15717.98395200549
17.13834209065038	16293.4195397833
17.16591807094493	16889.41928909243
17.19349405123948	17506.70149461344
17.22107003153403	18146.0087495302
17.24864601182858	18808.10919825472
17.27622199212313	19493.79717570543
17.30379797241768	20203.89411335449
17.33137395271223	20939.24962132168
17.35894993300678	21700.74211241486
17.38652591330133	22489.28000621342
17.41410189359588	23305.80262646472
17.44167787389043	24151.2814203606
17.46925385418498	25026.72059021573
17.49682983447953	25933.1588542307
17.52440581477408	26871.67016190414
17.55198179506863	27843.36420493485
17.57955777536318	28849.38984510293
17.60713375565773	29890.933588419
17.63470973595228	30969.22287847181
17.66228571624683	32085.52559605772
17.68986169654139	33241.15511946401
17.71743767683594	34437.46602591839
17.74501365713049	35675.86151377002
17.77258963742504	36957.79084684526
17.80016561771959	38284.75262323428
17.82774159801414	39658.29500756689
17.85531757830869	41080.02098576771
17.88289355860324	42551.58424516632
17.91046953889779	44074.69718774465
17.93804551919234	45651.12935958269
17.96562149948689	47282.70853209815
17.99319747978144	48971.32407454606
18.02077346007599	50718.93129863298
18.04834944037054	52527.54859629724
18.07592542066509	54399.26408420799
18.10350140095964	56336.23509672576
18.13107738125419	58340.69170367733
18.15865336154874	60414.9382543658
18.18622934184329	62561.35815691552
18.21380532213784	64782.41237942061
18.24138130243239	67080.6463156745
18.26895728272694	69458.68942010347
18.29653326302149	71919.26024295371
18.32410924331604	74465.16720388665
18.35168522361059	77099.31412189931
18.37926120390514	79824.70067229039
18.40683718419969	82644.42620138435
18.43441316449424	85561.69584699522
18.46198914478879	88579.82033427904
18.48956512508334	91702.22093179087
18.51714110537789	94932.43272146552
18.54471708567244	98274.11029208967
18.57229306596699	101731.0271975727
18.59986904626154	105307.085917573
18.62744502655609	109006.3162397931
18.65502100685064	112832.8838995302
18.68259698714519	116791.0928089229
18.71017296743974	120885.3878424654
18.73774894773429	125120.3653179552
18.76532492802884	129500.7715340686
18.79290090832339	134031.5115876405
18.82047688861794	138717.6525033232
18.84805286891249	143564.4314003223
18.87562884920704	148577.2579318907
18.90320482950159	153761.7172432065
18.93078080979614	159123.5864070614
18.95835679009069	164668.8296808287
18.98593277038524	170403.6096223441
19.01350875067979	176334.2922695055
19.04108473097434	182467.4555695619
19.06866071126889	188809.8941101504
19.09623669156344	195368.6262406175
19.12381267185799	202150.9026712149
19.15138865215254	209164.2117784596
19.17896463244709	216416.2963046045
19.20654061274164	223915.1453763214
19.23411659303619	231669.0161896195
19.26169257333074	239686.4382156294
19.28926855362529	247976.2199271467
19.31684453391984	256547.4619193495
19.34442051421439	265409.5629001753
19.37199649450894	274572.2305437138
19.39957247480349	284045.4965331046
19.42714845509804	293839.7164136054
19.45472443539259	303965.5806736554
19.48230041568714	314434.1641889151
19.50987639598169	325256.8591917736
19.53745237627624	336445.454184323
19.56502835657079	348012.1267099878
19.59260433686534	359969.4497789852
19.62018031715989	372330.4124242329
19.64775629745444	385108.4254068779
19.67533227774899	398317.3385815358
19.70290825804354	411971.4575870937
19.73048423833809	426085.5568361204
19.75806021863264	440674.8909060814
19.78563619892719	455755.2150037625
19.81321217922174	471342.8110655362
19.84078815951629	487454.4721729516
19.86836413981084	504107.5524841913
19.89594012010539	521319.9725413097
19.92351610039994	539110.2367823427
19.95109208069449	557497.452083829
19.97866806098904	576501.353194121
20.00624404128359	596142.3142280894
20.03382002157814	616441.3767266581
20.06139600187269	637420.2647991937
20.08897198216724	659101.4152533051
20.11654796246179	681507.9887781384
20.14412394275634	704663.9050182955
20.17169992305089	728593.8629704905
20.19927590334544	753323.3608652329
20.22685188363999	778878.7289195056
20.25442786393454	805287.1613013126
20.2820038442291	832576.7188184038
20.30957982452365	860776.385623488
20.3371558048182	889916.0860124944
20.36473178511275	920026.7121252762
20.3923077654073	951140.1577587759
20.41988374570185	983289.3664364843
20.4474597259964	1016508.330114799
20.47503570629095	1050832.152534549
20.5026116865855	1086297.069700136
20.53018766688005	1122940.505043434
20.5577636471746	1160801.077521891
20.58533962746915	1199918.666164825
20.6129156077637	1240334.44713292
20.64049158805825	1282090.885746988
20.6680675683528	1325231.895878285
20.69564354864735	1369802.75007995
20.7232195289419	1415850.19729693
20.75079550923645	1463422.540884728
20.778371489531	1512569.566191985
20.80594746982555	1563342.717024165
20.8335234501201	1615795.060661005
20.86109943041465	1669981.486309688
20.8886754107092	1725958.499215049
20.91625139100375	1783784.51574818
20.9438273712983	1843519.820574364
20.97140335159285	1905226.639553393
20.9989793318874	1968969.194201636
21.02655531218195	2034813.788752443
21.0541312924765	2102828.848037845
21.08170727277105	2173085.014337067
21.1092832530656	2245655.190698557
21.13685923336015	2320614.628230793
21.1644352136547	2398041.004061405
21.19201119394925	2478014.47103682
21.2195871742438	2560617.778823437
21.24716315453835	2645936.310990822
21.2747391348329	2734058.252893955
21.30231511512745	2825074.535735546
21.329891095422	2919079.084221755
21.35746707571655	3016168.762109117
21.3850430560111	3116443.60341513
21.41261903630565	3220006.814133132
21.4401950166002	3326964.926335781
21.46777099689475	3437427.867155963
21.4953469771893	3551509.116632597
21.52292295748385	3669325.768544458
21.5504989377784	3790998.632086673
21.57807491807295	3916652.447767604
21.6056508983675	4046415.922018636
21.63322687866205	4180421.83125251
21.6608028589566	4318807.256060313
21.68837883925115	4461713.63754632
21.7159548195457	4609286.944712788
21.74353079984025	4761677.820131064
21.7711067801348	4919041.657239592
21.79868276042935	5081538.892175572
21.8262587407239	5249334.907000816
21.85383472101845	5422600.898504601
21.881410701313	5601512.716483469
21.90898668160755	5786252.348178505
21.9365626619021	5977007.497387039
21.96413864219665	6173971.824658781
21.9917146224912	6377345.117797359
22.01929060278575	6587333.607295075
22.0468665830803	6804150.048734955
22.07444256337485	7028013.934141234
22.1020185436694	7259151.841654422
22.12959452396395	7497797.485119699
22.1571705042585	7744192.041801463
22.18474648455305	7998584.348891604
22.2123224648476	8261231.154134597
22.23989844514215	8532397.385546125
22.2674744254367	8812356.505329821
22.29505040573125	9101390.257709501
22.3226263860258	9399789.88657495
22.35020236632035	9707855.53247642
22.3777783466149	10025896.97538431
22.40535432690945	10354233.80255056
22.432930307204	10693195.68561994
22.46050628749855	11043122.98416687
22.4880822677931	11404366.59434702
22.51565824808765	11777288.77089455
22.5432342283822	12162262.98391299
22.57081020867675	12559674.71701977
22.5983861889713	12969921.69214063
22.62596216926585	13393414.07990967
22.6535381495604	13830575.16841894
22.68111412985495	14281841.68525579
22.7086901101495	14747664.12379617
22.73626609044405	15228507.17102996
22.7638420707386	15724850.27882933
22.79141805103315	16237188.08108262
22.8189940313277	16766030.88049784
22.84657001162225	17311904.99709253
22.87414599191681	17875353.39226327
22.90172197221136	18456936.50632092
22.92929795250591	19057232.11484033
22.95687393280046	19676836.3646859
22.98444991309501	20316364.27237467
23.01202589338956	20976450.20427908
23.03960187368411	21657748.62187228
23.06717785397866	22360934.56286524
23.09475383427321	23086704.4178735
23.12232981456776	23835776.45015063
23.14990579486231	24608891.86769384
23.17748177515686	25406814.92981636
23.20505775545141	26230334.03246539
23.23263373574596	27080262.62279152
23.26020971604051	27957439.39213256
23.28778569633506	28862729.99617372
23.31536167662961	29797026.88956991
23.34293765692416	30761250.7607285
23.37051363721871	31756351.27876713
23.39808961751326	32783308.1699115
23.42566559780781	33843131.78128903
23.45324157810236	34936864.2300904
23.48081755839691	36065580.60726374
23.50839353869146	37230389.49969092
23.53596951898601	38432434.81866235
23.56354549928056	39672895.88539384
23.59112147957511	40952989.36661953
23.61869745986966	42273970.03496438
23.64627344016421	43637132.38082843
23.67384942045876	45043811.17586859
23.70142540075331	46495383.22532873
23.72900138104786	47993268.55379359
23.75657736134241	49538931.78722833
23.78415334163696	51133883.57008594
23.81172932193151	52779681.47354305
23.83930530222606	54477932.6200954
23.86688128252061	56230293.95030827
23.89445726281516	58038474.78415245
23.92203324310971	59904237.64110639
23.94960922340426	61829400.42921714
23.97718520369881	63815837.89301408
24.00476118399336	65865483.85557038
24.03233716428791	67980332.23802748
24.05991314458246	70162439.56889175
24.08748912487701	72413926.72740731
24.11506510517156	74736980.90460092
24.14264108546611	77133857.96712816
24.17021706576066	79606884.12576397
24.19779304605521	82158458.33177297
24.22536902634976	84791054.62186712
24.25294500664431	87507224.4402025
24.28052098693886	90309598.74227802
24.30809696723341	93200891.21108156
24.33567294752796	96183899.51723395
24.36324892782251	99261509.24203336
24.39082490811706	102436696.081938
24.41840088841161	105712528.6934411
24.44597686870616	109092171.2685029
24.47355284900071	112578886.8620257
24.50112882929526	116176040.322352
24.52870480958981	119887101.77053
24.55628078988436	123715649.0638349
24.58385677017891	127665371.8906922
24.61143275047346	131740075.039265
24.63900873076801	135943681.7590031
24.66658471106256	140280237.8726849
24.69416069135711	144753915.1576486
24.72173667165166	149369015.1031526
24.74931265194621	154129973.3244845
24.77688863224076	159041363.87002
24.80446461253531	164107902.8757536
24.83204059282986	169334453.2902981
24.85961657312441	174726029.2945425
24.88719255341896	180287801.5606103
24.91476853371351	186025101.4413212
24.94234451400806	191943426.708788
24.96992049430261	198048444.3099287
24.99749647459716	204345999.1131399
25.02507245489171	210842117.2138367
25.05264843518626	217543012.2427987
25.08022441548081	224455090.4123535
25.10780039577536	231584957.6925015
25.13537637606991	238939432.9079461
25.16295235636446	246525511.338322
25.19052833665901	254350463.3723719
25.21810431695356	262421742.0706425
25.24568029724811	270747045.7186385
25.27325627754266	279334310.2703158
25.30083225783721	288191717.7906525
25.32840823813176	297327704.3925371
25.35598421842631	306750967.9048235
25.38356019872086	316470476.4219135
25.41113617901541	326495472.5433925
25.43871215930996	336835493.4820535
25.46628813960452	347500363.8993868
25.49386411989907	358500217.1475698
25.52144010019362	369845499.144461
25.54901608048817	381546980.0514434
25.57659206078272	393615763.8500197
25.60416804107727	406063297.9498047
25.63174402137182	418901384.8947492
25.65932000166637	432142038.0737996
25.68689598196092	445798260.0661381
25.71447196225547	459882528.2542968
25.74204794255002	474408324.222149
25.76962392284457	489389395.1601654
25.79719990313912	504839910.043799
25.82477588343367	520774478.2007794
25.85235186372822	537208159.7534927
25.87992784402277	554156479.3622144
25.90750382431732	571635448.7653334
25.93507980461187	589661556.5136503
25.96265578490642	608251829.7801023
25.99023176520097	627423793.4972479
26.01780774549552	647195528.5989819
26.04538372579007	667585671.5786712
26.07295970608462	688613433.2962835
26.10053568637917	710298619.8214732
26.12811166667372	732661647.7235234
26.15568764696827	755723564.5142721
26.18326362726282	779506065.1739577
26.21083960755737	804031510.8829461
26.23841558785192	829322973.1413561
26.26599156814647	855404205.4162066
26.29356754844102	882299711.5071137
26.32114352873557	910034742.9709613
26.34871950903012	938635342.6269636
26.37629548932467	968128343.7284914
26.40387146961922	998541410.6838688
26.43144744991377	1029903061.319871
26.45902343020832	1062242689.191712
26.48659941050287	1095590598.911155
26.51417539079742	1129978015.867985
26.54175137109197	1165437147.374385
26.56932735138652	1202001177.938912
26.59690333168107	1239704318.031217
26.62447931197562	1278581825.425318
26.65205529227017	1318670051.170431
26.67963127256472	1360006462.000046
26.70720725285927	1402629678.778629
26.73478323315382	1446579505.465012
26.76235921344837	1491896977.852019
26.78993519374292	1538624380.585758
26.81751117403747	1586805330.345169
26.84508715433202	1636484742.284766
26.87266313462657	1687708929.205152
26.90023911492112	1740525654.66809
26.92781509521567	1794984108.49369
26.95539107551022	1851135013.142339
26.98296705580477	1909030646.119322
27.01054303609932	1968724891.707854
27.03811901639387	2030273286.90339
27.06569499668842	2093733076.221509
27.09327097698297	2159163257.110634
27.12084695727752	2226624651.210685
27.14842293757207	2296179937.036105
27.17599891786662	2367893709.641594
27.20357489816117	2441832552.73094
27.23115087845572	2518065098.015092
27.25872685875027	2596662079.474857
27.28630283904482	2677696396.953636
27.31387881933937	2761243201.191359
27.34145479963392	2847379923.71693
27.36903077992847	2936186386.72069
27.39660676022302	3027744909.245291
27.42418274051757	3122140092.132781
27.45175872081212	3219459511.206591
27.47933470110667	3319793192.472861
27.50691068140122	3423233936.209174
27.53448666169577	3529877409.051256
27.56206264199032	3639822207.209238
27.58963862228487	3753169942.747186
27.61721460257942	3870025351.786926
27.64479058287397	3990496364.868001
27.67236656316852	4114694146.570128
27.69994254346307	4242733543.948828
27.72751852375762	4374732474.053881
27.75509450405217	4510812797.254744
27.78267048434672	4651099987.187361
27.81024646464127	4795723377.451325
27.83782244493582	4944816252.432997
27.86539842523037	5098515973.992146
27.89297440552492	5256964103.14917
27.92055038581947	5420306531.400175
27.94812636611402	5588693654.540368
27.97570234640857	5762280140.554563
28.00327832670312	5941226091.35456
28.03085430699767	6125695874.704213
28.05843028729223	6315859084.488016
28.08600626758678	6511890492.570753
28.11358224788133	6713970205.767235
28.14115822817588	6922283834.411756
28.16873420847043	7137022654.33023
28.19631018876498	7358383782.558711
28.22388616905953	7586570416.328126
28.25146214935408	7821791685.775098
28.27903812964863	8064263659.873817
28.30661410994318	8314208250.0686
28.33419009023773	8571854734.969546
28.36176607053228	8837439264.008562
28.38934205082683	9111204988.806526
28.41691803112138	9393402666.845062
28.44449401141593	9684290635.860092
28.47206999171048	9984135124.166739
28.49964597200503	10293210474.00076
28.52722195229958	10611799260.87047
28.55479793259413	10940192941.7619
28.58237391288868	11278692015.52701
28.60994989318323	11627605453.25772
28.63752587347778	11987251999.89272
28.66510185377233	12357960326.51721
28.69267783406688	12740068889.23437
28.72025381436143	13133926488.15539
28.74782979465598	13539892534.80302
28.77540577495053	13958337424.8504
28.80298175524508	14389642939.81784
28.83055773553963	14834201986.81722
28.85813371583418	15292420255.7498
28.88570969612873	15764714774.34336
28.91328567642328	16251516397.41674
28.94086165671783	16753268071.6304
28.96843763701238	17270426917.80003
28.99601361730693	17803463600.55956
29.02358959760148	18352863233.30136
29.05116557789603	18919125630.91204
29.07874155819058	19502765581.89246
29.10631753848513	20104314398.55148
29.13389351877968	20724318369.85254
29.16146949907423	21363341437.42346
29.18904547936878	22021963577.92049
29.21662145966333	22700783593.26446
29.24419743995788	23400417832.72017
29.27177342025243	24121501003.07559
29.29934940054698	24864687846.86331
29.32692538084153	25630652596.83871
29.35450136113608	26420090077.06487
29.38207734143063	27233716633.63371
29.40965332172518	28072268710.94719
29.43722930201973	28936507320.94049
29.46480528231428	29827214947.74293
29.49238126260883	30745198987.6665
29.51995724290338	31691290253.62735
29.54753322319793	32666346074.75604
29.57510920349248	33671248441.02296
29.60268518378703	34706907899.96056
29.63026116408158	35774257972.76849
29.65783714437613	36874267607.35014
29.68541312467068	38007930934.68858
29.71298910496523	39176271475.10906
29.74056508525978	40380346143.94524
29.76814106555433	41621242565.09982
29.79571704584888	42900081439.67449
29.82329302614343	44218018062.54549
29.85086900643798	45576241922.90007
29.87844498673253	46975979093.07247
29.90602096702708	48418492993.03623
29.93359694732163	49905083365.1761
29.96117292761618	51437093683.96593
29.98874890791073	53015904776.23447
30.01632488820528	54642938783.30857
30.04390086849983	56319662348.14778
30.07147684879438	58047586918.44203
30.09905282908893	59828268552.31413
30.12662880938348	61663310873.43712
30.15420478967803	63554366517.52852
30.18178076997258	65503137294.90018
30.20935675026713	67511378084.66056
30.23693273056168	69580893895.78827
30.26450871085623	71713545481.59319
30.29208469115078	73911252977.16016
30.31966067144533	76175992052.05232
30.34723665173988	78509797039.59851
30.37481263203443	80914765484.20647
30.40238861232898	83393058301.35095
30.42996459262353	85946901201.15399
30.45754057291808	88578587595.47261
30.48511655321263	91290480036.8681
30.51269253350718	94085012718.24522
30.54026851380173	96964691987.44276
30.56784449409628	99932101953.59723
30.59542047439083	102989902910.8799
30.62299645468539	106140838994.2295
30.65057243497994	109387734395.492
30.67814841527449	112733498387.9132
30.70572439556904	116181129002.5611
30.73330037586359	119733715386.1304
30.76087635615814	123394435017.3995
30.78845233645269	127166574978.2364
30.81602831674724	131053506786.909
30.84360429704179	135058711498.5215
30.87118027733634	139185770672.929
30.89875625763089	143438376532.7987
30.92633223792544	147820333406.3392
30.95390821821999	152335560767.5612
30.98148419851454	156988094137.6639
31.00906017880909	161782092457.8833
31.03663615910364	166721843635.6531
31.06421213939819	171811750489.3044
31.09178811969274	177056362083.9316
31.11936409998729	182460367696.2701
31.14694008028184	188028587801.7554
31.17451606057639	193765992918.6576
31.20209204087094	199677704794.3978
31.22966802116549	205768992082.6358
31.25724400146004	212045303483.4455
31.28481998175459	218512206528.7269
31.31239596204914	225175490394.496
31.33997194234369	232041093709.1844
31.36754792263824	239115134468.1624
31.39512390293279	246403908148.9948
31.42269988322734	253913906771.3324
31.45027586352189	261651828585.7205
31.47785184381644	269624559401.6071
31.50542782411099	277839195475.921
31.53300380440554	286303049596.1437
31.56057978470009	295023649489.2205
31.58815576499464	304008760778.2466
31.61573174528919	313266364068.1944
31.64330772558374	322804705003.7802
31.67088370587829	332632255463.1852
31.69845968617284	342757758472.1474
31.72603566646739	353190202326.1293
31.75361164676194	363938855816.6638
31.78118762705649	375013276420.0733
31.80876360735104	386423296392.8876
31.83633958764559	398179046622.0645
31.86391556794014	410290963581.1411
31.89149154823469	422769800492.3977
31.91906752852924	435626622049.9183
31.94664350882379	448872842013.9645
31.97421948911834	462520210537.2412
32.00179546941289	476580824333.168
32.02937144970744	491067159045.2289
32.05694743000199	505992057684.3852
32.08452341029654	521368737972.0097
32.11209939059109	537210826416.1653
32.13967537088564	553532364718.8774
32.16725135118019	570347806823.7815
32.19482733147474	587672044307.4939
32.22240331176929	605520415494.1753
0
1000	105.6583745	100000000000000.1
5	0	0	1
5	0	0	0
4.673998997513734	-0
4.701574977808284	-0
4.729150958102834	-0
4.756726938397384	-0
4.784302918691934	-0
4.811878898986484	-0
4.839454879281035	-0
4.867030859575585	-0
4.894606839870135	-0
4.922182820164685	-0
4.949758800459235	-0
4.977334780753785	-0
5.004910761048335	-0
5.032486741342885	-0
5.060062721637435	-0
5.087638701931986	-0
5.115214682226536	-0
5.142790662521086	-0
5.170366642815636	-0
5.197942623110186	-0
5.225518603404736	-0
5.253094583699286	-0
5.280670563993836	-0
5.308246544288386	-0
5.335822524582936	-0
5.363398504877487	-0
5.390974485172037	-0
5.418550465466587	-0
5.446126445761137	-0
5.473702426055687	-0
5.501278406350237	-0
5.528854386644787	-0
5.556430366939337	-0
5.584006347233887	-0
5.611582327528438	-0
5.639158307822988	-0
5.666734288117538	-0
5.694310268412088	-0
5.721886248706638	-0
5.749462229001188	-0
5.777038209295738	-1.061256352752671e-13
5.804614189590288	-9.691690108333677e-14
5.832190169884838	-7.860591207626092e-14
5.859766150179389	-5.207770794836415e-14
5.887342130473939	-1.869933381268719e-14
5.914918110768489	-0
5.942494091063039	-0
5.970070071357589	-0
5.997646051652139	-0
6.025222031946689	-0
6.052798012241239	-1.671180521958508e-10
6.080373992535789	-1.522071621656928e-10
6.107949972830339	-1.231372848827607e-10
6.13552595312489	-8.138471003168722e-11
6.16310193341944	-2.915578769568722e-11
6.19067791371399	-0
6.21825389400854	-0
6.24582987430309	-0
6.27340585459764	-0
6.30098183489219	-0
6.32855781518674	-1.131687516529898e-09
6.35613379548129	-1.029479043502489e-09
6.383709775775841	-8.319435319567913e-10
6.411285756070391	-5.493020910529597e-10
6.438861736364941	-1.966064761204662e-10
6.466437716659491	-9.714995331063324e-11
6.494013696954041	-3.356655973283699e-10
6.521589677248591	-6.550482979574783e-10
6.549165657543141	-1.067612516026338e-09
6.576741637837691	-1.586909945015549e-09
6.604317618132241	-1.530859224350149e-09
6.631893598426791	-2.368438446251174e-09
6.659469578721342	-3.414319685663086e-09
6.687045559015892	-4.678164703257622e-09
6.714621539310442	-6.167064837047717e-09
6.742197519604992	-8.912565831540196e-09
6.769773499899542	-1.330403730647739e-08
6.797349480194092	-1.845980000078597e-08
6.824925460488642	-2.439299571286239e-08
6.852501440783192	-3.11103540956561e-08
6.880077421077742	-3.896535794372721e-08
6.907653401372293	-4.721395016876502e-08
6.935229381666843	-5.619965455590755e-08
6.962805361961393	-6.590760965566923e-08
6.990381342255943	-7.631857283855638e-08
7.017957322550493	-8.740788151873516e-08
7.045533302845043	-9.914841799941042e-08
7.073109283139593	-1.115069965234748e-07
7.100685263434143	-1.244467880341405e-07
7.128261243728693	-1.379266902592567e-07
7.155837224023244	-1.542104468334632e-07
7.183413204317794	-1.684202334696943e-07
7.210989184612344	-1.828283705528763e-07
7.238565164906894	-1.973985581105453e-07
7.266141145201444	-2.121002141591938e-07
7.293717125495994	-2.2690840764266e-07
7.321293105790544	-2.41803791540901e-07
7.348869086085094	-2.567725363347544e-07
7.376445066379644	-2.718062639869665e-07
7.404021046674194	-2.869019825771934e-07
7.431597026968745	-4.37332212138191e-07
7.459173007263295	-4.402391690972101e-07
7.486748987557845	-4.318875904176606e-07
7.514324967852395	-4.135338050680249e-07
7.541900948146945	-3.870059593111528e-07
7.569476928441495	-3.795000156147209e-07
7.597052908736045	-3.958556565693655e-07
7.624628889030595	-4.124309486950884e-07
7.652204869325145	-4.292315994025524e-07
7.679780849619696	-4.462632754792996e-07
7.707356829914246	-4.635377611227814e-07
7.734932810208796	-4.810419014823652e-07
7.762508790503346	-4.987956380381317e-07
7.790084770797896	-5.168070733581151e-07
7.817660751092446	-5.350847025550681e-07
7.845236731386996	-6.752816892957708e-07
7.872812711681546	-9.837143807335774e-07
7.900388691976096	-1.356288615650089e-06
7.927964672270646	-1.795141502883224e-06
7.955540652565197	-2.301961556482898e-06
7.983116632859747	-2.81285759815627e-06
8.010692613154298	-3.464716555383512e-06
8.038268593448848	-4.1924940078124e-06
8.065844573743398	-4.995589027674096e-06
8.093420554037948	-5.872700875882607e-06
8.120996534332498	-6.821831230318807e-06
8.148572514627048	-7.840286097087493e-06
8.176148494921598	-8.924677369098156e-06
8.203724475216148	-1.00709240852228e-05
8.231300455510699	-1.127425344747596e-05
8.258876435805249	-1.278739659099172e-05
8.286452416099799	-1.406456793418482e-05
8.314028396394349	-1.535860738734859e-05
8.341604376688899	-1.666426734039645e-05
8.369180356983449	-1.797670665242773e-05
8.396756337277999	-1.929148689016374e-05
8.424332317572549	-2.060456899517905e-05
8.451908297867099	-2.191231033304611e-05
8.47948427816165	-2.321146208230731e-05
8.5070602584562	-2.449916692552884e-05
8.53463623875075	-2.572345019574352e-05
8.5622122190453	-2.698568586206549e-05
8.58978819933985	-2.823440992138786e-05
8.6173641796344	-2.946787806889287e-05
8.64494015992895	-3.068451825617777e-05
8.6725161402235	-3.188293014638747e-05
8.70009212051805	-3.306188463423232e-05
8.7276681008126	-3.422032340934154e-05
8.755244081107151	-3.535735847354729e-05
8.782820061401701	-3.647227020872498e-05
8.810396041696251	-3.754015154751053e-05
8.837972021990801	-3.861153115673329e-05
8.865548002285351	-3.966171408544358e-05
8.893123982579901	-4.069044784697712e-05
8.920699962874451	-4.169754473678483e-05
8.948275943169001	-4.268288191615897e-05
8.975851923463551	-4.364640149244759e-05
9.003427903758102	-4.458811059588161e-05
9.031003884052652	-4.550808145283961e-05
9.058579864347202	-4.640645145529621e-05
9.086155844641752	-4.727275618848521e-05
9.113731824936302	-4.812955170753957e-05
9.141307805230852	-4.896645145820087e-05
9.168883785525402	-4.978376093877706e-05
9.196459765819952	-5.058180538361855e-05
9.224035746114502	-5.136092989656715e-05
9.251611726409052	-5.212149957406325e-05
9.279187706703603	-5.286389961866955e-05
9.306763686998153	-5.358853544377105e-05
9.334339667292703	-5.429583277022034e-05
9.361915647587253	-5.498206027155717e-05
9.389491627881803	-5.565641424208514e-05
9.417067608176353	-5.631518195760592e-05
9.444643588470903	-5.695883456787388e-05
9.472219568765453	-5.75878461543522e-05
9.499795549060003	-5.820269383138148e-05
9.527371529354554	-5.880385783614861e-05
9.554947509649104	-5.939182160888298e-05
9.582523489943654	-5.996707186451503e-05
9.610099470238204	-6.053009865687073e-05
9.637675450532754	-6.108031288587005e-05
9.665251430827304	-6.162049138655196e-05
9.692827411121854	-6.215002887745302e-05
9.720403391416404	-6.26694122791233e-05
9.747979371710954	-6.317911664296707e-05
9.775555352005505	-6.36795676129006e-05
9.803131332300055	-6.417048532693872e-05
9.830707312594605	-6.465642183558861e-05
9.858283292889155	-6.513198552557204e-05
9.885859273183705	-6.56007022256763e-05
9.913435253478255	-6.606234393782766e-05
9.941011233772805	-6.651824231333875e-05
9.968587214067355	-6.69683801229704e-05
9.996163194361905	-6.741323285289865e-05
10.02373917465646	-6.785327382049868e-05
10.05131515495101	-6.828897417583972e-05
10.07889113524556	-6.872080290115129e-05
10.10646711554011	-6.914922680814683e-05
10.13404309583466	-6.95747105330407e-05
10.16161907612921	-6.999771652903444e-05
10.18919505642376	-7.041874308540196e-05
10.21677103671831	-7.083816956056851e-05
10.24434701701286	-7.125648899708654e-05
10.27192299730741	-7.167415506694556e-05
10.29949897760196	-7.209161933893976e-05
10.32707495789651	-7.250933127048129e-05
10.35465093819106	-7.292773819870907e-05
10.38222691848561	-7.33472853309055e-05
10.40980289878016	-7.376841573422831e-05
10.43737887907471	-7.419157032476171e-05
10.46495485936926	-7.461711005624464e-05
10.49253083966381	-7.504563406119162e-05
10.52010681995836	-7.547749855970193e-05
10.54768280025291	-7.591313505210764e-05
10.57525878054746	-7.635297248358454e-05
10.60283476084201	-7.679743723146925e-05
10.63041074113656	-7.724695309263561e-05
10.65798672143111	-7.770194127094524e-05
10.68556270172566	-7.816282036478836e-05
10.71313868202021	-7.863000635472854e-05
10.74071466231476	-7.910378735790953e-05
10.76829064260931	-7.958483539703652e-05
10.79586662290386	-8.007343317601405e-05
10.82344260319841	-8.056998506238898e-05
10.85101858349296	-8.107489218266641e-05
10.87859456378751	-8.158855240723809e-05
10.90617054408206	-8.211136033640245e-05
10.93374652437661	-8.264370728742038e-05
10.96132250467116	-8.318598128255797e-05
10.98889848496571	-8.373856703807297e-05
11.01647446526026	-8.430163128291515e-05
11.04405044555481	-8.487599985995266e-05
11.07162642584936	-8.546183288351572e-05
11.09920240614391	-8.60595000332136e-05
11.12677838643846	-8.666936666219166e-05
11.15435436673301	-8.729179378426177e-05
11.18193034702756	-8.792713806331443e-05
11.20950632732211	-8.857575180474815e-05
11.23708230761666	-8.923798294869248e-05
11.26465828791121	-8.991417506483766e-05
11.29223426820576	-9.060459278242598e-05
11.31981024850031	-9.130972683750928e-05
11.34738622879486	-9.202983257187243e-05
11.37496220908941	-9.276523537382743e-05
11.40253818938396	-9.351625594362831e-05
11.43011416967851	-9.428321029737053e-05
11.45769014997306	-9.506640977147901e-05
11.48526613026761	-9.586616102776261e-05
11.51284211056216	-9.668276605901363e-05
11.54041809085671	-9.751652219513157e-05
11.56799407115126	-9.836755283146655e-05
11.59557005144581	-9.92364996792447e-05
11.62314603174036	-0.0001001234760205168
11.65072201203491	-0.0001010287591276202
11.67829799232946	-0.0001019526209213516
11.70587397262401	-0.0001028953279812944
11.73344995291856	-0.0001038571415565057
11.76102593321311	-0.0001048383175765469
11.78860191350766	-0.0001058391066628396
11.81617789380221	-0.0001068597541403301
11.84375387409676	-0.000107900416635882
11.87132985439131	-0.0001089615032225512
11.89890583468586	-0.0001100431595586074
11.92648181498041	-0.0001111456091724653
11.95405779527496	-0.0001122690700019846
11.98163377556951	-0.0001134137544087827
12.00920975586406	-0.0001145798691926977
12.03678573615861	-0.0001157676156063891
12.06436171645316	-0.000116977189370066
12.09193769674771	-0.0001182087806863308
12.11951367704226	-0.0001194626917777897
12.14708965733681	-0.0001207388564400829
12.17466563763136	-0.0001220375663182635
12.20224161792591	-0.0001233589906922668
12.22981759822046	-0.0001247032939139755
12.25739357851501	-0.0001260706354233653
12.28496955880956	-0.0001274611697644382
12.31254553910411	-0.0001288750466009657
12.34012151939866	-0.0001303124107320614
12.36769749969321	-0.0001317734021075998
12.39527347998776	-0.0001332582682286936
12.42284946028231	-0.0001347669054008621
12.45042544057686	-0.0001362995508513002
12.47800142087141	-0.0001378563261238551
12.50557740116597	-0.0001394373485356128
12.53315338146052	-0.0001410427311943004
12.56072936175507	-0.0001426725830145479
12.58830534204962	-0.0001443270087332918
12.61588132234417	-0.0001460061089245215
12.64345730263872	-0.0001477099800135117
12.67103328293327	-0.0001494388939220717
12.69860926322782	-0.0001511925638900599
12.72618524352237	-0.0001529712539986376
12.75376122381692	-0.0001547750456364488
12.78133720411147	-0.0001566040168567058
12.80891318440602	-0.0001584582423930661
12.83648916470057	-0.0001603377936787412
12.86406514499512	-0.0001622427388713371
12.89164112528967	-0.0001641731428883881
12.91921710558422	-0.0001661290674640956
12.94679308587877	-0.0001681107987638227
12.97436906617332	-0.0001701179301615928
13.00194504646787	-0.0001721507309154001
13.02952102676242	-0.0001742092502514608
13.05709700705697	-0.0001762935347983748
13.08467298735152	-0.0001784036285910451
13.11224896764607	-0.0001805395730740537
13.13982494794062	-0.0001827014071044976
13.16740092823517	-0.0001848891669542625
13.19497690852972	-0.0001871028863116945
13.22255288882427	-0.0001893427351511018
13.25012886911882	-0.0001916084521190237
13.27770484941337	-0.0001939002023331806
13.30528082970792	-0.0001962180102848475
13.33285681000247	-0.0001985618984845372
13.36043279029702	-0.0002009318874654537
13.38800877059157	-0.0002033279957868016
13.41558475088612	-0.0002057502400369486
13.44316073118067	-0.0002081986348364411
13.47073671147522	-0.0002106731928408703
13.49831269176977	-0.000213174036046388
13.52588867206432	-0.0002157009399008453
13.55346465235887	-0.0002182540006153844
13.58104063265342	-0.0002208332979399753
13.60861661294797	-0.0002234387572596935
13.63619259324252	-0.0002260704100454107
13.66376857353707	-0.0002287282572041391
13.69134455383162	-0.0002314122985638694
13.71892053412617	-0.0002341225325545945
13.74649651442072	-0.0002368589561675502
13.77407249471527	-0.0002396216544194678
13.80164847500982	-0.0002424104346373307
13.82922445530437	-0.0002452253790877162
13.85680043559892	-0.0002480664797861263
13.88437641589347	-0.0002509337276733722
13.91195239618802	-0.0002538271126298783
13.93952837648257	-0.000256746623481621
13.96710435677712	-0.0002596922480036894
13.99468033707167	-0.0002626639729229954
14.02225631736622	-0.0002656617839206237
14.04983229766077	-0.0002686857278091601
14.07740827795532	-0.0002717356582913752
14.10498425824987	-0.0002748116203801911
14.13256023854442	-0.0002779135961337522
14.16013621883897	-0.0002810415668422477
14.18771219913352	-0.0002841955130294482
14.21528817942807	-0.0002873754144542211
14.24286415972262	-0.0002905812501120234
14.27044014001717	-0.0002938129982363745
14.29801612031172	-0.0002970706363003058
14.32559210060627	-0.0003003542033871988
14.35316808090082	-0.0003036635447125007
14.38074406119537	-0.0003069986989104242
14.40832004148992	-0.000310359640836679
14.43589602178447	-0.0003137463449354876
14.46347200207902	-0.0003171587851837614
14.49104798237357	-0.000320596935077296
14.51862396266812	-0.0003240607676266464
14.54619994296267	-0.0003275502553559651
14.57377592325722	-0.0003310653703029293
14.60135190355177	-0.0003346061347156144
14.62892788384632	-0.000338172413730466
14.65650386414087	-0.0003417642288795029
14.68407984443542	-0.0003453815507030467
14.71165582472997	-0.0003490243494753698
14.73923180502452	-0.0003526925952050216
14.76680778531907	-0.0003563862576351531
14.79438376561362	-0.0003601053062438348
14.82195974590817	-0.0003638497102443735
14.84953572620272	-0.0003676194385856254
14.87711170649727	-0.0003714144903967481
14.90468768679182	-0.0003752347704869505
14.93226366708637	-0.0003790802776081766
14.95983964738092	-0.0003829509799207193
14.98741562767547	-0.000386846845452566
15.01499160797002	-0.000390767842099385
15.04256758826457	-0.0003947139376245131
15.07014356855912	-0.0003986850996589415
15.09771954885368	-0.0004026812957013042
15.12529552914823	-0.0004067024931178681
15.15287150944278	-0.0004107486823920655
15.18044748973733	-0.0004148197815604735
15.20802347003188	-0.0004189157818184199
15.23559945032643	-0.0004230366500680624
15.26317543062098	-0.0004271823532400008
15.29075141091553	-0.0004313528582454057
15.31832739121008	-0.0004355481319618401
15.34590337150463	-0.0004397681412279069
15.37347935179918	-0.0004440128528408302
15.40105533209373	-0.000448282233555176
15.42863131238828	-0.0004525762735221685
15.45620729268283	-0.0004568948904226742
15.48378327297738	-0.0004612380744500657
15.51135925327193	-0.0004656057923880214
15.53893523356648	-0.0004699980110748623
15.56651121386103	-0.0004744146974031173
15.59408719415558	-0.0004788558183190791
15.62166317445013	-0.0004833213408223524
15.64923915474468	-0.000487811231965392
15.67681513503923	-0.0004923254588530302
15.70439111533378	-0.0004968639932333139
15.73196709562833	-0.0005014267933389516
15.75954307592288	-0.0005060138298967892
15.78711905621743	-0.0005106250705311428
15.81469503651198	-0.0005152604827467365
15.84227101680653	-0.0005199200340816614
15.86984699710108	-0.0005246036921357653
15.89742297739563	-0.0005293114245783606
15.92499895769018	-0.000534043199150651
15.95257493798473	-0.0005387989836664182
15.98015091827928	-0.0005435787471069831
16.00772689857383	-0.0005483824551581819
16.03530287886838	-0.0005532100769292676
16.06287885916293	-0.0005580615805287636
16.09045483945748	-0.0005629369341414722
16.11803081975203	-0.0005678361060279636
16.14560680004658	-0.0005727590645240526
16.17318278034113	-0.0005777057780402655
16.20075876063568	-0.0005826762150612911
16.22833474093023	-0.000587670344145422
16.25591072122478	-0.0005926881370491081
16.28348670151933	-0.0005977295559069692
16.31106268181388	-0.0006027945726991466
16.33863866210843	-0.0006078831562980807
16.36621464240298	-0.0006129952756581056
16.39379062269753	-0.0006181308998154433
16.42136660299208	-0.0006232899978880491
16.44894258328663	-0.0006284725390753829
16.47651856358118	-0.0006336784926581428
16.50409454387573	-0.0006389078279979791
16.53167052417028	-0.0006441605102870023
16.55924650446483	-0.0006494365179282434
16.58682248475938	-0.0006547358162537989
16.61439846505393	-0.0006600583749085895
16.64197444534848	-0.0006654041635986082
16.66955042564303	-0.0006707731520907557
16.69712640593758	-0.0006761653102126837
16.72470238623213	-0.0006815806078526555
16.75227836652668	-0.000687019014959415
16.77985434682123	-0.0006924805015420735
16.80743032711578	-0.0006979650443705476
16.83500630741033	-0.0007034725994041755
16.86258228770488	-0.000709003143825609
16.89015826799943	-0.000714556647956427
16.91773424829398	-0.0007201330821952534
16.94531022858853	-0.000725732417018967
16.97288620888308	-0.0007313546229834455
17.00046218917763	-0.0007369996707240408
17.02803816947218	-0.0007426675309559054
17.05561414976673	-0.0007483581744742252
17.08319013006128	-0.0007540715648603219
17.11076611035583	-0.0007598076883079968
17.13834209065038	-0.0007655665085276414
17.16591807094493	-0.0007713479965721763
17.19349405123948	-0.0007771521235435859
17.22107003153403	-0.0007829788605932734
17.24864601182858	-0.0007888281789224499
17.27622199212313	-0.0007947000497825683
17.30379797241768	-0.0008005944444758026
17.33137395271223	-0.0008065113343555826
17.35894993300678	-0.0008124506991544555
17.38652591330133	-0.0008184124947264349
17.41410189359588	-0.000824396700783398
17.44167787389043	-0.0008304032999497955
17.46925385418498	-0.0008364322084730044
17.49682983447953	-0.000842483476689572
17.52440581477408	-0.0008485570383724411
17.55198179506863	-0.0008546528884381143
17.57955777536318	-0.0008607709068289959
17.60713375565773	-0.0008669111918386886
17.63470973595228	-0.0008730736484972586
17.66228571624683	-0.0008792582655721023
17.68986169654139	-0.0008854650116894299
17.71743767683594	-0.0008916938591095872
17.74501365713049	-0.0008979447801373939
17.77258963742504	-0.0009042177471223354
17.80016561771959	-0.000910512732458627
17.82774159801414	-0.0009168297085851283
17.85531757830869	-0.0009231686479850583
17.88289355860324	-0.0009295295231854759
17.91046953889779	-0.0009359123153082044
17.93804551919234	-0.0009423169792260749
17.96562149948689	-0.0009487434960158366
17.99319747978144	-0.0009551918384004595
18.02077346007599	-0.0009616619791747744
18.04834944037054	-0.0009681538912054235
18.07592542066509	-0.0009746675474307862
18.10350140095964	-0.0009812029208608932
18.13107738125419	-0.0009877599845773506
18.15865336154874	-0.0009943387117333311
18.18622934184329	-0.001000939062683454
18.21380532213784	-0.001007561037704399
18.24138130243239	-0.001014204597139384
18.26895728272694	-0.001020869714285291
18.29653326302149	-0.001027556362447832
18.32410924331604	-0.001034264514941942
18.35168522361059	-0.001040994145092104
18.37926120390514	-0.001047745226232633
18.40683718419969	-0.00105451773170791
18.43441316449424	-0.001061311634872601
18.46198914478879	-0.001068126929339719
18.48956512508334	-0.001074963546193576
18.51714110537789	-0.00108182147914786
18.54471708567244	-0.001088700701772414
18.57229306596699	-0.00109560118773532
18.59986904626154	-0.001102522910803152
18.62744502655609	-0.001109465844841246
18.65502100685064	-0.001116429963813995
18.68259698714519	-0.001123415241785163
18.71017296743974	-0.001130421652918249
18.73774894773429	-0.001137449147096399
18.76532492802884	-0.001144497749022009
18.79290090832339	-0.001151567408976532
18.82047688861794	-0.001158658100998325
18.84805286891249	-0.001165769774586845
18.87562884920704	-0.001172902484176908
18.90320482950159	-0.001180056119762876
18.93078080979614	-0.001187230685832812
18.95835679009069	-0.001194426156359667
18.98593277038524	-0.001201642505642612
19.01350875067979	-0.001208879728961001
19.04108473097434	-0.001216137757397703
19.06866071126889	-0.001223416586264506
19.09623669156344	-0.00123071619026573
19.12381267185799	-0.001238036547294548
19.15138865215254	-0.001245377618849613
19.17896463244709	-0.001252739395948959
19.20654061274164	-0.0012601218464444
19.23411659303619	-0.001267524945655751
19.26169257333074	-0.00127494866866385
19.28926855362529	-0.001282392978552656
19.31684453391984	-0.001289857874022109
19.34442051421439	-0.001297343316307429
19.37199649450894	-0.001304849314220857
19.39957247480349	-0.001312375772033082
19.42714845509804	-0.001319922718537093
19.45472443539259	-0.001327490117466811
19.48230041568714	-0.001335077943500722
19.50987639598169	-0.001342686171944891
19.53745237627624	-0.001350314778267499
19.56502835657079	-0.001357963723723073
19.59260433686534	-0.001365633013680195
19.62018031715989	-0.001373322609580673
19.64775629745444	-0.001381032486991136
19.67533227774899	-0.001388762621450117
19.70290825804354	-0.001396512988466738
19.73048423833809	-0.001404283563519234
19.75806021863264	-0.001412074322053296
19.78563619892719	-0.001419885239480252
19.81321217922174	-0.001427716291175052
19.84078815951629	-0.00143556746399473
19.86836413981084	-0.001443438709180731
19.89594012010539	-0.001451330013540148
19.92351610039994	-0.001459241352373041
19.95109208069449	-0.001467172700978126
19.97866806098904	-0.001475124034648532
20.00624404128359	-0.001483095328665888
20.03382002157814	-0.001491086558289874
20.06139600187269	-0.001499097698731122
20.08897198216724	-0.001507128725031229
20.11654796246179	-0.00151517960365314
20.14412394275634	-0.001523250329589072
20.17169992305089	-0.001531340868223395
20.19927590334544	-0.001539451194585211
20.22685188363999	-0.001547581283613805
20.25442786393454	-0.001555731110153357
20.2820038442291	-0.001563900648947408
20.30957982452365	-0.00157208987463308
20.3371558048182	-0.001580298761735075
20.36473178511275	-0.001588527284659427
20.3923077654073	-0.001596775399557979
20.41988374570185	-0.00160504311842036
20.4474597259964	-0.001613330397082607
20.47503570629095	-0.001621637209268015
20.5026116865855	-0.001629963528478949
20.53018766688005	-0.00163830932799744
20.5577636471746	-0.001646674580897438
20.58533962746915	-0.001655059260097965
20.6129156077637	-0.001663463338615649
20.64049158805825	-0.001671886791739439
20.6680675683528	-0.001680329604942171
20.69564354864735	-0.001688791708788377
20.7232195289419	-0.001697273106014927
20.75079550923645	-0.001705773722401303
20.778371489531	-0.001714293593206402
20.80594746982555	-0.001722832657313453
20.8335234501201	-0.001731390888529182
20.86109943041465	-0.001739968257941538
20.8886754107092	-0.001748564736152997
20.91625139100375	-0.001757180293499568
20.9438273712983	-0.001765814903234362
20.97140335159285	-0.001774468528812758
20.9989793318874	-0.00178314114292852
21.02655531218195	-0.001791832715098681
21.0541312924765	-0.001800543214658979
21.08170727277105	-0.001809272610765776
21.1092832530656	-0.001818020872399023
21.13685923336015	-0.001826787968366297
21.1644352136547	-0.001835573867307962
21.19201119394925	-0.001844378537703483
21.2195871742438	-0.001853201995936344
21.24716315453835	-0.001862044109799786
21.2747391348329	-0.001870904895598554
21.30231511512745	-0.001879784321671885
21.329891095422	-0.001888682356456692
21.35746707571655	-0.001897598968500738
21.3850430560111	-0.001906534126476732
21.41261903630565	-0.001915487799197253
21.4401950166002	-0.001924459955630426
21.46777099689475	-0.001933450564916258
21.4953469771893	-0.001942459627584414
21.52292295748385	-0.001951487048011461
21.5504989377784	-0.001960532827277287
21.57807491807295	-0.001969596935635959
21.6056508983675	-0.001978679343707165
21.63322687866205	-0.001987780022446577
21.6608028589566	-0.001996898942987816
21.68837883925115	-0.002006036075611971
21.7159548195457	-0.002015191358166212
21.74353079984025	-0.002024364903156679
21.7711067801348	-0.002033556531370579
21.79868276042935	-0.002042766252576927
21.8262587407239	-0.002051994053500248
21.85383472101845	-0.002061239909336453
21.881410701313	-0.002070503795918856
21.90898668160755	-0.002079785689719617
21.9365626619021	-0.002089085567851145
21.96413864219665	-0.002098403408066607
21.9917146224912	-0.002107739188759204
22.01929060278575	-0.002117092888960107
22.0468665830803	-0.002126464513189574
22.07444256337485	-0.002135853986467575
22.1020185436694	-0.002145261319490189
22.12959452396395	-0.002154686494654782
22.1571705042585	-0.002164129494815821
22.18474648455305	-0.002173590303243846
22.2123224648476	-0.002183068903590787
22.23989844514215	-0.002192565279860512
22.2674744254367	-0.002202079416383744
22.29505040573125	-0.002211611297796586
22.3226263860258	-0.002221160834349954
22.35020236632035	-0.002230728168347476
22.3777783466149	-0.002240313208958502
22.40535432690945	-0.00224991594095689
22.432930307204	-0.002259536348615246
22.46050628749855	-0.002269174398901153
22.4880822677931	-0.002278830140923607
22.51565824808765	-0.002288503485818499
22.5432342283822	-0.002298194447248123
22.57081020867675	-0.002307903008761919
22.5983861889713	-0.002317629168524438
22.62596216926585	-0.002327372882088606
22.6535381495604	-0.002337134147403427
22.68111412985495	-0.002346912948943472
22.7086901101495	-0.002356709271164784
22.73626609044405	-0.002366523098498135
22.7638420707386	-0.002376354415342864
22.79141805103315	-0.002386203206061227
22.8189940313277	-0.002396069454973267
22.84657001162225	-0.002405953146352165
22.87414599191681	-0.002415854256991752
22.90172197221136	-0.00242577278645989
22.92929795250591	-0.002435708711559958
22.95687393280046	-0.002445662016310705
22.98444991309501	-0.002455632684636814
23.01202589338956	-0.002465620700366912
23.03960187368411	-0.002475626047232605
23.06717785397866	-0.002485648708869111
23.09475383427321	-0.002495688668818964
23.12232981456776	-0.002505745910542845
23.14990579486231	-0.00251582038586247
23.17748177515686	-0.002525912146811532
23.20505775545141	-0.00253602113617044
23.23263373574596	-0.002546147338878181
23.26020971604051	-0.002556290738394103
23.28778569633506	-0.002566451317691277
23.31536167662961	-0.0025766290594893
23.34293765692416	-0.002586823946329334
23.37051363721871	-0.002597035960603767
23.39808961751326	-0.002607265084569884
23.42566559780781	-0.002617511315717339
23.45324157810236	-0.002627774604057877
23.48081755839691	-0.002638054946761693
23.50839353869146	-0.002648352325718319
23.53596951898601	-0.002658666722773895
23.56354549928056	-0.002668998119732
23.59112147957511	-0.002679346498354516
23.61869745986966	-0.002689711840362523
23.64627344016421	-0.002700094127437194
23.67384942045876	-0.002710493341220718
23.70142540075331	-0.002720909436817519
23.72900138104786	-0.002731342450883266
23.75657736134241	-0.002741792338652191
23.78415334163696	-0.00275225908149837
23.81172932193151	-0.002762742660692999
23.83930530222606	-0.002773243057435804
23.86688128252061	-0.00278376025292742
23.89445726281516	-0.002794294228566309
23.92203324310971	-0.002804844966628934
23.94960922340426	-0.002815412453797246
23.97718520369881	-0.002825996636307824
24.00476118399336	-0.002836597524342073
24.03233716428791	-0.002847215090204476
24.05991314458246	-0.002857849314210956
24.08748912487701	-0.002868500176732716
24.11506510517156	-0.002879167658191764
24.14264108546611	-0.002889851739058593
24.17021706576066	-0.002900552399851034
24.19779304605521	-0.002911269621133724
24.22536902634976	-0.002922003383517942
24.25294500664431	-0.002932753654211364
24.28052098693886	-0.002943520442054792
24.30809696723341	-0.002954303714235865
24.33567294752796	-0.002965103451431284
24.36324892782251	-0.002975919634310333
24.39082490811706	-0.002986752243535368
24.41840088841161	-0.002997601259762306
24.44597686870616	-0.003008466663641075
24.47355284900071	-0.003019348435816068
24.50112882929526	-0.003030246556926553
24.52870480958981	-0.003041160991877497
24.55628078988436	-0.003052091754159002
24.58385677017891	-0.003063038808598426
24.61143275047346	-0.003074002135682646
24.63900873076801	-0.003084981715827575
24.66658471106256	-0.003095977529378481
24.69416069135711	-0.003106989556610277
24.72173667165166	-0.003118017777727764
24.74931265194621	-0.003129062172865856
24.77688863224076	-0.003140122722089729
24.80446461253531	-0.003151199441290663
24.83204059282986	-0.003162292234865226
24.85961657312441	-0.003173401119310567
24.88719255341896	-0.003184526074951588
24.91476853371351	-0.003195667082403951
24.94234451400806	-0.003206824122953304
24.96992049430261	-0.003217997180459192
24.99749647459716	-0.003229186266465602
25.02507245489171	-0.003240391148583148
25.05264843518626	-0.003251612159759144
25.08022441548081	-0.003262849055173627
25.10780039577536	-0.003274101875003625
25.13537637606991	-0.003285370594271226
25.16295235636446	-0.003296655193892969
25.19052833665901	-0.003307955654764974
25.21810431695356	-0.003319271957762484
25.24568029724811	-0.003330604083739592
25.27325627754266	-0.003341952013529105
25.30083225783721	-0.003353315727942485
25.32840823813176	-0.003364695207769848
25.35598421842631	-0.003376090442696179
25.38356019872086	-0.003387501394840526
25.41113617901541	-0.003398928053887035
25.43871215930996	-0.003410370400619173
25.46628813960452	-0.003421828415838005
25.49386411989907	-0.003433302080362123
25.52144010019362	-0.003444791375027517
25.54901608048817	-0.003456296280687418
25.57659206078272	-0.003467816778212033
25.60416804107727	-0.003479352848488228
25.63174402137182	-0.003490904482095593
25.65932000166637	-0.003502471636587993
25.68689598196092	-0.003514054304675321
25.71447196225547	-0.003525652467052241
25.74204794255002	-0.003537266099186974
25.76962392284457	-0.003548895210907526
25.79719990313912	-0.003560539743980427
25.82477588343367	-0.003572199699627526
25.85235186372822	-0.003583875057714418
25.87992784402277	-0.003595565799707895
25.90750382431732	-0.00360727192159287
25.93507980461187	-0.003618993374535283
25.96265578490642	-0.003630730156403489
25.99023176520097	-0.003642482249373879
26.01780774549552	-0.003654249635763158
26.04538372579007	-0.00366603229802709
26.07295970608462	-0.003677830218759585
26.10053568637917	-0.003689643380691973
26.12811166667372	-0.003701471766692461
26.15568764696827	-0.003713315359765649
26.18326362726282	-0.003725174084600285
26.21083960755737	-0.003737048046605572
26.23841558785192	-0.003748937170450018
26.26599156814647	-0.003760841439169305
26.29356754844102	-0.003772760835683355
26.32114352873557	-0.003784695342796582
26.34871950903012	-0.003796644943198129
26.37629548932467	-0.003808609619462119
26.40387146961922	-0.003820589354047888
26.43144744991377	-0.003832584129300239
26.45902343020832	-0.003844593978214631
26.48659941050287	-0.003856618776827293
26.51417539079742	-0.003868658558168497
26.54175137109197	-0.003880713304574967
26.56932735138652	-0.003892782998488653
26.59690333168107	-0.003904867622456324
26.62447931197562	-0.003916967159129004
26.65205529227017	-0.003929081591261196
26.67963127256472	-0.003941210901709704
26.70720725285927	-0.003953355073431654
26.73478323315382	-0.003965514013785682
26.76235921344837	-0.003977687898396382
26.78993519374292	-0.003989876562958697
26.81751117403747	-0.004002080019969039
26.84508715433202	-0.004014298255029239
26.87266313462657	-0.004026531251971763
26.90023911492112	-0.004038778994261853
26.92781509521567	-0.004051041465255776
26.95539107551022	-0.004063318648273578
26.98296705580477	-0.004075610526625177
27.01054303609932	-0.00408791715604659
27.03811901639387	-0.00410023836861615
27.06569499668842	-0.00411257422030663
27.09327097698297	-0.004124924695077478
27.12084695727752	-0.004137289777216203
27.14842293757207	-0.004149669451337625
27.17599891786662	-0.004162063702383134
27.20357489816117	-0.004174472515619897
27.23115087845572	-0.004186895876640072
27.25872685875027	-0.004199333771359982
27.28630283904482	-0.004211785993204746
27.31387881933937	-0.004224252931182003
27.34145479963392	-0.004236734378895714
27.36903077992847	-0.004249230322040173
27.39660676022302	-0.004261740745917331
27.42418274051757	-0.004274265635582114
27.45175872081212	-0.004286804976335244
27.47933470110667	-0.004299358756193759
27.50691068140122	-0.004311926998453845
27.53448666169577	-0.00432450940936226
27.56206264199032	-0.004337106711310572
27.58963862228487	-0.004349718012679663
27.61721460257942	-0.004362343635125775
27.64479058287397	-0.004374983561646235
27.67236656316852	-0.004387637775873536
27.69994254346307	-0.004400306262078162
27.72751852375762	-0.004412989005169233
27.75509450405217	-0.004425685990694249
27.78267048434672	-0.004438397204838404
27.81024646464127	-0.004451122634423695
27.83782244493582	-0.004463862003949731
27.86539842523037	-0.004476615850902822
27.89297440552492	-0.004489383899811131
27.92055038581947	-0.004502166137742672
27.94812636611402	-0.00451496255126644
27.97570234640857	-0.004527773126453497
28.00327832670312	-0.004540597848878028
28.03085430699767	-0.00455343670361835
28.05843028729223	-0.004566289675257896
28.08600626758678	-0.004579156747886193
28.11358224788133	-0.004592038131005664
28.14115822817588	-0.004604933335729434
28.16873420847043	-0.004617842571658101
28.19631018876498	-0.004630765822883505
28.22388616905953	-0.004643703073978495
28.25146214935408	-0.00465665430999607
28.27903812964863	-0.00466961951646853
28.30661410994318	-0.004682598679406689
28.33419009023773	-0.004695591785299073
28.36176607053228	-0.00470859882111123
28.38934205082683	-0.004721619584701018
28.41691803112138	-0.004734654456707126
28.44449401141593	-0.004747703229562662
28.47206999171048	-0.004760765946858333
28.49964597200503	-0.004773842495961417
28.52722195229958	-0.004786932926755081
28.55479793259413	-0.004800037215340877
28.58237391288868	-0.004813155346661053
28.60994989318323	-0.004826287306087577
28.63752587347778	-0.004839433078841222
28.66510185377233	-0.004852592794843523
28.69267783406688	-0.004865766136086501
28.72025381436143	-0.004878953232234671
28.74782979465598	-0.004892154068620251
28.77540577495053	-0.004905368630881164
28.80298175524508	-0.004918596904962508
28.83055773553963	-0.004931838877116856
28.85813371583418	-0.004945094533904122
28.88570969612873	-0.004958363862191183
28.91328567642328	-0.004971646849151419
28.94086165671783	-0.004984943267988119
28.96843763701238	-0.004998253554185943
28.99601361730693	-0.005011577480521614
29.02358959760148	-0.005024915033522183
29.05116557789603	-0.005038266199099009
29.07874155819058	-0.005051630962548584
29.10631753848513	-0.005065009308553337
29.13389351877968	-0.005078401221182352
29.16146949907423	-0.005091806683892025
29.18904547936878	-0.005105225679526624
29.21662145966333	-0.005118658482018489
29.24419743995788	-0.005132104463049268
29.27177342025243	-0.005145563897253698
29.29934940054698	-0.005159036767780493
29.32692538084153	-0.005172523058577706
29.35450136113608	-0.005186022754589252
29.38207734143063	-0.00519953584242138
29.40965332172518	-0.005213062313635579
29.43722930201973	-0.005226602205661237
29.46480528231428	-0.005240155125481421
29.49238126260883	-0.005253721619097709
29.51995724290338	-0.005267301470287767
29.54753322319793	-0.005280894628228843
29.57510920349248	-0.005294501090700654
29.60268518378703	-0.005308120848951334
29.63026116408158	-0.005321753893116048
29.65783714437613	-0.005335400213171441
29.68541312467068	-0.00534905979919838
29.71298910496523	-0.005362732641474575
29.74056508525978	-0.005376418730512857
29.76814106555433	-0.005390117781252274
29.79571704584888	-0.005403830361234967
29.82329302614343	-0.005417556184272728
29.85086900643798	-0.005431295239500348
29.87844498673253	-0.005445047515154526
29.90602096702708	-0.005458812998575483
29.93359694732163	-0.005472591676208585
29.96117292761618	-0.005486383533605926
29.98874890791073	-0.005500188555427961
30.01632488820528	-0.005514006725445078
30.04390086849983	-0.005527838302102611
30.07147684879438	-0.005541682691357824
30.09905282908893	-0.005555540151547715
30.12662880938348	-0.005569410665418916
30.15420478967803	-0.005583294216078307
30.18178076997258	-0.005597190787042028
30.20935675026713	-0.005611100362365598
30.23693273056168	-0.005625022927067375
30.26450871085623	-0.005638958469073569
30.29208469115078	-0.005652906998530901
30.31966067144533	-0.005666868531800837
30.34723665173988	-0.005680842868817719
30.37481263203443	-0.005694830102666317
30.40238861232898	-0.005708830220717666
30.42996459262353	-0.005722843211410153
30.45754057291808	-0.005736869064248014
30.48511655321263	-0.005750907769799761
30.51269253350718	-0.005764959319696545
30.54026851380173	-0.005779023706630506
30.56784449409628	-0.005793100924353057
30.59542047439083	-0.005807190364036986
30.62299645468539	-0.005821293282780609
30.65057243497994	-0.005835409070929979
30.67814841527449	-0.005849537721180722
30.70572439556904	-0.005863679224683139
30.73330037586359	-0.005877833571045678
30.76087635615814	-0.005892000748338781
30.78845233645269	-0.005906180743099458
30.81602831674724	-0.005920373540337106
30.84360429704179	-0.005934579123541879
30.87118027733634	-0.005948798018055134
30.89875625763089	-0.005963029069365576
30.92633223792544	-0.005977272802329675
30.95390821821999	-0.005991529199434724
30.98148419851454	-0.006005798244585849
31.00906017880909	-0.006020079924861378
31.03663615910364	-0.006034374246840994
31.06421213939819	-0.006048680898790369
31.09178811969274	-0.006063000500490566
31.11936409998729	-0.006077332559214549
31.14694008028184	-0.006091676898117736
31.17451606057639	-0.006106034102395123
31.20209204087094	-0.00612040384299231
31.22966802116549	-0.006134786123610968
31.25724400146004	-0.006149180935478896
31.28481998175459	-0.00616358826751576
31.31239596204914	-0.006178008107848674
31.33997194234369	-0.006192440444198541
31.36754792263824	-0.006206885264010479
31.39512390293279	-0.006221342554506575
31.42269988322734	-0.006235812414729918
31.45027586352189	-0.006250294597701495
31.47785184381644	-0.006264789202285406
31.50542782411099	-0.006279296215918224
31.53300380440554	-0.006293815626361578
31.56057978470009	-0.006308347421701208
31.58815576499464	-0.006322891590346063
31.61573174528919	-0.006337448121027475
31.64330772558374	-0.006352017002798372
31.67088370587829	-0.006366598225032511
31.69845968617284	-0.006381191777423765
31.72603566646739	-0.006395797649985414
31.75361164676194	-0.006410415833049476
31.78118762705649	-0.006425046317266037
31.80876360735104	-0.006439689093602614
31.83633958764559	-0.006454344153343507
31.86391556794014	-0.006469011488089199
31.89149154823469	-0.006483691089755725
31.91906752852924	-0.006498382950574072
31.94664350882379	-0.006513087063089596
31.97421948911834	-0.006527803420161402
32.00179546941289	-0.006542532014961792
32.02937144970744	-0.006557272840975666
32.05694743000199	-0.006572025891999953
32.08452341029654	-0.006586791162143036
32.11209939059109	-0.006601568645824188
32.13967537088564	-0.006616358337773012
32.16725135118019	-0.006631160233028868
32.19482733147474	-0.006645974326940333
32.22240331176929	-0.006660800615164627
