0
1000	105.6583745	100000000000000.1
5	0	0	1
5	0	0	0
4.673998997513734	1.888012347865664e-08
4.701574977808284	5.734235925557799e-08
4.729150958102834	9.17521890460357e-08
4.756726938397384	1.172197756330323e-07
4.784302918691934	1.306027471891348e-07
4.811878898986484	1.322966891295914e-07
4.839454879281035	1.322915356990337e-07
4.867030859575585	1.322932788932211e-07
4.894606839870135	1.322831377773716e-07
4.922182820164685	1.32283262670548e-07
4.949758800459235	1.322712345897644e-07
4.977334780753785	1.322977451634098e-07
5.004910761048335	1.322685502534229e-07
5.032486741342885	1.322902798879424e-07
5.060062721637435	1.323184237908341e-07
5.087638701931986	1.33795490427931e-07
5.115214682226536	1.45846279318929e-07
5.142790662521086	1.69309732727362e-07
5.170366642815636	2.026158629311508e-07
5.197942623110186	2.431863854437505e-07
5.225518603404736	2.879089193343473e-07
5.253094583699286	3.32498603753952e-07
5.280670563993836	3.729543670714806e-07
5.308246544288386	4.043302693200856e-07
5.335822524582936	4.221584987615553e-07
5.363398504877487	4.245622083419918e-07
5.390974485172037	4.245401205398688e-07
5.418550465466587	4.245907632714108e-07
5.446126445761137	4.245792853520013e-07
5.473702426055687	4.244324732574797e-07
5.501278406350237	4.245244121335759e-07
5.528854386644787	4.250159518558044e-07
5.556430366939337	4.248074107030937e-07
5.584006347233887	4.246104565121522e-07
5.611582327528438	4.253149370528013e-07
5.639158307822988	4.526561052908882e-07
5.666734288117538	6.651833391358552e-07
5.694310268412088	1.154305212253041e-06
5.721886248706638	1.979519214634507e-06
5.749462229001188	3.184022013509596e-06
5.777038209295738	5.602351045884034e-06
5.804614189590288	9.302211562800951e-06
5.832190169884838	1.336657705392182e-05
5.859766150179389	1.769441048661217e-05
5.887342130473939	2.184705491152389e-05
5.914918110768489	2.709513068305371e-05
5.942494091063039	3.146962693892838e-05
5.970070071357589	3.776738923881097e-05
5.997646051652139	4.316022049660536e-05
6.025222031946689	5.046370018578702e-05
6.052798012241239	6.006509241979526e-05
6.080373992535789	7.05578021175043e-05
6.107949972830339	8.236601239483866e-05
6.13552595312489	9.00776432818915e-05
6.16310193341944	0.0001034480874351738
6.19067791371399	0.0001096456546894645
6.21825389400854	0.0001181125174833957
6.24582987430309	0.0001293773700523363
6.27340585459764	0.0001386616181902731
6.30098183489219	0.0001504780818430268
6.32855781518674	0.0001589425431034411
6.35613379548129	0.000172616493700944
6.383709775775841	0.0001852497017468213
6.411285756070391	0.0002118564298066174
6.438861736364941	0.0002679416095613648
6.466437716659491	0.0003738515462381412
6.494013696954041	0.0005345951461581556
6.521589677248591	0.0007614294749127145
6.549165657543141	0.001069328136078108
6.576741637837691	0.001466323071871749
6.604317618132241	0.00201503390483913
6.631893598426791	0.002661453885875464
6.659469578721342	0.00345434867381963
6.687045559015892	0.004379557951955476
6.714621539310442	0.005431204138176408
6.742197519604992	0.006643996815226718
6.769773499899542	0.008021840405718407
6.797349480194092	0.009531785087480902
6.824925460488642	0.01122732212972223
6.852501440783192	0.01309909634191629
6.880077421077742	0.01512701128228046
6.907653401372293	0.01730374026135612
6.935229381666843	0.01971462109949527
6.962805361961393	0.02230761839807531
6.990381342255943	0.02508907755040631
7.017957322550493	0.02807418093321612
7.045533302845043	0.0311920850410386
7.073109283139593	0.03457549197140065
7.100685263434143	0.03812542429830702
7.128261243728693	0.04190170475010307
7.155837224023244	0.04582759407857868
7.183413204317794	0.04999205469747321
7.210989184612344	0.05433767789607508
7.238565164906894	0.05883993577372863
7.266141145201444	0.06360187252565908
7.293717125495994	0.06858728968833461
7.321293105790544	0.07370056098734258
7.348869086085094	0.07904831021615806
7.376445066379644	0.08455236273110542
7.404021046674194	0.09032748302073504
7.431597026968745	0.0963071243547699
7.459173007263295	0.1024021447463282
7.486748987557845	0.1087207782734633
7.514324967852395	0.1152112393860787
7.541900948146945	0.1219649364932243
7.569476928441495	0.1288281093467566
7.597052908736045	0.135949682346928
7.624628889030595	0.1431982619875338
7.652204869325145	0.150685539989014
7.679780849619696	0.1582986231805368
7.707356829914246	0.1661637267963525
7.734932810208796	0.1741392512276063
7.762508790503346	0.1823731108476672
7.790084770797896	0.1906973766990354
7.817660751092446	0.1992239967059472
7.845236731386996	0.2079432219486164
7.872812711681546	0.2168078927047041
7.900388691976096	0.2258930660624729
7.927964672270646	0.2350808794858567
7.955540652565197	0.2445099348361981
7.983116632859747	0.2540098425620235
8.010692613154298	0.2636964393552981
8.038268593448848	0.2735878141149506
8.065844573743398	0.2835642006924354
8.093420554037948	0.2937090969293611
8.120996534332498	0.3041100547540029
8.148572514627048	0.314529221562676
8.176148494921598	0.3251914355310109
8.203724475216148	0.335916499101746
8.231300455510699	0.3467924243691227
8.258876435805249	0.3578562479254407
8.286452416099799	0.3689900143065281
8.314028396394349	0.3802865802551943
8.341604376688899	0.3918100407006783
8.369180356983449	0.403330007435538
8.396756337277999	0.4150217951608342
8.424332317572549	0.4267999068564033
8.451908297867099	0.43882639135056
8.47948427816165	0.4508716719187821
8.5070602584562	0.4630415935283675
8.53463623875075	0.4753995801689216
8.5622122190453	0.4877979222447815
8.58978819933985	0.5003028544760016
8.6173641796344	0.5129437056749878
8.64494015992895	0.5257875875135976
8.6725161402235	0.5386400815091756
8.70009212051805	0.5516001968433779
8.7276681008126	0.5647755084253093
8.755244081107151	0.5779904583415004
8.782820061401701	0.5912385966793584
8.810396041696251	0.6045832833065469
8.837972021990801	0.6181224564278571
8.865548002285351	0.63170917922641
8.893123982579901	0.6453788884288358
8.920699962874451	0.6591411244352328
8.948275943169001	0.6731039319600746
8.975851923463551	0.6870725293172041
9.003427903758102	0.7011122932452243
9.031003884052652	0.7152585727221468
9.058579864347202	0.7294933934589767
9.086155844641752	0.7438778032353134
9.113731824936302	0.7582905456847822
9.141307805230852	0.7727877225730048
9.168883785525402	0.7874523911259751
9.196459765819952	0.8020551731773012
9.224035746114502	0.8167891928430535
9.251611726409052	0.8316104826816951
9.279187706703603	0.8465047970546039
9.306763686998153	0.8614672236525698
9.334339667292703	0.8766438469272511
9.361915647587253	0.8917825173158443
9.389491627881803	0.9069718345841674
9.417067608176353	0.9222605229898352
9.444643588470903	0.9376370863220455
9.472219568765453	0.9531934883237494
9.499795549060003	0.9687235210713013
9.527371529354554	0.9842931305476591
9.554947509649104	0.9999414440299248
9.582523489943654	1.015759545587953
9.610099470238204	1.0314885657779
9.637675450532754	1.047442140872477
9.665251430827304	1.063407811181506
9.692827411121854	1.079420774991652
9.720403391416404	1.095498689357902
9.747979371710954	1.111667160719739
9.775555352005505	1.127894947742118
9.803131332300055	1.144337957371921
9.830707312594605	1.160735897991452
9.858283292889155	1.177203239517005
9.885859273183705	1.19370772565241
9.913435253478255	1.210310713250419
9.941011233772805	1.226975508670317
9.968587214067355	1.243870929603239
9.996163194361905	1.260691767577747
10.02373917465646	1.277585860984999
10.05131515495101	1.294555286810394
10.07889113524556	1.31162573071204
10.10646711554011	1.328732516838656
10.13404309583466	1.345936078316325
10.16161907612921	1.363296357721558
10.18919505642376	1.38062335701782
10.21677103671831	1.398054454096477
10.24434701701286	1.415567593593496
10.27192299730741	1.433157108051994
10.29949897760196	1.450839714990831
10.32707495789651	1.468536547614118
10.35465093819106	1.486501088451263
10.38222691848561	1.504423935204352
10.40980289878016	1.522454773337179
10.43737887907471	1.540553435334929
10.46495485936926	1.558724975073352
10.49253083966381	1.57698669062572
10.52010681995836	1.595356838254891
10.54768280025291	1.613808996468797
10.57525878054746	1.632502255942325
10.60283476084201	1.651150944563342
10.63041074113656	1.669894613309738
10.65798672143111	1.688751270235697
10.68556270172566	1.707694678184724
10.71313868202021	1.726759406231472
10.74071466231476	1.745923632441853
10.76829064260931	1.765197409736625
10.79586662290386	1.784656877659799
10.82344260319841	1.80417147532185
10.85101858349296	1.823741407002512
10.87859456378751	1.843484412685678
10.90617054408206	1.863315517727546
10.93374652437661	1.883291633133495
10.96132250467116	1.903379505839115
10.98889848496571	1.923612404066815
11.01647446526026	1.943975002547226
11.04405044555481	1.964614826635103
11.07162642584936	1.985246252970698
11.09920240614391	2.006020838484631
11.12677838643846	2.02690028212083
11.15435436673301	2.047994605335242
11.18193034702756	2.069223428602045
11.20950632732211	2.090585374246869
11.23708230761666	2.112122202995292
11.26465828791121	2.133790949791148
11.29223426820576	2.15565840908274
11.31981024850031	2.177862666763664
11.34738622879486	2.200057731355822
11.37496220908941	2.222443060734165
11.40253818938396	2.245014723395016
11.43011416967851	2.267769846037283
11.45769014997306	2.290703668990822
11.48526613026761	2.313830256961015
11.51284211056216	2.337188066585727
11.54041809085671	2.360726951387726
11.56799407115126	2.384496480000066
11.59557005144581	2.408479575776313
11.62314603174036	2.432808925551755
11.65072201203491	2.457232042536711
11.67829799232946	2.481894787026619
11.70587397262401	2.506811680731382
11.73344995291856	2.531926601793953
11.76102593321311	2.55731256859137
11.78860191350766	2.582953530843401
11.81617789380221	2.60884381071489
11.84375387409676	2.635046259207191
11.87132985439131	2.661518236977709
11.89890583468586	2.688258260682194
11.92648181498041	2.715253372515024
11.95405779527496	2.742724010936898
11.98163377556951	2.770283450270661
12.00920975586406	2.79821055258015
12.03678573615861	2.826387376876318
12.06436171645316	2.854914204197625
12.09193769674771	2.883764601441659
12.11951367704226	2.912944680514764
12.14708965733681	2.942463623999445
12.17466563763136	2.972328583718292
12.20224161792591	3.002565705890796
12.22981759822046	3.033142678135918
12.25739357851501	3.064048157959213
12.28496955880956	3.095377732993052
12.31254553910411	3.127287156265393
12.34012151939866	3.159377446539649
12.36769749969321	3.191903385952882
12.39527347998776	3.224817526117656
12.42284946028231	3.258137991324482
12.45042544057686	3.291885580384049
12.47800142087141	3.326055661572914
12.50557740116597	3.360654424215297
12.53315338146052	3.395711088313243
12.56072936175507	3.431194971982033
12.58830534204962	3.467169327280192
12.61588132234417	3.503597479013923
12.64345730263872	3.540521340924696
12.67103328293327	3.577911631228708
12.69860926322782	3.61598403006802
12.72618524352237	3.654395397964001
12.75376122381692	3.693331137803469
12.78133720411147	3.73277947209482
12.80891318440602	3.772718352514468
12.83648916470057	3.81323307300548
12.86406514499512	3.854283838054436
12.89164112528967	3.895845755215126
12.91921710558422	3.937990168108281
12.94679308587877	3.980751565157254
12.97436906617332	4.024053388592478
13.00194504646787	4.067934547239442
13.02952102676242	4.112415506509212
13.05709700705697	4.157492907459902
13.08467298735152	4.203181651308763
13.11224896764607	4.249659035830767
13.13982494794062	4.296594026882675
13.16740092823517	4.344162985116164
13.19497690852972	4.392367324447499
13.22255288882427	4.441164565866163
13.25012886911882	4.490673952960714
13.27770484941337	4.54081209910552
13.30528082970792	4.591614371856879
13.33285681000247	4.64305955317012
13.36043279029702	4.695206414475932
13.38800877059157	4.748029019357362
13.41558475088612	4.801546809963202
13.44316073118067	4.85573892065957
13.47073671147522	4.910641390462817
13.49831269176977	4.966250563871108
13.52588867206432	5.022570168410718
13.55346465235887	5.079591442226736
13.58104063265342	5.137332950272777
13.60861661294797	5.195995073513723
13.63619259324252	5.255182143711613
13.66376857353707	5.315094621905236
13.69134455383162	5.375764403405713
13.71892053412617	5.437177349963787
13.74649651442072	5.499339412646586
13.77407249471527	5.562202869783509
13.80164847500982	5.625811635431964
13.82922445530437	5.690185748252878
13.85680043559892	5.755314932934145
13.88437641589347	5.821187867674701
13.91195239618802	5.887786032469311
13.93952837648257	5.955148619421057
13.96710435677712	6.023280517516251
13.99468033707167	6.092162755196949
14.02225631736622	6.161734216665093
14.04983229766077	6.232142527173084
14.07740827795532	6.303273763028407
14.10498425824987	6.375187964571563
14.13256023854442	6.447837270901207
14.16013621883897	6.521377917144016
14.18771219913352	6.595495578175573
14.21528817942807	6.670393117024926
14.24286415972262	6.746034568436625
14.27044014001717	6.822417407390347
14.29801612031172	6.899561919925451
14.32559210060627	6.977430656310462
14.35316808090082	7.05605744635614
14.38074406119537	7.135438765101211
14.40832004148992	7.215541021628446
14.43589602178447	7.296334337803238
14.46347200207902	7.377878107401528
14.49104798237357	7.460083371523876
14.51862396266812	7.543048701861178
14.54619994296267	7.62673364394265
14.57377592325722	7.711117341330956
14.60135190355177	7.796173551094797
14.62892788384632	7.881945419235875
14.65650386414087	7.968417298620567
14.68407984443542	8.055572788172547
14.71165582472997	8.143394232061421
14.73923180502452	8.231901761632272
14.76680778531907	8.321316844831466
14.79438376561362	8.411140907591131
14.82195974590817	8.501635019956952
14.84953572620272	8.592771397131056
14.87711170649727	8.68453422623341
14.90468768679182	8.776945497326736
14.93226366708637	8.869992804911673
14.95983964738092	8.963645846318775
14.98741562767547	9.057891404957235
15.01499160797002	9.152778761853245
15.04256758826457	9.248274917920364
15.07014356855912	9.344339174486155
15.09771954885368	9.441011462426951
15.12529552914823	9.538258509979878
15.15287150944278	9.636087192264288
15.18044748973733	9.734611339041848
15.20802347003188	9.833438838925057
15.23559945032643	9.932938423102215
15.26317543062098	10.03299480585366
15.29075141091553	10.13349988886292
15.31832739121008	10.23470337835246
15.34590337150463	10.33634113910576
15.37347935179918	10.43849299173155
15.40105533209373	10.54111324522768
15.42863131238828	10.64426491260531
15.45620729268283	10.74816332274261
15.48378327297738	10.85228708318101
15.51135925327193	10.95687913726966
15.53893523356648	11.06188734994495
15.56651121386103	11.16738333562605
15.59408719415558	11.27335563360386
15.62166317445013	11.37976728102107
15.64923915474468	11.48666167239353
15.67681513503923	11.59397992323501
15.70439111533378	11.70171983306336
15.73196709562833	11.80986357949877
15.75954307592288	11.91841163239665
15.78711905621743	12.027378696211
15.81469503651198	12.13674437519687
15.84227101680653	12.24651763327608
15.86984699710108	12.35668249269217
15.89742297739563	12.4672270041259
15.92499895769018	12.57813234033432
15.95257493798473	12.68940916714134
15.98015091827928	12.80106135312267
16.00772689857383	12.91307628797333
16.03530287886838	13.02544294994924
16.06287885916293	13.13818129587296
16.09045483945748	13.25112913916014
16.11803081975203	13.36447246033264
16.14560680004658	13.47815396905693
16.17318278034113	13.59209506294723
16.20075876063568	13.70639619656758
16.22833474093023	13.82102018781102
16.25591072122478	13.93612405074845
16.28348670151933	14.05134965792774
16.31106268181388	14.16686869811375
16.33863866210843	14.28263255574604
16.36621464240298	14.39871521795843
16.39379062269753	14.51507413631997
16.42136660299208	14.63173012665166
16.44894258328663	14.74862197993679
16.47651856358118	14.86578349886564
16.50409454387573	14.98318729933098
16.53167052417028	15.10084651720475
16.55924650446483	15.21875604891486
16.58682248475938	15.33687716711549
16.61439846505393	15.45529999990116
16.64197444534848	15.57392921321154
16.66955042564303	15.69277547966555
16.69712640593758	15.81185581386562
16.72470238623213	15.93116105571358
16.75227836652668	16.05064788036789
16.77985434682123	16.17038917919287
16.80743032711578	16.29034504853961
16.83500630741033	16.41051937800169
16.86258228770488	16.5308648606426
16.89015826799943	16.65144291364974
16.91773424829398	16.77222132605625
16.94531022858853	16.89319910191536
16.97288620888308	17.01435832800728
17.00046218917763	17.1356954852467
17.02803816947218	17.25722599169657
17.05561414976673	17.37894316887613
17.08319013006128	17.50083899079008
17.11076611035583	17.62291165189
17.13834209065038	17.746168772406
17.16591807094493	17.86756158483146
17.19349405123948	17.99044680019503
17.22107003153403	18.11319553207754
17.24864601182858	18.23610444667743
17.27622199212313	18.35916045988144
17.30379797241768	18.48238748935587
17.33137395271223	18.60576452523979
17.35894993300678	18.72928862387765
17.38652591330133	18.85296029687095
17.41410189359588	18.97678289206703
17.44167787389043	19.10069977087247
17.46925385418498	19.22479746579495
17.49682983447953	19.34904114744373
17.52440581477408	19.47342399889945
17.55198179506863	19.59794641295451
17.57955777536318	19.72259184554804
17.60713375565773	19.84737126810038
17.63470973595228	19.97221676172946
17.66228571624683	20.09726478503015
17.68986169654139	20.22242973075778
17.71743767683594	20.34771889166892
17.74501365713049	20.47323423893953
17.77258963742504	20.59866604153786
17.80016561771959	20.72435743705047
17.82774159801414	20.85013057845237
17.85531757830869	20.97602527010584
17.88289355860324	21.10203163177304
17.91046953889779	21.22814009513976
17.93804551919234	21.35436736079506
17.96562149948689	21.48070041128869
17.99319747978144	21.60718326824249
18.02077346007599	21.73374849669075
18.04834944037054	21.86042898043564
18.07592542066509	21.98721766439605
18.10350140095964	22.11410740313122
18.13107738125419	22.2410996365927
18.15865336154874	22.36820901817459
18.18622934184329	22.49540255063237
18.21380532213784	22.62267791535539
18.24138130243239	22.75007695268156
18.26895728272694	22.87790449659577
18.29653326302149	23.00550746558062
18.32410924331604	23.1331983479193
18.35168522361059	23.26099467954115
18.37926120390514	23.38887544812322
18.40683718419969	23.51687705268344
18.43441316449424	23.64492736583657
18.46198914478879	23.77309358882838
18.48956512508334	23.90135519515656
18.51714110537789	24.02969992188499
18.54471708567244	24.15805825404268
18.57229306596699	24.28658802617346
18.59986904626154	24.41518421702159
18.62744502655609	24.54389607205739
18.65502100685064	24.67267815168279
18.68259698714519	24.80155725502485
18.71017296743974	24.93049761627927
18.73774894773429	25.05953690958777
18.76532492802884	25.18866294560036
18.79290090832339	25.3178271919891
18.82047688861794	25.44711139127653
18.84805286891249	25.57647941368697
18.87562884920704	25.70592770260278
18.90320482950159	25.83545847263687
18.93078080979614	25.96508222487241
18.95835679009069	26.09475941810798
18.98593277038524	26.22453316947021
19.01350875067979	26.35439351251285
19.04108473097434	26.48432582459992
19.06866071126889	26.614343545351
19.09623669156344	26.7443971846586
19.12381267185799	26.87456628422547
19.15138865215254	27.00483897624031
19.17896463244709	27.13512312398893
19.20654061274164	27.2655448201561
19.23411659303619	27.39602813129937
19.26169257333074	27.52658052009313
19.28926855362529	27.65721896470529
19.31684453391984	27.78793007646162
19.34442051421439	27.91871432161888
19.37199649450894	28.0495901262975
19.39957247480349	28.18053921909337
19.42714845509804	28.31156640910234
19.45472443539259	28.44267059812211
19.48230041568714	28.57385297433956
19.50987639598169	28.70511057801424
19.53745237627624	28.836442971689
19.56502835657079	28.96803576481333
19.59260433686534	29.09951777241106
19.62018031715989	29.23107386099787
19.64775629745444	29.3627033003895
19.67533227774899	29.49440459509874
19.70290825804354	29.62617616200058
19.73048423833809	29.75802212171614
19.75806021863264	29.88994069529681
19.78563619892719	30.02193694515199
19.81321217922174	30.15400851073267
19.84078815951629	30.28615478199696
19.86836413981084	30.41837721397515
19.89594012010539	30.55066341712828
19.92351610039994	30.68303487138143
19.95109208069449	30.8154732294217
19.97866806098904	30.94798926184246
20.00624404128359	31.08052581279429
20.03382002157814	31.2131889399925
20.06139600187269	31.34591919967859
20.08897198216724	31.47867470590505
20.11654796246179	31.61154734921562
20.14412394275634	31.74448857523287
20.17169992305089	31.87751097960068
20.19927590334544	32.01057863849798
20.22685188363999	32.14373598657219
20.25442786393454	32.27697689858565
20.2820038442291	32.4102783372177
20.30957982452365	32.54365634482325
20.3371558048182	32.6771028212013
20.36473178511275	32.81061897227158
20.3923077654073	32.94420864166504
20.41988374570185	33.07787468943666
20.4474597259964	33.21156454853101
20.47503570629095	33.34536975081586
20.5026116865855	33.47924576169925
20.53018766688005	33.6131776592064
20.5577636471746	33.74720686328654
20.58533962746915	33.88130125612842
20.6129156077637	34.01546892012826
20.64049158805825	34.14971030616726
20.6680675683528	34.28401879801251
20.69564354864735	34.41841036084595
20.7232195289419	34.55287555635483
20.75079550923645	34.68731467033766
20.778371489531	34.82192318376381
20.80594746982555	34.95659899502439
20.8335234501201	35.0913557193559
20.86109943041465	35.22617636003045
20.8886754107092	35.3610733401427
20.91625139100375	35.49611380923488
20.9438273712983	35.63109232686772
20.97140335159285	35.76621162559746
20.9989793318874	35.90140247197527
21.02655531218195	36.03667529808601
21.0541312924765	36.17201362643569
21.08170727277105	36.30743706295119
21.1092832530656	36.44294438281095
21.13685923336015	36.57892512045
21.1644352136547	36.71458285421014
21.19201119394925	36.85031457672781
21.2195871742438	36.98609377259737
21.24716315453835	37.12197397746471
21.2747391348329	37.25792708404818
21.30231511512745	37.39397107471762
21.329891095422	37.53008338978751
21.35746707571655	37.66626145708422
21.3850430560111	37.80252084225994
21.41261903630565	37.93885868322757
21.4401950166002	38.07527243815326
21.46777099689475	38.21175903683783
21.4953469771893	38.34831610609786
21.52292295748385	38.48496158315649
21.5504989377784	38.62168446782145
21.57807491807295	38.7584927398853
21.6056508983675	38.89535396981073
21.63322687866205	39.03228309770363
21.6608028589566	39.16930714637495
21.68837883925115	39.30639776870744
21.7159548195457	39.44357627899954
21.74353079984025	39.58083388965908
21.7711067801348	39.71817358488246
21.79868276042935	39.85558318424104
21.8262587407239	39.99307324970918
21.85383472101845	40.1306861791192
21.881410701313	40.26833319381542
21.90898668160755	40.40605712501351
21.9365626619021	40.5438586224043
21.96413864219665	40.68182070455727
21.9917146224912	40.8196943038972
22.01929060278575	40.95773945645949
22.0468665830803	41.09586375854574
22.07444256337485	41.23406109612927
22.1020185436694	41.37235307568451
22.12959452396395	41.51071315907667
22.1571705042585	41.64906044523948
22.18474648455305	41.78758313391029
22.2123224648476	41.92618153393852
22.23989844514215	42.06486140102974
22.2674744254367	42.20362095794538
22.29505040573125	42.3424624662922
22.3226263860258	42.48139549054481
22.35020236632035	42.62040203488147
22.3777783466149	42.75949328852592
22.40535432690945	42.89866361729026
22.432930307204	43.03791174399317
22.46050628749855	43.17724649346839
22.4880822677931	43.31666497225929
22.51565824808765	43.45616752194207
22.5432342283822	43.59568201573078
22.57081020867675	43.73535458877123
22.5983861889713	43.87508831982537
22.62596216926585	44.01492077957909
22.6535381495604	44.15483160068246
22.68111412985495	44.29482698862989
22.7086901101495	44.43490914846817
22.73626609044405	44.5750796244881
22.7638420707386	44.71532876412331
22.79141805103315	44.85567413280927
22.8189940313277	44.99609500281639
22.84657001162225	45.13659876417172
22.87414599191681	45.27717651311875
22.90172197221136	45.41785728337343
22.92929795250591	45.55861627077692
22.95687393280046	45.69946588102632
22.98444991309501	45.84039712845228
23.01202589338956	45.98142519491837
23.03960187368411	46.12253149709214
23.06717785397866	46.26417064596312
23.09475383427321	46.40545449501489
23.12232981456776	46.5468249075534
23.14990579486231	46.68831579699825
23.17748177515686	46.829800222102
23.20505775545141	46.97146207354061
23.23263373574596	47.11318023090647
23.26020971604051	47.25498952300257
23.28778569633506	47.39690115960467
23.31536167662961	47.53889895924934
23.34293765692416	47.68098309208838
23.37051363721871	47.82316938653808
23.39808961751326	47.96543114965996
23.42566559780781	48.10778814270529
23.45324157810236	48.2502341985371
23.48081755839691	48.39275094196103
23.50839353869146	48.53537781450797
23.53596951898601	48.6781013678771
23.56354549928056	48.82090991830673
23.59112147957511	48.96380964458168
23.61869745986966	49.1068141567464
23.64627344016421	49.24989949000567
23.67384942045876	49.39307183646101
23.70142540075331	49.53634733589633
23.72900138104786	49.67971029181026
23.75657736134241	49.82316638194177
23.78415334163696	49.96671634631342
23.81172932193151	50.11030378619107
23.83930530222606	50.25404200088278
23.86688128252061	50.39787271783734
23.89445726281516	50.5417955264417
23.92203324310971	50.68581209231078
23.94960922340426	50.82992631929852
23.97718520369881	50.97413458700578
24.00476118399336	51.11844685330829
24.03233716428791	51.26284659707888
24.05991314458246	51.40734101400566
24.08748912487701	51.55187875487533
24.11506510517156	51.69656564487246
24.14264108546611	51.84135631891416
24.17021706576066	51.98623405395379
24.19779304605521	52.13121201334752
24.22536902634976	52.2762889200494
24.25294500664431	52.42145908395253
24.28052098693886	52.56673763193736
24.30809696723341	52.71210706158656
24.33567294752796	52.85755310003209
24.36324892782251	53.00311860416476
24.39082490811706	53.14878358247591
24.41840088841161	53.29455618010503
24.44597686870616	53.44041932668682
24.47355284900071	53.58638320406234
24.50112882929526	53.73245037295705
24.52870480958981	53.87869880368726
24.55628078988436	54.02488331420568
24.58385677017891	54.17125799331416
24.61143275047346	54.31772735466331
24.63900873076801	54.46430261738383
24.66658471106256	54.61097603912438
24.69416069135711	54.75774682594637
24.72173667165166	54.90462856858069
24.74931265194621	55.05160888591468
24.77688863224076	55.19869878472824
24.80446461253531	55.34588700091638
24.83204059282986	55.49318310627551
24.85961657312441	55.64059879405183
24.88719255341896	55.78812343817109
24.91476853371351	55.93570310901443
24.94234451400806	56.08342042323898
24.96992049430261	56.23129399573422
24.99749647459716	56.37922233645459
25.02507245489171	56.52725400434845
25.05264843518626	56.67539290612419
25.08022441548081	56.82363885099045
25.10780039577536	56.97200099383164
25.13537637606991	57.12046060958222
25.16295235636446	57.26902823141704
25.19052833665901	57.41771225047867
25.21810431695356	57.56649736534682
25.24568029724811	57.71538975415718
25.27325627754266	57.86439393080764
25.30083225783721	58.01344343572512
25.32840823813176	58.16266108420236
25.35598421842631	58.31198404596343
25.38356019872086	58.4614266272954
25.41113617901541	58.61097501212993
25.43871215930996	58.76063450785974
25.46628813960452	58.9104047953309
25.49386411989907	59.0602837946679
25.52144010019362	59.21059288087527
25.54901608048817	59.36069829472363
25.57659206078272	59.51091879758314
25.60416804107727	59.66124969196133
25.63174402137182	59.81169330919383
25.65932000166637	59.96225072583263
25.68689598196092	60.11289785019407
25.71447196225547	60.26368366411364
25.74204794255002	60.41458049262497
25.76962392284457	60.56559493461013
25.79719990313912	60.71672446678425
25.82477588343367	60.86785719892938
25.85235186372822	61.01921920986016
25.87992784402277	61.17069300189509
25.90750382431732	61.32228384510334
25.93507980461187	61.47395745529796
25.96265578490642	61.62578572007337
25.99023176520097	61.77772838857874
26.01780774549552	61.92978925861831
26.04538372579007	62.08194753306294
26.07295970608462	62.23424863280472
26.10053568637917	62.38666925441229
26.12811166667372	62.53910447493996
26.15568764696827	62.69187927950759
26.18326362726282	62.84468707372753
26.21083960755737	62.99761551356396
26.23841558785192	63.15068381932181
26.26599156814647	63.3038587550357
26.29356754844102	63.45714092211978
26.32114352873557	63.61058230634065
26.34871950903012	63.76412727559378
26.37629548932467	63.91780653757942
26.40387146961922	64.07160730831288
26.43144744991377	64.22552828701251
26.45902343020832	64.37957441259337
26.48659941050287	64.53374323663967
26.51417539079742	64.68803625602185
26.54175137109197	64.84245183719675
26.56932735138652	64.99699392454819
26.59690333168107	65.15165967475222
26.62447931197562	65.30645483571665
26.65205529227017	65.46137872575878
26.67963127256472	65.6164281275173
26.70720725285927	65.77160727167811
26.73478323315382	65.92691942800685
26.76235921344837	66.08236287695004
26.78993519374292	66.23793634528509
26.81751117403747	66.39363951718323
26.84508715433202	66.5494707150894
26.87266313462657	66.70543539588475
26.90023911492112	66.86153793501084
26.92781509521567	67.01777345551982
26.95539107551022	67.17414228145509
26.98296705580477	67.33064472774224
27.01054303609932	67.48728173045534
27.03811901639387	67.64405359092858
27.06569499668842	67.80095998601901
27.09327097698297	67.95800123093234
27.12084695727752	68.11517764886653
27.14842293757207	68.27248416557035
27.17599891786662	68.42992519619618
27.20357489816117	68.58750690657081
27.23115087845572	68.74522722865775
27.25872685875027	68.9030858431891
27.28630283904482	69.06108193815928
27.31387881933937	69.21921350986956
27.34145479963392	69.37748316641724
27.36903077992847	69.5358939765601
27.39660676022302	69.6944461635993
27.42418274051757	69.85313337148916
27.45175872081212	70.01196869040865
27.47933470110667	70.17094273257764
27.50691068140122	70.33006486194586
27.53448666169577	70.48933095602167
27.56206264199032	70.64874317463992
27.58963862228487	70.80830024893669
27.61721460257942	70.96800506081895
27.64479058287397	71.12785806764676
27.67236656316852	71.2878465685806
27.69994254346307	71.44798637131939
27.72751852375762	71.60827739286506
27.75509450405217	71.76870243839016
27.78267048434672	71.92928866663843
27.81024646464127	72.09000895325232
27.83782244493582	72.25089020332322
27.86539842523037	72.41191014092105
27.89297440552492	72.57304130000819
27.92055038581947	72.73437777776664
27.94812636611402	72.89584538212149
27.97570234640857	73.05751371113124
28.00327832670312	73.21918239368557
28.03085430699767	73.38113155144416
28.05843028729223	73.54321042788415
28.08600626758678	73.7054208544907
28.11358224788133	73.86779808358959
28.14115822817588	74.03032863084464
28.16873420847043	74.1930186082363
28.19631018876498	74.35579753198066
28.22388616905953	74.51879429977529
28.25146214935408	74.68194917729626
28.27903812964863	74.84525674684568
28.30661410994318	75.00872676214884
28.33419009023773	75.17222707183801
28.36176607053228	75.33601323356675
28.38934205082683	75.49995713604044
28.41691803112138	75.66406450706832
28.44449401141593	75.82833019593835
28.47206999171048	75.99275982268738
28.49964597200503	76.1573348397858
28.52722195229958	76.3220878548487
28.55479793259413	76.48700482223276
28.58237391288868	76.65208153069075
28.60994989318323	76.81732663011151
28.63752587347778	76.98273660715203
28.66510185377233	77.14830891250675
28.69267783406688	77.31404927784918
28.72025381436143	77.48053558842626
28.74782979465598	77.64661285800399
28.77540577495053	77.81285541052873
28.80298175524508	77.97926578113814
28.83055773553963	78.14584884877179
28.85813371583418	78.31259765946729
28.88570969612873	78.47951660486918
28.91328567642328	78.6466113499653
28.94086165671783	78.81387306151797
28.96843763701238	78.98130381358777
28.99601361730693	79.14891107458334
29.02358959760148	79.31669352036157
29.05116557789603	79.48457505137881
29.07874155819058	79.65264841982049
29.10631753848513	79.82094705400471
29.13389351877968	79.98942225845185
29.16146949907423	80.15808304142658
29.18904547936878	80.32690638111569
29.21662145966333	80.49590752767318
29.24419743995788	80.66509106014593
29.27177342025243	80.83444953874266
29.29934940054698	81.0039849297098
29.32692538084153	81.17371985391179
29.35450136113608	81.34362065741244
29.38207734143063	81.51370448899539
29.40965332172518	81.68393390312285
29.43722930201973	81.85438094148004
29.46480528231428	82.02501310598348
29.49238126260883	82.19587176200513
29.51995724290338	82.36687193366558
29.54753322319793	82.53805649565902
29.57510920349248	82.7094260449387
29.60268518378703	82.88098417306418
29.63026116408158	83.05273213132607
29.65783714437613	83.22466487618347
29.68541312467068	83.39681459991985
29.71298910496523	83.56908155571327
29.74056508525978	83.74160657324302
29.76814106555433	83.91427244481103
29.79571704584888	84.08716751107676
29.82329302614343	84.26024940339272
29.85086900643798	84.43352015633081
29.87844498673253	84.60699126676251
29.90602096702708	84.78065644573469
29.93359694732163	84.95450639167201
29.96117292761618	85.12856155958917
29.98874890791073	85.30281680542846
30.01632488820528	85.47727929632315
30.04390086849983	85.65189280888222
30.07147684879438	85.82676546788443
30.09905282908893	86.0018395587978
30.12662880938348	86.17711705688377
30.15420478967803	86.35259505335665
30.18178076997258	86.52827956249432
30.20935675026713	86.70447824444338
30.23693273056168	86.88025452952083
30.26450871085623	87.05656284874816
30.29208469115078	87.23306972427913
30.31966067144533	87.40978102597572
30.34723665173988	87.58670216854811
30.37481263203443	87.76379806600967
30.40238861232898	87.94114449562656
30.42996459262353	88.11869293216363
30.45754057291808	88.29645513656183
30.48511655321263	88.47442826522223
30.51269253350718	88.65261592191642
30.54026851380173	88.83098755782041
30.56784449409628	89.00960338100751
30.59542047439083	89.18843735443107
30.62299645468539	89.36749972041152
30.65057243497994	89.54676650300812
30.67814841527449	89.72625505879243
30.70572439556904	89.90590770667259
30.73330037586359	90.08584197924213
30.76087635615814	90.26598811226998
30.78845233645269	90.44635938822262
30.81602831674724	90.62694692187726
30.84360429704179	90.80776513917969
30.87118027733634	90.98882053797311
30.89875625763089	91.17008704236265
30.92633223792544	91.35158305187184
30.95390821821999	91.53323478871108
30.98148419851454	91.71518842554235
31.00906017880909	91.89737235729666
31.03663615910364	92.07978947651748
31.06421213939819	92.26238118781133
31.09178811969274	92.44526051824495
31.11936409998729	92.62836925832406
31.14694008028184	92.81173493588526
31.17451606057639	92.99529340526128
31.20209204087094	93.17911337658767
31.22966802116549	93.36317039459739
31.25724400146004	93.54746353032345
31.28481998175459	93.73199082020633
31.31239596204914	93.91676098712509
31.33997194234369	94.10177446285768
31.36754792263824	94.28703192093569
31.39512390293279	94.47253702388417
31.42269988322734	94.65824746546345
31.45027586352189	94.84424372646654
31.47785184381644	95.03040377638936
31.50542782411099	95.21688035746635
31.53300380440554	95.40361665864972
31.56057978470009	95.59060041395118
31.58815576499464	95.77783170605383
31.61573174528919	95.96531637604966
31.64330772558374	96.15305189867802
31.67088370587829	96.34104491779449
31.69845968617284	96.5292915664466
31.72603566646739	96.71779742320103
31.75361164676194	96.90656810339766
31.78118762705649	97.09553401541264
31.80876360735104	97.28482294663998
31.83633958764559	97.47433730383233
31.86391556794014	97.66417884387801
31.89149154823469	97.85424714218701
31.91906752852924	98.04458590968024
31.94664350882379	98.23514681542071
31.97421948911834	98.42601682025602
32.00179546941289	98.61714379549305
32.02937144970744	98.80853829412655
32.05694743000199	99.00021404005122
32.08452341029654	99.1921520232092
32.11209939059109	99.38436320842125
32.13967537088564	99.57685555579216
32.16725135118019	99.76953330361226
32.19482733147474	99.96255292282619
32.22240331176929	100.1558719075787
0
1000	105.6583745	100000000000000.1
5	0	0	1
5	0	0	0
4.673998997513734	-1.303983010150962e-08
4.701574977808284	-1.23084352576336e-08
4.729150958102834	-9.808610699330796e-09
4.756726938397384	-6.167794336062096e-09
4.784302918691934	-2.050652415190202e-09
4.811878898986484	-0
4.839454879281035	-0
4.867030859575585	-0
4.894606839870135	-0
4.922182820164685	-0
4.949758800459235	-0
4.977334780753785	-0
5.004910761048335	-0
5.032486741342885	-0
5.060062721637435	-0
5.087638701931986	-1.358208927066043e-09
5.115214682226536	-3.910142774934529e-09
5.142790662521086	-6.083424981761473e-09
5.170366642815636	-7.712068157978499e-09
5.197942623110186	-8.664549666200822e-09
5.225518603404736	-8.848926334221443e-09
5.253094583699286	-8.216870859098898e-09
5.280670563993836	-6.766798578356358e-09
5.308246544288386	-4.546228287798292e-09
5.335822524582936	-1.653498750172609e-09
5.363398504877487	-0
5.390974485172037	-0
5.418550465466587	-0
5.446126445761137	-0
5.473702426055687	-0
5.501278406350237	-4.165929130800936e-11
5.528854386644787	-3.026827641183581e-11
5.556430366939337	-1.71368914055057e-11
5.584006347233887	-5.526243915404733e-12
5.611582327528438	-0
5.639158307822988	-1.300022599291413e-08
5.666734288117538	-4.317147880583997e-08
5.694310268412088	-7.869648427800975e-08
5.721886248706638	-1.192104360152433e-07
5.749462229001188	-1.642165930980861e-07
5.777038209295738	-3.846509558285636e-07
5.804614189590288	-4.216218296793612e-07
5.832190169884838	-4.46192637644428e-07
5.859766150179389	-4.587372700788825e-07
5.887342130473939	-4.603432543334802e-07
5.914918110768489	-4.752946531058993e-07
5.942494091063039	-5.078898958532654e-07
5.970070071357589	-5.365175961026565e-07
5.997646051652139	-5.610991921986361e-07
6.025222031946689	-5.816587659038373e-07
6.052798012241239	-9.885763734358748e-07
6.080373992535789	-9.438213556515809e-07
6.107949972830339	-8.684769968926583e-07
6.13552595312489	-7.746334051994384e-07
6.16310193341944	-6.775874260188972e-07
6.19067791371399	-6.394306506717951e-07
6.21825389400854	-6.50950691897927e-07
6.24582987430309	-6.621473798798402e-07
6.27340585459764	-6.812344412207921e-07
6.30098183489219	-9.083923921634059e-07
6.32855781518674	-6.977734708436124e-07
6.35613379548129	-7.082922590078197e-07
6.383709775775841	-7.733380516151846e-07
6.411285756070391	-2.479606021403016e-06
6.438861736364941	-4.659387965378648e-06
6.466437716659491	-7.332590370428567e-06
6.494013696954041	-1.047999766981663e-05
6.521589677248591	-1.408845748479435e-05
6.549165657543141	-1.813704024185892e-05
6.576741637837691	-2.259713482207221e-05
6.604317618132241	-2.975129309302333e-05
6.631893598426791	-3.470758562021009e-05
6.659469578721342	-3.9749734564785e-05
6.687045559015892	-4.484047142193218e-05
6.714621539310442	-4.994506165682303e-05
6.742197519604992	-5.503128070315597e-05
6.769773499899542	-6.006938730419141e-05
6.797349480194092	-6.503209874734697e-05
6.824925460488642	-6.989456249125481e-05
6.852501440783192	-7.463432922079929e-05
6.880077421077742	-7.915333722889992e-05
6.907653401372293	-8.359693148979974e-05
6.935229381666843	-8.787116698916121e-05
6.962805361961393	-9.196222071406815e-05
6.990381342255943	-9.585820864752542e-05
7.017957322550493	-9.954916256095681e-05
7.045533302845043	-0.0001030270071470538
7.073109283139593	-0.0001062855375439084
7.100685263434143	-0.0001093203972914758
7.128261243728693	-0.0001121290567528679
7.155837224023244	-0.0001144205730493241
7.183413204317794	-0.0001168028247827424
7.210989184612344	-0.0001189864000497739
7.238565164906894	-0.0001209732304577004
7.266141145201444	-0.000122765755012713
7.293717125495994	-0.0001243669141888788
7.321293105790544	-0.0001257801442371397
7.348869086085094	-0.0001270093717225409
7.376445066379644	-0.0001280590082785204
7.404021046674194	-0.000128933945567693
7.431597026968745	-0.0001295264595479117
7.459173007263295	-0.000130078843196314
7.486748987557845	-0.0001304835295118299
7.514324967852395	-0.0001307462565904959
7.541900948146945	-0.0001308727448593476
7.569476928441495	-0.0001308686977306795
7.597052908736045	-0.0001307398022746029
7.624628889030595	-0.0001304917299044741
7.652204869325145	-0.0001301301370705907
7.679780849619696	-0.0001296606659582698
7.707356829914246	-0.0001290538169870854
7.734932810208796	-0.0001283886591212422
7.762508790503346	-0.0001276354172936755
7.790084770797896	-0.0001267993638241613
7.817660751092446	-0.0001258856131299154
7.845236731386996	-0.0001248991238080643
7.872812711681546	-0.000123844700648355
7.900388691976096	-0.0001227269965802213
7.927964672270646	-0.0001215505145576482
7.955540652565197	-0.0001203196093847117
7.983116632859747	-0.0001190318544780777
8.010692613154298	-0.0001177109889993738
8.038268593448848	-0.0001163420454864023
8.065844573743398	-0.0001149337578752644
8.093420554037948	-0.000113490235935834
8.120996534332498	-0.0001120151372293487
8.148572514627048	-0.0001105119232406491
8.176148494921598	-0.0001089839087785445
8.203724475216148	-0.0001074342771448268
8.231300455510699	-0.0001058660866243192
8.258876435805249	-0.0001042763370163707
8.286452416099799	-0.000102680267048152
8.314028396394349	-0.0001010745895045661
8.341604376688899	-9.946183844934054e-05
8.369180356983449	-9.784441018369692e-05
8.396756337277999	-9.622456455648611e-05
8.424332317572549	-9.460442623709334e-05
8.451908297867099	-9.298598595333322e-05
8.47948427816165	-9.137110169617208e-05
8.5070602584562	-8.976149989281387e-05
8.53463623875075	-8.816421382308437e-05
8.5622122190453	-8.657329152776775e-05
8.58978819933985	-8.498705241304398e-05
8.6173641796344	-8.341079488747556e-05
8.64494015992895	-8.184584259872266e-05
8.6725161402235	-8.02933556887274e-05
8.70009212051805	-7.875439809054936e-05
8.7276681008126	-7.722994856451226e-05
8.755244081107151	-7.572090404135419e-05
8.782820061401701	-7.422808117536063e-05
8.810396041696251	-7.275843143576497e-05
8.837972021990801	-7.129962626684078e-05
8.865548002285351	-6.985849594818197e-05
8.893123982579901	-6.843559989976137e-05
8.920699962874451	-6.703144743336633e-05
8.948275943169001	-6.564649811624381e-05
8.975851923463551	-6.428116212781938e-05
9.003427903758102	-6.293580060987098e-05
9.031003884052652	-6.161072601053986e-05
9.058579864347202	-6.030620242256228e-05
9.086155844641752	-5.902701376794515e-05
9.113731824936302	-5.776377991309568e-05
9.141307805230852	-5.652121817150737e-05
9.168883785525402	-5.52994434768046e-05
9.196459765819952	-5.409854336728728e-05
9.224035746114502	-5.291857815249448e-05
9.251611726409052	-5.175958107768032e-05
9.279187706703603	-5.062155848641447e-05
9.306763686998153	-4.950448998152412e-05
9.334339667292703	-4.840832858459737e-05
9.361915647587253	-4.733603571515848e-05
9.389491627881803	-4.628116784382915e-05
9.417067608176353	-4.52466528583127e-05
9.444643588470903	-4.423236625330358e-05
9.472219568765453	-4.32381705822903e-05
9.499795549060003	-4.226391551613824e-05
9.527371529354554	-4.130943790159278e-05
9.554947509649104	-4.037456181902777e-05
9.582523489943654	-3.945909863523635e-05
9.610099470238204	-3.856284700243067e-05
9.637675450532754	-3.768747452231027e-05
9.665251430827304	-3.682882230884868e-05
9.692827411121854	-3.598854444656448e-05
9.720403391416404	-3.516640660341553e-05
9.747979371710954	-3.436217008701416e-05
9.775555352005505	-3.357559184921554e-05
9.803131332300055	-3.280642449180515e-05
9.830707312594605	-3.205441627333523e-05
9.858283292889155	-3.131931111716264e-05
9.885859273183705	-3.060084862074506e-05
9.913435253478255	-2.989984187325769e-05
9.941011233772805	-2.921376876894278e-05
9.968587214067355	-2.85434406037175e-05
9.996163194361905	-2.788858948628922e-05
10.02373917465646	-2.724894783123392e-05
10.05131515495101	-2.662424833966555e-05
10.07889113524556	-2.601422398114374e-05
10.10646711554011	-2.541860797683446e-05
10.13404309583466	-2.483713378394182e-05
10.16161907612921	-2.426953508143143e-05
10.18919505642376	-2.371611597040664e-05
10.21677103671831	-2.317541848233042e-05
10.24434701701286	-2.264775078104181e-05
10.27192299730741	-2.213285246211385e-05
10.29949897760196	-2.163046570398724e-05
10.32707495789651	-2.114033524034858e-05
10.35465093819106	-2.06622083335686e-05
10.38222691848561	-2.019583474919507e-05
10.40980289878016	-1.974096673149623e-05
10.43737887907471	-1.929735898005279e-05
10.46495485936926	-1.886502677903959e-05
10.49253083966381	-1.844318995033347e-05
10.52010681995836	-1.803187030944629e-05
10.54768280025291	-1.763083450598891e-05
10.57525878054746	-1.723985263349226e-05
10.60283476084201	-1.685869820125004e-05
10.63041074113656	-1.64871481069451e-05
10.65798672143111	-1.612498261004058e-05
10.68556270172566	-1.577198530591832e-05
10.71313868202021	-1.542794310074677e-05
10.74071466231476	-1.509272698151962e-05
10.76829064260931	-1.476596145470113e-05
10.79586662290386	-1.444752459229324e-05
10.82344260319841	-1.413721704681341e-05
10.85101858349296	-1.38348430056923e-05
10.87859456378751	-1.354021016600982e-05
10.90617054408206	-1.325312970974816e-05
10.93374652437661	-1.297341627953423e-05
10.96132250467116	-1.270088795484421e-05
10.98889848496571	-1.243536622864277e-05
11.01647446526026	-1.217666720828679e-05
11.04405044555481	-1.192463747019722e-05
11.07162642584936	-1.167909981001023e-05
11.09920240614391	-1.143988907407126e-05
11.12677838643846	-1.120684337214602e-05
11.15435436673301	-1.097980405612325e-05
11.18193034702756	-1.075861569902182e-05
11.20950632732211	-1.054312607426708e-05
11.23708230761666	-1.033318613520166e-05
11.26465828791121	-1.012864999479486e-05
11.29223426820576	-9.929322258503548e-06
11.31981024850031	-9.735173333994584e-06
11.34738622879486	-9.546013744688652e-06
11.37496220908941	-9.361709568805584e-06
11.40253818938396	-9.182129718452501e-06
11.43011416967851	-9.007145922171916e-06
11.45769014997306	-8.836632707739223e-06
11.48526613026761	-8.670467385155657e-06
11.51284211056216	-8.508530029784159e-06
11.54041809085671	-8.350703465576768e-06
11.56799407115126	-8.196789927711815e-06
11.59557005144581	-8.046851858660641e-06
11.62314603174036	-7.900696398684704e-06
11.65072201203491	-7.758216438822937e-06
11.67829799232946	-7.619307177008229e-06
11.70587397262401	-7.483866106351e-06
11.73344995291856	-7.351793003747426e-06
11.76102593321311	-7.222989918716544e-06
11.78860191350766	-7.0973611623816e-06
11.81617789380221	-6.974813296519745e-06
11.84375387409676	-6.855217404834371e-06
11.87132985439131	-6.738563461572048e-06
11.89890583468586	-6.624726624471319e-06
11.92648181498041	-6.513621983324704e-06
11.95405779527496	-6.405166668000684e-06
11.98163377556951	-6.299279840301308e-06
12.00920975586406	-6.195882685593358e-06
12.03678573615861	-6.094898404173784e-06
12.06436171645316	-5.996252202329189e-06
12.09193769674771	-5.89987128304823e-06
12.11951367704226	-5.8056108663947e-06
12.14708965733681	-5.713556964665878e-06
12.17466563763136	-5.623567979398799e-06
12.20224161792591	-5.53557827629786e-06
12.22981759822046	-5.44952386194451e-06
12.25739357851501	-5.365342379991308e-06
12.28496955880956	-5.282973107041449e-06
12.31254553910411	-5.202356948174167e-06
12.34012151939866	-5.123436432075548e-06
12.36769749969321	-5.046155705733336e-06
12.39527347998776	-4.970405907293573e-06
12.42284946028231	-4.896248794220708e-06
12.45042544057686	-4.823578079336218e-06
12.47800142087141	-4.752343772857558e-06
12.50557740116597	-4.682497247854309e-06
12.53315338146052	-4.613991238989112e-06
12.56072936175507	-4.546779840800748e-06
12.58830534204962	-4.480818505485416e-06
12.61588132234417	-4.416064040131975e-06
12.64345730263872	-4.352474603366602e-06
12.67103328293327	-4.289971881396091e-06
12.69860926322782	-4.228595969063682e-06
12.72618524352237	-4.168270740038574e-06
12.75376122381692	-4.108959323348697e-06
12.78133720411147	-4.050626021735261e-06
12.80891318440602	-3.993236310071933e-06
12.83648916470057	-3.936756833086839e-06
12.86406514499512	-3.881155402344207e-06
12.89164112528967	-3.826400992443578e-06
12.91921710558422	-3.772463736395762e-06
12.94679308587877	-3.719292256425053e-06
12.97436906617332	-3.666906501652363e-06
13.00194504646787	-3.615257045389101e-06
13.02952102676242	-3.564318350183883e-06
13.05709700705697	-3.514065911622643e-06
13.08467298735152	-3.464476252419443e-06
13.11224896764607	-3.415526915557333e-06
13.13982494794062	-3.367196456451721e-06
13.16740092823517	-3.319464434111859e-06
13.19497690852972	-3.272311401279341e-06
13.22255288882427	-3.225694583880633e-06
13.25012886911882	-3.179647491654181e-06
13.27770484941337	-3.134128870617801e-06
13.30528082970792	-3.089122862589591e-06
13.33285681000247	-3.044614445140604e-06
13.36043279029702	-3.000589420895011e-06
13.38800877059157	-2.957034405843887e-06
13.41558475088612	-2.913936816673424e-06
13.44316073118067	-2.871284857112437e-06
13.47073671147522	-2.82906750330842e-06
13.49831269176977	-2.787258909414377e-06
13.52588867206432	-2.745882256328003e-06
13.55346465235887	-2.704912868627395e-06
13.58104063265342	-2.664342471155155e-06
13.60861661294797	-2.62416341603636e-06
13.63619259324252	-2.584368666666799e-06
13.66376857353707	-2.544951780928519e-06
13.69134455383162	-2.505906893666089e-06
13.71892053412617	-2.467228698460513e-06
13.74649651442072	-2.4289124287412e-06
13.77407249471527	-2.390943104147829e-06
13.80164847500982	-2.353339532618823e-06
13.82922445530437	-2.316087487234808e-06
13.85680043559892	-2.279184034990741e-06
13.88437641589347	-2.242626641159173e-06
13.91195239618802	-2.206413150553517e-06
13.93952837648257	-2.170541768467221e-06
13.96710435677712	-2.135011041340751e-06
13.99468033707167	-2.099819837209544e-06
14.02225631736622	-2.064967325986922e-06
14.04983229766077	-2.030445521173508e-06
14.07740827795532	-1.996269777568055e-06
14.10498425824987	-1.962432440113347e-06
14.13256023854442	-1.928933598276662e-06
14.16013621883897	-1.895773518148796e-06
14.18771219913352	-1.862952625243345e-06
14.21528817942807	-1.830471487467519e-06
14.24286415972262	-1.798330798309971e-06
14.27044014001717	-1.766531360289745e-06
14.29801612031172	-1.735074068708788e-06
14.32559210060627	-1.70395478606118e-06
14.35316808090082	-1.673185297344844e-06
14.38074406119537	-1.642761443310016e-06
14.40832004148992	-1.612684272319919e-06
14.43589602178447	-1.582954832787223e-06
14.46347200207902	-1.55357416126615e-06
14.49104798237357	-1.524543271036232e-06
14.51862396266812	-1.495863141198296e-06
14.54619994296267	-1.467534706300774e-06
14.57377592325722	-1.439558846511815e-06
14.60135190355177	-1.41193316600458e-06
14.62892788384632	-1.384665172718748e-06
14.65650386414087	-1.357752230201775e-06
14.68407984443542	-1.331194873525639e-06
14.71165582472997	-1.304993532196212e-06
14.73923180502452	-1.279148524946295e-06
14.76680778531907	-1.253660055069078e-06
14.79438376561362	-1.228528206286848e-06
14.82195974590817	-1.20375293914792e-06
14.84953572620272	-1.179334087942899e-06
14.87711170649727	-1.155269127031559e-06
14.90468768679182	-1.131562331376308e-06
14.93226366708637	-1.108210847073583e-06
14.95983964738092	-1.085213953764937e-06
14.98741562767547	-1.062570789634353e-06
15.01499160797002	-1.040280352013429e-06
15.04256758826457	-1.018341498365516e-06
15.07014356855912	-9.967529476298959e-07
15.09771954885368	-9.755132819065838e-07
15.12529552914823	-9.546209484619069e-07
15.15287150944278	-9.340729169361311e-07
15.18044748973733	-9.138702073040675e-07
15.20802347003188	-8.940094911305941e-07
15.23559945032643	-8.744886844960062e-07
15.26317543062098	-8.553055785749197e-07
15.29075141091553	-8.364578436658342e-07
15.31832739121008	-8.17943033372691e-07
15.34590337150463	-7.997585889193672e-07
15.37347935179918	-7.819018435785457e-07
15.40105533209373	-7.643700271969763e-07
15.42863131238828	-7.471593885717878e-07
15.45620729268283	-7.302688248103924e-07
15.48378327297738	-7.136943731995877e-07
15.51135925327193	-6.974328847802095e-07
15.53893523356648	-6.814811279528158e-07
15.56651121386103	-6.658357935898255e-07
15.59408719415558	-6.504935001161145e-07
15.62166317445013	-6.354507985462251e-07
15.64923915474468	-6.207041774671312e-07
15.67681513503923	-6.06250067956319e-07
15.70439111533378	-5.920842645764737e-07
15.73196709562833	-5.782043293653463e-07
15.75954307592288	-5.646059466367432e-07
15.78711905621743	-5.512853571834999e-07
15.81469503651198	-5.382387658546696e-07
15.84227101680653	-5.254623461500006e-07
15.86984699710108	-5.129522446842551e-07
15.89742297739563	-5.007045855175089e-07
15.92499895769018	-4.887154743482348e-07
15.95257493798473	-4.769810025665656e-07
15.98015091827928	-4.654969230555129e-07
16.00772689857383	-4.542600023689814e-07
16.03530287886838	-4.432659728724125e-07
16.06287885916293	-4.325109019908648e-07
16.09045483945748	-4.219908599833909e-07
16.11803081975203	-4.117019232652523e-07
16.14560680004658	-4.016401775774379e-07
16.17318278034113	-3.918017210049931e-07
16.20075876063568	-3.821826668460085e-07
16.22833474093023	-3.727791463333985e-07
16.25591072122478	-3.635870358452165e-07
16.28348670151933	-3.546030911993062e-07
16.31106268181388	-3.458232275328831e-07
16.33863866210843	-3.372436684405725e-07
16.36621464240298	-3.288606661431982e-07
16.39379062269753	-3.206705034974864e-07
16.42136660299208	-3.126694958713077e-07
16.44894258328663	-3.048539928884322e-07
16.47651856358118	-2.972203800468361e-07
16.50409454387573	-2.897650802146656e-07
16.53167052417028	-2.824844480435409e-07
16.55924650446483	-2.753752108091775e-07
16.58682248475938	-2.68433800797156e-07
16.61439846505393	-2.616568015835346e-07
16.64197444534848	-2.550408395881355e-07
16.66955042564303	-2.485825849653278e-07
16.69712640593758	-2.422787523982488e-07
16.72470238623213	-2.361261018006492e-07
16.75227836652668	-2.301214389304926e-07
16.77985434682123	-2.242616159193629e-07
16.80743032711578	-2.185433965898606e-07
16.83500630741033	-2.129640123640243e-07
16.86258228770488	-2.075203169926286e-07
16.89015826799943	-2.022093499978706e-07
16.91773424829398	-1.970281984107373e-07
16.94531022858853	-1.919739969315168e-07
16.97288620888308	-1.870439280276024e-07
17.00046218917763	-1.82235221972159e-07
17.02803816947218	-1.775451568270933e-07
17.05561414976673	-1.729710583736629e-07
17.08319013006128	-1.685102442365477e-07
17.11076611035583	-1.641602528901602e-07
17.13834209065038	-1.59918494729309e-07
17.16591807094493	-1.55782484030651e-07
17.19349405123948	-1.517497816043844e-07
17.22107003153403	-1.47817994495944e-07
17.24864601182858	-1.439847756536511e-07
17.27622199212313	-1.402478235648579e-07
17.30379797241768	-1.366048818630135e-07
17.33137395271223	-1.330537389079789e-07
17.35894993300678	-1.295921773459831e-07
17.38652591330133	-1.26218179169043e-07
17.41410189359588	-1.229296124172595e-07
17.44167787389043	-1.197244390185474e-07
17.46925385418498	-1.166006630588531e-07
17.49682983447953	-1.135563302649123e-07
17.52440581477408	-1.105895274719756e-07
17.55198179506863	-1.076983820781592e-07
17.57955777536318	-1.048810614869902e-07
17.60713375565773	-1.02135772539625e-07
17.63470973595228	-9.946072236425227e-08
17.66228571624683	-9.685427637400958e-08
17.68986169654139	-9.431471629466573e-08
17.71743767683594	-9.184040035365779e-08
17.74501365713049	-8.94297231593657e-08
17.77258963742504	-8.708111511357149e-08
17.80016561771959	-8.479304182047019e-08
17.82774159801414	-8.256400349322895e-08
17.85531757830869	-8.039253435902274e-08
17.88289355860324	-7.827720206341467e-08
17.91046953889779	-7.621658451288512e-08
17.93804551919234	-7.420936202555687e-08
17.96562149948689	-7.225417558696765e-08
17.99319747978144	-7.034972026840009e-08
18.02077346007599	-6.84947215336403e-08
18.04834944037054	-6.668793466332313e-08
18.07592542066509	-6.492814418241832e-08
18.10350140095964	-6.321416329138575e-08
18.13107738125419	-6.154483330148355e-08
18.15865336154874	-5.991902307467538e-08
18.18622934184329	-5.83356079331668e-08
18.21380532213784	-5.679355353595606e-08
18.24138130243239	-5.529178682221143e-08
18.26895728272694	-5.382928108040201e-08
18.29653326302149	-5.240503437346816e-08
18.32410924331604	-5.101806902185827e-08
18.35168522361059	-4.966743109258869e-08
18.37926120390514	-4.835218989457424e-08
18.40683718419969	-4.707143748044985e-08
18.43441316449424	-4.582428815507831e-08
18.46198914478879	-4.460986437466023e-08
18.48956512508334	-4.342735224607504e-08
18.51714110537789	-4.22759158543842e-08
18.54471708567244	-4.115475355233233e-08
18.57229306596699	-4.006308355452205e-08
18.59986904626154	-3.900014349423174e-08
18.62744502655609	-3.796518998720904e-08
18.65502100685064	-3.695749820252049e-08
18.68259698714519	-3.597636144052089e-08
18.71017296743974	-3.502109071799047e-08
18.73774894773429	-3.409100104512102e-08
18.76532492802884	-3.318546577368966e-08
18.79290090832339	-3.230383285530135e-08
18.82047688861794	-3.144547998481072e-08
18.84805286891249	-3.060980057044619e-08
18.87562884920704	-2.9796203367643e-08
18.90320482950159	-2.900411211955572e-08
18.93078080979614	-2.823296520424728e-08
18.95835679009069	-2.748221528854371e-08
18.98593277038524	-2.67513289885336e-08
19.01350875067979	-2.603978277134767e-08
19.04108473097434	-2.53470780982685e-08
19.06866071126889	-2.467271757774025e-08
19.09623669156344	-2.401622031092177e-08
19.12381267185799	-2.337711773792939e-08
19.15138865215254	-2.275495333858018e-08
19.17896463244709	-2.214928233931441e-08
19.20654061274164	-2.15596714262404e-08
19.23411659303619	-2.09856984642396e-08
19.26169257333074	-2.042695222206648e-08
19.28926855362529	-1.988302230040761e-08
19.31684453391984	-1.935353918036e-08
19.34442051421439	-1.883811258712659e-08
19.37199649450894	-1.833637213726901e-08
19.39957247480349	-1.784795703714383e-08
19.42714845509804	-1.737251584645037e-08
19.45472443539259	-1.690970624685681e-08
19.48230041568714	-1.645919481564484e-08
19.50987639598169	-1.602065680430977e-08
19.53745237627624	-1.559377592205151e-08
19.56502835657079	-1.51782393279187e-08
19.59260433686534	-1.477375714251226e-08
19.62018031715989	-1.438003222949902e-08
19.64775629745444	-1.399677999369258e-08
19.67533227774899	-1.362372327258032e-08
19.70290825804354	-1.326059214956064e-08
19.73048423833809	-1.290712377138873e-08
19.75806021863264	-1.256306216976791e-08
19.78563619892719	-1.222815808702337e-08
19.81321217922174	-1.190216880579284e-08
19.84078815951629	-1.158485612711997e-08
19.86836413981084	-1.127599383234132e-08
19.89594012010539	-1.097535592661601e-08
19.92351610039994	-1.068272420452191e-08
19.95109208069449	-1.039788620187418e-08
19.97866806098904	-1.012063504872794e-08
20.00624404128359	-9.850769325859502e-09
20.03382002157814	-9.588092924664047e-09
20.06139600187269	-9.332414910407153e-09
20.08897198216724	-9.083549388767295e-09
20.11654796246179	-8.841311060275377e-09
20.14412394275634	-8.605532838745978e-09
20.17169992305089	-8.376038707662613e-09
20.19927590334544	-8.152661603526403e-09
20.22685188363999	-7.935238871287934e-09
20.25442786393454	-7.723612151097331e-09
20.2820038442291	-7.517627267745684e-09
20.30957982452365	-7.317134122749138e-09
20.3371558048182	-7.121986589026529e-09
20.36473178511275	-6.932042408121902e-09
20.3923077654073	-6.747161086563236e-09
20.41988374570185	-6.567212034128559e-09
20.4474597259964	-6.392061931862684e-09
20.47503570629095	-6.22158298994939e-09
20.5026116865855	-6.055650804143146e-09
20.53018766688005	-5.894144268005484e-09
20.5577636471746	-5.736945487271636e-09
20.58533962746915	-5.583939696306566e-09
20.6129156077637	-5.435015176608841e-09
20.64049158805825	-5.290063177321581e-09
20.6680675683528	-5.148976132117206e-09
20.69564354864735	-5.011654595979291e-09
20.7232195289419	-4.877996496803911e-09
20.75079550923645	-4.747904174812913e-09
20.778371489531	-4.621282564347243e-09
20.80594746982555	-4.4980391262366e-09
20.8335234501201	-4.37808378183178e-09
20.86109943041465	-4.261328848666626e-09
20.8886754107092	-4.147688977715867e-09
20.91625139100375	-4.037081092216165e-09
20.9438273712983	-3.929423088193319e-09
20.97140335159285	-3.824638873530013e-09
20.9989793318874	-3.722650552338787e-09
21.02655531218195	-3.623383538327587e-09
21.0541312924765	-3.526765230402521e-09
21.08170727277105	-3.432724960665561e-09
21.1092832530656	-3.34119394370497e-09
21.13685923336015	-3.252105227151645e-09
21.1644352136547	-3.165393643474834e-09
21.19201119394925	-3.080995762990681e-09
21.2195871742438	-2.998848739319722e-09
21.24716315453835	-2.918894823423495e-09
21.2747391348329	-2.841074380190082e-09
21.30231511512745	-2.765330469542804e-09
21.329891095422	-2.691607668497686e-09
21.35746707571655	-2.619852031346531e-09
21.3850430560111	-2.550011050833515e-09
21.41261903630565	-2.482033620304544e-09
21.4401950166002	-2.415869996808723e-09
21.46777099689475	-2.351471765131372e-09
21.4953469771893	-2.288790924809514e-09
21.52292295748385	-2.227783465692355e-09
21.5504989377784	-2.168403839315793e-09
21.57807491807295	-2.110608587612951e-09
21.6056508983675	-2.054355411251966e-09
21.63322687866205	-1.999603139187995e-09
21.6608028589566	-1.946311698976514e-09
21.68837883925115	-1.894442087831706e-09
21.7159548195457	-1.843956344414273e-09
21.74353079984025	-1.794817521332741e-09
21.7711067801348	-1.746989050099034e-09
21.79868276042935	-1.700437215727558e-09
21.8262587407239	-1.655127324568908e-09
21.85383472101845	-1.611026215455201e-09
21.881410701313	-1.568101612138098e-09
21.90898668160755	-1.526322099986889e-09
21.9365626619021	-1.485657103271838e-09
21.96413864219665	-1.446076863020372e-09
21.9917146224912	-1.407552415433739e-09
22.01929060278575	-1.370055570851886e-09
22.0468665830803	-1.333558424415994e-09
22.07444256337485	-1.298035263654274e-09
22.1020185436694	-1.263459614809558e-09
22.12959452396395	-1.229806178566808e-09
22.1571705042585	-1.197050331069256e-09
22.18474648455305	-1.165168106105754e-09
22.2123224648476	-1.13413617774706e-09
22.23989844514215	-1.10393184342145e-09
22.2674744254367	-1.074533007420052e-09
22.29505040573125	-1.045918164822515e-09
22.3226263860258	-1.018065962167443e-09
22.35020236632035	-9.909569241769579e-10
22.3777783466149	-9.645707868968722e-10
22.40535432690945	-9.388882500758939e-10
22.432930307204	-9.138905286857514e-10
22.46050628749855	-8.895593393446749e-10
22.4880822677931	-8.658768870821538e-10
22.51565824808765	-8.428258524376846e-10
22.5432342283822	-8.203893788863563e-10
22.57081020867675	-7.985510605841076e-10
22.5983861889713	-7.772946487070003e-10
22.62596216926585	-7.56605198051897e-10
22.6535381495604	-7.364672925976428e-10
22.68111412985495	-7.168662089788569e-10
22.7086901101495	-6.977876170008228e-10
22.73626609044405	-6.792175692668275e-10
22.7638420707386	-6.61142491066945e-10
22.79141805103315	-6.435491705227003e-10
22.8189940313277	-6.264247489820224e-10
22.84657001162225	-6.097567116590445e-10
22.87414599191681	-5.9353264270737e-10
22.90172197221136	-5.777411858485411e-10
22.92929795250591	-5.623705598157036e-10
22.95687393280046	-5.474095331639442e-10
22.98444991309501	-5.328471743409298e-10
23.01202589338956	-5.18672843776269e-10
23.03960187368411	-5.048761861701378e-10
23.06717785397866	-4.914471229769266e-10
23.09475383427321	-4.783758450796972e-10
23.12232981456776	-4.656528056512699e-10
23.14990579486231	-4.53268538016618e-10
23.17748177515686	-4.412143691108851e-10
23.20505775545141	-4.294813164955322e-10
23.23263373574596	-4.1806081230839e-10
23.26020971604051	-4.069445174496669e-10
23.28778569633506	-3.961243155459261e-10
23.31536167662961	-3.855923070662111e-10
23.34293765692416	-3.753408035870697e-10
23.37051363721871	-3.653623222032508e-10
23.39808961751326	-3.556495800808969e-10
23.42566559780781	-3.461953391255871e-10
23.45324157810236	-3.369930176506391e-10
23.48081755839691	-3.280357462942927e-10
23.50839353869146	-3.193169887219807e-10
23.53596951898601	-3.1083038304748e-10
23.56354549928056	-3.025697372352653e-10
23.59112147957511	-2.945290246183769e-10
23.61869745986966	-2.867023795293668e-10
23.64627344016421	-2.790840930418924e-10
23.67384942045876	-2.716686088205688e-10
23.70142540075331	-2.644504120770861e-10
23.72900138104786	-2.574244655450355e-10
23.75657736134241	-2.505855359788509e-10
23.78415334163696	-2.439286365257418e-10
23.81172932193151	-2.374489134157459e-10
23.83930530222606	-2.311416424537765e-10
23.86688128252061	-2.250022255998304e-10
23.89445726281516	-2.190261876354883e-10
23.92203324310971	-2.132091729148627e-10
23.94960922340426	-2.075469421981717e-10
23.97718520369881	-2.02035286861551e-10
24.00476118399336	-1.966703659171457e-10
24.03233716428791	-1.914481854832258e-10
24.05991314458246	-1.863649407399766e-10
24.08748912487701	-1.814169283869404e-10
24.11506510517156	-1.76600543967312e-10
24.14264108546611	-1.719122792608272e-10
24.17021706576066	-1.673487200907897e-10
24.19779304605521	-1.629065420372939e-10
24.22536902634976	-1.585825117135161e-10
24.25294500664431	-1.543734125493769e-10
24.28052098693886	-1.502763244192533e-10
24.30809696723341	-1.462881947674989e-10
24.33567294752796	-1.424061203922005e-10
24.36324892782251	-1.386272755199718e-10
24.39082490811706	-1.349489097669178e-10
24.41840088841161	-1.313683461507137e-10
24.44597686870616	-1.278829791527304e-10
24.47355284900071	-1.244902728291417e-10
24.50112882929526	-1.211877589699708e-10
24.52870480958981	-1.179729823732767e-10
24.55628078988436	-1.148437167228978e-10
24.58385677017891	-1.117976315971945e-10
24.61143275047346	-1.088325115100373e-10
24.63900873076801	-1.059462000395304e-10
24.66658471106256	-1.031365982738479e-10
24.69416069135711	-1.004016632959409e-10
24.72173667165166	-9.773940670630789e-11
24.74931265194621	-9.514789318303225e-11
24.77688863224076	-9.262523907828966e-11
24.80446461253531	-9.016957268984527e-11
24.83204059282986	-8.777919063848049e-11
24.85961657312441	-8.545231650376687e-11
24.88719255341896	-8.318725947820595e-11
24.91476853371351	-8.098237382316296e-11
24.94234451400806	-7.883605768274913e-11
24.96992049430261	-7.674675192738453e-11
24.99749647459716	-7.471293902642828e-11
25.02507245489171	-7.273314194926571e-11
25.05264843518626	-7.080592309424154e-11
25.08022441548081	-6.89298509391049e-11
25.10780039577536	-6.710363184644557e-11
25.13537637606991	-6.532590688048764e-11
25.16295235636446	-6.35953855388064e-11
25.19052833665901	-6.191081169927373e-11
25.21810431695356	-6.027096271628722e-11
25.24568029724811	-5.867464853954502e-11
25.27325627754266	-5.712071085490703e-11
25.30083225783721	-5.560802224687997e-11
25.32840823813176	-5.413548538226964e-11
25.35598421842631	-5.270200821490342e-11
25.38356019872086	-5.130660187967281e-11
25.41113617901541	-4.994822974152419e-11
25.43871215930996	-4.862590671302991e-11
25.46628813960452	-4.733867394189718e-11
25.49386411989907	-4.608559812156172e-11
25.52144010019362	-4.486577081896183e-11
25.54901608048817	-4.36783078191465e-11
25.57659206078272	-4.252234848636711e-11
25.60416804107727	-4.139705514130519e-11
25.63174402137182	-4.030159271515562e-11
25.65932000166637	-3.923520931260799e-11
25.68689598196092	-3.819711209742946e-11
25.71447196225547	-3.718654902911822e-11
25.74204794255002	-3.62027880846765e-11
25.76962392284457	-3.524511673324308e-11
25.79719990313912	-3.431284142377645e-11
25.82477588343367	-3.34052870855236e-11
25.85235186372822	-3.25217966410144e-11
25.87992784402277	-3.166173053131993e-11
25.90750382431732	-3.082445180604775e-11
25.93507980461187	-3.00093850684463e-11
25.96265578490642	-2.921592562406344e-11
25.99023176520097	-2.844349927997326e-11
26.01780774549552	-2.769154712252667e-11
26.04538372579007	-2.695952511641353e-11
26.07295970608462	-2.624690371367858e-11
26.10053568637917	-2.555316747249248e-11
26.12811166667372	-2.487781468547792e-11
26.15568764696827	-2.422035701739225e-11
26.18326362726282	-2.358030763336355e-11
26.21083960755737	-2.295722821004504e-11
26.23841558785192	-2.235065651725812e-11
26.26599156814647	-2.176015410836668e-11
26.29356754844102	-2.118529419844618e-11
26.32114352873557	-2.062566135847942e-11
26.34871950903012	-2.008085121713331e-11
26.37629548932467	-1.955047016996442e-11
26.40387146961922	-1.903413509590282e-11
26.43144744991377	-1.853147308086332e-11
26.45902343020832	-1.804211208812249e-11
26.48659941050287	-1.756571794452194e-11
26.51417539079742	-1.7101937384801e-11
26.54175137109197	-1.665043557268985e-11
26.56932735138652	-1.621088657327803e-11
26.59690333168107	-1.57829731198037e-11
26.62447931197562	-1.536638638620898e-11
26.65205529227017	-1.496082576534901e-11
26.67963127256472	-1.456599865273938e-11
26.70720725285927	-1.418162023572916e-11
26.73478323315382	-1.380740626726923e-11
26.76235921344837	-1.344310172835995e-11
26.78993519374292	-1.308843670040903e-11
26.81751117403747	-1.274315543884262e-11
26.84508715433202	-1.240700899446362e-11
26.87266313462657	-1.207975503555028e-11
26.90023911492112	-1.176115767434806e-11
26.92781509521567	-1.145098729786702e-11
26.95539107551022	-1.114902040289957e-11
26.98296705580477	-1.085503943517079e-11
27.01054303609932	-1.056882728048707e-11
27.03811901639387	-1.029018909285242e-11
27.06569499668842	-1.001891873487265e-11
27.09327097698297	-9.754820843511781e-12
27.12084695727752	-9.497705244685091e-12
27.14842293757207	-9.247386817180057e-12
27.17599891786662	-9.003685360136599e-12
27.20357489816117	-8.766425463886395e-12
27.23115087845572	-8.535436384039864e-12
27.25872685875027	-8.310551918736754e-12
27.28630283904482	-8.091605960924966e-12
27.31387881933937	-7.87845017470102e-12
27.34145479963392	-7.670926798868843e-12
27.36903077992847	-7.468886576012192e-12
27.39660676022302	-7.27218421030598e-12
27.42418274051757	-7.08067826401154e-12
27.45175872081212	-6.894231056515878e-12
27.47933470110667	-6.71270856586732e-12
27.50691068140122	-6.535980332761294e-12
27.53448666169577	-6.363919366931281e-12
27.56206264199032	-6.196398857430085e-12
27.58963862228487	-6.033305241700728e-12
27.61721460257942	-5.874518076307301e-12
27.64479058287397	-5.719923310929725e-12
27.67236656316852	-5.569409920928881e-12
27.69994254346307	-5.422869828334502e-12
27.72751852375762	-5.280197824772515e-12
27.75509450405217	-5.141291496294877e-12
27.78267048434672	-5.006051150073695e-12
27.81024646464127	-4.87437974292292e-12
27.83782244493582	-4.746180170312859e-12
27.86539842523037	-4.621366055623122e-12
27.89297440552492	-4.499845160514151e-12
27.92055038581947	-4.381530325353415e-12
27.94812636611402	-4.266336701487187e-12
27.97570234640857	-4.154181690982545e-12
28.00327832670312	-4.044984887868093e-12
28.03085430699767	-3.93866802087747e-12
28.05843028729223	-3.83515489775896e-12
28.08600626758678	-3.734371351428499e-12
28.11358224788133	-3.636243106420266e-12
28.14115822817588	-3.540704236869014e-12
28.16873420847043	-3.447684199669722e-12
28.19631018876498	-3.357116371814908e-12
28.22388616905953	-3.268935886648978e-12
28.25146214935408	-3.183079309922254e-12
28.27903812964863	-3.099486310329988e-12
28.30661410994318	-3.018095727772679e-12
28.33419009023773	-2.938849866369348e-12
28.36176607053228	-2.861692008609347e-12
28.38934205082683	-2.786566419676389e-12
28.41691803112138	-2.71342057276075e-12
28.44449401141593	-2.642201570834381e-12
28.47206999171048	-2.572858489911357e-12
28.49964597200503	-2.505341753779367e-12
28.52722195229958	-2.439603099120892e-12
28.55479793259413	-2.375595541405845e-12
28.58237391288868	-2.313273341569999e-12
28.60994989318323	-2.252591973480004e-12
28.63752587347778	-2.193508092178727e-12
28.66510185377233	-2.135977727413803e-12
28.69267783406688	-2.07996346445165e-12
28.72025381436143	-2.025423585455302e-12
28.74782979465598	-1.972319177829995e-12
28.77540577495053	-1.920612372924784e-12
28.80298175524508	-1.87026633044984e-12
28.83055773553963	-1.821245236841052e-12
28.85813371583418	-1.773514340514204e-12
28.88570969612873	-1.727040107068808e-12
28.91328567642328	-1.681790900968163e-12
28.94086165671783	-1.637689263427981e-12
28.96843763701238	-1.594788763035519e-12
28.99601361730693	-1.553014579324292e-12
29.02358959760148	-1.512338110105567e-12
29.05116557789603	-1.472730791705797e-12
29.07874155819058	-1.434164591448858e-12
29.10631753848513	-1.396612129834532e-12
29.13389351877968	-1.360046711527317e-12
29.16146949907423	-1.324442327449681e-12
29.18904547936878	-1.289773646161954e-12
29.21662145966333	-1.256014869753111e-12
29.24419743995788	-1.223144410656667e-12
29.27177342025243	-1.191137649880327e-12
29.29934940054698	-1.159971806880078e-12
29.32692538084153	-1.129624703587158e-12
29.35450136113608	-1.100074748646696e-12
29.38207734143063	-1.071300922090402e-12
29.40965332172518	-1.043282760410129e-12
29.43722930201973	-1.016000342012366e-12
29.46480528231428	-9.894342730396336e-13
29.49238126260883	-9.635650495853635e-13
29.51995724290338	-9.383756092415057e-13
29.54753322319793	-9.138474138756754e-13
29.57510920349248	-8.899630374143568e-13
29.60268518378703	-8.667055140702531e-13
29.63026116408158	-8.440583264001818e-13
29.65783714437613	-8.220053936463803e-13
29.68541312467068	-8.005310603542351e-13
29.71298910496523	-7.796200852577131e-13
29.74056508525978	-7.592576304211656e-13
29.76814106555433	-7.394286187824998e-13
29.79571704584888	-7.201203095940129e-13
29.82329302614343	-7.013183716016696e-13
29.85086900643798	-6.830094717603107e-13
29.87844498673253	-6.651806288382015e-13
29.90602096702708	-6.478192043253933e-13
29.93359694732163	-6.309128935572851e-13
29.96117292761618	-6.144497170501317e-13
29.98874890791073	-5.984180120450737e-13
30.01632488820528	-5.828064242572571e-13
30.04390086849983	-5.676035408464911e-13
30.07147684879438	-5.527993582436834e-13
30.09905282908893	-5.383830285738185e-13
30.12662880938348	-5.243443480470184e-13
30.15420478967803	-5.106733820191367e-13
30.18178076997258	-4.973604580330199e-13
30.20935675026713	-4.843961590263417e-13
30.23693273056168	-4.717713167032772e-13
30.26450871085623	-4.594770050672084e-13
30.29208469115078	-4.475045341116349e-13
30.31966067144533	-4.358451273425851e-13
30.34723665173988	-4.244912150997884e-13
30.37481263203443	-4.134344530092065e-13
30.40238861232898	-4.026670310117239e-13
30.42996459262353	-3.921813448606786e-13
30.45754057291808	-3.819699908103513e-13
30.48511655321263	-3.720257604316033e-13
30.51269253350718	-3.62341635552869e-13
30.54026851380173	-3.529107833248627e-13
30.56784449409628	-3.437265514074798e-13
30.59542047439083	-3.347822365096625e-13
30.62299645468539	-3.260720136051727e-13
30.65057243497994	-3.175895075959279e-13
30.67814841527449	-3.093287387916537e-13
30.70572439556904	-3.012838849267511e-13
30.73330037586359	-2.934492771069952e-13
30.76087635615814	-2.858193958550251e-13
30.78845233645269	-2.783888672555277e-13
30.81602831674724	-2.711524592041725e-13
30.84360429704179	-2.641050777725586e-13
30.87118027733634	-2.572416320436999e-13
30.89875625763089	-2.50557600118071e-13
30.92633223792544	-2.440481401656739e-13
30.95390821821999	-2.377087204892364e-13
30.98148419851454	-2.315354445918212e-13
31.00906017880909	-2.255209612383579e-13
31.03663615910364	-2.196654205431271e-13
31.06421213939819	-2.139624258913004e-13
31.09178811969274	-2.084082026592902e-13
31.11936409998729	-2.029988808921441e-13
31.14694008028184	-1.977305753721047e-13
31.17451606057639	-1.925997816206787e-13
31.20209204087094	-1.876028216283744e-13
31.22966802116549	-1.827361871745806e-13
31.25724400146004	-1.779964624869226e-13
31.28481998175459	-1.733803217530577e-13
31.31239596204914	-1.68884526750068e-13
31.33997194234369	-1.645059245557436e-13
31.36754792263824	-1.602414453267828e-13
31.39512390293279	-1.560881001366959e-13
31.42269988322734	-1.520428647332345e-13
31.45027586352189	-1.481031462940672e-13
31.47785184381644	-1.442660686730746e-13
31.50542782411099	-1.405289445577617e-13
31.53300380440554	-1.368891571847924e-13
31.56057978470009	-1.333441585330152e-13
31.58815576499464	-1.298914675578924e-13
31.61573174528919	-1.265286684669646e-13
31.64330772558374	-1.232534090358823e-13
31.67088370587829	-1.200633989644622e-13
31.69845968617284	-1.169564082721636e-13
31.72603566646739	-1.139302657323467e-13
31.75361164676194	-1.109828573446437e-13
31.78118762705649	-1.081121248447634e-13
31.80876360735104	-1.053160642510208e-13
31.83633958764559	-1.025927244468978e-13
31.86391556794014	-9.994020579890194e-14
31.89149154823469	-9.735665880901798e-14
31.91906752852924	-9.484028280103322e-14
31.94664350882379	-9.238932464000372e-14
31.97421948911834	-9.000207748416501e-14
32.00179546941289	-8.767687956855443e-14
32.02937144970744	-8.541211301964761e-14
32.05694743000199	-8.320620270029482e-14
32.08452341029654	-8.105761508427056e-14
32.11209939059109	-7.89648571597316e-14
32.13967537088564	-7.692647536090268e-14
32.16725135118019	-7.494105452731832e-14
32.19482733147474	-7.300721688993963e-14
32.22240331176929	-7.112362108349248e-14
