0
1000	105.6583745	100000000000000.1
5	0	0	1
5	0	0	0
4.673998997513734	1.387659596583611e-11
4.701574977808284	2.816414172384672e-11
4.729150958102834	4.214066778163422e-11
4.756726938397384	5.714675562621472e-11
4.784302918691934	7.348364172278569e-11
4.811878898986484	9.124054982928086e-11
4.839454879281035	1.104361929526541e-10
4.867030859575585	1.310620314001886e-10
4.894606839870135	1.530992154463979e-10
4.922182820164685	1.765261136549508e-10
4.949758800459235	2.013218551143382e-10
4.977334780753785	2.274679995423427e-10
5.004910761048335	2.549492712864123e-10
5.032486741342885	2.837538097227717e-10
5.060062721637435	3.138731683475884e-10
5.087638701931986	3.453021866419618e-10
5.115214682226536	3.780388025633166e-10
5.142790662521086	4.120838430847255e-10
5.170366642815636	4.474408132537555e-10
5.197942623110186	4.84115694622954e-10
5.225518603404736	5.221167583923563e-10
5.253094583699286	5.614543954489995e-10
5.280670563993836	6.021409637044179e-10
5.308246544288386	6.441906521538982e-10
5.335822524582936	6.876193605814506e-10
5.363398504877487	7.324445936127498e-10
5.390974485172037	7.786853677600369e-10
5.418550465466587	8.263621301348541e-10
5.446126445761137	8.754966875850312e-10
5.473702426055687	9.261121451154304e-10
5.501278406350237	9.782369018387733e-10
5.528854386644787	1.031898962862745e-09
5.556430366939337	1.08711351188787e-09
5.584006347233887	1.14391173646027e-09
5.611582327528438	1.202326771172827e-09
5.639158307822988	1.262380953476627e-09
5.666734288117538	1.324101293159891e-09
5.694310268412088	1.387533120638124e-09
5.721886248706638	1.452701379002319e-09
5.749462229001188	1.519639188683594e-09
5.777038209295738	1.58838939833211e-09
5.804614189590288	1.658981994778764e-09
5.832190169884838	1.731461879122759e-09
5.859766150179389	1.805861548203183e-09
5.887342130473939	1.882222294332149e-09
5.914918110768489	1.960598267954391e-09
5.942494091063039	2.041014931163668e-09
5.970070071357589	2.123529324046429e-09
5.997646051652139	2.208184006554068e-09
6.025222031946689	2.295025824978117e-09
6.052798012241239	2.384107639381527e-09
6.080373992535789	2.475478213113591e-09
6.107949972830339	2.569187521270535e-09
6.13552595312489	2.665293263809097e-09
6.16310193341944	2.76384293377237e-09
6.19067791371399	2.864905100987953e-09
6.21825389400854	2.968530169856961e-09
6.24582987430309	3.074783902230406e-09
6.27340585459764	3.183716743851952e-09
6.30098183489219	3.295408791208848e-09
6.32855781518674	3.409913842845669e-09
6.35613379548129	3.527298437955851e-09
6.383709775775841	3.64764423295728e-09
6.411285756070391	3.771014600221017e-09
6.438861736364941	3.89747406692597e-09
6.466437716659491	4.027111222504561e-09
6.494013696954041	4.159991998258684e-09
6.521589677248591	4.296211792692413e-09
6.549165657543141	4.435842401927507e-09
6.576741637837691	4.57895703431213e-09
6.604317618132241	4.725654765467007e-09
6.631893598426791	4.876018769945782e-09
6.659469578721342	5.030131175296936e-09
6.687045559015892	5.188113515325543e-09
6.714621539310442	5.350030644177871e-09
6.742197519604992	5.515995292190774e-09
6.769773499899542	5.686106435136744e-09
6.797349480194092	5.860465035605814e-09
6.824925460488642	6.039168352958584e-09
6.852501440783192	6.222345307044026e-09
6.880077421077742	6.410109326842714e-09
6.907653401372293	6.602555854336757e-09
6.935229381666843	6.799827507163037e-09
6.962805361961393	7.002013196842199e-09
6.990381342255943	7.209233085479423e-09
7.017957322550493	7.421722141918584e-09
7.045533302845043	7.639477176221484e-09
7.073109283139593	7.862672382047382e-09
7.100685263434143	8.091510590040863e-09
7.128261243728693	8.32603222594447e-09
7.155837224023244	8.566437088064608e-09
7.183413204317794	8.812865449813554e-09
7.210989184612344	8.873549196924454e-09
7.238565164906894	9.324466991482218e-09
7.266141145201444	9.589937172591574e-09
7.293717125495994	9.862096408190212e-09
7.321293105790544	1.014105043461361e-08
7.348869086085094	1.042702702533384e-08
7.376445066379644	1.072023859118276e-08
7.404021046674194	1.10208062312631e-08
7.431597026968745	1.132896503688549e-08
7.459173007263295	1.164486156651831e-08
7.486748987557845	1.196869743998304e-08
7.514324967852395	1.230078617413999e-08
7.541900948146945	1.264119478147388e-08
7.569476928441495	1.299022136577509e-08
7.597052908736045	1.334802629544876e-08
7.624628889030595	1.371492372097888e-08
7.652204869325145	1.409104986781282e-08
7.679780849619696	1.447673741902736e-08
7.707356829914246	1.487214161843173e-08
7.734932810208796	1.527751054518304e-08
7.762508790503346	1.569311233430211e-08
7.790084770797896	1.611943089156917e-08
7.817660751092446	1.655224130379188e-08
7.845236731386996	1.700460695481169e-08
7.872812711681546	1.74642667905695e-08
7.900388691976096	1.793573738863176e-08
7.927964672270646	1.841922602023251e-08
7.955540652565197	1.891520609028151e-08
7.983116632859747	1.942391377684032e-08
8.010692613154298	1.994554707383011e-08
8.038268593448848	2.048087998848686e-08
8.065844573743398	2.103020460520018e-08
8.093420554037948	2.159368411798412e-08
8.120996534332498	2.217187219531219e-08
8.148572514627048	2.276552551063304e-08
8.176148494921598	2.33746759517202e-08
8.203724475216148	2.400000076503978e-08
8.231300455510699	2.464171817809209e-08
8.258876435805249	2.5300310544313e-08
8.286452416099799	2.597683821720291e-08
8.314028396394349	2.667112468229713e-08
8.341604376688899	2.738411868712712e-08
8.369180356983449	2.811583490801277e-08
8.396756337277999	2.886750660544744e-08
8.424332317572549	2.96389082743675e-08
8.451908297867099	3.043144432596866e-08
8.47948427816165	3.124506965231229e-08
8.5070602584562	3.208076012096054e-08
8.53463623875075	3.293865982506087e-08
8.5622122190453	3.382008890397135e-08
8.58978819933985	3.47250815900149e-08
8.6173641796344	3.565468361817574e-08
8.64494015992895	3.660937191122176e-08
8.6725161402235	3.759011425917947e-08
8.70009212051805	3.859710853147172e-08
8.7276681008126	3.963187593046018e-08
8.755244081107151	4.069440418683135e-08
8.782820061401701	4.178622188792389e-08
8.810396041696251	4.290754200760989e-08
8.837972021990801	4.405942575219076e-08
8.865548002285351	4.524281293190215e-08
8.893123982579901	4.645823950540866e-08
8.920699962874451	4.770714573636739e-08
8.948275943169001	4.899003497550973e-08
8.975851923463551	5.030782199099798e-08
9.003427903758102	5.16619954651308e-08
9.031003884052652	5.305261358718138e-08
9.058579864347202	5.448203810224653e-08
9.086155844641752	5.595042719711042e-08
9.113731824936302	5.745857148289695e-08
9.141307805230852	5.900853610161866e-08
9.168883785525402	6.060042842051626e-08
9.196459765819952	6.223652994351618e-08
9.224035746114502	6.391746028742678e-08
9.251611726409052	6.564436448041719e-08
9.279187706703603	6.74187192697923e-08
9.306763686998153	6.924193000823237e-08
9.334339667292703	7.111482734031235e-08
9.361915647587253	7.303946709274122e-08
9.389491627881803	7.501716105309228e-08
9.417067608176353	7.704873014983345e-08
9.444643588470903	7.913634363492538e-08
9.472219568765453	8.128151721442624e-08
9.499795549060003	8.348547263346938e-08
9.527371529354554	8.575008567723248e-08
9.554947509649104	8.807718330421688e-08
9.582523489943654	9.046787795438241e-08
9.610099470238204	9.292469914393955e-08
9.637675450532754	9.544905222915521e-08
9.665251430827304	9.804291379234817e-08
9.692827411121854	1.007078245141478e-07
9.720403391416404	1.034464680772672e-07
9.747979371710954	1.062601853147601e-07
9.775555352005505	1.091513373386094e-07
9.803131332300055	1.121223006337342e-07
9.830707312594605	1.151750115261965e-07
9.858283292889155	1.183115394001968e-07
9.885859273183705	1.215342084077018e-07
9.913435253478255	1.248458878637943e-07
9.941011233772805	1.282487781313429e-07
9.968587214067355	1.317447589596056e-07
9.996163194361905	1.353374870220554e-07
10.02373917465646	1.390291233839928e-07
10.05131515495101	1.428222857215058e-07
10.07889113524556	1.467193007588004e-07
10.10646711554011	1.507241131010611e-07
10.13404309583466	1.548390009818301e-07
10.16161907612921	1.590670826004865e-07
10.18919505642376	1.634109166942831e-07
10.21677103671831	1.678747860818927e-07
10.24434701701286	1.724614491939793e-07
10.27192299730741	1.771742030487987e-07
10.29949897760196	1.820165726007355e-07
10.32707495789651	1.869915324521187e-07
10.35465093819106	1.921038064079341e-07
10.38222691848561	1.973565788312548e-07
10.40980289878016	2.027537471082581e-07
10.43737887907471	2.082989997933705e-07
10.46495485936926	2.13996610150894e-07
10.49253083966381	2.198510719398669e-07
10.52010681995836	2.258663090092496e-07
10.54768280025291	2.320467871438065e-07
10.57525878054746	2.38396531027678e-07
10.60283476084201	2.449208981094799e-07
10.63041074113656	2.516246397863641e-07
10.65798672143111	2.585124951254899e-07
10.68556270172566	2.655887125074126e-07
10.71313868202021	2.728598522131105e-07
10.74071466231476	2.803303376774947e-07
10.76829064260931	2.880084210700957e-07
10.79586662290386	2.958921297128851e-07
10.82344260319841	3.039943377261876e-07
10.85101858349296	3.123190750667506e-07
10.87859456378751	3.208720465525562e-07
10.90617054408206	3.296593986335786e-07
10.93374652437661	3.386877912554331e-07
10.96132250467116	3.479637515953629e-07
10.98889848496571	3.574934253827875e-07
11.01647446526026	3.672847475132752e-07
11.04405044555481	3.773441778230031e-07
11.07162642584936	3.876794637587526e-07
11.09920240614391	3.982972344728756e-07
11.12677838643846	4.092063197598283e-07
11.15435436673301	4.204142409962138e-07
11.18193034702756	4.319289506947626e-07
11.20950632732211	4.437590966121789e-07
11.23708230761666	4.55912778168887e-07
11.26465828791121	4.683992952301599e-07
11.29223426820576	4.812272559840375e-07
11.31981024850031	4.944065152728368e-07
11.34738622879486	5.079463857484738e-07
11.37496220908941	5.218566431402585e-07
11.40253818938396	5.361471604929041e-07
11.43011416967851	5.50828782740783e-07
11.45769014997306	5.659112831470603e-07
11.48526613026761	5.814067935938753e-07
11.51284211056216	5.973260052780542e-07
11.54041809085671	6.136802808768057e-07
11.56799407115126	6.304817177788984e-07
11.59557005144581	6.477421928246337e-07
11.62314603174036	6.654737735744094e-07
11.65072201203491	6.836905537625618e-07
11.67829799232946	7.02405082140051e-07
11.70587397262401	7.216308736501322e-07
11.73344995291856	7.413820820108069e-07
11.76102593321311	7.616722927957542e-07
11.78860191350766	7.82516800686702e-07
11.81617789380221	8.039302745581458e-07
11.84375387409676	8.259289086278329e-07
11.87132985439131	8.485282321308181e-07
11.89890583468586	8.71744425031701e-07
11.92648181498041	8.955944636816637e-07
11.95405779527496	9.200955821737519e-07
11.98163377556951	9.452654678742687e-07
12.00920975586406	9.711215872451254e-07
12.03678573615861	9.976841322563105e-07
12.06436171645316	1.024971641717595e-06
12.09193769674771	1.053003599191895e-06
12.11951367704226	1.081800627874929e-06
12.14708965733681	1.11138335536132e-06
12.17466563763136	1.141773269230333e-06
12.20224161792591	1.172992126676129e-06
12.22981759822046	1.205061966238125e-06
12.25739357851501	1.238007456616979e-06
12.28496955880956	1.271851671833916e-06
12.31254553910411	1.30661900675605e-06
12.34012151939866	1.342334729461892e-06
12.36769749969321	1.379024438588065e-06
12.39527347998776	1.416714872553511e-06
12.42284946028231	1.455433299806223e-06
12.45042544057686	1.495207026040758e-06
12.47800142087141	1.536065877728065e-06
12.50557740116597	1.578039144125924e-06
12.53315338146052	1.621156775094352e-06
12.56072936175507	1.665450283960316e-06
12.58830534204962	1.710951530424011e-06
12.61588132234417	1.757693479712034e-06
12.64345730263872	1.805709833748191e-06
12.67103328293327	1.855034823247909e-06
12.69860926322782	1.905705280715087e-06
12.72618524352237	1.957756965165475e-06
12.75376122381692	2.011228035923292e-06
12.78133720411147	2.066156938292276e-06
12.80891318440602	2.122583439880637e-06
12.83648916470057	2.180496032345327e-06
12.86406514499512	2.240093353847391e-06
12.89164112528967	2.301261698127887e-06
12.91921710558422	2.364097052770264e-06
12.94679308587877	2.428645996847134e-06
12.97436906617332	2.494954685712232e-06
13.00194504646787	2.563070904355491e-06
13.02952102676242	2.633044204591359e-06
13.05709700705697	2.704925046961683e-06
13.08467298735152	2.778765343243617e-06
13.11224896764607	2.854618798709359e-06
13.13982494794062	2.932539937063237e-06
13.16740092823517	3.012585265799012e-06
13.19497690852972	3.09481228831283e-06
13.22255288882427	3.179281496005011e-06
13.25012886911882	3.266053278191298e-06
13.27770484941337	3.354541945084233e-06
13.30528082970792	3.446757312577993e-06
13.33285681000247	3.54082094276568e-06
13.36043279029702	3.637448598961537e-06
13.38800877059157	3.73671045576578e-06
13.41558475088612	3.838678213279219e-06
13.44316073118067	3.943426020462329e-06
13.47073671147522	4.051028597042545e-06
13.49831269176977	4.161565301405348e-06
13.52588867206432	4.275115463324841e-06
13.55346465235887	4.391761420675725e-06
13.58104063265342	4.511587274635295e-06
13.60861661294797	4.634679715969455e-06
13.63619259324252	4.761128192525557e-06
13.66376857353707	4.891024223385471e-06
13.69134455383162	5.024461570495117e-06
13.71892053412617	5.161536819708641e-06
13.74649651442072	5.302348691618208e-06
13.77407249471527	5.446999278916765e-06
13.80164847500982	5.59559595561862e-06
13.82922445530437	5.748242976412087e-06
13.85680043559892	5.905051983536929e-06
13.88437641589347	6.066136550721797e-06
13.91195239618802	6.231613171571209e-06
13.93952837648257	6.40160175924836e-06
13.96710435677712	6.576224795143869e-06
13.99468033707167	6.75560972775447e-06
14.02225631736622	6.939885958660021e-06
14.04983229766077	7.129187290202681e-06
14.07740827795532	7.323649703163614e-06
14.10498425824987	7.523415333475007e-06
14.13256023854442	7.728628349080737e-06
14.16013621883897	7.939437230705441e-06
14.18771219913352	8.1559956403211e-06
14.21528817942807	8.378458330417054e-06
14.24286415972262	8.606988143899447e-06
14.27044014001717	8.841750155339573e-06
14.29801612031172	9.082914244008407e-06
14.32559210060627	9.330654391458629e-06
14.35316808090082	9.585153226428272e-06
14.38074406119537	9.846591572123958e-06
14.40832004148992	1.011515986923314e-05
14.43589602178447	1.039105279717771e-05
14.46347200207902	1.067447089512526e-05
14.49104798237357	1.096561884949722e-05
14.51862396266812	1.126470776420881e-05
14.54619994296267	1.157195440666417e-05
14.57377592325722	1.188758130245632e-05
14.60135190355177	1.221181733591134e-05
14.62892788384632	1.254489722666529e-05
14.65650386414087	1.288706243905309e-05
14.68407984443542	1.323856103661986e-05
14.71165582472997	1.359964740077268e-05
14.73923180502452	1.397058397945023e-05
14.76680778531907	1.435163905918087e-05
14.79438376561362	1.474308856258204e-05
14.82195974590817	1.514521683197708e-05
14.84953572620272	1.555831544407748e-05
14.87711170649727	1.598268366813012e-05
14.90468768679182	1.641862911566604e-05
14.93226366708637	1.686646768930404e-05
14.95983964738092	1.732652393878151e-05
14.98741562767547	1.779913191906758e-05
15.01499160797002	1.828463401468631e-05
15.04256758826457	1.878338171731511e-05
15.07014356855912	1.929573750777669e-05
15.09771954885368	1.982207249663437e-05
15.12529552914823	2.036276787861143e-05
15.15287150944278	2.091821649894903e-05
15.18044748973733	2.14888203848657e-05
15.20802347003188	2.207499433563639e-05
15.23559945032643	2.267716336187915e-05
15.26317543062098	2.32957633783606e-05
15.29075141091553	2.393124346654586e-05
15.31832739121008	2.458406456737814e-05
15.34590337150463	2.525470002349365e-05
15.37347935179918	2.594363597314509e-05
15.40105533209373	2.665137329570622e-05
15.42863131238828	2.737842425379699e-05
15.45620729268283	2.812531664763155e-05
15.48378327297738	2.889259222188223e-05
15.51135925327193	2.968080772713923e-05
15.53893523356648	3.049053490194709e-05
15.56651121386103	3.132236150580157e-05
15.59408719415558	3.217689040723779e-05
15.62166317445013	3.305474152653522e-05
15.64923915474468	3.395655319734373e-05
15.67681513503923	3.488297818924974e-05
15.70439111533378	3.583469037338722e-05
15.73196709562833	3.681237903925837e-05
15.75954307592288	3.781675446339054e-05
15.78711905621743	3.884854477352702e-05
15.81469503651198	3.990849947600826e-05
15.84227101680653	4.099738736587957e-05
15.86984699710108	4.211599882857218e-05
15.89742297739563	4.32651457695015e-05
15.92499895769018	4.444566252614881e-05
15.95257493798473	4.565840570030283e-05
15.98015091827928	4.690425562291023e-05
16.00772689857383	4.818411637141251e-05
16.03530287886838	4.9498917459399e-05
16.06287885916293	5.084961303130631e-05
16.09045483945748	5.223718299631077e-05
16.11803081975203	5.366263678403484e-05
16.14560680004658	5.512700732277347e-05
16.17318278034113	5.663135870051708e-05
16.20075876063568	5.81767830321568e-05
16.22833474093023	5.976439929435086e-05
16.25591072122478	6.139536912760187e-05
16.28348670151933	6.307086822480877e-05
16.31106268181388	6.479211570806108e-05
16.33863866210843	6.656036212332971e-05
16.36621464240298	6.837689071221973e-05
16.39379062269753	7.024302123687681e-05
16.42136660299208	7.216010902383979e-05
16.44894258328663	7.412954575068836e-05
16.47651856358118	7.615276184435554e-05
16.50409454387573	7.823122791949528e-05
16.53167052417028	8.036645225069536e-05
16.55924650446483	8.255998733347413e-05
16.58682248475938	8.481342402171633e-05
16.61439846505393	8.712840118225849e-05
16.64197444534848	8.950659981775477e-05
16.66955042564303	9.194974709385017e-05
16.69712640593758	9.445961992492664e-05
16.72470238623213	9.703803811174532e-05
16.75227836652668	9.96868783287947e-05
16.77985434682123	0.0001024080628956758
16.80743032711578	0.0001052035695722494
16.83500630741033	0.0001080754294675097
16.86258228770488	0.0001110257298135895
16.89015826799943	0.0001140566126178426
16.91773424829398	0.0001171702821888672
16.94531022858853	0.0001203690001336339
16.97288620888308	0.0001236550908849383
17.00046218917763	0.0001270309423611146
17.02803816947218	0.0001304990101861281
17.05561414976673	0.0001340618102384366
17.08319013006128	0.0001377219338739024
17.11076611035583	0.0001414820421718846
17.13834209065038	0.0001453448665462726
17.16591807094493	0.0001493132161895949
17.19349405123948	0.0001533899748467283
17.22107003153403	0.0001575781074935676
17.24864601182858	0.0001618806571040872
17.27622199212313	0.0001663007470799618
17.30379797241768	0.0001708415962565236
17.33137395271223	0.0001755065039600566
17.35894993300678	0.0001802988585088992
17.38652591330133	0.0001852221539050879
17.41410189359588	0.0001902789981291648
17.44167787389043	0.0001954759531406582
17.46925385418498	0.000200813915924516
17.49682983447953	0.0002062977284444006
17.52440581477408	0.0002119313696210428
17.55198179506863	0.0002177189611008682
17.57955777536318	0.0002236646857846112
17.60713375565773	0.0002297728753587229
17.63470973595228	0.0002360479722793878
17.66228571624683	0.0002424945395551267
17.68986169654139	0.0002491172649048532
17.71743767683594	0.0002559209676141172
17.74501365713049	0.0002629105912141531
17.77258963742504	0.0002700912243543959
17.80016561771959	0.0002774680865719961
17.82774159801414	0.0002850465439898126
17.85531757830869	0.0002928321088369759
17.88289355860324	0.0003008304462918053
17.91046953889779	0.0003090473713126195
17.93804551919234	0.0003174888630367871
17.96562149948689	0.0003261610619992624
17.99319747978144	0.0003350702767018412
18.02077346007599	0.0003442229894700937
18.04834944037054	0.0003536258606462067
18.07592542066509	0.0003632857251102434
18.10350140095964	0.0003732096169706841
18.13107738125419	0.0003834047549675517
18.15865336154874	0.0003938785572342666
18.18622934184329	0.0004046386446352158
18.21380532213784	0.0004156928466137657
18.24138130243239	0.0004270492084080584
18.26895728272694	0.0004387159920833784
18.29653326302149	0.0004507016884972471
18.32410924331604	0.0004630150201472449
18.35168522361059	0.0004756649492683994
18.37926120390514	0.0004886606796792978
18.40683718419969	0.0005020116693361093
18.43441316449424	0.0005157276426074858
18.46198914478879	0.0005298185749356273
18.48956512508334	0.0005442947250968904
18.51714110537789	0.0005591666300836187
18.54471708567244	0.0005744451151565632
18.57229306596699	0.0005901413024360268
18.59986904626154	0.0006062666164596061
18.62744502655609	0.0006228328020153255
18.65502100685064	0.0006398519125197594
18.68259698714519	0.000657336340260688
18.71017296743974	0.0006752988146757186
18.73774894773429	0.000693752413994015
18.76532492802884	0.0007127105734948615
18.79290090832339	0.0007321870985153902
18.82047688861794	0.0007521961699115479
18.84805286891249	0.0007727523553674759
18.87562884920704	0.0007938706251676747
18.90320482950159	0.0008155663566967426
18.93078080979614	0.0008378553493823754
18.95835679009069	0.0008607538347423456
18.98593277038524	0.0008842784893785936
19.01350875067979	0.0009084464489314046
19.04108473097434	0.0009332753073232777
19.06866071126889	0.0009587831541562848
19.09623669156344	0.000984988567170126
19.12381267185799	0.001011910632029612
19.15138865215254	0.00103956895825362
19.17896463244709	0.001067983695793826
19.20654061274164	0.001097175537558356
19.23411659303619	0.001127165758176164
19.26169257333074	0.001157976196113357
19.28926855362529	0.001189629299348548
19.31684453391984	0.001222148128269562
19.34442051421439	0.001255556373798303
19.37199649450894	0.001289878376667517
19.39957247480349	0.00132513914073642
19.42714845509804	0.001361364367136631
19.45472443539259	0.001398580440714227
19.48230041568714	0.001436814482667091
19.50987639598169	0.001476094350433043
19.53745237627624	0.001516448671086803
19.56502835657079	0.001557906853422865
19.59260433686534	0.001600499094039545
19.62018031715989	0.001644256459898742
19.64775629745444	0.00168921081720703
19.67533227774899	0.001735394943650447
19.70290825804354	0.001782842490040243
19.73048423833809	0.00183158804501955
19.75806021863264	0.001881667136129122
19.78563619892719	0.001933116240302888
19.81321217922174	0.001985972915396453
19.84078815951629	0.002040275644998413
19.86836413981084	0.002096064025645006
19.89594012010539	0.002153378729475906
19.92351610039994	0.002212261533133749
19.95109208069449	0.002272755364723913
19.97866806098904	0.002334904318273324
20.00624404128359	0.002398753729615214
20.03382002157814	0.002464350123209405
20.06139600187269	0.00253174133467494
20.08897198216724	0.00260097649895896
20.11654796246179	0.002672106094803597
20.14412394275634	0.002745181997219496
20.17169992305089	0.002820257474752655
20.19927590334544	0.002897387288240904
20.22685188363999	0.00297662766625183
20.25442786393454	0.003058036403534475
20.2820038442291	0.003141672857279161
20.30957982452365	0.003227598027446618
20.3371558048182	0.003315874575051332
20.36473178511275	0.003406566887182304
20.3923077654073	0.003499741102658405
20.41988374570185	0.003595465143843258
20.4474597259964	0.003693808871659454
20.47503570629095	0.00379484400031973
20.5026116865855	0.003898644205431383
20.53018766688005	0.004005285221312447
20.5577636471746	0.004114844814471557
20.58533962746915	0.004227402905591086
20.6129156077637	0.004343041561402815
20.64049158805825	0.004461845244614399
20.6680675683528	0.00458390055137677
20.69564354864735	0.00470929646584683
20.7232195289419	0.004838124516349927
20.75079550923645	0.004970478675046385
20.778371489531	0.005106455454484754
20.80594746982555	0.005246154200325593
20.8335234501201	0.005389676640430456
20.86109943041465	0.005537127593307687
20.8886754107092	0.005688614579192909
20.91625139100375	0.00584424815044092
20.9438273712983	0.006004141864791235
20.97140335159285	0.0061684123162927
20.9989793318874	0.006337179509990836
21.02655531218195	0.006510566391058492
21.0541312924765	0.006688699198724946
21.08170727277105	0.006871708968365406
21.1092832530656	0.007059728168766571
21.13685923336015	0.007252894358080749
21.1644352136547	0.007451348463919355
21.19201119394925	0.007655235281090434
21.2195871742438	0.007864703723840235
21.24716315453835	0.008079906431539403
21.2747391348329	0.008301000605108995
21.30231511512745	0.008528147452270873
21.329891095422	0.008761512910378284
21.35746707571655	0.009001267066447329
21.3850430560111	0.009247584960070944
21.41261903630565	0.009500646225048131
21.4401950166002	0.009760634761776014
21.46777099689475	0.01002774362813572
21.4953469771893	0.0103021641109473
21.52292295748385	0.01058409779762209
21.5504989377784	0.01087375035056567
21.57807491807295	0.01117133325359023
21.6056508983675	0.01147706383855202
21.63322687866205	0.01179116458956637
21.6608028589566	0.01211386594765248
21.68837883925115	0.01244540254278967
21.7159548195457	0.01278601668492096
21.74353079984025	0.0131359571159241
21.7711067801348	0.01349547884105629
21.79868276042935	0.01386484468018107
21.8262587407239	0.01424432419651042
21.85383472101845	0.01463419424791921
21.881410701313	0.01503473984994073
21.90898668160755	0.01544625300077444
21.9365626619021	0.01586903442801913
21.96413864219665	0.01630339250071973
21.9917146224912	0.01674964447737979
22.01929060278575	0.01720811600561398
22.0468665830803	0.01767914239213703
22.07444256337485	0.01816306681358026
22.1020185436694	0.01866024310584846
22.12959452396395	0.0191710339999835
22.1571705042585	0.01969581260567496
22.18474648455305	0.02023496217652692
22.2123224648476	0.02078887622151446
22.23989844514215	0.02135795930777891
22.2674744254367	0.02194262710008506
22.29505040573125	0.02254330629751286
22.3226263860258	0.02316043576013846
22.35020236632035	0.02379446628820884
22.3777783466149	0.02444586066847101
22.40535432690945	0.02511509470477222
22.432930307204	0.02580265736670757
22.46050628749855	0.02650905047623241
22.4880822677931	0.02723479030176657
22.51565824808765	0.02798040635430071
22.5432342283822	0.02874644380068493
22.57081020867675	0.02953345940044035
22.5983861889713	0.03034203581756797
22.62596216926585	0.03117275588128846
22.6535381495604	0.03202622821486608
22.68111412985495	0.03290307823086223
22.7086901101495	0.0338039446247234
22.73626609044405	0.0347294864579392
22.7638420707386	0.03568037924659798
22.79141805103315	0.03665731775888467
22.8189940313277	0.03766101614830476
22.84657001162225	0.03869220775135458
22.87414599191681	0.03975165560627407
22.90172197221136	0.04084010318121528
22.92929795250591	0.04195837680306751
22.95687393280046	0.04310728261201735
22.98444991309501	0.04428766132261452
23.01202589338956	0.04550037418781818
23.03960187368411	0.04674630777141804
23.06717785397866	0.04802637249852548
23.09475383427321	0.04934150398597451
23.12232981456776	0.05069266220218385
23.14990579486231	0.05208083606232848
23.17748177515686	0.05350703802300902
23.20505775545141	0.05497231339031015
23.23263373574596	0.05647773054088315
23.26020971604051	0.05802439015059576
23.28778569633506	0.05961342255374746
23.31536167662961	0.06124598930119936
23.34293765692416	0.06292328525386738
23.37051363721871	0.06464653089395681
23.39808961751326	0.06641699150377492
23.42566559780781	0.06823595907122829
23.45324157810236	0.07010476309375463
23.48081755839691	0.07202476962272225
23.50839353869146	0.07399738203926406
23.53596951898601	0.07602404235407417
23.56354549928056	0.0781062320665793
23.59112147957511	0.08024547218682428
23.61869745986966	0.0824433298895736
23.64627344016421	0.08470140812782394
23.67384942045876	0.08702135954014405
23.70142540075331	0.08940487974458985
23.72900138104786	0.09185370864221154
23.75657736134241	0.09436964500456474
23.78415334163696	0.09695451969398815
23.81172932193151	0.09961022557992852
23.83930530222606	0.1023388401502953
23.86688128252061	0.1051419505137427
23.89445726281516	0.1080220145786674
23.92203324310971	0.1109810022054792
23.94960922340426	0.1140210768516441
23.97718520369881	0.1171444615823487
24.00476118399336	0.1203534403413038
24.03233716428791	0.123650359426827
24.05991314458246	0.1270376302189099
24.08748912487701	0.1305177299677766
24.11506510517156	0.1340932024424917
24.14264108546611	0.1377666641277869
24.17021706576066	0.1415408007911361
24.19779304605521	0.1454183727618832
24.22536902634976	0.1494022159726965
24.25294500664431	0.1534952438638634
24.28052098693886	0.1577004511811237
24.30809696723341	0.1620209105079443
24.33567294752796	0.1664597861749112
24.36324892782251	0.1710203217619821
24.39082490811706	0.1757058562514653
24.41840088841161	0.1805198141062229
24.44597686870616	0.1854657176113348
24.47355284900071	0.1905471848040647
24.50112882929526	0.1957679331710103
24.52870480958981	0.2011317814050998
24.55628078988436	0.2066426533258792
24.58385677017891	0.2123045814207227
24.61143275047346	0.2181217072537659
24.63900873076801	0.2240982865043269
24.66658471106256	0.2302386907410304
24.69416069135711	0.2365474148512723
24.72173667165166	0.2430290728570904
24.74931265194621	0.2496884075995869
24.77688863224076	0.2565302911612716
24.80446461253531	0.2635597300308701
24.83204059282986	0.2707818675163524
24.85961657312441	0.2782019593748827
24.88719255341896	0.2858255223056389
24.91476853371351	0.2936580447575856
24.94234451400806	0.3017052941241984
24.96992049430261	0.3099731532900515
24.99749647459716	0.3184676742293668
25.02507245489171	0.3271950735338202
25.05264843518626	0.3361617378701932
25.08022441548081	0.3453742294735289
25.10780039577536	0.3548392901211996
25.13537637606991	0.3645638491907471
25.16295235636446	0.374555014298817
25.19052833665901	0.3848201190773678
25.21810431695356	0.3953666418763098
25.24568029724811	0.4062023525389769
25.27325627754266	0.4173351389565491
25.30083225783721	0.428773163727108
25.32840823813176	0.4405247994397891
25.35598421842631	0.4525986478357824
25.38356019872086	0.4650035470721179
25.41113617901541	0.477748578363715
25.43871215930996	0.4908430705522505
25.46628813960452	0.5042966096152269
25.49386411989907	0.5181190475314771
25.52144010019362	0.532320493282616
25.54901608048817	0.5469113541811506
25.57659206078272	0.5619023084507145
25.60416804107727	0.5773043313258133
25.63174402137182	0.593128698788252
25.65932000166637	0.6093869967088691
25.68689598196092	0.6260911307900254
25.71447196225547	0.64325332674018
25.74204794255002	0.6608861445474888
25.76962392284457	0.6790025232749127
25.79719990313912	0.6976157002135566
25.82477588343367	0.7167393097784586
25.85235186372822	0.7363873598009052
25.87992784402277	0.7565742361818303
25.90750382431732	0.7773147212613992
25.93507980461187	0.7986240030627496
25.96265578490642	0.8205176882293336
25.99023176520097	0.8430118053660983
26.01780774549552	0.8661228305233102
26.04538372579007	0.8898677203167265
26.07295970608462	0.9142637665181366
26.10053568637917	0.9393289439993074
26.12811166667372	0.9650815655618697
26.15568764696827	0.9915404969705158
26.18326362726282	1.018725115625115
26.21083960755737	1.046655333312333
26.23841558785192	1.075351607745778
26.26599156814647	1.104834955937249
26.29356754844102	1.135126973870827
26.32114352873557	1.166249776287792
26.34871950903012	1.198226392229342
26.37629548932467	1.231080013287004
26.40387146961922	1.264834780547106
26.43144744991377	1.299515422864643
26.45902343020832	1.335147342380334
26.48659941050287	1.37175664700239
26.51417539079742	1.409370153078517
26.54175137109197	1.448015419115894
26.56932735138652	1.487720754141695
26.59690333168107	1.528515095157571
26.62447931197562	1.570428785008604
26.65205529227017	1.613492087470845
26.67963127256472	1.657736695647753
26.70720725285927	1.703195028347063
26.73478323315382	1.749900393335084
26.76235921344837	1.797887013145058
26.78993519374292	1.847190046309797
26.81751117403747	1.89784562252857
26.84508715433202	1.949890861302381
26.87266313462657	2.003363924294765
26.90023911492112	2.058303894688117
26.92781509521567	2.114751156103056
26.95539107551022	2.172747021085276
26.98296705580477	2.232333993265235
27.01054303609932	2.293555740828314
27.03811901639387	2.356457130484275
27.06569499668842	2.421084260902187
27.09327097698297	2.487484496185693
27.12084695727752	2.555706500020436
27.14842293757207	2.625800275801904
27.17599891786662	2.69781716071566
27.20357489816117	2.771810029246714
27.23115087845572	2.84783303500264
27.25872685875027	2.925941922625172
27.28630283904482	3.006193944356043
27.31387881933937	3.088647924615092
27.34145479963392	3.173364302704274
27.36903077992847	3.260405177393186
27.39660676022302	3.349834352531848
27.42418274051757	3.441717370412041
27.45175872081212	3.536121772997062
27.47933470110667	3.633116276054112
27.50691068140122	3.732772462608724
27.53448666169577	3.83516322737945
27.56206264199032	3.940363636180542
27.58963862228487	4.048450816091985
27.61721460257942	4.159504009083127
27.64479058287397	4.273604635849046
27.67236656316852	4.390836349484829
27.69994254346307	4.511285102329059
27.72751852375762	4.635039192540993
27.75509450405217	4.762189423679327
27.78267048434672	4.892828904991406
27.81024646464127	5.027053548764587
27.83782244493582	5.164961703173773
27.86539842523037	5.306654512824562
27.89297440552492	5.452235874482697
27.92055038581947	5.601812541801871
27.94812636611402	5.755494200131323
27.97570234640857	5.913393543088078
28.00327832670312	6.075626362250477
28.03085430699767	6.24231299072634
28.05843028729223	6.413571629759628
28.08600626758678	6.589531946551999
28.11358224788133	6.770321479534615
28.14115822817588	6.956073021802171
28.16873420847043	7.146922668087214
28.19631018876498	7.343010490279588
28.22388616905953	7.544480255022
28.25146214935408	7.75147973739104
28.27903812964863	7.964160763149013
28.30661410994318	8.182679318620915
28.33419009023773	8.407195844539208
28.36176607053228	8.637874611423529
28.38934205082683	8.874885218499799
28.41691803112138	9.118401342225534
28.44449401141593	9.368601791521451
28.47206999171048	9.625669806915859
28.49964597200503	9.889794212518126
28.52722195229958	10.16116868604341
28.55479793259413	10.43999229376077
28.58237391288868	10.72646958991719
28.60994989318323	11.02081073632491
28.63752587347778	11.32323164662376
28.66510185377233	11.63395430153956
28.69267783406688	11.95320653570111
28.72025381436143	12.28122263835602
28.74782979465598	12.61824330426046
28.77540577495053	12.9645156097541
28.80298175524508	13.32029386967125
28.83055773553963	13.68583901088384
28.85813371583418	14.06141924701059
28.88570969612873	14.44731019620522
28.91328567642328	14.84379497945038
28.94086165671783	15.25116451915703
28.96843763701238	15.6697178154369
28.99601361730693	16.09976188129527
29.02358959760148	16.54161235849906
29.05116557789603	16.99559350921226
29.07874155819058	17.46203841178328
29.10631753848513	17.94128942355603
29.13389351877968	18.43369826130812
29.16146949907423	18.93962627122966
29.18904547936878	19.4594447466186
29.21662145966333	19.9935351970815
29.24419743995788	20.54228958751309
29.27177342025243	21.10611065348301
29.29934940054698	21.68541228641832
29.32692538084153	22.28061954831551
29.35450136113608	22.89216937765465
29.38207734143063	23.52051055159829
29.40965332172518	24.16610447331185
29.43722930201973	24.82942456816871
29.46480528231428	25.51095853651931
29.49238126260883	26.21120591077602
29.51995724290338	26.93068093873844
29.54753322319793	27.66991177180947
29.57510920349248	28.42944110108737
29.60268518378703	29.20982464027449
29.63026116408158	30.01164020856707
29.65783714437613	30.83547192771662
29.68541312467068	31.68192580875725
29.71298910496523	32.55162331407247
29.74056508525978	33.44520309537501
29.76814106555433	34.36332104470265
29.79571704584888	35.30665134400189
29.82329302614343	36.27588628391758
29.85086900643798	37.27173777350653
29.87844498673253	38.29493688837305
29.90602096702708	39.3462350624571
29.93359694732163	40.42640332071105
29.96117292761618	41.53623593887345
29.98874890791073	42.67654736199893
30.01632488820528	43.84817474537233
30.04390086849983	45.05197812615868
30.07147684879438	46.28884255759481
30.09905282908893	47.55967519527853
30.12662880938348	48.86540958490143
30.15420478967803	50.2070045845385
30.18178076997258	51.58544535334244
30.20935675026713	53.00174425622394
30.23693273056168	54.45693787365765
30.26450871085623	55.95210471595537
30.29208469115078	57.4883334749943
30.31966067144533	59.06675548841715
30.34723665173988	60.68852916746759
30.37481263203443	62.35484650890641
30.40238861232898	64.06693102445226
30.42996459262353	65.82604019231033
30.45754057291808	67.63346600354222
30.48511655321263	69.49053598169016
30.51269253350718	71.39861413002207
30.54026851380173	73.35910199968316
30.56784449409628	75.37343735630857
30.59542047439083	77.4431058090443
30.62299645468539	79.56962215136399
30.65057243497994	81.75454988147789
30.67814841527449	83.99949409545982
30.70572439556904	86.30610399343816
30.73330037586359	88.67607386815764
30.76087635615814	91.11114467922783
30.78845233645269	93.61310537391154
30.81602831674724	96.18379390007581
30.84360429704179	98.82509878321363
30.87118027733634	101.5389604835699
30.89875625763089	104.3273730865586
30.92633223792544	107.1923838712296
30.95390821821999	110.1360993155179
30.98148419851454	113.1606815044654
31.00906017880909	116.268352596148
31.03663615910364	119.4613958423114
31.06421213939819	122.742157461062
31.09178811969274	126.1130477870258
31.11936409998729	129.5765436813469
31.14694008028184	133.1351901066739
31.17451606057639	136.7916044331509
31.20209204087094	140.548465222168
31.22966802116549	144.4085415002675
31.25724400146004	148.3746656687045
31.28481998175459	152.4497549633324
31.31239596204914	156.6368017378244
31.33997194234369	160.9388830985907
31.36754792263824	165.3591606627666
31.39512390293279	169.9008829269007
31.42269988322734	174.5673874552704
31.45027586352189	179.3621037868286
31.47785184381644	184.2885554856094
31.50542782411099	189.3503634905906
31.53300380440554	194.5512467143913
31.56057978470009	199.8950289674839
31.58815576499464	205.3856371829146
31.61573174528919	211.0271058246695
31.64330772558374	216.8235836172974
31.67088370587829	222.7793290885405
31.69845968617284	228.8987200180674
31.72603566646739	235.1862546783495
31.75361164676194	241.6465539972986
31.78118762705649	248.2843670399309
31.80876360735104	255.1045730055829
31.83633958764559	262.1121850116254
31.86391556794014	269.3123539275576
31.89149154823469	276.7103731004037
31.91906752852924	284.3116804825599
31.94664350882379	292.1218639180455
31.97421948911834	300.1466668100294
32.00179546941289	308.3919824205332
32.02937144970744	316.8638785493739
32.05694743000199	325.5685810174745
32.08452341029654	334.5124894770643
32.11209939059109	343.7021792780553
32.13967537088564	353.1444066238092
32.16725135118019	362.8461134715834
32.19482733147474	372.8144329866743
32.22240331176929	383.0566929539394
0
1000	105.6583745	100000000000000.1
5	0	0	1
5	0	0	0
4.673998997513734	-5.600735393772117e-12
4.701574977808284	-4.587748089068532e-12
4.729150958102834	-4.672576381074963e-12
4.756726938397384	-4.922838226231697e-12
4.784302918691934	-5.205934141601641e-12
4.811878898986484	-5.484127804166058e-12
4.839454879281035	-5.744494807028921e-12
4.867030859575585	-5.982883914913274e-12
4.894606839870135	-6.198714775432497e-12
4.922182820164685	-6.392930654957615e-12
4.949758800459235	-6.567096438199757e-12
4.977334780753785	-6.722976063066779e-12
5.004910761048335	-6.862330468119452e-12
5.032486741342885	-6.986823314919911e-12
5.060062721637435	-7.097981278455205e-12
5.087638701931986	-7.197182321572318e-12
5.115214682226536	-7.285658143658846e-12
5.142790662521086	-7.36450345549192e-12
5.170366642815636	-7.434688130909071e-12
5.197942623110186	-7.497070124191909e-12
5.225518603404736	-7.552408054536371e-12
5.253094583699286	-7.60137292162156e-12
5.280670563993836	-7.644558728523758e-12
5.308246544288386	-7.68249195898797e-12
5.335822524582936	-7.715639946246793e-12
5.363398504877487	-7.744418214795267e-12
5.390974485172037	-7.769196894739095e-12
5.418550465466587	-7.790306312115398e-12
5.446126445761137	-7.808041854683016e-12
5.473702426055687	-7.822668205005145e-12
5.501278406350237	-7.835801438479798e-12
5.528854386644787	-7.844708591389893e-12
5.556430366939337	-7.851063623317907e-12
5.584006347233887	-7.855065447720612e-12
5.611582327528438	-7.856897251332008e-12
5.639158307822988	-7.856727771591306e-12
5.666734288117538	-7.854712480447818e-12
5.694310268412088	-7.850994677394047e-12
5.721886248706638	-7.84570649584558e-12
5.749462229001188	-7.838969827729603e-12
5.777038209295738	-7.830970322219716e-12
5.804614189590288	-7.82161836488161e-12
5.832190169884838	-7.811117422651647e-12
5.859766150179389	-7.799559672679324e-12
5.887342130473939	-7.787030813864857e-12
5.914918110768489	-7.773610499677932e-12
5.942494091063039	-7.759372748831527e-12
5.970070071357589	-7.744386332067352e-12
5.997646051652139	-7.728715134272001e-12
6.025222031946689	-7.712418491489914e-12
6.052798012241239	-7.695598007836864e-12
6.080373992535789	-7.678204781585871e-12
6.107949972830339	-7.660336903149773e-12
6.13552595312489	-7.642039474957724e-12
6.16310193341944	-7.623354512779056e-12
6.19067791371399	-7.60432114669822e-12
6.21825389400854	-7.584975810138484e-12
6.24582987430309	-7.565352417457781e-12
6.27340585459764	-7.545482530634901e-12
6.30098183489219	-7.525395515567126e-12
6.32855781518674	-7.505121360190598e-12
6.35613379548129	-7.484678079648472e-12
6.383709775775841	-7.464093410090437e-12
6.411285756070391	-7.443389379039551e-12
6.438861736364941	-7.422586432920009e-12
6.466437716659491	-7.401703517804182e-12
6.494013696954041	-7.380758141231268e-12
6.521589677248591	-7.359766405101461e-12
6.549165657543141	-7.338742988890785e-12
6.576741637837691	-7.317701037391815e-12
6.604317618132241	-7.296477869072538e-12
6.631893598426791	-7.274321899561261e-12
6.659469578721342	-7.2541528365582e-12
6.687045559015892	-7.233161191913716e-12
6.714621539310442	-7.212188136768505e-12
6.742197519604992	-7.191261673762816e-12
6.769773499899542	-7.170394477339335e-12
6.797349480194092	-7.149595865792612e-12
6.824925460488642	-7.128873683859834e-12
6.852501440783192	-7.108234829847842e-12
6.880077421077742	-7.087738817566942e-12
6.907653401372293	-7.067292490750862e-12
6.935229381666843	-7.04694618494327e-12
6.962805361961393	-7.026708062300182e-12
6.990381342255943	-7.006668056121246e-12
7.017957322550493	-6.986497317640929e-12
7.045533302845043	-6.966597267849381e-12
7.073109283139593	-6.946804537392663e-12
7.100685263434143	-6.927129681458598e-12
7.128261243728693	-6.907576496204241e-12
7.155837224023244	-6.888129828008436e-12
7.183413204317794	-6.868832219671454e-12
7.210989184612344	-6.849662346650694e-12
7.238565164906894	-6.830621762972847e-12
7.266141145201444	-6.811711815705581e-12
7.293717125495994	-6.792933659957988e-12
7.321293105790544	-6.774288272609629e-12
7.348869086085094	-6.755776464934267e-12
7.376445066379644	-6.737398894245649e-12
7.404021046674194	-6.719156074667177e-12
7.431597026968745	-6.701216129732574e-12
7.459173007263295	-6.683229920502075e-12
7.486748987557845	-6.665365413235363e-12
7.514324967852395	-6.647622797763373e-12
7.541900948146945	-6.630003304429694e-12
7.569476928441495	-6.612508949088946e-12
7.597052908736045	-6.595142580391269e-12
7.624628889030595	-6.577907997415156e-12
7.652204869325145	-6.560810113792989e-12
7.679780849619696	-6.543855172410932e-12
7.707356829914246	-6.525958970405573e-12
7.734932810208796	-6.509364898166371e-12
7.762508790503346	-6.493050831002235e-12
7.790084770797896	-6.477037856619008e-12
7.817660751092446	-6.461346330442754e-12
7.845236731386996	-6.445995769443169e-12
7.872812711681546	-6.43100475269371e-12
7.900388691976096	-6.416390829537623e-12
7.927964672270646	-6.402170436117999e-12
7.955540652565197	-6.388358820904679e-12
7.983116632859747	-6.373253157758232e-12
8.010692613154298	-6.360551618855911e-12
8.038268593448848	-6.348398518986899e-12
8.065844573743398	-6.336770495938468e-12
8.093420554037948	-6.325643406851986e-12
8.120996534332498	-6.314992900249215e-12
8.148572514627048	-6.304794842900875e-12
8.176148494921598	-6.295025624364806e-12
8.203724475216148	-6.285662366146181e-12
8.231300455510699	-6.276683058552319e-12
8.258876435805249	-6.26814319511564e-12
8.286452416099799	-6.259857678343276e-12
8.314028396394349	-6.251891787015575e-12
8.341604376688899	-6.244228995832059e-12
8.369180356983449	-6.236853673712591e-12
8.396756337277999	-6.229751033371363e-12
8.424332317572549	-6.222907083397826e-12
8.451908297867099	-6.216308582832176e-12
8.47948427816165	-6.209942998197819e-12
8.5070602584562	-6.203798462934186e-12
8.53463623875075	-6.197859956011937e-12
8.5622122190453	-6.192124839837263e-12
8.58978819933985	-6.186579065924642e-12
8.6173641796344	-6.181213037040793e-12
8.64494015992895	-6.176017645763126e-12
8.6725161402235	-6.170984244572783e-12
8.70009212051805	-6.166104617936626e-12
8.7276681008126	-6.161370956189167e-12
8.755244081107151	-6.156775831036874e-12
8.782820061401701	-6.152312172467999e-12
8.810396041696251	-6.147972725064481e-12
8.837972021990801	-6.143752127401071e-12
8.865548002285351	-6.139643811834513e-12
8.893123982579901	-6.135641975289968e-12
8.920699962874451	-6.131741095018128e-12
8.948275943169001	-6.127935930252333e-12
8.975851923463551	-6.124221554528046e-12
9.003427903758102	-6.120593502580868e-12
9.031003884052652	-6.117048571292362e-12
9.058579864347202	-6.113595904924643e-12
9.086155844641752	-6.110167618429778e-12
9.113731824936302	-6.106835257251831e-12
9.141307805230852	-6.103567099808643e-12
9.168883785525402	-6.100359391138221e-12
9.196459765819952	-6.097208526207383e-12
9.224035746114502	-6.094111042203561e-12
9.251611726409052	-6.091063611382075e-12
9.279187706703603	-6.088063034447065e-12
9.306763686998153	-6.085106234447912e-12
9.334339667292703	-6.08219025117669e-12
9.361915647587253	-6.079310929190323e-12
9.389491627881803	-6.076468250001183e-12
9.417067608176353	-6.073658269159925e-12
9.444643588470903	-6.07087844041853e-12
9.472219568765453	-6.068126309149606e-12
9.499795549060003	-6.065399508985186e-12
9.527371529354554	-6.062695758706773e-12
9.554947509649104	-6.060012859380547e-12
9.582523489943654	-6.057348691731843e-12
9.610099470238204	-6.054701213753492e-12
9.637675450532754	-6.052066407404146e-12
9.665251430827304	-6.049446711381979e-12
9.692827411121854	-6.046838174191876e-12
9.720403391416404	-6.044239017446008e-12
9.747979371710954	-6.041647526750921e-12
9.775555352005505	-6.039062050886794e-12
9.803131332300055	-6.036481000991224e-12
9.830707312594605	-6.033902849762332e-12
9.858283292889155	-6.031326130692919e-12
9.885859273183705	-6.028749437345092e-12
9.913435253478255	-6.026165711700288e-12
9.941011233772805	-6.0235860306036e-12
9.968587214067355	-6.021002779495313e-12
9.996163194361905	-6.018414682003588e-12
10.02373917465646	-6.01582052952485e-12
10.05131515495101	-6.013219178881865e-12
10.07889113524556	-6.010609550210977e-12
10.10646711554011	-6.007990625047826e-12
10.13404309583466	-6.005361444586796e-12
10.16161907612921	-6.002721108093616e-12
10.18919505642376	-6.000068086279452e-12
10.21677103671831	-5.997403010928019e-12
10.24434701701286	-5.994724473756837e-12
10.27192299730741	-5.992031789890394e-12
10.29949897760196	-5.989324322852106e-12
10.32707495789651	-5.986601483294803e-12
10.35465093819106	-5.983862727785692e-12
10.38222691848561	-5.981107557637373e-12
10.40980289878016	-5.978335517776344e-12
10.43737887907471	-5.97554619563969e-12
10.46495485936926	-5.972742887200699e-12
10.49253083966381	-5.969917863415695e-12
10.52010681995836	-5.967074189552672e-12
10.54768280025291	-5.964211547516632e-12
10.57525878054746	-5.961329653294451e-12
10.60283476084201	-5.958428255528233e-12
10.63041074113656	-5.955507134087765e-12
10.65798672143111	-5.952566098635499e-12
10.68556270172566	-5.949604987176994e-12
10.71313868202021	-5.94662366458934e-12
10.74071466231476	-5.943623268804269e-12
10.76829064260931	-5.94060112340822e-12
10.79586662290386	-5.937558396919889e-12
10.82344260319841	-5.934495051933483e-12
10.85101858349296	-5.93141107551834e-12
10.87859456378751	-5.928306477986317e-12
10.90617054408206	-5.925181291678722e-12
10.93374652437661	-5.922035569770995e-12
10.96132250467116	-5.918869385093415e-12
10.98889848496571	-5.915682828966148e-12
11.01647446526026	-5.912477072865382e-12
11.04405044555481	-5.909250020039726e-12
11.07162642584936	-5.90600288007988e-12
11.09920240614391	-5.90273581601301e-12
11.12677838643846	-5.899449008017652e-12
11.15435436673301	-5.896142652356482e-12
11.18193034702756	-5.89281696034139e-12
11.20950632732211	-5.889472157329532e-12
11.23708230761666	-5.886108481749187e-12
11.26465828791121	-5.882726184154267e-12
11.29223426820576	-5.879327121047575e-12
11.31981024850031	-5.875908209084281e-12
11.34738622879486	-5.872471365367528e-12
11.37496220908941	-5.869016899017171e-12
11.40253818938396	-5.865545132124773e-12
11.43011416967851	-5.862056398585234e-12
11.45769014997306	-5.858551042998344e-12
11.48526613026761	-5.855029419635076e-12
11.51284211056216	-5.851491891464076e-12
11.54041809085671	-5.84793882923424e-12
11.56799407115126	-5.844372656368325e-12
11.59557005144581	-5.84078939178853e-12
11.62314603174036	-5.837191610237079e-12
11.65072201203491	-5.833579740552711e-12
11.67829799232946	-5.829954217333907e-12
11.70587397262401	-5.82631547945351e-12
11.73344995291856	-5.822663968782361e-12
11.76102593321311	-5.819000129086512e-12
11.78860191350766	-5.815324405069622e-12
11.81617789380221	-5.811637241537656e-12
11.84375387409676	-5.807938344967324e-12
11.87132985439131	-5.804229712757335e-12
11.89890583468586	-5.80051102612003e-12
11.92648181498041	-5.796782714460183e-12
11.95405779527496	-5.793045202134623e-12
11.98163377556951	-5.789298908273616e-12
12.00920975586406	-5.785544246627009e-12
12.03678573615861	-5.781781625432407e-12
12.06436171645316	-5.77801144730312e-12
12.09193769674771	-5.774234109133724e-12
12.11951367704226	-5.770449122908881e-12
12.14708965733681	-5.766658731044574e-12
12.17466563763136	-5.762862400701076e-12
12.20224161792591	-5.759060493135748e-12
12.22981759822046	-5.755253361276632e-12
12.25739357851501	-5.75144135003078e-12
12.28496955880956	-5.747624796565647e-12
12.31254553910411	-5.743804030566821e-12
12.34012151939866	-5.739979374474933e-12
12.36769749969321	-5.73615114370419e-12
12.39527347998776	-5.732318351881143e-12
12.42284946028231	-5.728484072970254e-12
12.45042544057686	-5.724647204825153e-12
12.47800142087141	-5.720808013939788e-12
12.50557740116597	-5.716966760322659e-12
12.53315338146052	-5.713123697963879e-12
12.56072936175507	-5.70927907520899e-12
12.58830534204962	-5.705433135062124e-12
12.61588132234417	-5.701586115435102e-12
12.64345730263872	-5.697738249354853e-12
12.67103328293327	-5.693890407375846e-12
12.69860926322782	-5.690041494064431e-12
12.72618524352237	-5.686192346455697e-12
12.75376122381692	-5.68234317627952e-12
12.78133720411147	-5.67849419187312e-12
12.80891318440602	-5.674645598371106e-12
12.83648916470057	-5.670797598002119e-12
12.86406514499512	-5.666950390582413e-12
12.89164112528967	-5.663104174397943e-12
12.91921710558422	-5.659259147915742e-12
12.94679308587877	-5.655419400628685e-12
12.97436906617332	-5.651577940790962e-12
13.00194504646787	-5.647738134909663e-12
13.02952102676242	-5.643900133234057e-12
13.05709700705697	-5.640064081223121e-12
13.08467298735152	-5.636230119485401e-12
13.11224896764607	-5.632398383709937e-12
13.13982494794062	-5.62856900458716e-12
13.16740092823517	-5.624742107718526e-12
13.19497690852972	-5.620917813513584e-12
13.22255288882427	-5.617096665540162e-12
13.25012886911882	-5.613277886870367e-12
13.27770484941337	-5.609462000433394e-12
13.30528082970792	-5.605649105855714e-12
13.33285681000247	-5.601839298976584e-12
13.36043279029702	-5.598032671872758e-12
13.38800877059157	-5.594229312882149e-12
13.41558475088612	-5.590429306626552e-12
13.44316073118067	-5.586632734033143e-12
13.47073671147522	-5.582839672354896e-12
13.49831269176977	-5.579050379334981e-12
13.52588867206432	-5.575264541420458e-12
13.55346465235887	-5.571482408282158e-12
13.58104063265342	-5.567704043951109e-12
13.60861661294797	-5.563929509731375e-12
13.63619259324252	-5.560158864243575e-12
13.66376857353707	-5.556392163467695e-12
13.69134455383162	-5.552629460785126e-12
13.71892053412617	-5.548870807019776e-12
13.74649651442072	-5.545116250477935e-12
13.77407249471527	-5.54136592731705e-12
13.80164847500982	-5.537619690219757e-12
13.82922445530437	-5.533877671942237e-12
13.85680043559892	-5.530139911619955e-12
13.88437641589347	-5.526406446162935e-12
13.91195239618802	-5.522677309691247e-12
13.93952837648257	-5.51895253082965e-12
13.96710435677712	-5.515232106345187e-12
13.99468033707167	-5.511516496313046e-12
14.02225631736622	-5.50780484063404e-12
14.04983229766077	-5.504097847446362e-12
14.07740827795532	-5.500395356497236e-12
14.10498425824987	-5.496697393888832e-12
14.13256023854442	-5.493003982316117e-12
14.16013621883897	-5.489315143144186e-12
14.18771219913352	-5.485630896448931e-12
14.21528817942807	-5.481951261053377e-12
14.24286415972262	-5.478276254561467e-12
14.27044014001717	-5.474605893390263e-12
14.29801612031172	-5.47094019280093e-12
14.32559210060627	-5.467279212895357e-12
14.35316808090082	-5.463622992437519e-12
14.38074406119537	-5.459971193436534e-12
14.40832004148992	-5.456324270775699e-12
14.43589602178447	-5.452682059080199e-12
14.46347200207902	-5.449044573864097e-12
14.49104798237357	-5.445411824766859e-12
14.51862396266812	-5.441783819858229e-12
14.54619994296267	-5.438160566201053e-12
14.57377592325722	-5.434542070001913e-12
14.60135190355177	-5.430928350020262e-12
14.62892788384632	-5.427319383109654e-12
14.65650386414087	-5.423715186481095e-12
14.68407984443542	-5.420115763489021e-12
14.71165582472997	-5.416521116871651e-12
14.73923180502452	-5.412931248768904e-12
14.76680778531907	-5.40934616073987e-12
14.79438376561362	-5.405765853779777e-12
14.82195974590817	-5.402190328336515e-12
14.84953572620272	-5.398619584326652e-12
14.87711170649727	-5.395053632768992e-12
14.90468768679182	-5.391492448252757e-12
14.93226366708637	-5.387936040917549e-12
14.95983964738092	-5.384384408815451e-12
14.98741562767547	-5.380837549587689e-12
15.01499160797002	-5.377295460476944e-12
15.04256758826457	-5.373758138339222e-12
15.07014356855912	-5.37022557965527e-12
15.09771954885368	-5.366697780541583e-12
15.12529552914823	-5.363174736760915e-12
15.15287150944278	-5.359656451023936e-12
15.18044748973733	-5.356142903087655e-12
15.20802347003188	-5.352634095157993e-12
15.23559945032643	-5.349130021774821e-12
15.26317543062098	-5.345630677206066e-12
15.29075141091553	-5.342136055455377e-12
15.31832739121008	-5.338646150269405e-12
15.34590337150463	-5.335160955144662e-12
15.37347935179918	-5.331680463333971e-12
15.40105533209373	-5.328204667852476e-12
15.42863131238828	-5.32473356609869e-12
15.45620729268283	-5.321267139111781e-12
15.48378327297738	-5.317805384834345e-12
15.51135925327193	-5.314348295056532e-12
15.53893523356648	-5.310895860828654e-12
15.56651121386103	-5.307448070900865e-12
15.59408719415558	-5.304004898533631e-12
15.62166317445013	-5.300566699581953e-12
15.64923915474468	-5.297132607638002e-12
15.67681513503923	-5.293703321068882e-12
15.70439111533378	-5.290278564066956e-12
15.73196709562833	-5.286859183118746e-12
15.75954307592288	-5.283443147269685e-12
15.78711905621743	-5.280032218745138e-12
15.81469503651198	-5.276625876175483e-12
15.84227101680653	-5.273224097227463e-12
15.86984699710108	-5.269826869574579e-12
15.89742297739563	-5.266434182635979e-12
15.92499895769018	-5.263046026296576e-12
15.95257493798473	-5.259662390577489e-12
15.98015091827928	-5.256283271148317e-12
16.00772689857383	-5.252908648368702e-12
16.03530287886838	-5.249538514312452e-12
16.06287885916293	-5.246172859402081e-12
16.09045483945748	-5.242811673901673e-12
16.11803081975203	-5.239454948008845e-12
16.14560680004658	-5.236102671889816e-12
16.17318278034113	-5.232754835695337e-12
16.20075876063568	-5.229411429569143e-12
16.22833474093023	-5.226072443653113e-12
16.25591072122478	-5.222737905328256e-12
16.28348670151933	-5.219407722498577e-12
16.31106268181388	-5.21608192983261e-12
16.33863866210843	-5.212760517715461e-12
16.36621464240298	-5.20944347661194e-12
16.39379062269753	-5.206130797020759e-12
16.42136660299208	-5.202822469465303e-12
16.44894258328663	-5.199518484493559e-12
16.47651856358118	-5.19621883268051e-12
16.50409454387573	-5.19292350463111e-12
16.53167052417028	-5.18963249996281e-12
16.55924650446483	-5.186345790793162e-12
16.58682248475938	-5.183063376789918e-12
16.61439846505393	-5.179785248699351e-12
16.64197444534848	-5.176511397020959e-12
16.66955042564303	-5.173241797221802e-12
16.69712640593758	-5.169976493983177e-12
16.72470238623213	-5.16671541885497e-12
16.75227836652668	-5.163458585705125e-12
16.77985434682123	-5.160205985175018e-12
16.80743032711578	-5.156957629764729e-12
16.83500630741033	-5.153713471339144e-12
16.86258228770488	-5.150473517892876e-12
16.89015826799943	-5.14723775938938e-12
16.91773424829398	-5.144006182731406e-12
16.94531022858853	-5.140778753943323e-12
16.97288620888308	-5.137556303949597e-12
17.00046218917763	-5.134336662077168e-12
17.02803816947218	-5.131121741075729e-12
17.05561414976673	-5.127910989842426e-12
17.08319013006128	-5.124704334400806e-12
17.11076611035583	-5.121501876266726e-12
17.13834209065038	-5.11830354382526e-12
17.16591807094493	-5.115109329337366e-12
17.19349405123948	-5.111919225149101e-12
17.22107003153403	-5.108733223690264e-12
17.24864601182858	-5.105551317472203e-12
17.27622199212313	-5.102373499084571e-12
17.30379797241768	-5.099199761190816e-12
17.33137395271223	-5.096030096522133e-12
17.35894993300678	-5.092864511438973e-12
17.38652591330133	-5.089702971121387e-12
17.41410189359588	-5.086545481151173e-12
17.44167787389043	-5.083392034342451e-12
17.46925385418498	-5.080242623604149e-12
17.49682983447953	-5.077097241958177e-12
17.52440581477408	-5.073955882577188e-12
17.55198179506863	-5.070818538869894e-12
17.57955777536318	-5.06768520469858e-12
17.60713375565773	-5.064555875041427e-12
17.63470973595228	-5.061430458413973e-12
17.66228571624683	-5.058309099537003e-12
17.68986169654139	-5.055191721159979e-12
17.71743767683594	-5.052078316528038e-12
17.74501365713049	-5.048968878981339e-12
17.77258963742504	-5.045863401943443e-12
17.80016561771959	-5.042761878915177e-12
17.82774159801414	-5.03966430347101e-12
17.85531757830869	-5.036570669256664e-12
17.88289355860324	-5.033480969987286e-12
17.91046953889779	-5.030395200069378e-12
17.93804551919234	-5.027313352251998e-12
17.96562149948689	-5.024235420785582e-12
17.99319747978144	-5.021161399615596e-12
18.02077346007599	-5.018091282765675e-12
18.04834944037054	-5.015025064337695e-12
18.07592542066509	-5.011962738511806e-12
18.10350140095964	-5.008904299546467e-12
18.13107738125419	-5.005849741778414e-12
18.15865336154874	-5.0027990596226e-12
18.18622934184329	-4.999752246862653e-12
18.21380532213784	-4.996709299562267e-12
18.24138130243239	-4.993670211642797e-12
18.26895728272694	-4.990634977821613e-12
18.29653326302149	-4.987603592890704e-12
18.32410924331604	-4.984576051716421e-12
18.35168522361059	-4.981552349239195e-12
18.37926120390514	-4.978532480473104e-12
18.40683718419969	-4.975516440505346e-12
18.43441316449424	-4.972504224495615e-12
18.46198914478879	-4.969495826986624e-12
18.48956512508334	-4.966491244706675e-12
18.51714110537789	-4.96349047235357e-12
18.54471708567244	-4.960493505365167e-12
18.57229306596699	-4.957500339242913e-12
18.59986904626154	-4.954510969550018e-12
18.62744502655609	-4.951525391909434e-12
18.65502100685064	-4.948543602001634e-12
18.68259698714519	-4.945565595562148e-12
18.71017296743974	-4.942591368378871e-12
18.73774894773429	-4.939620915566753e-12
18.76532492802884	-4.93665423449768e-12
18.79290090832339	-4.933691320396468e-12
18.82047688861794	-4.930732169230788e-12
18.84805286891249	-4.927776777002707e-12
18.87562884920704	-4.924825139744349e-12
18.90320482950159	-4.921877253512987e-12
18.93078080979614	-4.918933114385451e-12
18.95835679009069	-4.915992718451446e-12
18.98593277038524	-4.913056061805042e-12
19.01350875067979	-4.910123144740703e-12
19.04108473097434	-4.907193956919332e-12
19.06866071126889	-4.904268498788821e-12
19.09623669156344	-4.901346781653549e-12
19.12381267185799	-4.89842871474241e-12
19.15138865215254	-4.895514424873431e-12
19.17896463244709	-4.892603837352014e-12
19.20654061274164	-4.889696956083162e-12
19.23411659303619	-4.886793778011413e-12
19.26169257333074	-4.883894299283076e-12
19.28926855362529	-4.880998488733896e-12
19.31684453391984	-4.87810628469183e-12
19.34442051421439	-4.875218041645787e-12
19.37199649450894	-4.872333300460917e-12
19.39957247480349	-4.86945224897108e-12
19.42714845509804	-4.866574872855414e-12
19.45472443539259	-4.863701165620226e-12
19.48230041568714	-4.860831121731167e-12
19.50987639598169	-4.857964735783596e-12
19.53745237627624	-4.855102002298897e-12
19.56502835657079	-4.85224291793554e-12
19.59260433686534	-4.849387471968357e-12
19.62018031715989	-4.846535660872047e-12
19.64775629745444	-4.843687478396492e-12
19.67533227774899	-4.840842918035648e-12
19.70290825804354	-4.838001973010764e-12
19.73048423833809	-4.835164636253148e-12
19.75806021863264	-4.832330900386591e-12
19.78563619892719	-4.829500757709459e-12
19.81321217922174	-4.826674200176555e-12
19.84078815951629	-4.823851220691277e-12
19.86836413981084	-4.821031807756379e-12
19.89594012010539	-4.818215953464038e-12
19.92351610039994	-4.815403648215237e-12
19.95109208069449	-4.812594881982897e-12
19.97866806098904	-4.80978964429482e-12
20.00624404128359	-4.806987924217084e-12
20.03382002157814	-4.804189710338037e-12
20.06139600187269	-4.801394990753075e-12
20.08897198216724	-4.798603753050357e-12
20.11654796246179	-4.795815986929009e-12
20.14412394275634	-4.793031673339149e-12
20.17169992305089	-4.79025080100251e-12
20.19927590334544	-4.787473355432355e-12
20.22685188363999	-4.784699321638276e-12
20.25442786393454	-4.781928684157607e-12
20.2820038442291	-4.779161427135917e-12
20.30957982452365	-4.776397534548388e-12
20.3371558048182	-4.773636990936951e-12
20.36473178511275	-4.770879784924501e-12
20.3923077654073	-4.768125840143418e-12
20.41988374570185	-4.76537521363941e-12
20.4474597259964	-4.762627856672877e-12
20.47503570629095	-4.759883748624608e-12
20.5026116865855	-4.757142866599301e-12
20.53018766688005	-4.754405171718011e-12
20.5577636471746	-4.751670845453229e-12
20.58533962746915	-4.748939459554278e-12
20.6129156077637	-4.74621128401311e-12
20.64049158805825	-4.743486238076362e-12
20.6680675683528	-4.740764184741874e-12
20.69564354864735	-4.738045938984762e-12
20.7232195289419	-4.73532967498006e-12
20.75079550923645	-4.732616868155505e-12
20.778371489531	-4.729907091736854e-12
20.80594746982555	-4.727200308625885e-12
20.8335234501201	-4.724496493198263e-12
20.86109943041465	-4.721795622137095e-12
20.8886754107092	-4.719097673009748e-12
20.91625139100375	-4.716402623937866e-12
20.9438273712983	-4.713710475936229e-12
20.97140335159285	-4.711021160569935e-12
20.9989793318874	-4.708334681012153e-12
21.02655531218195	-4.705651017729359e-12
21.0541312924765	-4.702970151864208e-12
21.08170727277105	-4.700292065286016e-12
21.1092832530656	-4.697616740637907e-12
21.13685923336015	-4.694944161380179e-12
21.1644352136547	-4.692274311829574e-12
21.19201119394925	-4.689607177194041e-12
21.2195871742438	-4.686942998872943e-12
21.24716315453835	-4.684281219926933e-12
21.2747391348329	-4.681622100029125e-12
21.30231511512745	-4.678965632679528e-12
21.329891095422	-4.676311812677994e-12
21.35746707571655	-4.673660635970579e-12
21.3850430560111	-4.671012099514138e-12
21.41261903630565	-4.668366201157453e-12
21.4401950166002	-4.665722939538138e-12
21.46777099689475	-4.663082313996052e-12
21.4953469771893	-4.660445501965686e-12
21.52292295748385	-4.657809017250607e-12
21.5504989377784	-4.655176266395606e-12
21.57807491807295	-4.652546185800263e-12
21.6056508983675	-4.649918754412999e-12
21.63322687866205	-4.647293968217365e-12
21.6608028589566	-4.644671826403849e-12
21.68837883925115	-4.642052329247644e-12
21.7159548195457	-4.639435477553071e-12
21.74353079984025	-4.636821272456816e-12
21.7711067801348	-4.634209745188028e-12
21.79868276042935	-4.631600833717653e-12
21.8262587407239	-4.628994571581446e-12
21.85383472101845	-4.626390961155377e-12
21.881410701313	-4.623790004983994e-12
21.90898668160755	-4.621191705750249e-12
21.9365626619021	-4.618596066246668e-12
21.96413864219665	-4.616003089347928e-12
21.9917146224912	-4.613412777984917e-12
22.01929060278575	-4.61082513512029e-12
22.0468665830803	-4.608240172947322e-12
22.07444256337485	-4.605657874706596e-12
22.1020185436694	-4.603078253235568e-12
22.12959452396395	-4.600501311580852e-12
22.1571705042585	-4.597927052725617e-12
22.18474648455305	-4.595355479568831e-12
22.2123224648476	-4.59278659490732e-12
22.23989844514215	-4.590220401420526e-12
22.2674744254367	-4.587656901657887e-12
22.29505040573125	-4.585096098028928e-12
22.3226263860258	-4.582537991984928e-12
22.35020236632035	-4.579982586746499e-12
22.3777783466149	-4.577429884086042e-12
22.40535432690945	-4.574879886060042e-12
22.432930307204	-4.57233259487053e-12
22.46050628749855	-4.569788013448548e-12
22.4880822677931	-4.567246148021836e-12
22.51565824808765	-4.564707030563056e-12
22.5432342283822	-4.562170140997944e-12
22.57081020867675	-4.559636660798666e-12
22.5983861889713	-4.557105676719127e-12
22.62596216926585	-4.554577345523679e-12
22.6535381495604	-4.552051726041458e-12
22.68111412985495	-4.549528818145179e-12
22.7086901101495	-4.54700862155247e-12
22.73626609044405	-4.544491135823435e-12
22.7638420707386	-4.541976360361075e-12
22.79141805103315	-4.5394642944134e-12
22.8189940313277	-4.536954937076583e-12
22.84657001162225	-4.534448287298784e-12
22.87414599191681	-4.531944342678047e-12
22.90172197221136	-4.529443104421657e-12
22.92929795250591	-4.526944569815454e-12
22.95687393280046	-4.524448737247634e-12
22.98444991309501	-4.52195560497848e-12
23.01202589338956	-4.519465171145032e-12
23.03960187368411	-4.516977433765699e-12
23.06717785397866	-4.514492390744762e-12
23.09475383427321	-4.512010039876733e-12
23.12232981456776	-4.509530378850545e-12
23.14990579486231	-4.507053440467325e-12
23.17748177515686	-4.504579137086186e-12
23.20505775545141	-4.502107522628716e-12
23.23263373574596	-4.499638590119355e-12
23.26020971604051	-4.497172335583362e-12
23.28778569633506	-4.494708755727758e-12
23.31536167662961	-4.492247847448428e-12
23.34293765692416	-4.489789607682392e-12
23.37051363721871	-4.487334033354272e-12
23.39808961751326	-4.484881121354881e-12
23.42566559780781	-4.482430870419876e-12
23.45324157810236	-4.479983273236615e-12
23.48081755839691	-4.477538328716733e-12
23.50839353869146	-4.475096033606524e-12
23.53596951898601	-4.472656384603711e-12
23.56354549928056	-4.4702193783603e-12
23.59112147957511	-4.4677850114853e-12
23.61869745986966	-4.465353280547329e-12
23.64627344016421	-4.462924182077099e-12
23.67384942045876	-4.460497712569786e-12
23.70142540075331	-4.458073868969973e-12
23.72900138104786	-4.455652646702524e-12
23.75657736134241	-4.453234042650873e-12
23.78415334163696	-4.450818053192861e-12
23.81172932193151	-4.44840467468311e-12
23.83930530222606	-4.445993903454918e-12
23.86688128252061	-4.443585735822095e-12
23.89445726281516	-4.441180168080735e-12
23.92203324310971	-4.438777196510975e-12
23.94960922340426	-4.436376817378701e-12
23.97718520369881	-4.43397902956711e-12
24.00476118399336	-4.431583824155385e-12
24.03233716428791	-4.429191199628125e-12
24.05991314458246	-4.426801152101303e-12
24.08748912487701	-4.424413677639371e-12
24.11506510517156	-4.422028772219622e-12
24.14264108546611	-4.419646431647793e-12
24.17021706576066	-4.417266651327766e-12
24.19779304605521	-4.414889425479542e-12
24.22536902634976	-4.412514743255391e-12
24.25294500664431	-4.410142695637466e-12
24.28052098693886	-4.407773128152275e-12
24.30809696723341	-4.405406103133336e-12
24.33567294752796	-4.40304161664721e-12
24.36324892782251	-4.400679664777659e-12
24.39082490811706	-4.398320243616152e-12
24.41840088841161	-4.395963349257869e-12
24.44597686870616	-4.393608977799954e-12
24.47355284900071	-4.391257125340809e-12
24.50112882929526	-4.388907787979884e-12
24.52870480958981	-4.386560733752621e-12
24.55628078988436	-4.384216623378155e-12
24.58385677017891	-4.381874819640269e-12
24.61143275047346	-4.379535508215515e-12
24.63900873076801	-4.377198690359862e-12
24.66658471106256	-4.37486436330296e-12
24.69416069135711	-4.372532523544153e-12
24.72173667165166	-4.370203167367981e-12
24.74931265194621	-4.367876290978585e-12
24.77688863224076	-4.365551890545786e-12
24.80446461253531	-4.363229970441892e-12
24.83204059282986	-4.360910506352074e-12
24.85961657312441	-4.358593508743675e-12
24.88719255341896	-4.356278972462408e-12
24.91476853371351	-4.353966893278296e-12
24.94234451400806	-4.351657267190716e-12
24.96992049430261	-4.349350090281068e-12
24.99749647459716	-4.34704535866818e-12
25.02507245489171	-4.344743068491638e-12
25.05264843518626	-4.342443215904618e-12
25.08022441548081	-4.340145819396699e-12
25.10780039577536	-4.33785079633327e-12
25.13537637606991	-4.335558241943817e-12
25.16295235636446	-4.333268103528646e-12
25.19052833665901	-4.330980382489603e-12
25.21810431695356	-4.328695075721252e-12
25.24568029724811	-4.326412179629829e-12
25.27325627754266	-4.324131690506954e-12
25.30083225783721	-4.32185360460899e-12
25.32840823813176	-4.319577918181176e-12
25.35598421842631	-4.317304626739771e-12
25.38356019872086	-4.315033728093236e-12
25.41113617901541	-4.312765217692174e-12
25.43871215930996	-4.310499091781783e-12
25.46628813960452	-4.308235346613162e-12
25.49386411989907	-4.305973978443223e-12
25.52144010019362	-4.303714983534609e-12
25.54901608048817	-4.301458358155506e-12
25.57659206078272	-4.299204098579451e-12
25.60416804107727	-4.296952201085057e-12
25.63174402137182	-4.294702661305802e-12
25.65932000166637	-4.292455476822318e-12
25.68689598196092	-4.290210643352224e-12
25.71447196225547	-4.287968157208067e-12
25.74204794255002	-4.28572801470684e-12
25.76962392284457	-4.283490212168818e-12
25.79719990313912	-4.281254745915663e-12
25.82477588343367	-4.279021612267178e-12
25.85235186372822	-4.276790807535577e-12
25.87992784402277	-4.274562328014573e-12
25.90750382431732	-4.272336418987059e-12
25.93507980461187	-4.270112139997891e-12
25.96265578490642	-4.267890730521881e-12
25.99023176520097	-4.265671544783959e-12
26.01780774549552	-4.263454652215442e-12
26.04538372579007	-4.261240058629349e-12
26.07295970608462	-4.259027763114687e-12
26.10053568637917	-4.256817763142213e-12
26.12811166667372	-4.254610055634855e-12
26.15568764696827	-4.252404637290588e-12
26.18326362726282	-4.250201498807567e-12
26.21083960755737	-4.248000649661413e-12
26.23841558785192	-4.245802079505107e-12
26.26599156814647	-4.243605784741332e-12
26.29356754844102	-4.241411761784673e-12
26.32114352873557	-4.239220007061169e-12
26.34871950903012	-4.237030517007896e-12
26.37629548932467	-4.234843288072611e-12
26.40387146961922	-4.232658316713424e-12
26.43144744991377	-4.230475599398518e-12
26.45902343020832	-4.22829512979751e-12
26.48659941050287	-4.226116910100927e-12
26.51417539079742	-4.223940934186124e-12
26.54175137109197	-4.221767198596763e-12
26.56932735138652	-4.21959569988875e-12
26.59690333168107	-4.217426434633102e-12
26.62447931197562	-4.215259399421249e-12
26.65205529227017	-4.213094590875454e-12
26.67963127256472	-4.210932005671284e-12
26.70720725285927	-4.208771640592213e-12
26.73478323315382	-4.206613460411473e-12
26.76235921344837	-4.20445752101541e-12
26.78993519374292	-4.202303791622443e-12
26.81751117403747	-4.200152268794198e-12
26.84508715433202	-4.198002949109319e-12
26.87266313462657	-4.19585582915977e-12
26.90023911492112	-4.193710905548499e-12
26.92781509521567	-4.191568174887924e-12
26.95539107551022	-4.189427633798902e-12
26.98296705580477	-4.18728927891003e-12
27.01054303609932	-4.185153106524242e-12
27.03811901639387	-4.183019113996789e-12
27.06569499668842	-4.180887297617154e-12
27.09327097698297	-4.178757654036298e-12
27.12084695727752	-4.176630179911729e-12
27.14842293757207	-4.174504871907295e-12
27.17599891786662	-4.172381726692918e-12
27.20357489816117	-4.170260740944316e-12
27.23115087845572	-4.168141911342655e-12
27.25872685875027	-4.166025234574147e-12
27.28630283904482	-4.163910660032273e-12
27.31387881933937	-4.161798551023754e-12
27.34145479963392	-4.15968811448648e-12
27.36903077992847	-4.157579999312476e-12
27.39660676022302	-4.155474029955945e-12
27.42418274051757	-4.153370196379548e-12
27.45175872081212	-4.151268493810804e-12
27.47933470110667	-4.1491689184765e-12
27.50691068140122	-4.147071466909574e-12
27.53448666169577	-4.144976135765389e-12
27.56206264199032	-4.142882930732431e-12
27.58963862228487	-4.140791831087059e-12
27.61721460257942	-4.13870284187023e-12
27.64479058287397	-4.13661595983609e-12
27.67236656316852	-4.134531181406972e-12
27.69994254346307	-4.132448506423433e-12
27.72751852375762	-4.130367926377798e-12
27.75509450405217	-4.128289441462521e-12
27.78267048434672	-4.126213047969958e-12
27.81024646464127	-4.124138742680876e-12
27.83782244493582	-4.122066513428002e-12
27.86539842523037	-4.119996375757823e-12
27.89297440552492	-4.117928317132523e-12
27.92055038581947	-4.11586233466453e-12
27.94812636611402	-4.113798425948008e-12
27.97570234640857	-4.11173659119528e-12
28.00327832670312	-4.109676953191642e-12
28.03085430699767	-4.107619069654467e-12
28.05843028729223	-4.105563427194362e-12
28.08600626758678	-4.103509834913845e-12
28.11358224788133	-4.10145829538138e-12
28.14115822817588	-4.099408805284146e-12
28.16873420847043	-4.097361362892315e-12
28.19631018876498	-4.095315965192256e-12
28.22388616905953	-4.093272609150363e-12
28.25146214935408	-4.091231291725968e-12
28.27903812964863	-4.089192009876882e-12
28.30661410994318	-4.087154760562057e-12
28.33419009023773	-4.085119540742993e-12
28.36176607053228	-4.083086347384483e-12
28.38934205082683	-4.081055176071694e-12
28.41691803112138	-4.079026026715811e-12
28.44449401141593	-4.076998894832358e-12
28.47206999171048	-4.07497377738392e-12
28.49964597200503	-4.072950671335372e-12
28.52722195229958	-4.070929573653871e-12
28.55479793259413	-4.06891048130884e-12
28.58237391288868	-4.066893391271964e-12
28.60994989318323	-4.064878300517171e-12
28.63752587347778	-4.062865206020609e-12
28.66510185377233	-4.060854110306619e-12
28.69267783406688	-4.058844998732334e-12
28.72025381436143	-4.056837873904071e-12
28.74782979465598	-4.054832732862433e-12
28.77540577495053	-4.052829572671364e-12
28.80298175524508	-4.05082839041757e-12
28.83055773553963	-4.048829183209983e-12
28.85813371583418	-4.046831948179278e-12
28.88570969612873	-4.044836682477399e-12
28.91328567642328	-4.042843383277115e-12
28.94086165671783	-4.040852041451883e-12
28.96843763701238	-4.038862667430536e-12
28.99601361730693	-4.036875252079413e-12
29.02358959760148	-4.03488979259311e-12
29.05116557789603	-4.032906286158933e-12
29.07874155819058	-4.030924729956793e-12
29.10631753848513	-4.028945121159082e-12
29.13389351877968	-4.026967456930485e-12
29.16146949907423	-4.024991734427713e-12
29.18904547936878	-4.02301795079916e-12
29.21662145966333	-4.021046101652279e-12
29.24419743995788	-4.019076186780826e-12
29.27177342025243	-4.017108202351271e-12
29.29934940054698	-4.015142145690857e-12
29.32692538084153	-4.013178014292654e-12
29.35450136113608	-4.011215806064603e-12
29.38207734143063	-4.0092555202195e-12
29.40965332172518	-4.007297162177497e-12
29.43722930201973	-4.005340837399065e-12
29.46480528231428	-4.003386003966355e-12
29.49238126260883	-4.001433450890682e-12
29.51995724290338	-3.99948270504292e-12
29.54753322319793	-3.997533860821344e-12
29.57510920349248	-3.995586915434071e-12
29.60268518378703	-3.993641866096252e-12
29.63026116408158	-3.991698710030671e-12
29.65783714437613	-3.989757444468227e-12
29.68541312467068	-3.987818066648306e-12
29.71298910496523	-3.985880573819084e-12
29.74056508525978	-3.983944963237753e-12
29.76814106555433	-3.982011228097115e-12
29.79571704584888	-3.9800793746928e-12
29.82329302614343	-3.978149395388608e-12
29.85086900643798	-3.976221287476474e-12
29.87844498673253	-3.974295048244498e-12
29.90602096702708	-3.972370674981656e-12
29.93359694732163	-3.970448164979872e-12
29.96117292761618	-3.968527515535006e-12
29.98874890791073	-3.966608723947373e-12
30.01632488820528	-3.96469178752203e-12
30.04390086849983	-3.962776703077603e-12
30.07147684879438	-3.960863468975502e-12
30.09905282908893	-3.958952082012386e-12
30.12662880938348	-3.957042539506597e-12
30.15420478967803	-3.955134838781124e-12
30.18178076997258	-3.953228977163532e-12
30.20935675026713	-3.951324951985899e-12
30.23693273056168	-3.94942276058472e-12
30.26450871085623	-3.947522400300823e-12
30.29208469115078	-3.94562386847926e-12
30.31966067144533	-3.94372716311438e-12
30.34723665173988	-3.941832280213098e-12
30.37481263203443	-3.939939217778642e-12
30.40238861232898	-3.938047973176159e-12
30.42996459262353	-3.936158543776768e-12
30.45754057291808	-3.934270926957467e-12
30.48511655321263	-3.932385120101029e-12
30.51269253350718	-3.930501120595935e-12
30.54026851380173	-3.928618925836292e-12
30.56784449409628	-3.926738533221766e-12
30.59542047439083	-3.92485993985874e-12
30.62299645468539	-3.922983143778633e-12
30.65057243497994	-3.921108142101727e-12
30.67814841527449	-3.919234932247991e-12
30.70572439556904	-3.917363511641441e-12
30.73330037586359	-3.915493877709973e-12
30.76087635615814	-3.913626027885154e-12
30.78845233645269	-3.911759959601966e-12
30.81602831674724	-3.909895670298501e-12
30.84360429704179	-3.908033157415558e-12
30.87118027733634	-3.906172412871186e-12
30.89875625763089	-3.904313444134539e-12
30.92633223792544	-3.902456244373546e-12
30.95390821821999	-3.900600811418052e-12
30.98148419851454	-3.898747144395334e-12
31.00906017880909	-3.896895310620772e-12
31.03663615910364	-3.895045068217692e-12
31.06421213939819	-3.893196678349628e-12
31.09178811969274	-3.89135003892662e-12
31.11936409998729	-3.88950514991802e-12
31.14694008028184	-3.887662016550136e-12
31.17451606057639	-3.885820620103128e-12
31.20209204087094	-3.883980967403613e-12
31.22966802116549	-3.88214305600928e-12
31.25724400146004	-3.880306883480428e-12
31.28481998175459	-3.878472447380115e-12
31.31239596204914	-3.87663974527428e-12
31.33997194234369	-3.874808774731846e-12
31.36754792263824	-3.872979533324835e-12
31.39512390293279	-3.87115201862845e-12
31.42269988322734	-3.869326227752889e-12
31.45027586352189	-3.867502159277673e-12
31.47785184381644	-3.865679810289762e-12
31.50542782411099	-3.863859178370197e-12
31.53300380440554	-3.862040261103039e-12
31.56057978470009	-3.860223056075596e-12
31.58815576499464	-3.858407560878602e-12
31.61573174528919	-3.856593773106368e-12
31.64330772558374	-3.854781690356901e-12
31.67088370587829	-3.852971310232014e-12
31.69845968617284	-3.851162630337409e-12
31.72603566646739	-3.849355648282752e-12
31.75361164676194	-3.847550361681734e-12
31.78118762705649	-3.845746768152118e-12
31.80876360735104	-3.843944865315783e-12
31.83633958764559	-3.842144650798765e-12
31.86391556794014	-3.840346122231285e-12
31.89149154823469	-3.838549277247767e-12
31.91906752852924	-3.836754113486868e-12
31.94664350882379	-3.834960628591493e-12
31.97421948911834	-3.833168820208805e-12
32.00179546941289	-3.831378685990245e-12
32.02937144970744	-3.829590223591533e-12
32.05694743000199	-3.827803430672677e-12
32.08452341029654	-3.826018304897985e-12
32.11209939059109	-3.824234843936057e-12
32.13967537088564	-3.822453045459804e-12
32.16725135118019	-3.820672907146434e-12
32.19482733147474	-3.818894426677459e-12
32.22240331176929	-3.817117601738696e-12
