0
1000	1776.86	100000000000000.1
5	0	0	1
5	0	0	0
7.494979834713454	4.259964703897069e-10
7.519733422974787	8.860671504077123e-10
7.544487011236121	1.352621203346473e-09
7.569240599497454	1.863718891508038e-09
7.593994187758788	2.426566916383803e-09
7.618747776020121	3.04225324151612e-09
7.643501364281454	3.709984479753913e-09
7.668254952542788	4.428367335724214e-09
7.693008540804121	5.195891627747691e-09
7.717762129065455	6.011128193514215e-09
7.742515717326788	6.872808464482956e-09
7.767269305588122	7.779850777157121e-09
7.792022893849455	8.731361683720871e-09
7.816776482110789	9.726627483444119e-09
7.841530070372122	1.076509997511217e-08
7.866283658633455	1.184638109861725e-08
7.891037246894789	1.297020792686311e-08
7.915790835156122	1.413643875213331e-08
7.940544423417456	1.534504042858415e-08
7.965298011678789	1.659607715206733e-08
7.990051599940123	1.788970056175455e-08
8.014805188201457	1.922614106611674e-08
8.03955877646279	2.060570022960964e-08
8.064312364724124	2.20287442065751e-08
8.089065952985457	2.349569796652038e-08
8.113819541246791	2.500704017843983e-08
8.138573129508124	2.656329894073431e-08
8.163326717769458	2.816504778357968e-08
8.188080306030791	2.981290235046938e-08
8.212833894292125	3.150751745271146e-08
8.237587482553458	3.324969085307811e-08
8.262341070814792	3.504021387696924e-08
8.287094659076125	3.687954127931565e-08
8.311848247337458	3.876854752770634e-08
8.336601835598792	4.070815764556851e-08
8.361355423860125	4.269901170144666e-08
8.386109012121459	4.474187062913888e-08
8.410862600382792	4.683797313583964e-08
8.435616188644126	4.898801958833117e-08
8.460369776905459	5.119292143070882e-08
8.485123365166793	5.345399379530593e-08
8.509876953428126	5.577199910949913e-08
8.534630541689459	5.814803332720333e-08
8.559384129950793	6.058301175640943e-08
8.584137718212126	6.307773086997445e-08
8.60889130647346	6.563407028602219e-08
8.633644894734793	6.825222549971948e-08
8.658398482996127	7.093416784766147e-08
8.68315207125746	7.368051872209823e-08
8.707905659518794	7.649299342657816e-08
8.732659247780127	7.937242215865435e-08
8.75741283604146	8.232044943302685e-08
8.782166424302794	8.533823838090525e-08
8.806920012564127	8.842731534794484e-08
8.831673600825461	9.15891627505958e-08
8.856427189086794	9.482510625790055e-08
8.881180777348128	9.813672875311839e-08
8.905934365609461	1.015256435156882e-07
8.930687953870795	1.049931102376831e-07
8.955441542132128	1.08541335669503e-07
8.980195130393462	1.121713982221451e-07
9.004948718654795	1.158854200861083e-07
9.029702306916128	1.19685198081967e-07
9.054455895177462	1.23572534386511e-07
9.079209483438795	1.275489410138184e-07
9.103963071700129	1.31616602178999e-07
9.128716659961462	1.357771210599669e-07
9.153470248222796	1.400333013610534e-07
9.178223836484129	1.44386710883783e-07
9.202977424745463	1.488389342430302e-07
9.227731013006796	1.533929542324641e-07
9.252484601268129	1.580506623735837e-07
9.277238189529463	1.628139981287922e-07
9.301991777790796	1.676861829801195e-07
9.32674536605213	1.726686475194489e-07
9.351498954313463	1.777643179199207e-07
9.376252542574797	1.829755863933587e-07
9.40100613083613	1.883048856309091e-07
9.425759719097464	1.937551215493519e-07
9.450513307358797	1.993284467815162e-07
9.47526689562013	2.050284563521584e-07
9.500020483881464	2.108570375028127e-07
9.524774072142797	2.168181093111489e-07
9.549527660404131	2.229134260132186e-07
9.574281248665464	2.291469129563877e-07
9.599034836926798	2.355212135033426e-07
9.623788425188131	2.420397274282348e-07
9.648542013449465	2.487053658709796e-07
9.673295601710798	2.55522056914319e-07
9.698049189972132	2.624928572914991e-07
9.722802778233465	2.69620939301274e-07
9.747556366494798	2.769104837672578e-07
9.772309954756132	2.843648404795088e-07
9.797063543017465	2.919873859096252e-07
9.821817131278799	2.997825809057322e-07
9.846570719540132	3.077539804540106e-07
9.871324307801466	3.159055434346261e-07
9.896077896062799	3.242418906180962e-07
9.920831484324133	3.327664207635177e-07
9.945585072585466	3.414842566574996e-07
9.970338660846799	3.503994536180379e-07
9.995092249108133	3.595160882612806e-07
10.01984583736947	3.688391638518849e-07
10.0445994256308	3.783740014873385e-07
10.06935301389213	3.881242716581589e-07
10.09410660215347	3.980954327517403e-07
10.1188601904148	4.082931122285429e-07
10.14361377867613	4.187215782392448e-07
10.16836736693747	4.293867828476873e-07
10.1931209551988	4.4029372772956e-07
10.21787454346013	4.51448632834813e-07
10.24262813172147	4.628565797983724e-07
10.2673817199828	4.745234815614099e-07
10.29213530824413	4.864555208894674e-07
10.31688889650547	4.986588207198789e-07
10.3416424847668	5.111391249019481e-07
10.36639607302813	5.239029929593145e-07
10.39114966128947	5.369567521440087e-07
10.4159032495508	5.503082804999923e-07
10.44065683781213	5.639631190310869e-07
10.46541042607347	5.779286705745472e-07
10.4901640143348	5.922073016507596e-07
10.51491760259614	6.068136094889133e-07
10.53967119085747	6.21756195767071e-07
10.5644247791188	6.370353280341048e-07
10.58917836738014	6.526651623426588e-07
10.61393195564147	6.686581010121969e-07
10.6386855439028	6.850160343601862e-07
10.66343913216414	7.017542865612903e-07
10.68819272042547	7.188738850031498e-07
10.7129463086868	7.363905756225974e-07
10.73769989694814	7.543124108033489e-07
10.76245348520947	7.726520939202752e-07
10.7872070734708	7.91427396872432e-07
10.81196066173214	8.106312295271107e-07
10.83671424999347	8.302987811849748e-07
10.8614678382548	8.504182771722301e-07
10.88622142651614	8.710257607512281e-07
10.91097501477747	8.921148234612348e-07
10.9357286030388	9.137053278718082e-07
10.96048219130014	9.358120870764847e-07
10.98523577956147	9.584445316587922e-07
11.0099893678228	9.816197772860808e-07
11.03474295608414	1.005351899168178e-06
11.05949654434547	1.029655117282053e-06
11.0842501326068	1.05453774735944e-06
11.10900372086814	1.080022189127512e-06
11.13375730912947	1.106119173623333e-06
11.1585108973908	1.132849563634416e-06
11.18326448565214	1.160222705613629e-06
11.20801807391347	1.188269942493558e-06
11.23277166217481	1.216989625573372e-06
11.25752525043614	1.246406731791689e-06
11.28227883869747	1.276533895725002e-06
11.30703242695881	1.307399048686364e-06
11.33178601522014	1.339017557780897e-06
11.35653960348147	1.371401655670391e-06
11.38129319174281	1.404583310697397e-06
11.40604678000414	1.438568102038174e-06
11.43080036826547	1.473390124171183e-06
11.45555395652681	1.509068740680729e-06
11.48030754478814	1.545602211012411e-06
11.50506113304947	1.583049774047867e-06
11.52981472131081	1.621401780590154e-06
11.55456830957214	1.660708983184058e-06
11.57932189783347	1.70096708622788e-06
11.60407548609481	1.74222700381311e-06
11.62882907435614	1.784505566355921e-06
11.65358266261747	1.827807505435526e-06
11.67833625087881	1.87218285818045e-06
11.70308983914014	1.917654524381437e-06
11.72784342740147	1.964244633428585e-06
11.75259701566281	2.011994314592477e-06
11.77735060392414	2.060898999203564e-06
11.80210419218547	2.111017033408086e-06
11.82685778044681	2.162373213858468e-06
11.85161136870814	2.21500657495114e-06
11.87636495696947	2.268931356515092e-06
11.90111854523081	2.324184035095925e-06
11.92587213349214	2.380814284900162e-06
11.95062572175348	2.438829720819356e-06
11.97537931001481	2.498300332083048e-06
12.00013289827614	2.559229220946976e-06
12.02488648653748	2.621656805427043e-06
12.04964007479881	2.685646566017993e-06
12.07439366306014	2.751216239937814e-06
12.09914725132148	2.81839744551176e-06
12.12390083958281	2.887257952399862e-06
12.14865442784414	2.957824767490951e-06
12.17340801610548	3.030123736311223e-06
12.19816160436681	3.104222391399528e-06
12.22291519262814	3.180165305887349e-06
12.24766878088948	3.257975216444097e-06
12.27242236915081	3.337715955521487e-06
12.29717595741214	3.419446005483047e-06
12.32192954567348	3.503196802059611e-06
12.34668313393481	3.589024473513766e-06
12.37143672219614	3.676974783627668e-06
12.39619031045748	3.76710884803384e-06
12.42094389871881	3.859488798684463e-06
12.44569748698014	3.954149363693519e-06
12.47045107524148	4.051178653303285e-06
12.49520466350281	4.150579903553996e-06
12.51995825176414	4.252466691344719e-06
12.54471184002548	4.356877464253148e-06
12.56946542828681	4.463873259111489e-06
12.59421901654814	4.573535338792654e-06
12.61897260480948	4.6859201367033e-06
12.64372619307081	4.801109208295941e-06
12.66847978133215	4.91910313472507e-06
12.69323336959348	5.040063262561632e-06
12.71798695785481	5.164025367626199e-06
12.74274054611615	5.291052200806264e-06
12.76749413437748	5.421237753641284e-06
12.79224772263881	5.554647439268359e-06
12.81700131090015	5.69137674353859e-06
12.84175489916148	5.831492946000954e-06
12.86650848742281	5.975079510356255e-06
12.89126207568415	6.122230128821315e-06
12.91601566394548	6.273039873499867e-06
12.94076925220681	6.427586960625559e-06
12.96552284046815	6.585973563180053e-06
12.99027642872948	6.748275928449076e-06
13.01503001699081	6.914613500077035e-06
13.03978360525215	7.085070363468449e-06
13.06453719351348	7.259767859485459e-06
13.08929078177481	7.43878625457281e-06
13.11404437003615	7.622252592974702e-06
13.13879795829748	7.810246590785492e-06
13.16355154655881	8.002930906530428e-06
13.18830513482015	8.200386104792094e-06
13.21305872308148	8.402720428016448e-06
13.23781231134281	8.610086663961305e-06
13.26256589960415	8.822581806968234e-06
13.28731948786548	9.040346342693165e-06
13.31207307612681	9.263512932705729e-06
13.33682666438815	9.492211260041622e-06
13.36158025264948	9.726432960424003e-06
13.38633384091082	9.9667308148888e-06
13.41108742917215	1.021285291484591e-05
13.43584101743348	1.046506586699278e-05
13.46059460569482	1.072353243909215e-05
13.48534819395615	1.098838847920061e-05
13.51010178221748	1.125981425947848e-05
13.53485537047882	1.153796335131975e-05
13.55960895874015	1.182299891284705e-05
13.58436254700148	1.21150813323638e-05
13.60911613526282	1.241439161820232e-05
13.63386972352415	1.272111775595674e-05
13.65862331178548	1.303544259236649e-05
13.68337690004682	1.335754501571309e-05
13.70813048830815	1.3687620817951e-05
13.73288407656948	1.402571367086586e-05
13.75763766483082	1.437245504435239e-05
13.78239125309215	1.472762532200614e-05
13.80714484135348	1.509159568884719e-05
13.83189842961482	1.546457060825659e-05
13.85665201787615	1.584676853806675e-05
13.88140560613748	1.623841067678294e-05
13.90615919439882	1.663973815604103e-05
13.93091278266015	1.705098300348113e-05
13.95566637092148	1.747240798568513e-05
13.98041995918282	1.79042475221437e-05
14.00517354744415	1.834678316646325e-05
14.02992713570548	1.880020508742417e-05
14.05468072396682	1.926486061248472e-05
14.07943431222815	1.974099089657529e-05
14.10418790048949	2.022888085336763e-05
14.12894148875082	2.072883975396045e-05
14.15369507701215	2.123944769141818e-05
14.17844866527349	2.176610490847372e-05
14.20320225353482	2.23040370548907e-05
14.22795584179615	2.285525455171416e-05
14.25270943005749	2.342008522213711e-05
14.27746301831882	2.399883883618915e-05
14.30221660658015	2.45919134410196e-05
14.32697019484149	2.519961705768881e-05
14.35172378310282	2.582233408659774e-05
14.37647737136415	2.646042340337997e-05
14.40123095962549	2.711426507109127e-05
14.42598454788682	2.778424625312707e-05
14.45073813614815	2.847075562964373e-05
14.47549172440949	2.917419783729264e-05
14.50024531267082	2.989502568839327e-05
14.52499890093215	3.06336347344045e-05
14.54975248919349	3.139046885577823e-05
14.57450607745482	3.216597928075757e-05
14.59925966571615	3.296062961808481e-05
14.62401325397749	3.377485837977108e-05
14.64876684223882	3.460918076369838e-05
14.67352043050015	3.546408896469348e-05
14.69827401876149	3.634009412923473e-05
14.72302760702282	3.723770658710002e-05
14.74778119528415	3.815744691992947e-05
14.77253478354549	3.909989346908522e-05
14.79728837180682	4.006557384409827e-05
14.82204196006816	4.105505860804289e-05
14.84679554832949	4.206893943219477e-05
14.87154913659082	4.310783506975795e-05
14.89630272485216	4.417233504380657e-05
14.92105631311349	4.526309527028841e-05
14.94580990137482	4.638074869497394e-05
14.97056348963616	4.752595938818045e-05
14.99531707789749	4.869942258997916e-05
15.02007066615882	4.990176616512529e-05
15.04482425442016	5.113377032241192e-05
15.06957784268149	5.239615742884549e-05
15.09433143094282	5.36896567167316e-05
15.11908501920416	5.501504382929253e-05
15.14383860746549	5.637309324128307e-05
15.16859219572682	5.776462352052574e-05
15.19334578398816	5.918848622689427e-05
15.21809937224949	6.06514137640802e-05
15.24285296051082	6.214839383461302e-05
15.26760654877216	6.368224699396042e-05
15.29236013703349	6.52539197776515e-05
15.31711372529482	6.686432604147812e-05
15.34186731355616	6.851441821704051e-05
15.36662090181749	7.020517543452746e-05
15.39137449007882	7.193759069354701e-05
15.41612807834016	7.37126744296852e-05
15.44088166660149	7.5531548062516e-05
15.46563525486282	7.739522589008152e-05
15.49038884312416	7.93048252040505e-05
15.51514243138549	8.12615259472487e-05
15.53989601964683	8.326630525574473e-05
15.56464960790816	8.532057414313308e-05
15.58940319616949	8.742545628240683e-05
15.61415678443083	8.958225633806935e-05
15.63891037269216	9.179204551859958e-05
15.66366396095349	9.405638270053379e-05
15.68841754921483	9.637650148610287e-05
15.71317113747616	9.875379444945445e-05
15.73792472573749	0.000101189607950106
15.76267831399883	0.0001036854705107917
15.78743190226016	0.0001062428268200414
15.81218549052149	0.0001088631948490282
15.83693907878283	0.0001115480791363178
15.86169266704416	0.0001142991428219773
15.88644625530549	0.000117117991071691
15.91119984356683	0.000120006277995698
15.93595343182816	0.0001229657726878845
15.96070702008949	0.0001259980449692761
15.98546060835083	0.0001291051024255922
16.01021419661216	0.0001322887011908009
16.03496778487349	0.0001355507139955209
16.05972137313483	0.0001388930619461556
16.08447496139616	0.0001423178200518091
16.10922854965749	0.000145826900837639
16.13398213791883	0.000149422448574715
16.15873572618016	0.0001531065962616243
16.18348931444149	0.000156881424534361
16.20824290270283	0.0001607493010621066
16.23299649096416	0.0001647124485783422
16.2577500792255	0.0001687732355770504
16.28250366748683	0.0001729343123995825
16.30725725574816	0.0001771973701736874
16.3320108440095	0.0001815657098070008
16.35676443227083	0.0001860416642022284
16.38151802053216	0.0001906279029069777
16.4062716087935	0.0001953269702476638
16.43102519705483	0.0002001420659945111
16.45577878531616	0.0002050756610523834
16.4805323735775	0.0002101307971717178
16.50528596183883	0.0002153104630722869
16.53003955010016	0.0002206174040659564
16.5547931383615	0.0002260557115775774
16.57954672662283	0.0002316276739232529
16.60430031488416	0.0002373369212828508
16.6290539031455	0.0002431867763506839
16.65380749140683	0.0002491808181314045
16.67856107966816	0.0002553224304886174
16.7033146679295	0.0002616154018093151
16.72806825619083	0.0002680634032624673
16.75282184445216	0.0002746702514836307
16.7775754327135	0.0002814398747402466
16.80232902097483	0.0002883762141017569
16.82708260923616	0.0002954834926152825
16.8518361974975	0.000302765859712139
16.87658978575883	0.0003102276303837861
16.90134337402016	0.0003178732425723879
16.9260969622815	0.0003257067492166814
16.95085055054283	0.0003337341099098475
16.97560413880417	0.0003419588046976107
17.0003577270655	0.0003503861497261215
17.02511131532683	0.0003590211113505525
17.04986490358817	0.0003678688191979126
17.0746184918495	0.0003769344671813535
17.09937208011083	0.0003862235112226003
17.12412566837217	0.0003957413986754692
17.1488792566335	0.0004054937829823085
17.17363284489483	0.0004154864473515959
17.19838643315617	0.0004257253201169903
17.2231400214175	0.0004362163636183301
17.24789360967883	0.0004469659829653063
17.27264719794017	0.000457980428132218
17.2974007862015	0.000469266253472171
17.32215437446283	0.0004808301043849197
17.34690796272417	0.0004926789237839762
17.3716615509855	0.0005048196122569195
17.39641513924683	0.0005172594969319486
17.42116872750817	0.0005300058844892029
17.4459223157695	0.0005430663165109954
17.47067590403083	0.0005564485565889557
17.49542949229217	0.0005701605343668445
17.5201830805535	0.0005842103282052116
17.54493666881483	0.0005986064213220361
17.56969025707617	0.0006133570741813817
17.5944438453375	0.0006284712716980699
17.61919743359883	0.0006439578832552885
17.64395102186017	0.0006598260961717246
17.6687046101215	0.0006760864774782975
17.69345819838284	0.0006927451300338725
17.71821178664417	0.000709815486945085
17.7429653749055	0.0007273064734521736
17.76771896316684	0.0007452284808255636
17.79247255142817	0.0007635921128155365
17.8172261396895	0.0007824082653933511
17.84197972795084	0.0008016880172104818
17.86673331621217	0.0008214429412825184
17.8914869044735	0.0008416846622277104
17.91624049273484	0.0008624251596197332
17.94099408099617	0.00088367677679666
17.9657476692575	0.0009054520915185312
17.99050125751884	0.0009277640320128694
18.01525484578017	0.0009506257586045256
18.0400084340415	0.0009740509202781903
18.06476202230284	0.0009980533548667589
18.08951561056417	0.001022647303215278
18.1142691988255	0.001047847342837641
18.13902278708684	0.001073668392804116
18.16377637534817	0.001100125830646279
18.1885299636095	0.001127235221250507
18.21328355187084	0.001155012773666135
18.23803714013217	0.001183474903807208
18.2627907283935	0.001212638488941701
18.28754431665484	0.001242520791413931
18.31229790491617	0.00127313959482994
18.3370514931775	0.001304513020172453
18.36180508143884	0.001336659588729824
18.38655866970017	0.001369598545882863
18.41131225796151	0.001403349295743212
18.43606584622284	0.001437931877103539
18.46081943448417	0.001473366834729225
18.48557302274551	0.001509675098214158
18.51032661100684	0.001546878281387223
18.53508019926817	0.001584998457038304
18.55983378752951	0.001624058087630955
18.58458737579084	0.001664080494113008
18.60934096405217	0.001705089383437058
18.63409455231351	0.001747109059678788
18.65884814057484	0.001790164456139571
18.68360172883617	0.00183428114012389
18.70835531709751	0.001879485109363049
18.73310890535884	0.001925803047625071
18.75786249362017	0.001973263317499584
18.78261608188151	0.002021893136881887
18.80736967014284	0.002071721644903043
18.83212325840417	0.002122778402804709
18.85687684666551	0.002175093699695265
18.88163043492684	0.002228698558713807
18.90638402318817	0.002283624791437047
18.93113761144951	0.002339902084191413
18.95589119971084	0.002397572437625818
18.98064478797217	0.002456661493300088
19.00539837623351	0.00251720713638773
19.03015196449484	0.002579245296137115
19.05490555275617	0.002642812780812579
19.07965914101751	0.002707947268464335
19.10441272927884	0.002774687450941611
19.12916631754018	0.002843072884914981
19.15391990580151	0.002913144151964546
19.17867349406284	0.002984942834355908
19.20342708232418	0.003058511536595896
19.22818067058551	0.003133893876240273
19.25293425884684	0.003211134613087285
19.27768784710818	0.00329027956756206
19.30244143536951	0.003371375688071921
19.32719502363084	0.003454471098245529
19.35194861189218	0.003539614555668095
19.37670220015351	0.003626858163158261
19.40145578841484	0.003716252157447688
19.42620937667618	0.00380785013441432
19.45096296493751	0.003901706263911072
19.47571655319884	0.003997876407813622
19.50047014146018	0.004096417593528005
19.52522372972151	0.004197388290506837
19.54997731798284	0.004300848426696598
19.57473090624418	0.004406859118849895
19.59948449450551	0.004515480918915793
19.62423808276684	0.004626786854064377
19.64899167102818	0.004740833978597713
19.67374525928951	0.004857693027711275
19.69849884755084	0.004977433477210635
19.72325243581218	0.005100126047440608
19.74800602407351	0.005225843871382745
19.77275961233484	0.005354661477924657
19.79751320059618	0.005486655337014944
19.82226678885751	0.005621903644359977
19.84702037711885	0.005760486849167083
19.87177396538018	0.005902487173282652
19.89652755364151	0.006047988795414726
19.92128114190285	0.006197078215662693
19.94603473016418	0.0063498438492722
19.97078831842551	0.006506376353193171
19.99554190668685	0.006666768659285016
20.02029549494818	0.006831115988750468
20.04504908320951	0.006999515647348395
20.06980267147085	0.007172068202871637
20.09455625973218	0.007348875555002777
20.11930984799351	0.007530042706029266
20.14406343625485	0.007715677418910774
20.16881702451618	0.007905889632950466
20.19357061277751	0.008100792579694784
20.21832420103885	0.008300503025092738
20.24307778930018	0.008505135542144287
20.26783137756151	0.008714815739290595
20.29258496582285	0.008929666294063162
20.31733855408418	0.0091498158829094
20.34209214234551	0.009375394153616224
20.36684573060685	0.009606535327118965
20.39159931886818	0.009843376843801139
20.41635290712951	0.01008605874545097
20.44110649539085	0.01033472665719497
20.46586008365218	0.01058952508841323
20.49061367191351	0.01085060823803404
20.51536726017485	0.01111813018998915
20.54012084843618	0.01139224973659016
20.56487443669752	0.01167313069537439
20.58962802495885	0.01196093659989083
20.61438161322018	0.01225584163748264
20.63913520148152	0.01255802013361444
20.66388878974285	0.01286765046617222
20.68864237800418	0.01318491758884173
20.71339596626552	0.01351000951616739
20.73814955452685	0.01384311911105632
20.76290314278818	0.0141844444355204
20.78765673104952	0.01453418806038809
20.81241031931085	0.01489255765077735
20.83716390757218	0.01525976595804834
20.86191749583352	0.01563603129764891
20.88667108409485	0.01602157760231257
20.91142467235618	0.01641663147902881
20.93617826061752	0.01682143007846625
20.96093184887885	0.01723621296199928
20.98568543714018	0.01766122629255982
21.01043902540152	0.01809672272820504
21.03519261366285	0.01854296074370216
21.05994620192418	0.01900020510247511
21.08469979018552	0.01946872813593131
21.10945337844685	0.01994880725269956
21.13420696670818	0.02044072809163998
21.15896055496952	0.0209447824926328
21.18371414323085	0.02146127010863493
21.20846773149218	0.02199049757823778
21.23322131975352	0.022532776768166
21.25797490801485	0.02308843697244128
21.28272849627619	0.02365780116652141
21.30748208453752	0.0242412098325369
21.33223567279885	0.02483900930140845
21.35698926106019	0.02545155513731334
21.38174284932152	0.02607921083079053
21.40649643758285	0.02672234923241571
21.43125002584419	0.02738135240836739
21.45600361410552	0.02805661174285664
21.48075720236685	0.0287485284933715
21.50551079062819	0.02945751349304015
21.53026437888952	0.03018398813099669
21.55501796715085	0.03092838381682111
21.57977155541219	0.03169114276247264
21.60452514367352	0.0324727179420523
21.62927873193485	0.03327357388349628
21.65403232019619	0.03409418642471342
21.67878590845752	0.03493504281100694
21.70353949671885	0.03579664225748914
21.72829308498019	0.0366794975775459
21.75304667324152	0.03758413277932794
21.77780026150285	0.03851108512218424
21.80255384976419	0.03946090527041973
21.82730743802552	0.04043415785576547
21.85206102628685	0.04143142097006183
21.87681461454819	0.04245328708419616
21.90156820280952	0.04350036328548734
21.92632179107085	0.04457327186552854
21.95107537933219	0.04567265013743729
21.97582896759352	0.046799151338154
22.00058255585486	0.04795344472907464
22.02533614411619	0.04913621616743761
22.05008973237752	0.05034816977558455
22.07484332063886	0.05159002215598512
22.09959690890019	0.05286251439551053
22.12435049716152	0.05416640184696147
22.14910408542286	0.0555024590891503
22.17385767368419	0.0568714800116859
22.19861126194552	0.05827427798319428
22.22336485020686	0.05971168688094732
22.24811843846819	0.06118456071277831
22.27287202672952	0.06269377475254623
22.29762561499086	0.06424022365126172
22.32237920325219	0.06582483280877449
22.34713279151352	0.06744853767393559
22.37188637977486	0.06911230495153196
22.39663996803619	0.07081712351452099
22.42139355629752	0.07256400678918591
22.44614714455886	0.07435399266318375
22.47090073282019	0.07618814499049681
22.49565432108152	0.0780675539841546
22.52040790934286	0.07999333594250019
22.54516149760419	0.08196663616357465
22.56991508586552	0.08398862699222483
22.59466867412686	0.08606051086205818
22.61942226238819	0.08818351781036941
22.64417585064952	0.0903589107380549
22.66892943891086	0.09258798233933849
22.69368302717219	0.09487205747169054
22.71843661543353	0.09721249357038778
22.74319020369486	0.09961068181881942
22.76794379195619	0.1020680477198052
22.79269738021753	0.1045860521371913
22.81745096847886	0.1071661907664616
22.84220455674019	0.1098099988402947
22.86695814500153	0.1125190468660221
22.89171173326286	0.1152949446677534
22.91646532152419	0.1181393431918461
22.94121890978553	0.1210539330287526
22.96597249804686	0.1240404460239339
22.99072608630819	0.1271006589807266
23.01547967456953	0.1302363896515104
23.04023326283086	0.1334495014057554
23.06498685109219	0.1367419078446071
23.08974043935353	0.1401155624456602
23.11449402761486	0.1435724723945195
23.13924761587619	0.1471146924620717
23.16400120413753	0.1507443284236702
23.18875479239886	0.1544635385223626
23.21350838066019	0.1582745331261939
23.23826196892153	0.1621795785636504
23.26301555718286	0.1661809960822526
23.28776914544419	0.1702811645282469
23.31252273370553	0.1744825219241942
23.33727632196686	0.1787875659898559
23.36202991022819	0.1831988561581142
23.38678349848953	0.1877190154773666
23.41153708675086	0.1923507286192347
23.4362906750122	0.1970967565898068
23.46104426327353	0.2019599144017379
23.48579785153486	0.2069430960544337
23.5105514397962	0.2120492638909483
23.53530502805753	0.217281454841154
23.56005861631886	0.2226427792956517
23.5848122045802	0.2281364248494078
23.60956579284153	0.2337656595987535
23.63431938110286	0.2395338290463498
23.6590729693642	0.2454443635817639
23.68382655762553	0.2515007782880362
23.70858014588686	0.2577066742110156
23.7333337341482	0.2640657415739588
23.75808732240953	0.2705817618734811
23.78284091067086	0.27725861007098
23.8075944989322	0.2841002571773579
23.83234808719353	0.2911107697241953
23.85710167545486	0.2982943193509574
23.8818552637162	0.3056551751693102
23.90660885197753	0.3131977165976604
23.93136244023886	0.3209264293473563
23.9561160285002	0.3288459088412051
23.98086961676153	0.3369608650795768
24.00562320502286	0.3452761236458507
24.0303767932842	0.3537966317463999
24.05513038154553	0.36252745421517
24.07988396980686	0.3714737851042907
24.1046375580682	0.3806409448906867
24.12939114632953	0.3900343857563794
24.15414473459087	0.3996596945658178
24.1788983228522	0.4095225958284436
24.20365191111353	0.4196289561337118
24.22840549937487	0.4299847860866337
24.2531590876362	0.4405962443979917
24.27791267589753	0.451469645783765
24.30266626415887	0.462611454129185
24.3274198524202	0.4740282982408776
24.35217344068153	0.4857269687100762
24.37692702894287	0.4977144240442931
24.4016806172042	0.5099977947958758
24.42643420546553	0.5225843870211861
24.45118779372687	0.5354816879222807
24.4759413819882	0.5486973697852736
24.50069497024953	0.5622392942268083
24.52544855851087	0.5761155151364737
24.5502021467722	0.5903342880930661
24.57495573503353	0.6049040713685758
24.59970932329487	0.6198335319983169
24.6244629115562	0.6351315512627436
24.64921649981753	0.6508072293638019
24.67397008807887	0.6668698923970003
24.6987236763402	0.6833290956137104
24.72347726460153	0.700194630473725
24.74823085286287	0.7174765312009637
24.7729844411242	0.7351850785480321
24.79773802938553	0.7533308079483313
24.82249161764687	0.7719245145141147
24.8472452059082	0.7909772647050213
24.87199879416954	0.8105003834777592
24.89675238243087	0.8305054953361906
24.9215059706922	0.8510044994681962
24.94625955895354	0.8720095926619724
24.97101314721487	0.8935332718878215
24.9957667354762	0.9155883437171529
25.02052032373754	0.9381879300513357
25.04527391199887	0.9613454773200583
25.0700275002602	0.9850747661703609
25.09478108852154	1.009389911569384
25.11953467678287	1.034305383827802
25.1442882650442	1.059836008035219
25.16904185330554	1.085996975461232
25.19379544156687	1.112803852297465
25.2185490298282	1.140272589471394
25.24330261808954	1.16841953276256
25.26805620635087	1.197261429467577
25.2928097946122	1.226815445808085
25.31756338287354	1.257099161502185
25.34231697113487	1.2881306026316
25.3670705593962	1.319928233648468
25.39182414765754	1.352510978057378
25.41657773591887	1.385898221849603
25.4413313241802	1.420109836868738
25.46608491244154	1.455166181176677
25.49083850070287	1.49108811675994
25.5155920889642	1.527897041378826
25.54034567722554	1.565614803292694
25.56509926548687	1.60426390432035
25.58985285374821	1.643867324254678
25.61460644200954	1.684448642147411
25.63936003027087	1.726032001958593
25.66411361853221	1.768642153527882
25.68886720679354	1.812304457007712
25.71362079505487	1.857044897503625
25.73837438331621	1.902890103755451
25.76312797157754	1.94986736309165
25.78788155983887	1.998004632765009
25.81263514810021	2.047330562853454
25.83738873636154	2.09787451595589
25.86214232462287	2.149666574913522
25.88689591288421	2.202737560480367
25.91164950114554	2.257119067890248
25.93640308940687	2.312843462510859
25.96115667766821	2.369943915343174
25.98591026592954	2.428454411420447
26.01066385419087	2.488409784533633
26.03541744245221	2.5498457168608
26.06017103071354	2.612798772486058
26.08492461897487	2.677306435255391
26.10967820723621	2.743407100019946
26.13443179549754	2.811140114287615
26.15918538375887	2.880545796286492
26.18393897202021	2.951665464389941
26.20869256028154	3.024541453569994
26.23344614854287	3.099217144508544
26.25819973680421	3.175736999278219
26.28295332506554	3.254146556630809
26.30770691332688	3.334492508824521
26.33246050158821	3.416822678223757
26.35721408984954	3.501186081536297
26.38196767811088	3.587632941523967
26.40672126637221	3.676214721186797
26.43147485463354	3.766984160968027
26.45622844289488	3.859995297527403
26.48098203115621	3.955303505636557
26.50573561941754	4.052965530104701
26.53048920767888	4.153039508938658
26.55524279594021	4.255585031107023
26.57999638420154	4.360663145974349
26.60474997246288	4.4683364159754
26.62950356072421	4.578668946077906
26.65425714898554	4.691726435078738
26.67901073724688	4.807576191578503
26.70376432550821	4.926287194418673
26.72851791376954	5.047930126343649
26.75327150203088	5.172577413832776
26.77802509029221	5.300303273998987
26.80277867855354	5.431183774773255
26.82753226681488	5.565296827405287
26.85228585507621	5.70272229620532
26.87703944333754	5.843542011482958
26.90179303159888	5.987839823796818
26.92654661986021	6.135701658551791
26.95130020812154	6.287215563711833
26.97605379638288	6.442471760375768
27.00080738464421	6.601562700994298
27.02556097290555	6.764583117762752
27.05031456116688	6.931630101297316
27.07506814942821	7.102803115357098
27.09982173768955	7.278204098190766
27.12457532595088	7.457937502633093
27.14932891421221	7.642110365262081
27.17408250247355	7.83083234900485
27.19883609073488	8.024215867883553
27.22358967899621	8.222376077898067
27.24834326725755	8.425430991416036
27.27309685551888	8.633501538052162
27.29785044378021	8.846711634942341
27.32260403204155	9.065188257782259
27.34735762030288	9.289061529290546
27.37211120856421	9.518464776307852
27.39686479682555	9.753534630954015
27.42161838508688	9.994411081099662
27.44637197334821	10.24123761451395
27.47112556160955	10.4941612283664
27.49587914987088	10.75333256424924
27.52063273813221	11.01890598637592
27.54538632639355	11.291039673685
27.57013991465488	11.56989571637175
27.59489350291621	11.85564020390206
27.61964709117755	12.14844333284062
27.64440067943888	12.44847951494804
27.66915426770021	12.75592744396171
27.69390785596155	13.07097027702081
27.71866144422288	13.39379566168311
27.74341503248422	13.72459589051249
27.76816862074555	14.06356801027847
27.79292220900688	14.41091393724089
27.81767579726822	14.76684060919549
27.84242938552955	15.13155994352876
27.86718297379088	15.50528930562442
27.89193656205222	15.88825129600846
27.91669015031355	16.28067403457462
27.94144373857488	16.68279127708884
27.96619732683622	17.09484259787106
27.99095091509755	17.51707345377666
28.01570450335888	17.9497353778636
28.04045809162022	18.39308611823384
28.06521167988155	18.84738979865226
28.08996526814288	19.31291705491869
28.11471885640422	19.78994524196067
28.13947244466555	20.2787585431585
28.16422603292688	20.77964817483331
28.18897962118822	21.29291254113618
28.21373320944955	21.81885743557146
28.23848679771088	22.35779620768761
28.26324038597222	22.91004994945376
28.28799397423355	23.47594768459357
28.31274756249488	24.05582657127177
28.33750115075622	24.65003282559326
28.36225473901755	25.25891830106281
28.38700832727888	25.88284796508171
28.41176191554022	26.52219283501404
28.43651550380155	27.17733385465619
28.46126909206289	27.84866135907412
28.48602268032422	28.53657534118451
28.51077626858555	29.24148572488495
28.53552985684689	29.96381250427855
28.56028344510822	30.70398608782624
28.58503703336955	31.46244750820496
28.60979062163089	32.2396486883615
28.63454420989222	33.03605280052891
28.65929779815355	33.85213433913579
28.68405138641489	34.68837962101404
28.70880497467622	35.54528694458688
28.73355856293755	36.42336693584335
28.75831215119889	37.32314282397741
28.78306573946022	38.24515082309006
28.80781932772155	39.18994035013781
28.83257291598289	40.15807442377089
28.85732650424422	41.15012997519282
28.88208009250555	42.16669825282475
28.90683368076689	43.20838486084996
28.93158726902822	44.27581080527293
28.95634085728955	45.36961213874206
28.98109444555089	46.49044070364359
29.00584803381222	47.63896446807743
29.03060162207355	48.81586790335077
29.05535521033489	50.02185239972154
29.08010879859622	51.25763670702538
29.10486238685755	52.52395732275143
29.12961597511889	53.82156895126608
29.15436956338022	55.15124495359694
29.17912315164156	56.51377778500479
29.20387673990289	57.90997957305267
29.22863032816422	59.34068243651429
29.25338391642556	60.8067390936291
29.27813750468689	62.30902333917597
29.30289109294822	63.84843056776408
29.32764468120956	65.42587831867891
29.35239826947089	67.04230678181612
29.37715185773222	68.6986794508049
29.40190544599356	70.3959835824417
29.42665903425489	72.13523086203016
29.45141262251622	73.91745796604292
29.47616621077756	75.74372721924493
29.50091979903889	77.61512724311531
29.52567338730022	79.53277350030666
29.55042697556156	81.49780906273746
29.57518056382289	83.51140526511085
29.59993415208422	85.57476239109992
29.62468774034556	87.68911040599855
29.64944132860689	89.85570966161849
29.67419491686822	92.07585171235932
29.69894850512956	94.35086000693315
29.72370209339089	96.6820907038386
29.74845568165222	99.0709335201946
29.77320926991356	101.5188125258807
29.79796285817489	104.0271869989845
29.82271644643622	106.5975522787923
29.84747003469756	109.2314406809629
29.87222362295889	111.9304223951511
29.89697721122023	114.6961064519458
29.92173079948156	117.5301416548391
29.94648438774289	120.4342175677612
29.97123797600423	123.410065514186
29.99599156426556	126.4594596526231
30.02074515252689	129.5842180015043
30.04549874078823	132.7862034768992
30.07025232904956	136.0673251166749
30.09500591731089	139.4295391751166
30.11975950557223	142.8748501853537
30.14451309383356	146.4053123025784
30.16926668209489	150.0230304574817
30.19402027035623	153.7301616236629
30.21877385861756	157.528916106083
30.24352744687889	161.421558856474
30.26828103514023	165.4104108384313
30.29303462340156	169.4978503629846
30.31778821166289	173.6863146256912
30.34254179992423	177.9783009639732
30.36729538818556	182.376368609572
30.39204897644689	186.8831399461708
30.41680256470823	191.5013022864528
30.44155615296956	196.2336093097011
30.46630974123089	201.0828828372231
30.49106332949223	206.0520144485016
30.51581691775356	211.1439672111696
30.54057050601489	216.361777470393
30.56532409427623	221.7085566432521
30.59007768253756	227.1874930852286
30.61483127079889	232.8018539765256
30.63958485906023	238.5549872785222
30.66433844732156	244.4503238036457
30.6890920355829	250.4913791214938
30.71384562384423	256.6817557399976
30.73859921210556	263.0251452844665
30.7633528003669	269.525330630053
30.78810638862823	276.1861882262503
30.81285997688956	283.0116902895434
30.8376135651509	290.0059073855011
30.86236715341223	297.1730106518936
30.88712074167356	304.5172743995926
30.9118743299349	312.0430786098614
30.93662791819623	319.7549116172902
30.96138150645756	327.6573726570058
30.9861350947189	335.7551748346157
31.01088868298023	344.0531476658624
31.03564227124156	352.5562401928818
31.0603958595029	361.26952370037
31.08514944776423	370.1981950781429
31.10990303602556	379.3475795852986
31.1346566242869	388.723134202237
31.15941021254823	398.3304505896546
31.18416380080956	408.1752594765823
31.2089173890709	418.2634325447979
31.23367097733223	428.6009869141969
31.25842456559356	439.1940885275297
31.2831781538549	450.0490557385841
31.30793174211623	461.1723632628706
31.33268533037756	472.5706458563266
31.3574389186389	484.2507023685351
31.38219250690023	496.2194986533585
31.40694609516157	508.4841774259235
31.4316996834229	521.052051023244
31.45645327168423	533.9306172189278
31.48120685994557	547.1275584971872
31.5059604482069	560.6507468421512
31.53071403646823	574.5082490723438
31.55546762472957	588.7083314987295
31.5802212129909	603.2594648807057
31.60497480125223	618.1703294265378
31.62972838951357	633.4498200935592
31.6544819777749	649.1070517673414
31.67923556603623	665.1513647083804
31.70398915429757	681.5923303095288
31.7287427425589	698.4397565078756
31.75349633082023	715.7036936388712
31.77824991908157	733.3944414086832
31.8030035073429	751.5225534359837
31.82775709560423	770.0988446064954
31.85251068386557	789.1343972897307
31.8772642721269	808.6405679339456
31.90201786038823	828.6289938534401
31.92677144864957	849.1116002129246
31.9515250369109	870.1006070471941
31.97627862517223	891.6085366639199
32.00103221343357	913.648225759645
32.0257858016949	936.2328100696069
32.05053938995623	959.3757775432898
32.07529297821757	983.0909314657449
32.1000465664789	1007.39242184227
32.12480015474024	1032.294747438156
32.14955374300157	1057.812766547643
32.1743073312629	1083.96170449211
32.19906091952424	1110.757163297958
32.22381450778557	1138.215130890527
0
1000	1776.86	100000000000000.1
5	0	0	1
5	0	0	0
7.494979834713454	-1.165709128077585e-11
7.519733422974787	-1.002816425553145e-11
7.544487011236121	-1.051547701423105e-11
7.569240599497454	-1.128035461319546e-11
7.593994187758788	-1.206730514073334e-11
7.618747776020121	-1.280842943408723e-11
7.643501364281454	-1.348441450592403e-11
7.668254952542788	-1.409250336085069e-11
7.693008540804121	-1.463613031480814e-11
7.717762129065455	-1.512092661878291e-11
7.742515717326788	-1.55530430878589e-11
7.767269305588122	-1.59384246249867e-11
7.792022893849455	-1.62825297741114e-11
7.816776482110789	-1.659024206652293e-11
7.841530070372122	-1.686585441894989e-11
7.866283658633455	-1.711311472783808e-11
7.891037246894789	-1.73352809939446e-11
7.915790835156122	-1.753517969595519e-11
7.940544423417456	-1.771526160320609e-11
7.965298011678789	-1.787765253907748e-11
7.990051599940123	-1.802419829661792e-11
8.014805188201457	-1.815650374468101e-11
8.03955877646279	-1.827596655011202e-11
8.064312364724124	-1.838380609311124e-11
8.089065952985457	-1.848108818347746e-11
8.113819541246791	-1.856874615680725e-11
8.138573129508124	-1.864759887508381e-11
8.163326717769458	-1.871836609297573e-11
8.188080306030791	-1.878168158852391e-11
8.212833894292125	-1.883810439896363e-11
8.237587482553458	-1.889075148691033e-11
8.262341070814792	-1.893447947257264e-11
8.287094659076125	-1.897245498306929e-11
8.311848247337458	-1.900506385378064e-11
8.336601835598792	-1.903265722139204e-11
8.361355423860125	-1.905555516799886e-11
8.386109012121459	-1.907404995211277e-11
8.410862600382792	-1.90884088757864e-11
8.435616188644126	-1.909887682837278e-11
8.460369776905459	-1.910567850515782e-11
8.485123365166793	-1.911138716456219e-11
8.509876953428126	-1.911115436384549e-11
8.534630541689459	-1.910766654088345e-11
8.559384129950793	-1.910112540697825e-11
8.584137718212126	-1.909172382814182e-11
8.60889130647346	-1.907964581824069e-11
8.633644894734793	-1.906506661219284e-11
8.658398482996127	-1.904815280352817e-11
8.68315207125746	-1.902906253242096e-11
8.707905659518794	-1.900794571217824e-11
8.732659247780127	-1.898471012434597e-11
8.75741283604146	-1.895998691452068e-11
8.782166424302794	-1.893365557779274e-11
8.806920012564127	-1.89058319608791e-11
8.831673600825461	-1.887662481872913e-11
8.856427189086794	-1.884613623929835e-11
8.881180777348128	-1.881446204567668e-11
8.905934365609461	-1.878169217618339e-11
8.930687953870795	-1.874791104316337e-11
8.955441542132128	-1.87131978713084e-11
8.980195130393462	-1.867764133740682e-11
9.004948718654795	-1.86412807094317e-11
9.029702306916128	-1.860419672202305e-11
9.054455895177462	-1.856645110850783e-11
9.079209483438795	-1.852810185055104e-11
9.103963071700129	-1.848920340349699e-11
9.128716659961462	-1.844980690844587e-11
9.153470248222796	-1.84099603917358e-11
9.178223836484129	-1.836970895248947e-11
9.202977424745463	-1.832909493886755e-11
9.227731013006796	-1.828814361347889e-11
9.252484601268129	-1.824692308767077e-11
9.277238189529463	-1.820545315630389e-11
9.301991777790796	-1.816376649314087e-11
9.32674536605213	-1.812189372657918e-11
9.351498954313463	-1.80798635673616e-11
9.376252542574797	-1.803770292785379e-11
9.40100613083613	-1.799543703346472e-11
9.425759719097464	-1.795308952674762e-11
9.450513307358797	-1.791068256468167e-11
9.47526689562013	-1.786821565067361e-11
9.500020483881464	-1.782575334060482e-11
9.524774072142797	-1.778329152154812e-11
9.549527660404131	-1.774084693183622e-11
9.574281248665464	-1.769843518150357e-11
9.599034836926798	-1.76560708270184e-11
9.623788425188131	-1.761376744060364e-11
9.648542013449465	-1.757153767455519e-11
9.673295601710798	-1.752939332094192e-11
9.698049189972132	-1.748734536704401e-11
9.722802778233465	-1.744538444476355e-11
9.747556366494798	-1.740356162335557e-11
9.772309954756132	-1.736186524607229e-11
9.797063543017465	-1.732030326466756e-11
9.821817131278799	-1.727888300763997e-11
9.846570719540132	-1.723761122505212e-11
9.871324307801466	-1.719649412975693e-11
9.896077896062799	-1.715553743534581e-11
9.920831484324133	-1.71147463911032e-11
9.945585072585466	-1.707412581422502e-11
9.970338660846799	-1.703366417322116e-11
9.995092249108133	-1.699339929901702e-11
10.01984583736947	-1.695331818919282e-11
10.0445994256308	-1.691342396626698e-11
10.06935301389213	-1.687371941296423e-11
10.09410660215347	-1.683420699945973e-11
10.1188601904148	-1.679488890823737e-11
10.14361377867613	-1.675576705678846e-11
10.16836736693747	-1.671684311835385e-11
10.1931209551988	-1.66781185408922e-11
10.21787454346013	-1.663990677176534e-11
10.24262813172147	-1.660156193579302e-11
10.2673817199828	-1.65633915783422e-11
10.29213530824413	-1.652539739546864e-11
10.31688889650547	-1.648758229983539e-11
10.3416424847668	-1.64499506085931e-11
10.36639607302813	-1.641250828281814e-11
10.39114966128947	-1.637526323424417e-11
10.4159032495508	-1.633822572086923e-11
10.44065683781213	-1.630140886142141e-11
10.46541042607347	-1.62616706596902e-11
10.4901640143348	-1.622548269909895e-11
10.51491760259614	-1.618989160395206e-11
10.53967119085747	-1.61549519921982e-11
10.5644247791188	-1.612071584753276e-11
10.58917836738014	-1.608723223095089e-11
10.61393195564147	-1.605454702481702e-11
10.6386855439028	-1.602270271170135e-11
10.66343913216414	-1.599173818960366e-11
10.68819272042547	-1.596168862454283e-11
10.7129463086868	-1.59293525170525e-11
10.73769989694814	-1.590169603546157e-11
10.76245348520947	-1.587522880830351e-11
10.7872070734708	-1.584990772023171e-11
10.81196066173214	-1.582568640507047e-11
10.83671424999347	-1.580251676948037e-11
10.8614678382548	-1.578035013056894e-11
10.88622142651614	-1.575913805363537e-11
10.91097501477747	-1.573883295791954e-11
10.9357286030388	-1.571938854357291e-11
10.96048219130014	-1.570095507934162e-11
10.98523577956147	-1.568306606605352e-11
11.0099893678228	-1.566589857671735e-11
11.03474295608414	-1.564941866550298e-11
11.05949654434547	-1.563359525293875e-11
11.0842501326068	-1.561840216442356e-11
11.10900372086814	-1.5603828338312e-11
11.13375730912947	-1.558999733334643e-11
11.1585108973908	-1.557563709512334e-11
11.18326448565214	-1.556294755654356e-11
11.20801807391347	-1.555055457999304e-11
11.23277166217481	-1.553847716644079e-11
11.25752525043614	-1.552684145237486e-11
11.28227883869747	-1.551562649470063e-11
11.30703242695881	-1.550481238195691e-11
11.33178601522014	-1.549438017862716e-11
11.35653960348147	-1.548431187279679e-11
11.38129319174281	-1.54745903267658e-11
11.40604678000414	-1.546519923035327e-11
11.43080036826547	-1.545612305670126e-11
11.45555395652681	-1.544734078506185e-11
11.48030754478814	-1.543885161977631e-11
11.50506113304947	-1.543063550484016e-11
11.52981472131081	-1.54226795433265e-11
11.55456830957214	-1.541497142630772e-11
11.57932189783347	-1.540749940403342e-11
11.60407548609481	-1.540025225825987e-11
11.62882907435614	-1.539321927573372e-11
11.65358266261747	-1.538639022282332e-11
11.67833625087881	-1.537975532128185e-11
11.70308983914014	-1.537329289681899e-11
11.72784342740147	-1.536700930061373e-11
11.75259701566281	-1.536094420574399e-11
11.77735060392414	-1.535497846042198e-11
11.80210419218547	-1.534918005659054e-11
11.82685778044681	-1.534352735512632e-11
11.85161136870814	-1.533801188892515e-11
11.87636495696947	-1.533262638738713e-11
11.90111854523081	-1.53273640592023e-11
11.92587213349214	-1.532221844770968e-11
11.95062572175348	-1.531717897030279e-11
11.97537931001481	-1.531224911950405e-11
12.00013289827614	-1.530741852917291e-11
12.02488648653748	-1.530268166190517e-11
12.04964007479881	-1.529803319097528e-11
12.07439366306014	-1.529346799324915e-11
12.09914725132148	-1.528898114201771e-11
12.12390083958281	-1.528456789985958e-11
12.14865442784414	-1.528022371162486e-11
12.17340801610548	-1.527594419762005e-11
12.19816160436681	-1.527171244546509e-11
12.22291519262814	-1.526755175430895e-11
12.24766878088948	-1.526344427847971e-11
12.27242236915081	-1.525938604604877e-11
12.29717595741214	-1.525537324625654e-11
12.32192954567348	-1.525140222518692e-11
12.34668313393481	-1.524746948071848e-11
12.37143672219614	-1.524357165709582e-11
12.39619031045748	-1.523970553936245e-11
12.42094389871881	-1.52358680478242e-11
12.44569748698014	-1.523206008193627e-11
12.47045107524148	-1.522827077026405e-11
12.49520466350281	-1.522450129552201e-11
12.51995825176414	-1.522074908833884e-11
12.54471184002548	-1.521701169627095e-11
12.56946542828681	-1.521328678045209e-11
12.59421901654814	-1.520957211371387e-11
12.61897260480948	-1.520586558080723e-11
12.64372619307081	-1.520216518191491e-11
12.66847978133215	-1.519846904178618e-11
12.69323336959348	-1.519479625559336e-11
12.71798695785481	-1.519110460225816e-11
12.74274054611615	-1.518741065242713e-11
12.76749413437748	-1.518371259521713e-11
12.79224772263881	-1.518000869260973e-11
12.81700131090015	-1.517629727604152e-11
12.84175489916148	-1.517257674314395e-11
12.86650848742281	-1.5168845554602e-11
12.89126207568415	-1.516510223110039e-11
12.91601566394548	-1.516134535032492e-11
12.94076925220681	-1.515757721932022e-11
12.96552284046815	-1.515378887800492e-11
12.99027642872948	-1.514998270327308e-11
13.01503001699081	-1.514615749052461e-11
13.03978360525215	-1.51423120925602e-11
13.06453719351348	-1.513844541747033e-11
13.08929078177481	-1.513455642662377e-11
13.11404437003615	-1.513064413274326e-11
13.13879795829748	-1.512670759805623e-11
13.16355154655881	-1.51227459325095e-11
13.18830513482015	-1.511876032467002e-11
13.21305872308148	-1.511474571620714e-11
13.23781231134281	-1.511070340947857e-11
13.26256589960415	-1.510663270806234e-11
13.28731948786548	-1.510253296255188e-11
13.31207307612681	-1.509840356885982e-11
13.33682666438815	-1.509424396658972e-11
13.36158025264948	-1.509005363746935e-11
13.38633384091082	-1.508583210383941e-11
13.41108742917215	-1.508157892719194e-11
13.43584101743348	-1.507729586217323e-11
13.46059460569482	-1.507297801336087e-11
13.48534819395615	-1.506862725612253e-11
13.51010178221748	-1.506424331954991e-11
13.53485537047882	-1.505982597243971e-11
13.55960895874015	-1.505537502158062e-11
13.58436254700148	-1.505089031012085e-11
13.60911613526282	-1.50463717160094e-11
13.63386972352415	-1.504181915050536e-11
13.65862331178548	-1.503723255674992e-11
13.68337690004682	-1.503261656410489e-11
13.70813048830815	-1.502796132617336e-11
13.73288407656948	-1.502327172526918e-11
13.75763766483082	-1.501854788463232e-11
13.78239125309215	-1.501378996404078e-11
13.80714484135348	-1.500899815700012e-11
13.83189842961482	-1.500417268819885e-11
13.85665201787615	-1.499931381119612e-11
13.88140560613748	-1.499442180631263e-11
13.90615919439882	-1.498949697869956e-11
13.93091278266015	-1.498454133292468e-11
13.95566637092148	-1.49795516421146e-11
13.98041995918282	-1.497453006652769e-11
14.00517354744415	-1.496947702295459e-11
14.02992713570548	-1.496439294690015e-11
14.05468072396682	-1.495927829068013e-11
14.07943431222815	-1.495413352173693e-11
14.10418790048949	-1.494895912113887e-11
14.12894148875082	-1.494375558223368e-11
14.15369507701215	-1.493852340943316e-11
14.17844866527349	-1.493326241301085e-11
14.20320225353482	-1.492797460238565e-11
14.22795584179615	-1.492265978011291e-11
14.25270943005749	-1.491731847546719e-11
14.27746301831882	-1.491195122216692e-11
14.30221660658015	-1.490655855783879e-11
14.32697019484149	-1.490114102350439e-11
14.35172378310282	-1.489569916308838e-11
14.37647737136415	-1.489023352294793e-11
14.40123095962549	-1.488474465142357e-11
14.42598454788682	-1.487923265365995e-11
14.45073813614815	-1.487369900900591e-11
14.47549172440949	-1.486814382135185e-11
14.50024531267082	-1.48625676386939e-11
14.52499890093215	-1.485697100971825e-11
14.54975248919349	-1.485135444526172e-11
14.57450607745482	-1.48457185529584e-11
14.59925966571615	-1.484006382373781e-11
14.62401325397749	-1.483439080311079e-11
14.64876684223882	-1.482870002451361e-11
14.67352043050015	-1.482299149069637e-11
14.69827401876149	-1.481726683558501e-11
14.72302760702282	-1.48115260441347e-11
14.74778119528415	-1.480576962735065e-11
14.77253478354549	-1.479999808719167e-11
14.79728837180682	-1.479421183248164e-11
14.82204196006816	-1.478841170567664e-11
14.84679554832949	-1.47825977783439e-11
14.87154913659082	-1.477677070428294e-11
14.89630272485216	-1.477093095045012e-11
14.92105631311349	-1.476507826812347e-11
14.94580990137482	-1.475921463178505e-11
14.97056348963616	-1.475333975403818e-11
14.99531707789749	-1.474745407562178e-11
15.02007066615882	-1.474155802900557e-11
15.04482425442016	-1.473565203863968e-11
15.06957784268149	-1.472973652118573e-11
15.09433143094282	-1.472381188573118e-11
15.11908501920416	-1.471787853398897e-11
15.14383860746549	-1.471193686048367e-11
15.16859219572682	-1.470598620742212e-11
15.19334578398816	-1.470002917759144e-11
15.21809937224949	-1.469406503986333e-11
15.24285296051082	-1.468809414520802e-11
15.26760654877216	-1.468211683669927e-11
15.29236013703349	-1.467613345009571e-11
15.31711372529482	-1.467014431442254e-11
15.34186731355616	-1.466414975273059e-11
15.36662090181749	-1.465815008375593e-11
15.39137449007882	-1.465214562934204e-11
15.41612807834016	-1.464614584281426e-11
15.44088166660149	-1.464013914123664e-11
15.46563525486282	-1.46342387660175e-11
15.49038884312416	-1.462807559295839e-11
15.51514243138549	-1.462205985479574e-11
15.53989601964683	-1.461603551306242e-11
15.56464960790816	-1.461000700616685e-11
15.58940319616949	-1.460397535652312e-11
15.61415678443083	-1.459794106434209e-11
15.63891037269216	-1.459190448360594e-11
15.66366396095349	-1.458586374873677e-11
15.68841754921483	-1.457982383606556e-11
15.71317113747616	-1.45737825423499e-11
15.73792472573749	-1.456774008695509e-11
15.76267831399883	-1.456169668419676e-11
15.78743190226016	-1.455565254320864e-11
15.81218549052149	-1.454960786778886e-11
15.83693907878283	-1.454356285622125e-11
15.86169266704416	-1.453751770106729e-11
15.88644625530549	-1.45314725889234e-11
15.91119984356683	-1.452542835870822e-11
15.93595343182816	-1.451938382805693e-11
15.96070702008949	-1.451333979883395e-11
15.98546060835083	-1.450729643041858e-11
16.01021419661216	-1.450125387780035e-11
16.03496778487349	-1.449521229175606e-11
16.05972137313483	-1.448917181940304e-11
16.08447496139616	-1.448313260647634e-11
16.10922854965749	-1.447709481387551e-11
16.13398213791883	-1.447105592066963e-11
16.15873572618016	-1.446502402603983e-11
16.18348931444149	-1.445899111836712e-11
16.20824290270283	-1.445296016806174e-11
16.23299649096416	-1.444693083507039e-11
16.2577500792255	-1.444090390021101e-11
16.28250366748683	-1.443487911750903e-11
16.30725725574816	-1.442885662862769e-11
16.3320108440095	-1.442283653945661e-11
16.35676443227083	-1.441681894896894e-11
16.38151802053216	-1.441080395194229e-11
16.4062716087935	-1.440479174640026e-11
16.43102519705483	-1.439878219243466e-11
16.45577878531616	-1.439277548261917e-11
16.4805323735775	-1.438677169345982e-11
16.50528596183883	-1.438077104937857e-11
16.53003955010016	-1.437477326991124e-11
16.5547931383615	-1.436877873665086e-11
16.57954672662283	-1.436278743929658e-11
16.60430031488416	-1.435679944461568e-11
16.6290539031455	-1.435081481935376e-11
16.65380749140683	-1.434483368347161e-11
16.67856107966816	-1.433885599035851e-11
16.7033146679295	-1.433288184543762e-11
16.72806825619083	-1.432691130924043e-11
16.75282184445216	-1.432094443940671e-11
16.7775754327135	-1.431498129139478e-11
16.80232902097483	-1.430902191871291e-11
16.82708260923616	-1.430306637302561e-11
16.8518361974975	-1.429711470421784e-11
16.87658978575883	-1.429116696044277e-11
16.90134337402016	-1.428522321900521e-11
16.9260969622815	-1.427928346039895e-11
16.95085055054283	-1.427334775859892e-11
16.97560413880417	-1.42674161554599e-11
17.0003577270655	-1.426148869142265e-11
17.02511131532683	-1.425556540554205e-11
17.04986490358817	-1.42496463355149e-11
17.0746184918495	-1.424373151770697e-11
17.09937208011083	-1.423782098717936e-11
17.12412566837217	-1.423191477771431e-11
17.1488792566335	-1.422601296341903e-11
17.17363284489483	-1.422011548454137e-11
17.19838643315617	-1.421422241981179e-11
17.2231400214175	-1.420833379815521e-11
17.24789360967883	-1.420244964750957e-11
17.27264719794017	-1.419656999479377e-11
17.2974007862015	-1.419069486590716e-11
17.32215437446283	-1.418482428574096e-11
17.34690796272417	-1.417895827819441e-11
17.3716615509855	-1.417309686619338e-11
17.39641513924683	-1.416724007747607e-11
17.42116872750817	-1.41613879208553e-11
17.4459223157695	-1.415554042250866e-11
17.47067590403083	-1.414969760173798e-11
17.49542949229217	-1.41438594769801e-11
17.5201830805535	-1.413802606582603e-11
17.54493666881483	-1.413219738503967e-11
17.56969025707617	-1.412637345057638e-11
17.5944438453375	-1.412055427760092e-11
17.61919743359883	-1.411473988050532e-11
17.64395102186017	-1.410893027077954e-11
17.6687046101215	-1.410312546581962e-11
17.69345819838284	-1.409732547562698e-11
17.71821178664417	-1.409153031165199e-11
17.7429653749055	-1.408573998464782e-11
17.76771896316684	-1.407995450468634e-11
17.79247255142817	-1.407417388117378e-11
17.8172261396895	-1.406839812286596e-11
17.84197972795084	-1.406262723788324e-11
17.86673331621217	-1.405686123372516e-11
17.8914869044735	-1.40511001225862e-11
17.91624049273484	-1.404534390005377e-11
17.94099408099617	-1.403959257675743e-11
17.9657476692575	-1.40338461577506e-11
17.99050125751884	-1.40281046474754e-11
18.01525484578017	-1.402236804969767e-11
18.0400084340415	-1.401663636729963e-11
18.06476202230284	-1.401090960149605e-11
18.08951561056417	-1.400518774733685e-11
18.1142691988255	-1.399947069471121e-11
18.13902278708684	-1.399375889334934e-11
18.16377637534817	-1.398805183625107e-11
18.1885299636095	-1.398234970658214e-11
18.21328355187084	-1.397665250455781e-11
18.23803714013217	-1.397096022997843e-11
18.2627907283935	-1.396527288223915e-11
18.28754431665484	-1.395959046033956e-11
18.31229790491617	-1.395391296289301e-11
18.3370514931775	-1.394824038813568e-11
18.36180508143884	-1.394257273393552e-11
18.38655866970017	-1.393690998461702e-11
18.41131225796151	-1.393125215950524e-11
18.43606584622284	-1.392559924620114e-11
18.46081943448417	-1.391995124156204e-11
18.48557302274551	-1.391430814363128e-11
18.51032661100684	-1.390866993460989e-11
18.53508019926817	-1.390303663509771e-11
18.55983378752951	-1.389740822465685e-11
18.58458737579084	-1.389178470117301e-11
18.60934096405217	-1.388616605990408e-11
18.63409455231351	-1.388055231805377e-11
18.65884814057484	-1.387494342091363e-11
18.68360172883617	-1.386933938922372e-11
18.70835531709751	-1.386374021716393e-11
18.73310890535884	-1.385814589871414e-11
18.75786249362017	-1.385255642766079e-11
18.78261608188151	-1.384697179760323e-11
18.80736967014284	-1.384139200195969e-11
18.83212325840417	-1.383581703397331e-11
18.85687684666551	-1.383024688671771e-11
18.88163043492684	-1.382468156504669e-11
18.90638402318817	-1.381912103728109e-11
18.93113761144951	-1.381356530744644e-11
18.95589119971084	-1.380801436787083e-11
18.98064478797217	-1.380246821060911e-11
19.00539837623351	-1.379692682717636e-11
19.03015196449484	-1.37913902074569e-11
19.05490555275617	-1.378585833183313e-11
19.07965914101751	-1.378033268495942e-11
19.10441272927884	-1.377480896045487e-11
19.12916631754018	-1.376929129382381e-11
19.15391990580151	-1.37637783995129e-11
19.17867349406284	-1.375827022365971e-11
19.20342708232418	-1.375276675799777e-11
19.22818067058551	-1.374726799432389e-11
19.25293425884684	-1.374177392464247e-11
19.27768784710818	-1.373628454158705e-11
19.30244143536951	-1.373079984005741e-11
19.32719502363084	-1.372531982804603e-11
19.35194861189218	-1.37198455021385e-11
19.37670220015351	-1.371437364734936e-11
19.40145578841484	-1.370890754703301e-11
19.42620937667618	-1.370344607748836e-11
19.45096296493751	-1.369798922916082e-11
19.47571655319884	-1.369253699051861e-11
19.50047014146018	-1.36870893311588e-11
19.52522372972151	-1.368164642762407e-11
19.54997731798284	-1.367620793350451e-11
19.57473090624418	-1.367077406095017e-11
19.59948449450551	-1.366534476350368e-11
19.62423808276684	-1.365992098258529e-11
19.64899167102818	-1.365449990637843e-11
19.67374525928951	-1.364908423164502e-11
19.69849884755084	-1.364367311555491e-11
19.72325243581218	-1.363826653165365e-11
19.74800602407351	-1.363286446742589e-11
19.77275961233484	-1.362746691286168e-11
19.79751320059618	-1.36220738587038e-11
19.82226678885751	-1.361668529599611e-11
19.84702037711885	-1.361130121593063e-11
19.87177396538018	-1.360592160742839e-11
19.89652755364151	-1.360054646769382e-11
19.92128114190285	-1.359517578419644e-11
19.94603473016418	-1.358980954841064e-11
19.97078831842551	-1.358444775184346e-11
19.99554190668685	-1.357909038603589e-11
20.02029549494818	-1.357373744256381e-11
20.04504908320951	-1.356838891303855e-11
20.06980267147085	-1.356304478910737e-11
20.09455625973218	-1.35577050624539e-11
20.11930984799351	-1.355236972433472e-11
20.14406343625485	-1.35470387675204e-11
20.16881702451618	-1.35417121832718e-11
20.19357061277751	-1.353638996341343e-11
20.21832420103885	-1.353107209981001e-11
20.24307778930018	-1.352575858436617e-11
20.26783137756151	-1.352044940902593e-11
20.29258496582285	-1.351514456577219e-11
20.31733855408418	-1.35098440466259e-11
20.34209214234551	-1.350454784364515e-11
20.36684573060685	-1.349925594115311e-11
20.39159931886818	-1.349396834601543e-11
20.41635290712951	-1.348868504420215e-11
20.44110649539085	-1.348340602847797e-11
20.46586008365218	-1.347813129216364e-11
20.49061367191351	-1.347286083004942e-11
20.51536726017485	-1.346759464236074e-11
20.54012084843618	-1.346233276863187e-11
20.56487443669752	-1.345707432727144e-11
20.58962802495885	-1.345182133973294e-11
20.61438161322018	-1.344657234336503e-11
20.63913520148152	-1.344131753126737e-11
20.66388878974285	-1.343608628706369e-11
20.68864237800418	-1.343084976045085e-11
20.71339596626552	-1.342561739659443e-11
20.73814955452685	-1.342038921820024e-11
20.76290314278818	-1.341516522416978e-11
20.78765673104952	-1.340994540943192e-11
20.81241031931085	-1.34047297678066e-11
20.83716390757218	-1.339951829272411e-11
20.86191749583352	-1.339431096765472e-11
20.88667108409485	-1.338910780726554e-11
20.91142467235618	-1.338390879347628e-11
20.93617826061752	-1.337871391936108e-11
20.96093184887885	-1.337352317803929e-11
20.98568543714018	-1.33683365626752e-11
21.01043902540152	-1.336315406647764e-11
21.03519261366285	-1.335797568269973e-11
21.05994620192418	-1.335280140463851e-11
21.08469979018552	-1.334763122563469e-11
21.10945337844685	-1.334246513270115e-11
21.13420696670818	-1.333730313214642e-11
21.15896055496952	-1.333214521156314e-11
21.18371414323085	-1.332699136457103e-11
21.20846773149218	-1.332184158485153e-11
21.23322131975352	-1.331669586616434e-11
21.25797490801485	-1.331155420238012e-11
21.28272849627619	-1.330641658755154e-11
21.30748208453752	-1.330128301608719e-11
21.33223567279885	-1.329615348325711e-11
21.35698926106019	-1.329102791111536e-11
21.38174284932152	-1.328590641835229e-11
21.40649643758285	-1.328078894374197e-11
21.43125002584419	-1.327567548124323e-11
21.45600361410552	-1.327056602484442e-11
21.48075720236685	-1.326546056856413e-11
21.50551079062819	-1.326035910645192e-11
21.53026437888952	-1.325526163258856e-11
21.55501796715085	-1.325016814108637e-11
21.57977155541219	-1.324507862608936e-11
21.60452514367352	-1.323999308193372e-11
21.62927873193485	-1.323491150251159e-11
21.65403232019619	-1.322983388219992e-11
21.67878590845752	-1.322476021526346e-11
21.70353949671885	-1.321969049599781e-11
21.72829308498019	-1.321462471872978e-11
21.75304667324152	-1.320956287781794e-11
21.77780026150285	-1.320450496765353e-11
21.80255384976419	-1.319945098266216e-11
21.82730743802552	-1.31944009173068e-11
21.85206102628685	-1.318935477059508e-11
21.87681461454819	-1.318431252843062e-11
21.90156820280952	-1.317927418918938e-11
21.92632179107085	-1.317423974738608e-11
21.95107537933219	-1.316920919756254e-11
21.97582896759352	-1.316418253428747e-11
22.00058255585486	-1.315915975215648e-11
22.02533614411619	-1.315414084579184e-11
22.05008973237752	-1.314912580984244e-11
22.07484332063886	-1.31441146389836e-11
22.09959690890019	-1.313910732552133e-11
22.12435049716152	-1.31341038690887e-11
22.14910408542286	-1.312910426215882e-11
22.17385767368419	-1.312410849952618e-11
22.19861126194552	-1.311911657600589e-11
22.22336485020686	-1.311412848643255e-11
22.24811843846819	-1.310914422565861e-11
22.27287202672952	-1.310416378855143e-11
22.29762561499086	-1.309918716998834e-11
22.32237920325219	-1.309421436484722e-11
22.34713279151352	-1.308924536687172e-11
22.37188637977486	-1.308428017294858e-11
22.39663996803619	-1.307931877674213e-11
22.42139355629752	-1.307436117238578e-11
22.44614714455886	-1.306940735222771e-11
22.47090073282019	-1.306445729749266e-11
22.49565432108152	-1.305951264195455e-11
22.52040790934286	-1.305456867703903e-11
22.54516149760419	-1.30496299466085e-11
22.56991508586552	-1.304469499651303e-11
22.59466867412686	-1.303976378329634e-11
22.61942226238819	-1.303483636003428e-11
22.64417585064952	-1.302991268641375e-11
22.66892943891086	-1.30249927575377e-11
22.69368302717219	-1.302007656852907e-11
22.71843661543353	-1.301516411453065e-11
22.74319020369486	-1.301025539070505e-11
22.76794379195619	-1.300535039223453e-11
22.79269738021753	-1.300044911432099e-11
22.81745096847886	-1.29955515521858e-11
22.84220455674019	-1.299065771674853e-11
22.86695814500153	-1.298576756810386e-11
22.89171173326286	-1.298088112114873e-11
22.91646532152419	-1.297599837124444e-11
22.94121890978553	-1.297111931377729e-11
22.96597249804686	-1.296624394415377e-11
22.99072608630819	-1.296137225779843e-11
23.01547967456953	-1.295650425015267e-11
23.04023326283086	-1.295163991667412e-11
23.06498685109219	-1.294677925283624e-11
23.08974043935353	-1.294192225650715e-11
23.11449402761486	-1.293706891813319e-11
23.13924761587619	-1.293221923575712e-11
23.16400120413753	-1.292737320494424e-11
23.18875479239886	-1.29225308212773e-11
23.21350838066019	-1.291769208035712e-11
23.23826196892153	-1.291285697780335e-11
23.26301555718286	-1.29080255092554e-11
23.28776914544419	-1.290319767037353e-11
23.31252273370553	-1.289837345684019e-11
23.33727632196686	-1.289355284217052e-11
23.36202991022819	-1.288873587007025e-11
23.38678349848953	-1.288392251146898e-11
23.41153708675086	-1.287911276193396e-11
23.4362906750122	-1.28743066170766e-11
23.46104426327353	-1.286950407253981e-11
23.48579785153486	-1.286470512399088e-11
23.5105514397962	-1.285990976711721e-11
23.53530502805753	-1.285511799762378e-11
23.56005861631886	-1.285032981123145e-11
23.5848122045802	-1.284554520151917e-11
23.60956579284153	-1.284076416883059e-11
23.63431938110286	-1.283598670663333e-11
23.6590729693642	-1.283121281067103e-11
23.68382655762553	-1.282644247669784e-11
23.70858014588686	-1.282167570047844e-11
23.7333337341482	-1.281691247778802e-11
23.75808732240953	-1.281215280441232e-11
23.78284091067086	-1.28073966761476e-11
23.8075944989322	-1.280264408880072e-11
23.83234808719353	-1.279789503749981e-11
23.85710167545486	-1.279314951950711e-11
23.8818552637162	-1.278840752997636e-11
23.90660885197753	-1.278366906475224e-11
23.93136244023886	-1.277893411968676e-11
23.9561160285002	-1.277420269063916e-11
23.98086961676153	-1.276947477347566e-11
24.00562320502286	-1.276475036406932e-11
24.0303767932842	-1.276002945829976e-11
24.05513038154553	-1.275531205205295e-11
24.07988396980686	-1.275059813683935e-11
24.1046375580682	-1.274588771731035e-11
24.12939114632953	-1.27411807854556e-11
24.15414473459087	-1.273647733729719e-11
24.1788983228522	-1.27317773688861e-11
24.20365191111353	-1.27270808763159e-11
24.22840549937487	-1.272238785574917e-11
24.2531590876362	-1.271769830347329e-11
24.27791267589753	-1.271301221603271e-11
24.30266626415887	-1.270832959059554e-11
24.3274198524202	-1.270365035940747e-11
24.35217344068153	-1.269897462907935e-11
24.37692702894287	-1.269430234722539e-11
24.4016806172042	-1.268963351001339e-11
24.42643420546553	-1.268496811360855e-11
24.45118779372687	-1.268030615417482e-11
24.4759413819882	-1.267564762787606e-11
24.50069497024953	-1.267099253087704e-11
24.52544855851087	-1.266634085934429e-11
24.5502021467722	-1.26616926094469e-11
24.57495573503353	-1.265704778577121e-11
24.59970932329487	-1.265240636813604e-11
24.6244629115562	-1.264776835993494e-11
24.64921649981753	-1.26431337569187e-11
24.67397008807887	-1.26385025542134e-11
24.6987236763402	-1.263387474420408e-11
24.72347726460153	-1.262925028870663e-11
24.74823085286287	-1.262462942101281e-11
24.7729844411242	-1.262001174469824e-11
24.79773802938553	-1.261539748997312e-11
24.82249161764687	-1.261078660282044e-11
24.8472452059082	-1.260617911521034e-11
24.87199879416954	-1.260157499927949e-11
24.89675238243087	-1.259697425118228e-11
24.9215059706922	-1.259237686707944e-11
24.94625955895354	-1.258778284313806e-11
24.97101314721487	-1.25831921755316e-11
24.9957667354762	-1.257860486043987e-11
25.02052032373754	-1.257402089404909e-11
25.04527391199887	-1.256944027255186e-11
25.0700275002602	-1.256486299351423e-11
25.09478108852154	-1.256028905026394e-11
25.11953467678287	-1.255571844041667e-11
25.1442882650442	-1.25511511602072e-11
25.16904185330554	-1.254658720588104e-11
25.19379544156687	-1.254202657369417e-11
25.2185490298282	-1.253746925991266e-11
25.24330261808954	-1.253291526081246e-11
25.26805620635087	-1.252836457267911e-11
25.2928097946122	-1.252381719180753e-11
25.31756338287354	-1.251927310853237e-11
25.34231697113487	-1.251473233068023e-11
25.3670705593962	-1.251019484950916e-11
25.39182414765754	-1.250566066167682e-11
25.41657773591887	-1.250112976444621e-11
25.4413313241802	-1.249660215866726e-11
25.46608491244154	-1.24920817131105e-11
25.49083850070287	-1.248755673487859e-11
25.5155920889642	-1.248303896392221e-11
25.54034567722554	-1.247852445789733e-11
25.56509926548687	-1.247401322721507e-11
25.58985285374821	-1.246950524778241e-11
25.61460644200954	-1.246500052858488e-11
25.63936003027087	-1.246049906608399e-11
25.66411361853221	-1.245600085674858e-11
25.68886720679354	-1.245150589705496e-11
25.71362079505487	-1.244701418348693e-11
25.73837438331621	-1.244252571253594e-11
25.76312797157754	-1.24380404807011e-11
25.78788155983887	-1.243355848448939e-11
25.81263514810021	-1.242907968519008e-11
25.83738873636154	-1.242460416535234e-11
25.86214232462287	-1.242013186324942e-11
25.88689591288421	-1.241566278028095e-11
25.91164950114554	-1.241119691429615e-11
25.93640308940687	-1.24067342623142e-11
25.96115667766821	-1.240227482107877e-11
25.98591026592954	-1.239781858722273e-11
26.01066385419087	-1.239336555732933e-11
26.03541744245221	-1.238891572795846e-11
26.06017103071354	-1.238446909305226e-11
26.08492461897487	-1.238002565478183e-11
26.10967820723621	-1.237558540680349e-11
26.13443179549754	-1.237114834562084e-11
26.15918538375887	-1.236671446774281e-11
26.18393897202021	-1.236228376968359e-11
26.20869256028154	-1.235785624796271e-11
26.23344614854287	-1.235343189910506e-11
26.25819973680421	-1.234901071964089e-11
26.28295332506554	-1.234459270610577e-11
26.30770691332688	-1.234017785493661e-11
26.33246050158821	-1.233576616289741e-11
26.35721408984954	-1.233135762643523e-11
26.38196767811088	-1.232695224210636e-11
26.40672126637221	-1.232255000647209e-11
26.43147485463354	-1.231815091609871e-11
26.45622844289488	-1.231375496755756e-11
26.48098203115621	-1.230936215742498e-11
26.50573561941754	-1.23049724822824e-11
26.53048920767888	-1.230058593871628e-11
26.55524279594021	-1.229620252299215e-11
26.57999638420154	-1.229182223238511e-11
26.60474997246288	-1.228744506317294e-11
26.62950356072421	-1.228307101196036e-11
26.65425714898554	-1.227870007535563e-11
26.67901073724688	-1.227433224997057e-11
26.70376432550821	-1.226996753242043e-11
26.72851791376954	-1.226560591932385e-11
26.75327150203088	-1.226124740730275e-11
26.77802509029221	-1.225689199298227e-11
26.80277867855354	-1.225253966859056e-11
26.82753226681488	-1.224819043948844e-11
26.85228585507621	-1.224384429844016e-11
26.87703944333754	-1.22395012422274e-11
26.90179303159888	-1.223516126769068e-11
26.92654661986021	-1.223082437177852e-11
26.95130020812154	-1.222649055166259e-11
26.97605379638288	-1.22221598050515e-11
27.00080738464421	-1.221783213126462e-11
27.02556097290555	-1.221350753666842e-11
27.05031456116688	-1.220918590934801e-11
27.07506814942821	-1.220486740549255e-11
27.09982173768955	-1.220055195691238e-11
27.12457532595088	-1.219623956044282e-11
27.14932891421221	-1.21919302129203e-11
27.17408250247355	-1.218762391118262e-11
27.19883609073488	-1.2183320652069e-11
27.22358967899621	-1.217902043242034e-11
27.24834326725755	-1.217472324907933e-11
27.27309685551888	-1.217042909889063e-11
27.29785044378021	-1.216613797120646e-11
27.32260403204155	-1.216184987933518e-11
27.34735762030288	-1.215756481136164e-11
27.37211120856421	-1.21532827640289e-11
27.39686479682555	-1.21490037341001e-11
27.42161838508688	-1.214472771835261e-11
27.44637197334821	-1.214045471357462e-11
27.47112556160955	-1.213618471656314e-11
27.49587914987088	-1.213191772412273e-11
27.52063273813221	-1.212765373306469e-11
27.54538632639355	-1.212339273690621e-11
27.57013991465488	-1.211913473896213e-11
27.59489350291621	-1.211487973312107e-11
27.61964709117755	-1.211062771635665e-11
27.64440067943888	-1.210637868592195e-11
27.66915426770021	-1.210213264072355e-11
27.69390785596155	-1.209790735391745e-11
27.71866144422288	-1.209364946043892e-11
27.74341503248422	-1.20894123438262e-11
27.76816862074555	-1.208517819437448e-11
27.79292220900688	-1.208094701623083e-11
27.81767579726822	-1.207671879508149e-11
27.84242938552955	-1.207249353437162e-11
27.86718297379088	-1.206827123098847e-11
27.89193656205222	-1.206405188182545e-11
27.91669015031355	-1.205983548378295e-11
27.94144373857488	-1.205562203376954e-11
27.96619732683622	-1.205141152870399e-11
27.99095091509755	-1.204720396551888e-11
28.01570450335888	-1.204299934116696e-11
28.04045809162022	-1.203879766283001e-11
28.06521167988155	-1.203459890807155e-11
28.08996526814288	-1.203040308250507e-11
28.11471885640422	-1.202621018298871e-11
28.13947244466555	-1.20220202063848e-11
28.16422603292688	-1.201783314955991e-11
28.18897962118822	-1.20136490093848e-11
28.21373320944955	-1.200946778273448e-11
28.23848679771088	-1.200528946648817e-11
28.26324038597222	-1.200111405752935e-11
28.28799397423355	-1.199694155414724e-11
28.31274756249488	-1.199277195028051e-11
28.33750115075622	-1.198860524426907e-11
28.36225473901755	-1.198444143303102e-11
28.38700832727888	-1.198028051349298e-11
28.41176191554022	-1.197612248258974e-11
28.43651550380155	-1.197196733726384e-11
28.46126909206289	-1.196781507446532e-11
28.48602268032422	-1.196366569115142e-11
28.51077626858555	-1.195951918428636e-11
28.53552985684689	-1.19553755476242e-11
28.56028344510822	-1.195123478463436e-11
28.58503703336955	-1.194709688934333e-11
28.60979062163089	-1.194296185880292e-11
28.63454420989222	-1.193882969008929e-11
28.65929779815355	-1.193470038031914e-11
28.68405138641489	-1.193057392668463e-11
28.70880497467622	-1.192645032653781e-11
28.73355856293755	-1.192232957763263e-11
28.75831215119889	-1.19182116790218e-11
28.78306573946022	-1.191409658764109e-11
28.80781932772155	-1.190998436376687e-11
28.83257291598289	-1.1905874977935e-11
28.85732650424422	-1.190176842727005e-11
28.88208009250555	-1.189766470890264e-11
28.90683368076689	-1.189356381996951e-11
28.93158726902822	-1.188946575761368e-11
28.95634085728955	-1.188537051898449e-11
28.98109444555089	-1.188127810123769e-11
29.00584803381222	-1.18771885015356e-11
29.03060162207355	-1.187310171033913e-11
29.05535521033489	-1.186901773920661e-11
29.08010879859622	-1.186493657803434e-11
29.10486238685755	-1.186085822390527e-11
29.12961597511889	-1.185678267390923e-11
29.15436956338022	-1.185270992514219e-11
29.17912315164156	-1.184863997470575e-11
29.20387673990289	-1.184457281970671e-11
29.22863032816422	-1.184050845725689e-11
29.25338391642556	-1.183644688447284e-11
29.27813750468689	-1.183238809824085e-11
29.30289109294822	-1.182833209618301e-11
29.32764468120956	-1.182427887518528e-11
29.35239826947089	-1.182022843237915e-11
29.37715185773222	-1.181618076489985e-11
29.40190544599356	-1.181213586988635e-11
29.42665903425489	-1.180809374448139e-11
29.45141262251622	-1.18040543858314e-11
29.47616621077756	-1.180001779108658e-11
29.50091979903889	-1.179598395740082e-11
29.52567338730022	-1.179195288182213e-11
29.55042697556156	-1.178792456173805e-11
29.57518056382289	-1.178389899420703e-11
29.59993415208422	-1.177987617639756e-11
29.62468774034556	-1.177585610548123e-11
29.64944132860689	-1.17718387786326e-11
29.67419491686822	-1.176782419302915e-11
29.69894850512956	-1.176381234585105e-11
29.72370209339089	-1.175980323428103e-11
29.74845568165222	-1.175579685550415e-11
29.77320926991356	-1.175179320800953e-11
29.79796285817489	-1.17477922862778e-11
29.82271644643622	-1.174379408879267e-11
29.84747003469756	-1.173979861275174e-11
29.87222362295889	-1.173580585535797e-11
29.89697721122023	-1.173181581381952e-11
29.92173079948156	-1.172782848534965e-11
29.94648438774289	-1.172384386716651e-11
29.97123797600423	-1.171986195649311e-11
29.99599156426556	-1.171588275055716e-11
30.02074515252689	-1.171190624625875e-11
30.04549874078823	-1.170793244153027e-11
30.07025232904956	-1.170396133327744e-11
30.09500591731089	-1.16999929187431e-11
30.11975950557223	-1.169602719517316e-11
30.14451309383356	-1.169206415981658e-11
30.16926668209489	-1.168810380992535e-11
30.19402027035623	-1.168414614275434e-11
30.21877385861756	-1.168019115556135e-11
30.24352744687889	-1.167623884560691e-11
30.26828103514023	-1.167228921141973e-11
30.29303462340156	-1.166834224757953e-11
30.31778821166289	-1.166439795268863e-11
30.34254179992423	-1.166045632403482e-11
30.36729538818556	-1.16565173589101e-11
30.39204897644689	-1.165258105461048e-11
30.41680256470823	-1.164864740843595e-11
30.44155615296956	-1.164471641769043e-11
30.46630974123089	-1.164078807968167e-11
30.49106332949223	-1.163686239172132e-11
30.51581691775356	-1.163293935103949e-11
30.54057050601489	-1.162901895513342e-11
30.56532409427623	-1.162510120124055e-11
30.59007768253756	-1.16211860866871e-11
30.61483127079889	-1.161727360880272e-11
30.63958485906023	-1.161336376492052e-11
30.66433844732156	-1.160945655237698e-11
30.6890920355829	-1.16055519685119e-11
30.71384562384423	-1.160165001066831e-11
30.73859921210556	-1.159775067619236e-11
30.7633528003669	-1.159385396219605e-11
30.78810638862823	-1.15899598664979e-11
30.81285997688956	-1.158606838624803e-11
30.8376135651509	-1.158217951881218e-11
30.86236715341223	-1.157829326156067e-11
30.88712074167356	-1.157440961186896e-11
30.9118743299349	-1.157052856711865e-11
30.93662791819623	-1.156665012469929e-11
30.96138150645756	-1.156277428201203e-11
30.9861350947189	-1.155890103647739e-11
31.01088868298023	-1.155503035747021e-11
31.03564227124156	-1.155116229601724e-11
31.0603958595029	-1.15472968244166e-11
31.08514944776423	-1.154343394002314e-11
31.10990303602556	-1.153957364020708e-11
31.1346566242869	-1.153571592235014e-11
31.15941021254823	-1.153186078384306e-11
31.18416380080956	-1.152800822208402e-11
31.2089173890709	-1.152415823447759e-11
31.23367097733223	-1.152031081843394e-11
31.25842456559356	-1.15164659754074e-11
31.2831781538549	-1.151262369322913e-11
31.30793174211623	-1.150878397538231e-11
31.33268533037756	-1.15049468190539e-11
31.3574389186389	-1.150111222158275e-11
31.38219250690023	-1.149728018036197e-11
31.40694609516157	-1.14934506928094e-11
31.4316996834229	-1.148962375635653e-11
31.45645327168423	-1.148579936844367e-11
31.48120685994557	-1.148197752651766e-11
31.5059604482069	-1.147815822889407e-11
31.53071403646823	-1.147434147122416e-11
31.55546762472957	-1.147052725184577e-11
31.5802212129909	-1.146671556822452e-11
31.60497480125223	-1.14629064178291e-11
31.62972838951357	-1.145909979813107e-11
31.6544819777749	-1.145529570660449e-11
31.67923556603623	-1.145149414072525e-11
31.70398915429757	-1.14476950979697e-11
31.7287427425589	-1.144389857581164e-11
31.75349633082023	-1.144010457171448e-11
31.77824991908157	-1.143631308310725e-11
31.8030035073429	-1.143252410728333e-11
31.82775709560423	-1.14287376405992e-11
31.85251068386557	-1.142495371409288e-11
31.8772642721269	-1.142117224031206e-11
31.90201786038823	-1.141739329120759e-11
31.92677144864957	-1.141361684366391e-11
31.9515250369109	-1.140984289454002e-11
31.97627862517223	-1.140607144121201e-11
32.00103221343357	-1.140230248115427e-11
32.0257858016949	-1.139853601187291e-11
32.05053938995623	-1.139477203088847e-11
32.07529297821757	-1.13910105357298e-11
32.1000465664789	-1.13872515239317e-11
32.12480015474024	-1.138349499303381e-11
32.14955374300157	-1.137974094057997e-11
32.1743073312629	-1.137598936411797e-11
32.19906091952424	-1.137224026119937e-11
32.22381450778557	-1.136849362937933e-11
