0
1000	105.6583745	100000000000000.1
5	0	0	1
5	0	0	0
4.673998997513734	4.091116181748599e-08
4.701574977808284	8.367279563942862e-08
4.729150958102834	1.260337555259103e-07
4.756726938397384	1.718836302742694e-07
4.784302918691934	2.220711691391309e-07
4.811878898986484	2.768250212832126e-07
4.839454879281035	3.361690700721767e-07
4.867030859575585	4.000498566685857e-07
4.894606839870135	4.683864976486055e-07
4.922182820164685	5.410927297710906e-07
4.949758800459235	6.180871150851405e-07
4.977334780753785	6.992976871778457e-07
5.004910761048335	7.84663832238875e-07
5.032486741342885	8.741367583783156e-07
5.060062721637435	9.676792473323866e-07
5.087638701931986	1.065265057611352e-06
5.115214682226536	1.166878179027831e-06
5.142790662521086	1.272512047143834e-06
5.170366642815636	1.38216877548126e-06
5.197942623110186	1.495858434790699e-06
5.225518603404736	1.613598392511481e-06
5.253094583699286	1.735412716472486e-06
5.280670563993836	1.861331641892495e-06
5.308246544288386	1.991391098132646e-06
5.335822524582936	2.125632290438711e-06
5.363398504877487	2.264101331490078e-06
5.390974485172037	2.406848917604534e-06
5.418550465466587	2.55393004471787e-06
5.446126445761137	2.705403759644596e-06
5.473702426055687	2.861332942556871e-06
5.501278406350237	3.021796636806182e-06
5.528854386644787	3.186872335976981e-06
5.556430366939337	3.356597622092053e-06
5.584006347233887	3.531059361386137e-06
5.611582327528438	3.710350149474817e-06
5.639158307822988	3.894528857361887e-06
5.666734288117538	4.083668474745448e-06
5.694310268412088	4.27789837865705e-06
5.721886248706638	4.477284479069217e-06
5.749462229001188	4.681917612971253e-06
5.777038209295738	4.891919405453089e-06
5.804614189590288	5.107370478069156e-06
5.832190169884838	5.328396665590722e-06
5.859766150179389	5.555085642160403e-06
5.887342130473939	5.787549941787094e-06
5.914918110768489	6.025945765305549e-06
5.942494091063039	6.27033444398637e-06
5.970070071357589	6.520880387543509e-06
5.997646051652139	6.777696640799075e-06
6.025222031946689	7.040915000096911e-06
6.052798012241239	7.310678498237406e-06
6.080373992535789	7.587123799528999e-06
6.107949972830339	7.870385487958646e-06
6.13552595312489	8.160624819554023e-06
6.16310193341944	8.457972594836864e-06
6.19067791371399	8.762610640086903e-06
6.21825389400854	9.074694962171521e-06
6.24582987430309	9.394389118568117e-06
6.27340585459764	9.720721818674048e-06
6.30098183489219	1.005725032038635e-05
6.32855781518674	1.040078666186586e-05
6.35613379548129	1.075262342316556e-05
6.383709775775841	1.111298640680124e-05
6.411285756070391	1.148204707300178e-05
6.438861736364941	1.185997674073791e-05
6.466437716659491	1.224702272908504e-05
6.494013696954041	1.264335934945319e-05
6.521589677248591	1.304925336792974e-05
6.549165657543141	1.346489548224583e-05
6.576741637837691	1.3890478401148e-05
6.604317618132241	1.432627488077175e-05
6.631893598426791	1.477163991394975e-05
6.659469578721342	1.522943352976318e-05
6.687045559015892	1.569731912272647e-05
6.714621539310442	1.617627497195657e-05
6.742197519604992	1.666684738030959e-05
6.769773499899542	1.716911842708453e-05
6.797349480194092	1.768338486571004e-05
6.824925460488642	1.820990257008769e-05
6.852501440783192	1.874915956916505e-05
6.880077421077742	1.930124594553512e-05
6.907653401372293	1.986649952264798e-05
6.935229381666843	2.044530918698817e-05
6.962805361961393	2.103793142912404e-05
6.990381342255943	2.164371461006485e-05
7.017957322550493	2.226606217965805e-05
7.045533302845043	2.290230508967501e-05
7.073109283139593	2.355382411380738e-05
7.100685263434143	2.422079686997703e-05
7.128261243728693	2.490378596765862e-05
7.155837224023244	2.560319084048891e-05
7.183413204317794	2.631930969811917e-05
7.210989184612344	2.705263553993424e-05
7.238565164906894	2.719965136492037e-05
7.266141145201444	2.857245058058017e-05
7.293717125495994	2.935982498358604e-05
7.321293105790544	3.016612990499874e-05
7.348869086085094	3.099173403093917e-05
7.376445066379644	3.18371593008835e-05
7.404021046674194	3.270307823722739e-05
7.431597026968745	3.358969765308455e-05
7.459173007263295	3.449774069721648e-05
7.486748987557845	3.54275582951726e-05
7.514324967852395	3.637972757239845e-05
7.541900948146945	3.735502636976533e-05
7.569476928441495	3.835371150566696e-05
7.597052908736045	3.937632353606827e-05
7.624628889030595	4.042393762066071e-05
7.652204869325145	4.106815915419231e-05
7.679780849619696	4.259531479132098e-05
7.707356829914246	4.372049909000868e-05
7.734932810208796	4.484156243248952e-05
7.762508790503346	4.605273549157892e-05
7.790084770797896	4.726034025735265e-05
7.817660751092446	4.804721750026085e-05
7.845236731386996	4.976776047333602e-05
7.872812711681546	5.106686869379253e-05
7.900388691976096	5.239786208462672e-05
7.927964672270646	5.376118538705615e-05
7.955540652565197	5.515814286530213e-05
7.983116632859747	5.614922175031073e-05
8.010692613154298	5.805376894356107e-05
8.038268593448848	5.955566185251464e-05
8.065844573743398	6.10960823828661e-05
8.093420554037948	6.267298507682771e-05
8.120996534332498	6.428886718188136e-05
8.148572514627048	6.594797389086586e-05
8.176148494921598	6.764708551032068e-05
8.203724475216148	6.938979774317006e-05
8.231300455510699	7.117486523587235e-05
8.258876435805249	7.300419460106887e-05
8.286452416099799	7.488236097695332e-05
8.314028396394349	7.680627062963923e-05
8.341604376688899	7.878088793468909e-05
8.369180356983449	8.080231562600571e-05
8.396756337277999	8.28786331858291e-05
8.424332317572549	8.500447877144045e-05
8.451908297867099	8.629985545876079e-05
8.47948427816165	8.942498281558528e-05
8.5070602584562	9.172086385857529e-05
8.53463623875075	9.407311292824155e-05
8.5622122190453	9.647310978339479e-05
8.58978819933985	9.895281858189706e-05
8.6173641796344	0.0001014877147614572
8.64494015992895	0.000104076094888184
8.6725161402235	0.0001067608804610115
8.70009212051805	0.0001094879931236505
8.7276681008126	0.0001123137224009211
8.755244081107151	0.0001151937040916625
8.782820061401701	0.0001181667900779651
8.810396041696251	0.0001211948502519383
8.837972021990801	0.0001243250425710036
8.865548002285351	0.0001275149467445293
8.893123982579901	0.0001308112182903182
8.920699962874451	0.0001341798282245976
8.948275943169001	0.0001376524576460708
8.975851923463551	0.0001411886640173031
9.003427903758102	0.0001448506554897773
9.031003884052652	0.0001486016329944537
9.058579864347202	0.0001524365709510906
9.086155844641752	0.0001563925370254892
9.113731824936302	0.0001604367905254175
9.141307805230852	0.0001646044573113679
9.168883785525402	0.0001688562802055967
9.196459765819952	0.000173251773083819
9.224035746114502	0.0001777609236932886
9.251611726409052	0.0001823677872429631
9.279187706703603	0.0001871217149738801
9.306763686998153	0.0001919846601553888
9.334339667292703	0.0001969921319873524
9.361915647587253	0.0002014588651670551
9.389491627881803	0.0002073921801787298
9.417067608176353	0.0002128113241359834
9.444643588470903	0.0002183537711968038
9.472219568765453	0.000224072099501967
9.499795549060003	0.0002299382484487879
9.527371529354554	0.0002359501618274272
9.554947509649104	0.0002421358727448458
9.582523489943654	0.0002484835957713338
9.610099470238204	0.0002549870949631781
9.637675450532754	0.0002616855466230531
9.665251430827304	0.0002685374664020031
9.692827411121854	0.0002756033156679976
9.720403391416404	0.0002828565975966842
9.747979371710954	0.0002902877089557623
9.775555352005505	0.000297936814802592
9.803131332300055	0.0003057926370738375
9.830707312594605	0.0003138287592199635
9.858283292889155	0.0003221174526738776
9.885859273183705	0.0003306236477848587
9.913435253478255	0.0003393584705785615
9.941011233772805	0.0003483080434762649
9.968587214067355	0.0003575211674527857
9.996163194361905	0.0003669832341016274
10.02373917465646	0.0003766615392309624
10.05131515495101	0.0003866707780917993
10.07889113524556	0.0003969181794973403
10.10646711554011	0.0004074180933488688
10.13404309583466	0.0004182373241189797
10.16161907612921	0.0004293439375408848
10.18919505642376	0.0004407453502172599
10.21677103671831	0.0004524369765541735
10.24434701701286	0.000464472752961139
10.27192299730741	0.0004768320602560515
10.29949897760196	0.0004895071551688982
10.32707495789651	0.0005025441008187464
10.35465093819106	0.0005159361795023686
10.38222691848561	0.0005296919443150301
10.40980289878016	0.0005437903121824773
10.43737887907471	0.0005583028473187847
10.46495485936926	0.0005732090642650805
10.49253083966381	0.0005885187230486308
10.52010681995836	0.0006028444364219435
10.54768280025291	0.0006203737511453292
10.57525878054746	0.0006369623322923961
10.60283476084201	0.000654005907920367
10.63041074113656	0.0006714940795210948
10.65798672143111	0.0006894780094664443
10.68556270172566	0.0007079464407960874
10.71313868202021	0.0007269188071934477
10.74071466231476	0.0007463776047919553
10.76829064260931	0.0007664035268161204
10.79586662290386	0.0007869706980462211
10.82344260319841	0.0008080924140262521
10.85101858349296	0.0008297921919381146
10.87859456378751	0.0008520597051326851
10.90617054408206	0.0008749596884387214
10.93374652437661	0.0008984823033905369
10.96132250467116	0.0009226456237955168
10.98889848496571	0.0009474457063016331
11.01647446526026	0.0009729470109227236
11.04405044555481	0.0009991400780664538
11.07162642584936	0.001026047999968443
11.09920240614391	0.001053688969760771
11.12677838643846	0.001082052059799436
11.15435436673301	0.00111122773847189
11.18193034702756	0.001141195980938764
11.20950632732211	0.001171980541279462
11.23708230761666	0.001203606433359005
11.26465828791121	0.001236065437833511
11.29223426820576	0.001269442841179087
11.31981024850031	0.001303731539973877
11.34738622879486	0.001338957640639273
11.37496220908941	0.001375142636359153
11.40253818938396	0.001412297131800331
11.43011416967851	0.001450489953861224
11.45769014997306	0.001489720650671586
11.48526613026761	0.001530028709926142
11.51284211056216	0.001571435833872473
11.54041809085671	0.001613941247599465
11.56799407115126	0.001657652303923444
11.59557005144581	0.001702553635467937
11.62314603174036	0.001748679031657534
11.65072201203491	0.001796065962625173
11.67829799232946	0.001844753937884904
11.70587397262401	0.001894740556362711
11.73344995291856	0.001946132871280503
11.76102593321311	0.001998931136193936
11.78860191350766	0.002053170657044754
11.81617789380221	0.002108891812033443
11.84375387409676	0.00216614097047594
11.87132985439131	0.002224938443015828
11.89890583468586	0.002285371179179241
11.92648181498041	0.002347455947171269
11.95405779527496	0.002411240666331294
11.98163377556951	0.002476772377415089
12.00920975586406	0.002544093790945417
12.03678573615861	0.002613234007427499
12.06436171645316	0.002684307752980125
12.09193769674771	0.002756263018827376
12.11951367704226	0.002832347522272989
12.14708965733681	0.002909423586828065
12.17466563763136	0.002988612081715684
12.20224161792591	0.003069934958581903
12.22981759822046	0.003153527851200321
12.25739357851501	0.003239417116431934
12.28496955880956	0.003327660505288218
12.31254553910411	0.003418323611867842
12.34012151939866	0.003511473635951937
12.36769749969321	0.003607179498194847
12.39527347998776	0.003705487288549234
12.42284946028231	0.003806521519103538
12.45042544057686	0.003910324140618788
12.47800142087141	0.004016978318032802
12.50557740116597	0.004126560426083965
12.53315338146052	0.004239152066743944
12.56072936175507	0.004354831927688931
12.58830534204962	0.004473650959479219
12.61588132234417	0.00459577712674318
12.64345730263872	0.004721260456426304
12.67103328293327	0.004850180942859559
12.69860926322782	0.004982650363227105
12.72618524352237	0.005118753925251938
12.75376122381692	0.005258597039599847
12.78133720411147	0.005402283386114689
12.80891318440602	0.005549883713623458
12.83648916470057	0.005701581860382439
12.86406514499512	0.005857445851723053
12.89164112528967	0.006017594839098655
12.91921710558422	0.006182137764733637
12.94679308587877	0.006351209200420844
12.97436906617332	0.00652492914086773
13.00194504646787	0.006703395420619576
13.02952102676242	0.006886805365284653
13.05709700705697	0.007075255658312302
13.08467298735152	0.007268888170192729
13.11224896764607	0.00746784201718439
13.13982494794062	0.007672268121317519
13.16740092823517	0.007882315782564854
13.19497690852972	0.008097356876464708
13.22255288882427	0.008319899971412919
13.25012886911882	0.008547725332001212
13.27770484941337	0.008781866576913112
13.30528082970792	0.009022442527996239
13.33285681000247	0.009269635193798262
13.36043279029702	0.009523630829972408
13.38800877059157	0.009784613826063283
13.41558475088612	0.01005277915795793
13.44316073118067	0.01032832311519482
13.47073671147522	0.01061139654974721
13.49831269176977	0.01090232873897318
13.52588867206432	0.01120126078967765
13.55346465235887	0.01150841806470749
13.58104063265342	0.01182402933249845
13.60861661294797	0.01214832426089017
13.63619259324252	0.01248154814265196
13.66376857353707	0.01282394340072841
13.69134455383162	0.01317576524693522
13.71892053412617	0.01353727462018589
13.74649651442072	0.01390870088896604
13.77407249471527	0.01429039190952187
13.80164847500982	0.01468258875191165
13.82922445530437	0.01508558423057385
13.85680043559892	0.01549967310889561
13.88437641589347	0.01592501508924191
13.91195239618802	0.01636236953287382
13.93952837648257	0.01681161442510819
13.96710435677712	0.01727323180954569
13.99468033707167	0.01774755771669442
14.02225631736622	0.01823490564715921
14.04983229766077	0.01873572098507752
14.07740827795532	0.01925032340281043
14.10498425824987	0.01977909953687501
14.13256023854442	0.02032243786085771
14.16013621883897	0.02088073826297969
14.18771219913352	0.02145441241811616
14.21528817942807	0.02204388823612344
14.24286415972262	0.0226495965366862
14.27044014001717	0.02327198704707364
14.29801612031172	0.02391147268602661
14.32559210060627	0.02456862476403511
14.35316808090082	0.02524387494448772
14.38074406119537	0.02593772177130315
14.40832004148992	0.02665067042946781
14.43589602178447	0.02738326142727133
14.46347200207902	0.02813603177093477
14.49104798237357	0.02890953169599713
14.51862396266812	0.0297043362451128
14.54619994296267	0.03052103324713455
14.57377592325722	0.03136022400777911
14.60135190355177	0.03222249749375386
14.62892788384632	0.03310856043496171
14.65650386414087	0.03401902581831846
14.68407984443542	0.03495331458816525
14.71165582472997	0.03591587552194814
14.73923180502452	0.03690366517746662
14.76680778531907	0.03791866149787722
14.79438376561362	0.03896160750151766
14.82195974590817	0.04003328847928972
14.84953572620272	0.04113448868402494
14.87711170649727	0.04226602221966673
14.90468768679182	0.04342872383761302
14.93226366708637	0.04462340457606572
14.95983964738092	0.04585105177314996
14.98741562767547	0.04711251182770872
15.01499160797002	0.0484087213305861
15.04256758826457	0.04974063523176349
15.07014356855912	0.05110923449093431
15.09771954885368	0.05251553538638248
15.12529552914823	0.0539605741004282
15.15287150944278	0.05544542028436391
15.18044748973733	0.05697116671671364
15.20802347003188	0.05853894585748202
15.23559945032643	0.06014991052873377
15.26317543062098	0.06180520051971227
15.29075141091553	0.06350616045467812
15.31832739121008	0.06525397447863358
15.34590337150463	0.06704993721361932
15.37347935179918	0.06889537094841465
15.40105533209373	0.07079164221548616
15.42863131238828	0.07274015650921647
15.45620729268283	0.0747423523607486
15.48378327297738	0.07679970412098132
15.51135925327193	0.0789137337792417
15.53893523356648	0.08108600438312986
15.56651121386103	0.0833181197434469
15.59408719415558	0.08561173277295867
15.62166317445013	0.08796852825768603
15.64923915474468	0.09039022636516586
15.67681513503923	0.09287868866649726
15.70439111533378	0.0954357038314869
15.73196709562833	0.09806316659585997
15.75954307592288	0.100763021136826
15.78711905621743	0.1035372582577116
15.81469503651198	0.1063879302875683
15.84227101680653	0.1093171432564942
15.86984699710108	0.1123270618867766
15.89742297739563	0.1154199104506736
15.92499895769018	0.1185979771731333
15.95257493798473	0.1218636049949588
15.98015091827928	0.1252192102441131
16.00772689857383	0.1286672752408984
16.03530287886838	0.1322102799582874
16.06287885916293	0.1358509804942502
16.09045483945748	0.1395919880089597
16.11803081975203	0.1434360771467886
16.14560680004658	0.1473860852619141
16.17318278034113	0.1514449319232858
16.20075876063568	0.1556156169087109
16.22833474093023	0.1599012227443681
16.25591072122478	0.1643049197704614
16.28348670151933	0.1688299581407921
16.31106268181388	0.1734796830514687
16.33863866210843	0.178257530783137
16.36621464240298	0.1831670363285884
16.39379062269753	0.1882118296200805
16.42136660299208	0.1933956342682296
16.44894258328663	0.1987222828061418
16.47651856358118	0.2041956572223319
16.50409454387573	0.2098199251536569
16.53167052417028	0.2155991725065126
16.55924650446483	0.2215376791408126
16.58682248475938	0.227639827423031
16.61439846505393	0.2339101400573944
16.64197444534848	0.2403532438777716
16.66955042564303	0.2469739015918126
16.69712640593758	0.2537770104394202
16.72470238623213	0.2607675974361773
16.75227836652668	0.267950831135367
16.77985434682123	0.2753320263033622
16.80743032711578	0.2829166302414914
16.83500630741033	0.2907102570567154
16.86258228770488	0.298718664653135
16.89015826799943	0.3069477766389488
16.91773424829398	0.3154036752567533
16.94531022858853	0.3240925775880473
16.97288620888308	0.333020983937379
17.00046218917763	0.3421954520380395
17.02803816947218	0.3516227650679107
17.05561414976673	0.3613098957433954
17.08319013006128	0.3712640047137664
17.11076611035583	0.3814924532126196
17.13834209065038	0.3920027939450816
17.16591807094493	0.4028028159211565
17.19349405123948	0.4139004963113477
17.22107003153403	0.4253040430054933
17.24864601182858	0.4370218815417796
17.27622199212313	0.4490626802377214
17.30379797241768	0.4614353410687932
17.33137395271223	0.4741490170975684
17.35894993300678	0.4872131047450384
17.38652591330133	0.5006372669937537
17.41410189359588	0.5144314281584608
17.44167787389043	0.5286057278839129
17.46925385418498	0.5431707811606551
17.49682983447953	0.5581372850940803
17.52440581477408	0.5735163076309649
17.55198179506863	0.5893162045271708
17.57955777536318	0.6055577166552758
17.60713375565773	0.6222438009404582
17.63470973595228	0.6393898111898311
17.66228571624683	0.657008435527874
17.68986169654139	0.6751126770333165
17.71743767683594	0.6937159685584143
17.74501365713049	0.7128320291364144
17.77258963742504	0.732475022164777
17.80016561771959	0.7526594687790558
17.82774159801414	0.7734002925964351
17.85531757830869	0.7947128279182613
17.88289355860324	0.8166128561235311
17.91046953889779	0.8391165592180877
17.93804551919234	0.8622405838128323
17.96562149948689	0.8860020376601325
17.99319747978144	0.9104184312574363
18.02077346007599	0.9355079372049487
18.04834944037054	0.9612890984358483
18.07592542066509	0.9877809263441311
18.10350140095964	1.015003037897058
18.13107738125419	1.042975566552825
18.15865336154874	1.071719209241763
18.18622934184329	1.101255242024613
18.21380532213784	1.131603500875653
18.24138130243239	1.16279233995392
18.26895728272694	1.194838980420624
18.29653326302149	1.227769063464984
18.32410924331604	1.2616069494885
18.35168522361059	1.29637767169126
18.37926120390514	1.332106952120006
18.40683718419969	1.368821215740119
18.43441316449424	1.406547634093353
18.46198914478879	1.445313887696736
18.48956512508334	1.485149327389242
18.51714110537789	1.526082749294783
18.54471708567244	1.568144718013992
18.57229306596699	1.611366136981171
18.59986904626154	1.655779239138042
18.62744502655609	1.701416782087892
18.65502100685064	1.748312536775005
18.68259698714519	1.79650118690454
18.71017296743974	1.846018384857813
18.73774894773429	1.896900777312151
18.76532492802884	1.949185999281882
18.79290090832339	2.002912738295135
18.82047688861794	2.058120760648788
18.84805286891249	2.114850884664547
18.87562884920704	2.173145105480465
18.90320482950159	2.233046542819728
18.93078080979614	2.294599543148488
18.95835679009069	2.35784962739061
18.98593277038524	2.422843599108166
19.01350875067979	2.489629565603102
19.04108473097434	2.558256920069045
19.06866071126889	2.628776453499119
19.09623669156344	2.701240316187277
19.12381267185799	2.775702221490891
19.15138865215254	2.852217200050458
19.17896463244709	2.930841863236493
19.20654061274164	3.011634357694216
19.23411659303619	3.094654593664664
19.26169257333074	3.179963932398435
19.28926855362529	3.267625537107972
19.31684453391984	3.357704216714755
19.34442051421439	3.450266654539832
19.37199649450894	3.545381218598837
19.39957247480349	3.643118762831663
19.42714845509804	3.743551129477688
19.45472443539259	3.846752775846844
19.48230041568714	3.952800227000266
19.50987639598169	4.061771741315535
19.53745237627624	4.173748102292254
19.56502835657079	4.288812185665445
19.59260433686534	4.407049104627638
19.62018031715989	4.52854638421604
19.64775629745444	4.653393953322746
19.67533227774899	4.781684188856478
19.70290825804354	4.913512108094669
19.73048423833809	5.048975213311457
19.75806021863264	5.188173793700982
19.78563619892719	5.331210871186197
19.81321217922174	5.478192317249746
19.84078815951629	5.629226919467543
19.86836413981084	5.784426465125123
19.89594012010539	5.943905889568474
19.92351610039994	6.107783089871828
19.95109208069449	6.276179564410947
19.97866806098904	6.44921979973773
20.00624404128359	6.627032010162186
20.03382002157814	6.809747579055525
20.06139600187269	6.99750223222637
20.08897198216724	7.19043445178832
20.11654796246179	7.388687387083545
20.14412394275634	7.592407613093449
20.17169992305089	7.801745967574727
20.19927590334544	8.016857180186609
20.22685188363999	8.237901273192435
20.25442786393454	8.465041052011784
20.2820038442291	8.698445030014074
20.30957982452365	8.938285052686942
20.3371558048182	9.184741306694566
20.36473178511275	9.437993625654954
20.3923077654073	9.698230380791147
20.41988374570185	9.965642148122983
20.4474597259964	10.24043289364586
20.47503570629095	10.52280048982591
20.5026116865855	10.81295543594947
20.53018766688005	11.11111271392896
20.5577636471746	11.41749315724003
20.58533962746915	11.73232364351098
20.6129156077637	12.0558370717157
20.64049158805825	12.38827308222688
20.6680675683528	12.72987772667523
20.69564354864735	13.08090414110303
20.7232195289419	13.44161198932107
20.75079550923645	13.81226848063942
20.778371489531	14.19314812379458
20.80594746982555	14.58453275152825
20.8335234501201	14.98671224864091
20.86109943041465	15.39998450831544
20.8886754107092	15.8246552436597
20.91625139100375	16.26103917793676
20.9438273712983	16.70945943422112
20.97140335159285	17.17024771728353
20.9989793318874	17.64374608952219
21.02655531218195	18.13030425748214
21.0541312924765	18.63028286750828
21.08170727277105	19.14405743475967
21.1092832530656	19.67199253071079
21.13685923336015	20.21449503674384
21.1644352136547	20.7719613545269
21.19201119394925	21.34480441010378
21.2195871742438	21.93344818422036
21.24716315453835	22.5383288048589
21.2747391348329	23.15989419192493
21.30231511512745	23.79860491185732
21.329891095422	24.45493309379946
21.35746707571655	25.12936573121109
21.3850430560111	25.82240203304626
21.41261903630565	26.53455521585616
21.4401950166002	27.26635264177382
21.46777099689475	28.01833641895423
21.4953469771893	28.79106346784227
21.52292295748385	29.58510600956222
21.5504989377784	30.40105212930234
21.57807491807295	31.23950619894193
21.6056508983675	32.10108935368995
21.63322687866205	32.98643996148927
21.6608028589566	33.89621292527682
21.68837883925115	34.83108280020132
21.7159548195457	35.79174187122171
21.74353079984025	36.77890196948277
21.7711067801348	37.79329237611952
21.79868276042935	38.83566835007421
21.8262587407239	39.90679874288888
21.85383472101845	41.00747827024562
21.881410701313	42.13852150290482
21.90898668160755	43.30076681107909
21.9365626619021	44.49507502746594
21.96413864219665	45.7223307559909
21.9917146224912	46.98344315582535
22.01929060278575	48.27934646344968
22.0468665830803	49.61100059395189
22.07444256337485	50.9793922723849
22.1020185436694	52.38553485165985
22.12959452396395	53.83047011407866
22.1571705042585	55.31526486851981
22.18474648455305	56.84103007389098
22.2123224648476	58.40888504894157
22.23989844514215	60.01999497166002
22.2674744254367	61.67555336290933
22.29505040573125	63.37678720808589
22.3226263860258	65.12495553426338
22.35020236632035	66.92135589241808
22.3777783466149	68.76731713451396
22.40535432690945	70.66420797568513
22.432930307204	72.61343252222213
22.46050628749855	74.61643631307859
22.4880822677931	76.67470288062911
22.51565824808765	78.78975780822009
22.5432342283822	80.96316657273405
22.57081020867675	83.19654655094398
22.5983861889713	85.49153597015628
22.62596216926585	87.84985126039057
22.6535381495604	90.27323452064483
22.68111412985495	92.76348142780068
22.7086901101495	95.32243718640059
22.73626609044405	97.95199788052109
22.7638420707386	100.6541123526672
22.79141805103315	103.430782219025
22.8189940313277	106.2840655081025
22.84657001162225	109.2160765488428
22.87414599191681	112.2289878460189
22.90172197221136	115.3250321061457
22.92929795250591	118.5065037193469
22.95687393280046	121.7757602752633
22.98444991309501	125.1352245529061
23.01202589338956	128.58738634469
23.03960187368411	132.1348034587809
23.06717785397866	135.780105050877
23.09475383427321	139.5259929545015
23.12232981456776	143.3752427866942
23.14990579486231	147.330707500404
23.17748177515686	151.3953186377692
23.20505775545141	155.5720886286771
23.23263373574596	159.8641127700926
23.26020971604051	164.2745725258007
23.28778569633506	168.8067362697286
23.31536167662961	173.4639633156676
23.34293765692416	178.2497053079411
23.37051363721871	183.1675097396745
23.39808961751326	188.2210217709561
23.42566559780781	193.4139856723143
23.45324157810236	198.7502521682331
23.48081755839691	204.2337758161154
23.50839353869146	209.8686215363327
23.53596951898601	215.6589654494583
23.56354549928056	221.6091000297039
23.59112147957511	227.7234357653045
23.61869745986966	234.006500429514
23.64627344016421	240.462964955924
23.67384942045876	247.0976018354672
23.70142540075331	253.9153338213095
23.72900138104786	260.9212159925336
23.75657736134241	268.1204389729513
23.78415334163696	275.5183422417502
23.81172932193151	283.1204082874416
23.83930530222606	290.9322731899111
23.86688128252061	298.9597311701082
23.89445726281516	307.208728398906
23.92203324310971	315.6853830815
23.94960922340426	324.3959782258034
23.97718520369881	333.3469736719242
24.00476118399336	342.545003275747
24.03233716428791	351.9968863264009
24.05991314458246	361.709632758838
24.08748912487701	371.6904395760922
24.11506510517156	381.9467131613119
24.14264108546611	392.4860510619107
24.17021706576066	403.3162698536287
24.19779304605521	414.4453986460093
24.22536902634976	425.8816924016431
24.25294500664431	437.6336257604267
24.28052098693886	449.7099144353406
24.30809696723341	462.1195113380855
24.33567294752796	474.871616419568
24.36324892782251	487.9756948962255
24.39082490811706	501.4414504542665
24.41840088841161	515.2788727482794
24.44597686870616	529.4982214428802
24.47355284900071	544.110042579113
24.50112882929526	559.1251671645696
24.52870480958981	574.55473082089
24.55628078988436	590.4101738001184
24.58385677017891	606.7032533789134
24.61143275047346	623.4460551070853
24.63900873076801	640.6509878970933
24.66658471106256	658.3308126069188
24.69416069135711	676.4986391686833
24.72173667165166	695.1679408617571
24.74931265194621	714.352559211998
24.77688863224076	734.0667223473288
24.80446461253531	754.3250490152851
24.83204059282986	775.1425610465478
24.85961657312441	796.5346982718855
24.88719255341896	818.5173197312945
24.91476853371351	841.1067309459412
24.94234451400806	864.3196830104055
24.96992049430261	888.1733872670852
24.99749647459716	912.6855365861589
25.02507245489171	937.874305090456
25.05264843518626	963.758374031143
25.08022441548081	990.3569377981023
25.10780039577536	1017.689721904126
25.13537637606991	1045.776998647526
25.16295235636446	1074.639592547519
25.19052833665901	1104.298910606668
25.21810431695356	1134.776948023601
25.24568029724811	1166.096304965215
25.27325627754266	1198.280212360433
25.30083225783721	1231.352533885119
25.32840823813176	1265.337797732255
25.35598421842631	1300.261207221687
25.38356019872086	1336.148662385028
25.41113617901541	1373.026781092786
25.43871215930996	1410.922908844898
25.46628813960452	1449.865150723451
25.49386411989907	1489.88239666159
25.52144010019362	1531.004306609223
25.54901608048817	1573.261387627759
25.57659206078272	1616.684978072289
25.60416804107727	1661.307280642127
25.63174402137182	1707.161398188793
25.65932000166637	1754.281329966394
25.68689598196092	1802.702027810706
25.71447196225547	1852.459400707844
25.74204794255002	1903.590358366628
25.76962392284457	1956.132811661347
25.79719990313912	2010.125736965021
25.82477588343367	2065.609181710017
25.85235186372822	2122.62429199634
25.87992784402277	2181.213360159663
25.90750382431732	2241.419840655088
25.93507980461187	2303.288388992964
25.96265578490642	2366.864893515719
25.99023176520097	2432.196551179201
26.01780774549552	2499.331680172078
26.04538372579007	2568.320249188047
26.07295970608462	2639.213335654766
26.10053568637917	2712.063547355093
26.12811166667372	2786.924878205693
26.15568764696827	2863.852936775236
26.18326362726282	2942.904733935704
26.21083960755737	3024.138908486312
26.23841558785192	3107.615727634231
26.26599156814647	3193.396698837377
26.29356754844102	3281.54667007062
26.32114352873557	3372.129830828804
26.34871950903012	3465.213753736078
26.37629548932467	3560.867506344177
26.40387146961922	3659.162008571795
26.43144744991377	3760.170231479316
26.45902343020832	3863.967073413131
26.48659941050287	3970.62953844464
26.51417539079742	4080.236757334447
26.54175137109197	4192.869675479484
26.56932735138652	4308.612882401754
26.59690333168107	4427.551263146967
26.62447931197562	4549.773333643206
26.65205529227017	4675.369796953243
26.67963127256472	4804.433772887676
26.70720725285927	4937.061096174559
26.73478323315382	5073.350124690933
26.76235921344837	5213.401938521782
26.78993519374292	5357.320478752773
26.81751117403747	5505.212552701621
26.84508715433202	5657.18769851967
26.87266313462657	5813.35891164672
26.90023911492112	5973.841919278187
26.92781509521567	6138.755815516175
26.95539107551022	6308.222906273419
26.98296705580477	6482.369035127389
27.01054303609932	6661.323322468136
27.03811901639387	6845.218561620095
27.06569499668842	7034.191197066158
27.09327097698297	7228.381438719908
27.12084695727752	7427.9333185488
27.14842293757207	7632.995028234115
27.17599891786662	7843.71859418438
27.20357489816117	8060.26040665681
27.23115087845572	8282.781155944811
27.25872685875027	8511.445892130729
27.28630283904482	8746.424356393207
27.31387881933937	8987.890871081207
27.34145479963392	9236.024610235932
27.36903077992847	9491.009694759603
27.39660676022302	9753.035344274595
27.42418274051757	10022.29590443682
27.45175872081212	10298.99132664807
27.47933470110667	10583.3268260501
27.50691068140122	10875.51341021905
27.53448666169577	11175.76795378647
27.56206264199032	11484.31308993238
27.58963862228487	11801.37797750986
27.61721460257942	12127.19782563701
27.64479058287397	12462.01441782828
27.67236656316852	12806.07622112568
27.69994254346307	13159.63857437329
27.72751852375762	13522.96375827864
27.75509450405217	13896.32158162653
27.78267048434672	14279.98898048231
27.81024646464127	14674.25070595069
27.83782244493582	15079.39937505191
27.86539842523037	15495.73557005018
27.89297440552492	15923.56839526465
27.92055038581947	16363.21528806121
27.94812636611402	16815.00255085911
27.97570234640857	17279.26547398678
28.00327832670312	17756.34862445535
28.03085430699767	18246.60589779785
28.05843028729223	18750.40161525307
28.08600626758678	19268.10925474632
28.11358224788133	19800.11317299238
28.14115822817588	20346.80821850963
28.16873420847043	20908.60011452873
28.19631018876498	21485.90589892023
28.22388616905953	22079.15399629902
28.25146214935408	22688.7847384984
28.27903812964863	23315.25059757142
28.30661410994318	23959.01656580221
28.33419009023773	24620.56046074608
28.36176607053228	25300.37322431987
28.38934205082683	25998.9596249709
28.41691803112138	26716.83803634872
28.44449401141593	27454.54135039152
28.47206999171048	28212.61716054325
28.49964597200503	28991.62807444696
28.52722195229958	29792.15244170658
28.55479793259413	30614.78441464919
28.58237391288868	31460.13462860441
28.60994989318323	32328.83049230162
28.63752587347778	33221.51710945144
28.66510185377233	34138.85685231696
28.69267783406688	35081.53067879354
28.72025381436143	36050.23853441117
28.74782979465598	37045.69935538428
28.77540577495053	38068.65215569318
28.80298175524508	39119.85630099967
28.83055773553963	40200.09207749429
28.85813371583418	41310.16149623496
28.88570969612873	42450.88855609902
28.91328567642328	43623.12008956576
28.94086165671783	44827.72632673903
28.96843763701238	46065.60151622661
28.99601361730693	47337.66463516581
29.02358959760148	48644.86953900872
29.05116557789603	49988.15811337015
29.07874155819058	51368.55619528123
29.10631753848513	52787.07906040006
29.13389351877968	54244.77982776236
29.16146949907423	55742.74039698312
29.18904547936878	57282.07374092864
29.21662145966333	58863.92186152382
29.24419743995788	60489.45943139475
29.27177342025243	62159.89330843501
29.29934940054698	63876.46367979552
29.32692538084153	65640.44500899635
29.35450136113608	67453.14697499982
29.38207734143063	69315.91533154178
29.40965332172518	71230.13332324359
29.43722930201973	73197.22203413822
29.46480528231428	75218.64200781757
29.49238126260883	77295.89412643749
29.51995724290338	79430.52063735586
29.54753322319793	81624.10664486083
29.57510920349248	83878.28075896591
29.60268518378703	86194.71673961163
29.63026116408158	88575.13456578461
29.65783714437613	91021.30137763993
29.68541312467068	93535.0342904826
29.71298910496523	96118.19931201159
29.74056508525978	98772.71448496939
29.76814106555433	101500.551142727
29.79571704584888	104303.7346264586
29.82329302614343	107184.3464639629
29.85086900643798	110144.5256957135
29.87844498673253	113186.4702975601
29.90602096702708	116312.4394995507
29.93359694732163	119524.7541856184
29.96117292761618	122825.7996104503
29.98874890791073	126218.0277332059
30.01632488820528	129703.9571129312
30.04390086849983	133286.176462839
30.07147684879438	136967.3459616993
30.09905282908893	140750.1992888596
30.12662880938348	144637.54552914
30.15420478967803	148632.2716591851
30.18178076997258	152737.3441725156
30.20935675026713	156955.8116956475
30.23693273056168	161290.8068907726
30.26450871085623	165745.5491534707
30.29208469115078	170323.3464870199
30.31966067144533	175027.5993893391
30.34723665173988	179861.8009825295
30.37481263203443	184829.5414972778
30.40238861232898	189934.5103701608
30.42996459262353	195180.4989167367
30.45754057291808	200571.403254363
30.48511655321263	206111.2272401215
30.51269253350718	211804.0849604239
30.54026851380173	217654.2047660329
30.56784449409628	223665.9314776135
30.59542047439083	229843.7301199179
30.62299645468539	236192.1887193059
30.65057243497994	242716.0229980731
30.67814841527449	249420.0781304199
30.70572439556904	256309.3333576343
30.73330037586359	263388.905638754
30.76087635615814	270664.0533980136
30.78845233645269	278140.1800423069
30.81602831674724	285822.83861609
30.84360429704179	293717.735579257
30.87118027733634	301830.7348018175
30.89875625763089	310167.8624279196
30.92633223792544	318735.3113228311
30.95390821821999	327539.4447857488
30.98148419851454	336586.8031682806
31.00906017880909	345884.1063251338
31.03663615910364	355438.2602929629
31.06421213939819	365256.3621130821
31.09178811969274	375345.7047936178
31.11936409998729	385713.7827264324
31.14694008028184	396368.2976457493
31.17451606057639	407317.164026643
31.20209204087094	418568.5151200193
31.22966802116549	430130.7087702011
31.25724400146004	442012.3339764599
31.28481998175459	454222.2170905695
31.31239596204914	466769.4376778565
31.33997194234369	479663.2861258285
31.36754792263824	492913.3745015986
31.39512390293279	506529.5326664216
31.42269988322734	520521.8764361573
31.45027586352189	534900.8003733448
31.47785184381644	549676.9866798003
31.50542782411099	564861.4124226731
31.53300380440554	580465.3582388805
31.56057978470009	596500.4162875966
31.58815576499464	612978.4992306969
31.61573174528919	629911.8491282455
31.64330772558374	647313.0491073901
31.67088370587829	665195.0161903375
31.69845968617284	683571.04906242
31.72603566646739	702454.7935045824
31.75361164676194	721860.2799844394
31.78118762705649	741801.9255821285
31.80876360735104	762294.5462658631
31.83633958764559	783353.3672975336
31.86391556794014	804994.0345353479
31.89149154823469	827232.6269712836
31.91906752852924	850085.6667767448
31.94664350882379	873570.1337344875
31.97421948911834	897703.4765736349
32.00179546941289	922503.6194065589
32.02937144970744	947989.0077947524
32.05694743000199	974178.5607770317
32.08452341029654	1001091.741695945
32.11209939059109	1028748.547902892
32.13967537088564	1057169.529186362
32.16725135118019	1086375.80258697
32.19482733147474	1116389.070133663
32.22240331176929	1147231.632565954
0
1000	105.6583745	100000000000000.1
5	0	0	1
5	0	0	0
4.673998997513734	-1.662265354418933e-08
4.701574977808284	-1.382514637847829e-08
4.729150958102834	-1.422007277581817e-08
4.756726938397384	-1.508073993910847e-08
4.784302918691934	-1.602018585916068e-08
4.811878898986484	-1.692936966061876e-08
4.839454879281035	-1.777210145761003e-08
4.867030859575585	-1.853790771669131e-08
4.894606839870135	-1.922667869218435e-08
4.922182820164685	-1.984261542697274e-08
4.949758800459235	-2.03915698619911e-08
4.977334780753785	-2.087981042617971e-08
5.004910761048335	-2.131344366757257e-08
5.032486741342885	-2.169815543215883e-08
5.060062721637435	-2.20391124222911e-08
5.087638701931986	-2.234094464927016e-08
5.115214682226536	-2.260776764982364e-08
5.142790662521086	-2.284322275844019e-08
5.170366642815636	-2.305052392947669e-08
5.197942623110186	-2.323250509792198e-08
5.225518603404736	-2.339166507154724e-08
5.253094583699286	-2.35302085965607e-08
5.280670563993836	-2.365008313752225e-08
5.308246544288386	-2.375301138973285e-08
5.335822524582936	-2.384051978234752e-08
5.363398504877487	-2.391396333715089e-08
5.390974485172037	-2.397454728084155e-08
5.418550465466587	-2.402334580205998e-08
5.446126445761137	-2.406131831795371e-08
5.473702426055687	-2.408932358001411e-08
5.501278406350237	-2.411238983319408e-08
5.528854386644787	-2.412208079941469e-08
5.556430366939337	-2.412361400124769e-08
5.584006347233887	-2.411762992511048e-08
5.611582327528438	-2.410471808992281e-08
5.639158307822988	-2.408542133056998e-08
5.666734288117538	-2.406023973592984e-08
5.694310268412088	-2.40296342598274e-08
5.721886248706638	-2.399403002548755e-08
5.749462229001188	-2.39538193449071e-08
5.777038209295738	-2.390981775061368e-08
5.804614189590288	-2.386139347423011e-08
5.832190169884838	-2.380933878469798e-08
5.859766150179389	-2.375394804119092e-08
5.887342130473939	-2.369549479443999e-08
5.914918110768489	-2.363423327856728e-08
5.942494091063039	-2.357039980197983e-08
5.970070071357589	-2.350421403962439e-08
5.997646051652139	-2.343588023033795e-08
6.025222031946689	-2.336558828327801e-08
6.052798012241239	-2.329356554996781e-08
6.080373992535789	-2.321987923284778e-08
6.107949972830339	-2.314468040537919e-08
6.13552595312489	-2.306820158374247e-08
6.16310193341944	-2.299052506009445e-08
6.19067791371399	-2.291178090002554e-08
6.21825389400854	-2.283208576575516e-08
6.24582987430309	-2.275154783391064e-08
6.27340585459764	-2.267026778906277e-08
6.30098183489219	-2.258833942677273e-08
6.32855781518674	-2.250580257698191e-08
6.35613379548129	-2.242283596152026e-08
6.383709775775841	-2.233946766857751e-08
6.411285756070391	-2.225576753659432e-08
6.438861736364941	-2.217180042554299e-08
6.466437716659491	-2.208762650489461e-08
6.494013696954041	-2.200330148084507e-08
6.521589677248591	-2.191887673639349e-08
6.549165657543141	-2.183439932784667e-08
6.576741637837691	-2.174991171137461e-08
6.604317618132241	-2.166479215091099e-08
6.631893598426791	-2.158038686660868e-08
6.659469578721342	-2.149555341032803e-08
6.687045559015892	-2.141157122155294e-08
6.714621539310442	-2.132757731997565e-08
6.742197519604992	-2.124378352693082e-08
6.769773499899542	-2.116023112715499e-08
6.797349480194092	-2.107694877785118e-08
6.824925460488642	-2.099396082021397e-08
6.852501440783192	-2.091128892566665e-08
6.880077421077742	-2.082907255065796e-08
6.907653401372293	-2.074711035264054e-08
6.935229381666843	-2.066551729555846e-08
6.962805361961393	-2.058431263687709e-08
6.990381342255943	-2.050357909794251e-08
7.017957322550493	-2.042300080034688e-08
7.045533302845043	-2.034303216161669e-08
7.073109283139593	-2.026346959257164e-08
7.100685263434143	-2.01843393707414e-08
7.128261243728693	-2.010565218565664e-08
7.155837224023244	-2.002735709808162e-08
7.183413204317794	-1.9949593625179e-08
7.210989184612344	-1.987229341817828e-08
7.238565164906894	-1.97954616126943e-08
7.266141145201444	-1.971910269088687e-08
7.293717125495994	-1.964322053205257e-08
7.321293105790544	-1.956781845855666e-08
7.348869086085094	-1.949289927770575e-08
7.376445066379644	-1.941846532003831e-08
7.404021046674194	-1.934451847442582e-08
7.431597026968745	-1.927155223318337e-08
7.459173007263295	-1.919854475425218e-08
7.486748987557845	-1.912598482659423e-08
7.514324967852395	-1.905387522615677e-08
7.541900948146945	-1.898222059654051e-08
7.569476928441495	-1.89110276437678e-08
7.597052908736045	-1.8840305400687e-08
7.624628889030595	-1.877006556383854e-08
7.652204869325145	-1.870032291731452e-08
7.679780849619696	-1.863109586589085e-08
7.707356829914246	-1.855971165377042e-08
7.734932810208796	-1.849174011978414e-08
7.762508790503346	-1.842462488307609e-08
7.790084770797896	-1.83584121905491e-08
7.817660751092446	-1.829314566756907e-08
7.845236731386996	-1.822886623684963e-08
7.872812711681546	-1.816561205426402e-08
7.900388691976096	-1.810341846111186e-08
7.927964672270646	-1.804231795222874e-08
7.955540652565197	-1.79823401591915e-08
7.983116632859747	-1.790901168897154e-08
8.010692613154298	-1.785569214440379e-08
8.038268593448848	-1.780275659266765e-08
8.065844573743398	-1.775048963383358e-08
8.093420554037948	-1.769901082713532e-08
8.120996534332498	-1.764837090989902e-08
8.148572514627048	-1.759858808744384e-08
8.176148494921598	-1.754966381689614e-08
8.203724475216148	-1.750159042345998e-08
8.231300455510699	-1.745435507661588e-08
8.258876435805249	-1.740568593047368e-08
8.286452416099799	-1.736034841816258e-08
8.314028396394349	-1.731594695006747e-08
8.341604376688899	-1.727244170472e-08
8.369180356983449	-1.722979222395277e-08
8.396756337277999	-1.718795657979181e-08
8.424332317572549	-1.714689017338449e-08
8.451908297867099	-1.710654393407728e-08
8.47948427816165	-1.706686150625233e-08
8.5070602584562	-1.70277746555891e-08
8.53463623875075	-1.69319294751407e-08
8.5622122190453	-1.691423207903653e-08
8.58978819933985	-1.688832054888881e-08
8.6173641796344	-1.685993403231205e-08
8.64494015992895	-1.683078447736977e-08
8.6725161402235	-1.680154768757768e-08
8.70009212051805	-1.677253496266852e-08
8.7276681008126	-1.6743901725477e-08
8.755244081107151	-1.67157287991492e-08
8.782820061401701	-1.66880576020765e-08
8.810396041696251	-1.665986988314643e-08
8.837972021990801	-1.663347599279026e-08
8.865548002285351	-1.660762272429906e-08
8.893123982579901	-1.658228482307721e-08
8.920699962874451	-1.655743953158047e-08
8.948275943169001	-1.653306608934655e-08
8.975851923463551	-1.650914538627052e-08
9.003427903758102	-1.648565970355979e-08
9.031003884052652	-1.646259251319861e-08
9.058579864347202	-1.643992831921989e-08
9.086155844641752	-1.641928009111411e-08
9.113731824936302	-1.639649606945141e-08
9.141307805230852	-1.637460111964709e-08
9.168883785525402	-1.635320677778237e-08
9.196459765819952	-1.633221889390202e-08
9.224035746114502	-1.631159769037628e-08
9.251611726409052	-1.629131986506798e-08
9.279187706703603	-1.627136866844084e-08
9.306763686998153	-1.625173049570332e-08
9.334339667292703	-1.62323934904449e-08
9.361915647587253	-1.621343573778949e-08
9.389491627881803	-1.619465433929074e-08
9.417067608176353	-1.617614011019997e-08
9.444643588470903	-1.615788565928652e-08
9.472219568765453	-1.613988384060738e-08
9.499795549060003	-1.612212774644781e-08
9.527371529354554	-1.610461070082635e-08
9.554947509649104	-1.608732625355246e-08
9.582523489943654	-1.60702681748259e-08
9.610099470238204	-1.605343045036971e-08
9.637675450532754	-1.60367987944356e-08
9.665251430827304	-1.602038527767924e-08
9.692827411121854	-1.600417606066461e-08
9.720403391416404	-1.598816589615935e-08
9.747979371710954	-1.597234969794602e-08
9.775555352005505	-1.595672253725038e-08
9.803131332300055	-1.594127963942214e-08
9.830707312594605	-1.592601638085954e-08
9.858283292889155	-1.591092828616686e-08
9.885859273183705	-1.589601102553642e-08
9.913435253478255	-1.588125568408581e-08
9.941011233772805	-1.58666680858198e-08
9.968587214067355	-1.585223958511564e-08
9.996163194361905	-1.583796637452171e-08
10.02373917465646	-1.582384476176639e-08
10.05131515495101	-1.580987116792789e-08
10.07889113524556	-1.579604212569761e-08
10.10646711554011	-1.578235427773048e-08
10.13404309583466	-1.57688043750757e-08
10.16161907612921	-1.575538927568211e-08
10.18919505642376	-1.574210269440144e-08
10.21677103671831	-1.572894848382556e-08
10.24434701701286	-1.571592055295037e-08
10.27192299730741	-1.570301614628736e-08
10.29949897760196	-1.569023259477208e-08
10.32707495789651	-1.567756731448e-08
10.35465093819106	-1.566501780535346e-08
10.38222691848561	-1.56525816499378e-08
10.40980289878016	-1.564025651212399e-08
10.43737887907471	-1.56280401358961e-08
10.46495485936926	-1.561592796573781e-08
10.49253083966381	-1.560392287442457e-08
10.52010681995836	-1.559202044447044e-08
10.54768280025291	-1.558021870630353e-08
10.57525878054746	-1.556851575419429e-08
10.60283476084201	-1.555690974506762e-08
10.63041074113656	-1.554539889730617e-08
10.65798672143111	-1.553398148954591e-08
10.68556270172566	-1.552265585946398e-08
10.71313868202021	-1.551142040256052e-08
10.74071466231476	-1.550027189764661e-08
10.76829064260931	-1.548921235759909e-08
10.79586662290386	-1.547823864971574e-08
10.82344260319841	-1.546734937165954e-08
10.85101858349296	-1.545654316613589e-08
10.87859456378751	-1.544581871986754e-08
10.90617054408206	-1.54351747625643e-08
10.93374652437661	-1.542461006588938e-08
10.96132250467116	-1.541412344242326e-08
10.98889848496571	-1.540371374462766e-08
11.01647446526026	-1.539337866143278e-08
11.04405044555481	-1.538311964545045e-08
11.07162642584936	-1.537293443867966e-08
11.09920240614391	-1.536282202958855e-08
11.12677838643846	-1.535278143692154e-08
11.15435436673301	-1.534281170893598e-08
11.18193034702756	-1.533291192263805e-08
11.20950632732211	-1.532308118301885e-08
11.23708230761666	-1.531331862229244e-08
11.26465828791121	-1.53036233991371e-08
11.29223426820576	-1.529399338086774e-08
11.31981024850031	-1.528443054209723e-08
11.34738622879486	-1.527493277426965e-08
11.37496220908941	-1.526549931972687e-08
11.40253818938396	-1.525612943874174e-08
11.43011416967851	-1.524682240909434e-08
11.45769014997306	-1.523757752564658e-08
11.48526613026761	-1.522839409991654e-08
11.51284211056216	-1.521927145965339e-08
11.54041809085671	-1.521020894841375e-08
11.56799407115126	-1.520120419515407e-08
11.59557005144581	-1.519226020796833e-08
11.62314603174036	-1.518337460966759e-08
11.65072201203491	-1.517454678307586e-08
11.67829799232946	-1.516577611854836e-08
11.70587397262401	-1.515706201399995e-08
11.73344995291856	-1.514840387492197e-08
11.76102593321311	-1.513980111438871e-08
11.78860191350766	-1.513125315305396e-08
11.81617789380221	-1.512275941913873e-08
11.84375387409676	-1.511431717247575e-08
11.87132985439131	-1.510593043546475e-08
11.89890583468586	-1.509759642660758e-08
11.92648181498041	-1.508931457745379e-08
11.95405779527496	-1.508108431971718e-08
11.98163377556951	-1.507290508589212e-08
12.00920975586406	-1.506477630982594e-08
12.03678573615861	-1.505669742724933e-08
12.06436171645316	-1.504866787626745e-08
12.09193769674771	-1.504068709781344e-08
12.11951367704226	-1.503275176299433e-08
12.14708965733681	-1.5024867172993e-08
12.17466563763136	-1.501702990954744e-08
12.20224161792591	-1.500923939126427e-08
12.22981759822046	-1.500149503349104e-08
12.25739357851501	-1.499379624963245e-08
12.28496955880956	-1.498614245234626e-08
12.31254553910411	-1.497853305462897e-08
12.34012151939866	-1.49709674708e-08
12.36769749969321	-1.496344511739253e-08
12.39527347998776	-1.495596108249054e-08
12.42284946028231	-1.494852400950864e-08
12.45042544057686	-1.494112872860174e-08
12.47800142087141	-1.493377460318122e-08
12.50557740116597	-1.492646099641597e-08
12.53315338146052	-1.491918727309562e-08
12.56072936175507	-1.491195280122314e-08
12.58830534204962	-1.490475695338121e-08
12.61588132234417	-1.489759910790719e-08
12.64345730263872	-1.489047864990287e-08
12.67103328293327	-1.488339172411105e-08
12.69860926322782	-1.487634467962025e-08
12.72618524352237	-1.486933343611534e-08
12.75376122381692	-1.486235734829726e-08
12.78133720411147	-1.485541577650526e-08
12.80891318440602	-1.484850808937709e-08
12.83648916470057	-1.484163366635254e-08
12.86406514499512	-1.483479190021115e-08
12.89164112528967	-1.482798219994823e-08
12.91921710558422	-1.482120399452942e-08
12.94679308587877	-1.481443487899979e-08
12.97436906617332	-1.48077249899705e-08
13.00194504646787	-1.480104423989211e-08
13.02952102676242	-1.479439195582449e-08
13.05709700705697	-1.478776748652764e-08
13.08467298735152	-1.47811702041616e-08
13.11224896764607	-1.477459950423188e-08
13.13982494794062	-1.476805480481164e-08
13.16740092823517	-1.476153554545202e-08
13.19497690852972	-1.475504118595921e-08
13.22255288882427	-1.47485678061674e-08
13.25012886911882	-1.47421221936043e-08
13.27770484941337	-1.47357001641706e-08
13.30528082970792	-1.472930119120629e-08
13.33285681000247	-1.472292476312218e-08
13.36043279029702	-1.471657038168601e-08
13.38800877059157	-1.471023756021139e-08
13.41558475088612	-1.47039258216035e-08
13.44316073118067	-1.469763469620153e-08
13.47073671147522	-1.469136371933978e-08
13.49831269176977	-1.468511881428831e-08
13.52588867206432	-1.467888692997803e-08
13.55346465235887	-1.467267253858345e-08
13.58104063265342	-1.466647579864226e-08
13.60861661294797	-1.466029616870978e-08
13.63619259324252	-1.465413315297554e-08
13.66376857353707	-1.464798626743041e-08
13.69134455383162	-1.464185503495178e-08
13.71892053412617	-1.463573898316701e-08
13.74649651442072	-1.462963764284746e-08
13.77407249471527	-1.462355394426289e-08
13.80164847500982	-1.461748034477101e-08
13.82922445530437	-1.461141975816529e-08
13.85680043559892	-1.460537173481758e-08
13.88437641589347	-1.459933583551906e-08
13.91195239618802	-1.459331163053768e-08
13.93952837648257	-1.458729869871212e-08
13.96710435677712	-1.458129662657848e-08
13.99468033707167	-1.457530500752505e-08
14.02225631736622	-1.456932344097206e-08
14.04983229766077	-1.45633553862279e-08
14.07740827795532	-1.455739236741144e-08
14.10498425824987	-1.455143791501507e-08
14.13256023854442	-1.45454916848387e-08
14.16013621883897	-1.453955334904038e-08
14.18771219913352	-1.453362259494766e-08
14.21528817942807	-1.452769912396085e-08
14.24286415972262	-1.452178265053942e-08
14.27044014001717	-1.451587290126504e-08
14.29801612031172	-1.450996961397343e-08
14.32559210060627	-1.450408033828172e-08
14.35316808090082	-1.44981882173898e-08
14.38074406119537	-1.449230131195012e-08
14.40832004148992	-1.448641952301826e-08
14.43589602178447	-1.448054276849211e-08
14.46347200207902	-1.447467098020734e-08
14.49104798237357	-1.446880410158011e-08
14.51862396266812	-1.446294208568148e-08
14.54619994296267	-1.4457084893655e-08
14.57377592325722	-1.445123249340917e-08
14.60135190355177	-1.44453866694547e-08
14.62892788384632	-1.443954348097926e-08
14.65650386414087	-1.443370493070069e-08
14.68407984443542	-1.44278710389139e-08
14.71165582472997	-1.442204182569076e-08
14.73923180502452	-1.441621731068882e-08
14.76680778531907	-1.44103975130176e-08
14.79438376561362	-1.440458245114542e-08
14.82195974590817	-1.439877214283493e-08
14.84953572620272	-1.439296660509994e-08
14.87711170649727	-1.438716580717846e-08
14.90468768679182	-1.438136986480306e-08
14.93226366708637	-1.437557874243046e-08
14.95983964738092	-1.436979245305344e-08
14.98741562767547	-1.436401100877605e-08
15.01499160797002	-1.435823442082504e-08
15.04256758826457	-1.435246269955264e-08
15.07014356855912	-1.434669585442113e-08
15.09771954885368	-1.434093389394232e-08
15.12529552914823	-1.433517682548762e-08
15.15287150944278	-1.432942471822771e-08
15.18044748973733	-1.432367746627469e-08
15.20802347003188	-1.431793512665816e-08
15.23559945032643	-1.431219770458393e-08
15.26317543062098	-1.430646520455696e-08
15.29075141091553	-1.430073763040334e-08
15.31832739121008	-1.429501498529023e-08
15.34590337150463	-1.428929727174447e-08
15.37347935179918	-1.428358449166998e-08
15.40105533209373	-1.42778766463646e-08
15.42863131238828	-1.427217374607587e-08
15.45620729268283	-1.426647577095782e-08
15.48378327297738	-1.426078273023919e-08
15.51135925327193	-1.425509462304199e-08
15.53893523356648	-1.424941144799548e-08
15.56651121386103	-1.424373320324954e-08
15.59408719415558	-1.423805988648794e-08
15.62166317445013	-1.423239149494141e-08
15.64923915474468	-1.422672802540028e-08
15.67681513503923	-1.422106947422714e-08
15.70439111533378	-1.421541584741198e-08
15.73196709562833	-1.420976711943951e-08
15.75954307592288	-1.420412329565756e-08
15.78711905621743	-1.419848437094889e-08
15.81469503651198	-1.419285033986943e-08
15.84227101680653	-1.418722119665797e-08
15.86984699710108	-1.418159693524571e-08
15.89742297739563	-1.417597754926556e-08
15.92499895769018	-1.41703630320612e-08
15.95257493798473	-1.416475337669606e-08
15.98015091827928	-1.415914859142371e-08
16.00772689857383	-1.415354863662791e-08
16.03530287886838	-1.414795351992351e-08
16.06287885916293	-1.414236323340976e-08
16.09045483945748	-1.413677776899765e-08
16.11803081975203	-1.413119711841625e-08
16.14560680004658	-1.412562127321838e-08
16.17318278034113	-1.412005022478568e-08
16.20075876063568	-1.411448396433203e-08
16.22833474093023	-1.410892248290379e-08
16.25591072122478	-1.410336581988699e-08
16.28348670151933	-1.409781387175529e-08
16.31106268181388	-1.409226667328118e-08
16.33863866210843	-1.408672421510803e-08
16.36621464240298	-1.408118648778797e-08
16.39379062269753	-1.407565348178816e-08
16.42136660299208	-1.407012518749637e-08
16.44894258328663	-1.406460159522597e-08
16.47651856358118	-1.405908269522048e-08
16.50409454387573	-1.405356847765792e-08
16.53167052417028	-1.404805894147849e-08
16.55924650446483	-1.404255405826701e-08
16.58682248475938	-1.403705382694979e-08
16.61439846505393	-1.403155823756682e-08
16.64197444534848	-1.402606728014631e-08
16.66955042564303	-1.402058094470742e-08
16.69712640593758	-1.401509922126294e-08
16.72470238623213	-1.400962209982189e-08
16.75227836652668	-1.400414957039233e-08
16.77985434682123	-1.399868162298406e-08
16.80743032711578	-1.399321824938531e-08
16.83500630741033	-1.398775943580524e-08
16.86258228770488	-1.398230517419696e-08
16.89015826799943	-1.397685545465856e-08
16.91773424829398	-1.397141026731518e-08
16.94531022858853	-1.396596960232038e-08
16.97288620888308	-1.396053344985793e-08
17.00046218917763	-1.395510180014313e-08
17.02803816947218	-1.394967464342414e-08
17.05561414976673	-1.394425196998332e-08
17.08319013006128	-1.393883377516386e-08
17.11076611035583	-1.393342003885754e-08
17.13834209065038	-1.392801075646058e-08
17.16591807094493	-1.392260591843317e-08
17.19349405123948	-1.391720551529434e-08
17.22107003153403	-1.391180953762389e-08
17.24864601182858	-1.390641797606483e-08
17.27622199212313	-1.390103082132686e-08
17.30379797241768	-1.389564806419147e-08
17.33137395271223	-1.389026969551964e-08
17.35894993300678	-1.388489570735325e-08
17.38652591330133	-1.387952608832405e-08
17.41410189359588	-1.387416083091083e-08
17.44167787389043	-1.386879992664151e-08
17.46925385418498	-1.386344336751818e-08
17.49682983447953	-1.385809114654414e-08
17.52440581477408	-1.385274325935206e-08
17.55198179506863	-1.384739971104519e-08
17.57955777536318	-1.384206057003264e-08
17.60713375565773	-1.383672346892107e-08
17.63470973595228	-1.383139447260615e-08
17.66228571624683	-1.382606811881183e-08
17.68986169654139	-1.38207460061821e-08
17.71743767683594	-1.381542814804078e-08
17.74501365713049	-1.381011454216489e-08
17.77258963742504	-1.380480518272242e-08
17.80016561771959	-1.379950006271077e-08
17.82774159801414	-1.379419917468198e-08
17.85531757830869	-1.378890251101188e-08
17.88289355860324	-1.378361006401597e-08
17.91046953889779	-1.377832171090309e-08
17.93804551919234	-1.377303721244352e-08
17.96562149948689	-1.376775805464556e-08
17.99319747978144	-1.376248231903862e-08
18.02077346007599	-1.37572108175353e-08
18.04834944037054	-1.375194349938828e-08
18.07592542066509	-1.374668034996784e-08
18.10350140095964	-1.374142135968091e-08
18.13107738125419	-1.373616652031654e-08
18.15865336154874	-1.37309158242029e-08
18.18622934184329	-1.372566928646959e-08
18.21380532213784	-1.37204268538492e-08
18.24138130243239	-1.371518854121741e-08
18.26895728272694	-1.370995434099368e-08
18.29653326302149	-1.370472424481536e-08
18.32410924331604	-1.36994982413294e-08
18.35168522361059	-1.369427629953948e-08
18.37926120390514	-1.368905955867079e-08
18.40683718419969	-1.368384492486262e-08
18.43441316449424	-1.367863523325411e-08
18.46198914478879	-1.367342934165804e-08
18.48956512508334	-1.366822825592829e-08
18.51714110537789	-1.366303065562649e-08
18.54471708567244	-1.365783720210246e-08
18.57229306596699	-1.365264780566442e-08
18.59986904626154	-1.36474624499256e-08
18.62744502655609	-1.364228112588669e-08
18.65502100685064	-1.363710382634779e-08
18.68259698714519	-1.363193054475735e-08
18.71017296743974	-1.36267612748682e-08
18.73774894773429	-1.362159602578174e-08
18.76532492802884	-1.361643476002722e-08
18.79290090832339	-1.361127748701088e-08
18.82047688861794	-1.360612420080173e-08
18.84805286891249	-1.360097489539217e-08
18.87562884920704	-1.359582956455327e-08
18.90320482950159	-1.359068820144766e-08
18.93078080979614	-1.358555079734012e-08
18.95835679009069	-1.358041733538372e-08
18.98593277038524	-1.357528771900267e-08
19.01350875067979	-1.357016237351999e-08
19.04108473097434	-1.356504078068191e-08
19.06866071126889	-1.355992311128831e-08
19.09623669156344	-1.355480901970112e-08
19.12381267185799	-1.354969972473066e-08
19.15138865215254	-1.354459382741966e-08
19.17896463244709	-1.353949187119247e-08
19.20654061274164	-1.353439383256558e-08
19.23411659303619	-1.352929970318643e-08
19.26169257333074	-1.352420947697153e-08
19.28926855362529	-1.351912318729418e-08
19.31684453391984	-1.351404075134649e-08
19.34442051421439	-1.350896220152133e-08
19.37199649450894	-1.350388753204421e-08
19.39957247480349	-1.349881673327746e-08
19.42714845509804	-1.349374991243367e-08
19.45472443539259	-1.348868679033526e-08
19.48230041568714	-1.348362759552564e-08
19.50987639598169	-1.347857226113413e-08
19.53745237627624	-1.347352077987559e-08
19.56502835657079	-1.346847311331456e-08
19.59260433686534	-1.34634293263632e-08
19.62018031715989	-1.345838937803884e-08
19.64775629745444	-1.345335326410241e-08
19.67533227774899	-1.344832098116381e-08
19.70290825804354	-1.344329252859392e-08
19.73048423833809	-1.343826791988896e-08
19.75806021863264	-1.343324751148107e-08
19.78563619892719	-1.342822981886616e-08
19.81321217922174	-1.34232166727852e-08
19.84078815951629	-1.341820724516819e-08
19.86836413981084	-1.341320163814434e-08
19.89594012010539	-1.340819980371627e-08
19.92351610039994	-1.340320174636965e-08
19.95109208069449	-1.339820746404885e-08
19.97866806098904	-1.339321695301788e-08
20.00624404128359	-1.338823020895777e-08
20.03382002157814	-1.338324722731155e-08
20.06139600187269	-1.337826800341685e-08
20.08897198216724	-1.337329253256444e-08
20.11654796246179	-1.336832082979365e-08
20.14412394275634	-1.336335284827461e-08
20.17169992305089	-1.335838860434893e-08
20.19927590334544	-1.335342809355628e-08
20.22685188363999	-1.334847131148296e-08
20.25442786393454	-1.334351825376428e-08
20.2820038442291	-1.333856891608504e-08
20.30957982452365	-1.333362329417936e-08
20.3371558048182	-1.332868138383014e-08
20.36473178511275	-1.332374318086849e-08
20.3923077654073	-1.331880860284167e-08
20.41988374570185	-1.331387777101403e-08
20.4474597259964	-1.330895057985022e-08
20.47503570629095	-1.330402794501557e-08
20.5026116865855	-1.329910766603497e-08
20.53018766688005	-1.32941915727993e-08
20.5577636471746	-1.328927918901308e-08
20.58533962746915	-1.3284370490706e-08
20.6129156077637	-1.327946546969221e-08
20.64049158805825	-1.327456412084264e-08
20.6680675683528	-1.326966646352065e-08
20.69564354864735	-1.326477244209283e-08
20.7232195289419	-1.325988208093156e-08
20.75079550923645	-1.325499537693332e-08
20.778371489531	-1.325011232705519e-08
20.80594746982555	-1.324523292831939e-08
20.8335234501201	-1.32403571778176e-08
20.86109943041465	-1.323548507271589e-08
20.8886754107092	-1.323061661025989e-08
20.91625139100375	-1.322575178778073e-08
20.9438273712983	-1.322089060966597e-08
20.97140335159285	-1.321603305931903e-08
20.9989793318874	-1.321117914082383e-08
21.02655531218195	-1.320632885185676e-08
21.0541312924765	-1.320148219027417e-08
21.08170727277105	-1.319663915419603e-08
21.1092832530656	-1.319179974222059e-08
21.13685923336015	-1.31869639541483e-08
21.1644352136547	-1.31821317948251e-08
21.19201119394925	-1.317730334353123e-08
21.2195871742438	-1.31724783328178e-08
21.24716315453835	-1.316765701545906e-08
21.2747391348329	-1.316283930928385e-08
21.30231511512745	-1.315802521236281e-08
21.329891095422	-1.315321472278356e-08
21.35746707571655	-1.314840783860291e-08
21.3850430560111	-1.314360455773873e-08
21.41261903630565	-1.313880487768499e-08
21.4401950166002	-1.313400879456474e-08
21.46777099689475	-1.31292162985201e-08
21.4953469771893	-1.312442740865074e-08
21.52292295748385	-1.311964481551123e-08
21.5504989377784	-1.311486060975834e-08
21.57807491807295	-1.311008247636139e-08
21.6056508983675	-1.310530795967865e-08
21.63322687866205	-1.310053703879872e-08
21.6608028589566	-1.309576970832596e-08
21.68837883925115	-1.309100596555855e-08
21.7159548195457	-1.308624580860452e-08
21.74353079984025	-1.30814892359029e-08
21.7711067801348	-1.307673625694276e-08
21.79868276042935	-1.307198684754865e-08
21.8262587407239	-1.306724101769922e-08
21.85383472101845	-1.306249876625508e-08
21.881410701313	-1.305776009214274e-08
21.90898668160755	-1.305302499435442e-08
21.9365626619021	-1.304829347194808e-08
21.96413864219665	-1.304356552404708e-08
21.9917146224912	-1.30388411498402e-08
22.01929060278575	-1.303412034858121e-08
22.0468665830803	-1.302940312212643e-08
22.07444256337485	-1.302468946462167e-08
22.1020185436694	-1.301997937797316e-08
22.12959452396395	-1.301527286169402e-08
22.1571705042585	-1.301056991537303e-08
22.18474648455305	-1.300587053867521e-08
22.2123224648476	-1.300117473134227e-08
22.23989844514215	-1.29964824931932e-08
22.2674744254367	-1.299179382412448e-08
22.29505040573125	-1.298710872411049e-08
22.3226263860258	-1.29824271924161e-08
22.35020236632035	-1.29777492307986e-08
22.3777783466149	-1.297307483869838e-08
22.40535432690945	-1.296840401639968e-08
22.432930307204	-1.296373676426043e-08
22.46050628749855	-1.29590730827111e-08
22.4880822677931	-1.295441297225327e-08
22.51565824808765	-1.294975643345767e-08
22.5432342283822	-1.294510346696164e-08
22.57081020867675	-1.29404540734655e-08
22.5983861889713	-1.293580825271543e-08
22.62596216926585	-1.293116600751651e-08
22.6535381495604	-1.292652733782632e-08
22.68111412985495	-1.292189224455092e-08
22.7086901101495	-1.291726072860935e-08
22.73626609044405	-1.291263279089405e-08
22.7638420707386	-1.290800843218598e-08
22.79141805103315	-1.290338765294415e-08
22.8189940313277	-1.28987704526634e-08
22.84657001162225	-1.289415682718753e-08
22.87414599191681	-1.288954687378226e-08
22.90172197221136	-1.288494043830871e-08
22.92929795250591	-1.288033758963505e-08
22.95687393280046	-1.287573832916312e-08
22.98444991309501	-1.287114265827873e-08
23.01202589338956	-1.286655057835282e-08
23.03960187368411	-1.286196209073808e-08
23.06717785397866	-1.28573771967631e-08
23.09475383427321	-1.285279589772464e-08
23.12232981456776	-1.284821819487856e-08
23.14990579486231	-1.284364409306914e-08
23.17748177515686	-1.283907358583427e-08
23.20505775545141	-1.283450667790427e-08
23.23263373574596	-1.282994337028422e-08
23.26020971604051	-1.282538366389065e-08
23.28778569633506	-1.282082755953812e-08
23.31536167662961	-1.281627505792455e-08
23.34293765692416	-1.2811726159616e-08
23.37051363721871	-1.280718086503058e-08
23.39808961751326	-1.280263917442146e-08
23.42566559780781	-1.279810109929736e-08
23.45324157810236	-1.279356661758811e-08
23.48081755839691	-1.278903573846692e-08
23.50839353869146	-1.278450846064415e-08
23.53596951898601	-1.277998478149165e-08
23.56354549928056	-1.27754646929542e-08
23.59112147957511	-1.277094810250022e-08
23.61869745986966	-1.276643545702092e-08
23.64627344016421	-1.276192613114781e-08
23.67384942045876	-1.275742043114254e-08
23.70142540075331	-1.275291822450611e-08
23.72900138104786	-1.274841887825104e-08
23.75657736134241	-1.274392493809716e-08
23.78415334163696	-1.273943353926618e-08
23.81172932193151	-1.273494574413869e-08
23.83930530222606	-1.273046152360036e-08
23.86688128252061	-1.272598086726819e-08
23.89445726281516	-1.272150376714294e-08
23.92203324310971	-1.271703021542416e-08
23.94960922340426	-1.27125602039594e-08
23.97718520369881	-1.270809372975255e-08
24.00476118399336	-1.270363077123873e-08
24.03233716428791	-1.269917132455245e-08
24.05991314458246	-1.269471537892794e-08
24.08748912487701	-1.269026292282156e-08
24.11506510517156	-1.268581394388634e-08
24.14264108546611	-1.268136842894812e-08
24.17021706576066	-1.267692636398339e-08
24.19779304605521	-1.267248773409908e-08
24.22536902634976	-1.266805252351463e-08
24.25294500664431	-1.266362072337104e-08
24.28052098693886	-1.265919229981897e-08
24.30809696723341	-1.265476724205822e-08
24.33567294752796	-1.265034553067898e-08
24.36324892782251	-1.264592714537837e-08
24.39082490811706	-1.264151206496383e-08
24.41840088841161	-1.263710026736066e-08
24.44597686870616	-1.263269172962386e-08
24.47355284900071	-1.262828642795442e-08
24.50112882929526	-1.262388433772025e-08
24.52870480958981	-1.261948545127424e-08
24.55628078988436	-1.26150897053022e-08
24.58385677017891	-1.261069709060436e-08
24.61143275047346	-1.260630757966781e-08
24.63900873076801	-1.260192114441078e-08
24.66658471106256	-1.259753775622742e-08
24.69416069135711	-1.259315738602677e-08
24.72173667165166	-1.25887800042511e-08
24.74931265194621	-1.258440558083025e-08
24.77688863224076	-1.258003408492072e-08
24.80446461253531	-1.257566556456319e-08
24.83204059282986	-1.257129984302144e-08
24.85961657312441	-1.256693695824553e-08
24.88719255341896	-1.256257688062704e-08
24.91476853371351	-1.255821958085693e-08
24.94234451400806	-1.255386503002318e-08
24.96992049430261	-1.254951319970607e-08
24.99749647459716	-1.254516406207193e-08
25.02507245489171	-1.254081758996492e-08
25.05264843518626	-1.253647375699697e-08
25.08022441548081	-1.253213254441934e-08
25.10780039577536	-1.252779391336628e-08
25.13537637606991	-1.252345784721582e-08
25.16295235636446	-1.251912432357169e-08
25.19052833665901	-1.251479332122829e-08
25.21810431695356	-1.251046482023401e-08
25.24568029724811	-1.250613880194862e-08
25.27325627754266	-1.250181524909373e-08
25.30083225783721	-1.249749414579629e-08
25.32840823813176	-1.249317547762445e-08
25.35598421842631	-1.248885952043529e-08
25.38356019872086	-1.248454564839302e-08
25.41113617901541	-1.248023415717111e-08
25.43871215930996	-1.247592504319681e-08
25.46628813960452	-1.247161830482522e-08
25.49386411989907	-1.246731394213196e-08
25.52144010019362	-1.24630119567192e-08
25.54901608048817	-1.24587123515309e-08
25.57659206078272	-1.24544151306695e-08
25.60416804107727	-1.245012029919377e-08
25.63174402137182	-1.244582785452419e-08
25.65932000166637	-1.244153783490741e-08
25.68689598196092	-1.243725022973815e-08
25.71447196225547	-1.243296504728241e-08
25.74204794255002	-1.242868229683889e-08
25.76962392284457	-1.242440198946477e-08
25.79719990313912	-1.242012414062105e-08
25.82477588343367	-1.241584878384328e-08
25.85235186372822	-1.241157615852095e-08
25.87992784402277	-1.240730475872554e-08
25.90750382431732	-1.240303727117882e-08
25.93507980461187	-1.23987717979781e-08
25.96265578490642	-1.239450889333785e-08
25.99023176520097	-1.239024759653568e-08
26.01780774549552	-1.238599019501367e-08
26.04538372579007	-1.23817348252289e-08
26.07295970608462	-1.237748196862387e-08
26.10053568637917	-1.237323165652919e-08
26.12811166667372	-1.236898390326773e-08
26.15568764696827	-1.236473871977027e-08
26.18326362726282	-1.236049614350354e-08
26.21083960755737	-1.235625612298449e-08
26.23841558785192	-1.235201869946736e-08
26.26599156814647	-1.234778388178438e-08
26.29356754844102	-1.234355167857486e-08
26.32114352873557	-1.233932209826353e-08
26.34871950903012	-1.233509514904187e-08
26.37629548932467	-1.23308708388521e-08
26.40387146961922	-1.232664917537401e-08
26.43144744991377	-1.232243016601424e-08
26.45902343020832	-1.231821382436639e-08
26.48659941050287	-1.231400014342647e-08
26.51417539079742	-1.230978913671765e-08
26.54175137109197	-1.230558081059839e-08
26.56932735138652	-1.230137517113334e-08
26.59690333168107	-1.229717222409263e-08
26.62447931197562	-1.22929719749529e-08
26.65205529227017	-1.228877442889941e-08
26.67963127256472	-1.228457959082924e-08
26.70720725285927	-1.228038746535555e-08
26.73478323315382	-1.227619805069186e-08
26.76235921344837	-1.227201136388333e-08
26.78993519374292	-1.226782740228556e-08
26.81751117403747	-1.226364616934782e-08
26.84508715433202	-1.225946766825513e-08
26.87266313462657	-1.225529190193588e-08
26.90023911492112	-1.225111887306958e-08
26.92781509521567	-1.224694858409471e-08
26.95539107551022	-1.224278103721665e-08
26.98296705580477	-1.223861623441555e-08
27.01054303609932	-1.223445417909541e-08
27.03811901639387	-1.22302948693727e-08
27.06569499668842	-1.22261383082617e-08
27.09327097698297	-1.222198449693479e-08
27.12084695727752	-1.221783343638348e-08
27.14842293757207	-1.221368512742599e-08
27.17599891786662	-1.220953957071489e-08
27.20357489816117	-1.220539676674459e-08
27.23115087845572	-1.220125671585922e-08
27.25872685875027	-1.219711941826044e-08
27.28630283904482	-1.219298489870334e-08
27.31387881933937	-1.218885310465436e-08
27.34145479963392	-1.218472406237893e-08
27.36903077992847	-1.218059777161671e-08
27.39660676022302	-1.21764742319579e-08
27.42418274051757	-1.217235344286058e-08
27.45175872081212	-1.216823540366263e-08
27.47933470110667	-1.216412011359086e-08
27.50691068140122	-1.216000757176834e-08
27.53448666169577	-1.21558977772207e-08
27.56206264199032	-1.215179073062777e-08
27.58963862228487	-1.214768642710889e-08
27.61721460257942	-1.214358486730033e-08
27.64479058287397	-1.213948604991696e-08
27.67236656316852	-1.213538997360141e-08
27.69994254346307	-1.213129663692759e-08
27.72751852375762	-1.212720603840442e-08
27.75509450405217	-1.212311817647923e-08
27.78267048434672	-1.211903304954106e-08
27.81024646464127	-1.211495065592383e-08
27.83782244493582	-1.211087099176985e-08
27.86539842523037	-1.210679405992919e-08
27.89297440552492	-1.210271985622019e-08
27.92055038581947	-1.209864837874582e-08
27.94812636611402	-1.209457962557019e-08
27.97570234640857	-1.209051359472084e-08
28.00327832670312	-1.208645028419095e-08
28.03085430699767	-1.208238969194136e-08
28.05843028729223	-1.207833181590247e-08
28.08600626758678	-1.207427665397612e-08
28.11358224788133	-1.207022420261954e-08
28.14115822817588	-1.206617446264731e-08
28.16873420847043	-1.206212743045815e-08
28.19631018876498	-1.205808310384363e-08
28.22388616905953	-1.205404148056884e-08
28.25146214935408	-1.20500025583738e-08
28.27903812964863	-1.204596633497479e-08
28.30661410994318	-1.204193280806567e-08
28.33419009023773	-1.203790197531907e-08
28.36176607053228	-1.203387383438762e-08
28.38934205082683	-1.202984838395665e-08
28.41691803112138	-1.202582561942318e-08
28.44449401141593	-1.20218055394874e-08
28.47206999171048	-1.20177881417303e-08
28.49964597200503	-1.201377342371331e-08
28.52722195229958	-1.200976138297956e-08
28.55479793259413	-1.200575201705491e-08
28.58237391288868	-1.200174532344891e-08
28.60994989318323	-1.199774129965573e-08
28.63752587347778	-1.199373994315493e-08
28.66510185377233	-1.198974126041431e-08
28.69267783406688	-1.198574523005011e-08
28.72025381436143	-1.198175185858664e-08
28.74782979465598	-1.197776114353702e-08
28.77540577495053	-1.197377308243996e-08
28.80298175524508	-1.196978767285963e-08
28.83055773553963	-1.196580491238562e-08
28.85813371583418	-1.196182479863283e-08
28.88570969612873	-1.19578473292415e-08
28.91328567642328	-1.195387250187722e-08
28.94086165671783	-1.194990030471876e-08
28.96843763701238	-1.194593075556922e-08
28.99601361730693	-1.194196384234943e-08
29.02358959760148	-1.193799956267127e-08
29.05116557789603	-1.193403791411923e-08
29.07874155819058	-1.193007889425076e-08
29.10631753848513	-1.192612250059646e-08
29.13389351877968	-1.192216873066019e-08
29.16146949907423	-1.191821758191932e-08
29.18904547936878	-1.19142690518248e-08
29.21662145966333	-1.191032313688299e-08
29.24419743995788	-1.190637983608e-08
29.27177342025243	-1.19024391462716e-08
29.29934940054698	-1.189850106492022e-08
29.32692538084153	-1.189456558949045e-08
29.35450136113608	-1.189063271745749e-08
29.38207734143063	-1.188670244632298e-08
29.40965332172518	-1.18827747736466e-08
29.43722930201973	-1.187884969711759e-08
29.46480528231428	-1.187492721473866e-08
29.49238126260883	-1.187100712454587e-08
29.51995724290338	-1.186708990009979e-08
29.54753322319793	-1.186317520126429e-08
29.57510920349248	-1.185926307111373e-08
29.60268518378703	-1.185535351520154e-08
29.63026116408158	-1.185144653353692e-08
29.65783714437613	-1.184754212463011e-08
29.68541312467068	-1.184364028645329e-08
29.71298910496523	-1.183974101675128e-08
29.74056508525978	-1.183584431316337e-08
29.76814106555433	-1.183195016651895e-08
29.79571704584888	-1.18280585889649e-08
29.82329302614343	-1.182416957056258e-08
29.85086900643798	-1.182028310876505e-08
29.87844498673253	-1.181639920103304e-08
29.90602096702708	-1.181251784483418e-08
29.93359694732163	-1.180863903764223e-08
29.96117292761618	-1.180476277693667e-08
29.98874890791073	-1.180088906020227e-08
30.01632488820528	-1.17970178849287e-08
30.04390086849983	-1.179314926381367e-08
30.07147684879438	-1.178928315571217e-08
30.09905282908893	-1.178541958653577e-08
30.12662880938348	-1.178155855018863e-08
30.15420478967803	-1.177770004342713e-08
30.18178076997258	-1.177384406351406e-08
30.20935675026713	-1.176999060786257e-08
30.23693273056168	-1.176613967394466e-08
30.26450871085623	-1.176229125926047e-08
30.29208469115078	-1.175844536132558e-08
30.31966067144533	-1.175460197929886e-08
30.34723665173988	-1.175076110730261e-08
30.37481263203443	-1.174692274453104e-08
30.40238861232898	-1.174308688852193e-08
30.42996459262353	-1.173925353681147e-08
30.45754057291808	-1.173542268693118e-08
30.48511655321263	-1.173159433640116e-08
30.51269253350718	-1.172776848271545e-08
30.54026851380173	-1.172394512330383e-08
30.56784449409628	-1.172012425541171e-08
30.59542047439083	-1.171630589109848e-08
30.62299645468539	-1.171249000142925e-08
30.65057243497994	-1.170867659662466e-08
30.67814841527449	-1.170486567423437e-08
30.70572439556904	-1.170105723182298e-08
30.73330037586359	-1.169725126696382e-08
30.76087635615814	-1.169344777723627e-08
30.78845233645269	-1.168964676022443e-08
30.81602831674724	-1.168584821351643e-08
30.84360429704179	-1.168205213470415e-08
30.87118027733634	-1.16782585221477e-08
30.89875625763089	-1.167446737182751e-08
30.92633223792544	-1.167067868214535e-08
30.95390821821999	-1.166689245071417e-08
30.98148419851454	-1.166310867515118e-08
31.00906017880909	-1.165932735307811e-08
31.03663615910364	-1.165554848212162e-08
31.06421213939819	-1.165177205991373e-08
31.09178811969274	-1.16479980840925e-08
31.11936409998729	-1.16442265523028e-08
31.14694008028184	-1.164045809997657e-08
31.17451606057639	-1.163669067612341e-08
31.20209204087094	-1.163292654514269e-08
31.22966802116549	-1.162916479467506e-08
31.25724400146004	-1.162540546523234e-08
31.28481998175459	-1.1621648561749e-08
31.31239596204914	-1.161789408414935e-08
31.33997194234369	-1.161414203102281e-08
31.36754792263824	-1.161039240047944e-08
31.39512390293279	-1.160664519042332e-08
31.42269988322734	-1.160290039458995e-08
31.45027586352189	-1.159915801972666e-08
31.47785184381644	-1.15954180587095e-08
31.50542782411099	-1.159168050917821e-08
31.53300380440554	-1.158794536877948e-08
31.56057978470009	-1.158421263516622e-08
31.58815576499464	-1.158048230599697e-08
31.61573174528919	-1.157675437893534e-08
31.64330772558374	-1.157302885164978e-08
31.67088370587829	-1.15693057218132e-08
31.69845968617284	-1.156558498710276e-08
31.72603566646739	-1.156186664519962e-08
31.75361164676194	-1.15581506937889e-08
31.78118762705649	-1.155443713055943e-08
31.80876360735104	-1.155072595320371e-08
31.83633958764559	-1.154701715941783e-08
31.86391556794014	-1.154331074690131e-08
31.89149154823469	-1.153960671335716e-08
31.91906752852924	-1.153590505649174e-08
31.94664350882379	-1.153220577401471e-08
31.97421948911834	-1.152850886363906e-08
32.00179546941289	-1.152481432308101e-08
32.02937144970744	-1.152112215006003e-08
32.05694743000199	-1.151743234229877e-08
32.08452341029654	-1.151374489752308e-08
32.11209939059109	-1.151005981346199e-08
32.13967537088564	-1.150637708784764e-08
32.16725135118019	-1.150269671841532e-08
32.19482733147474	-1.149901870290346e-08
32.22240331176929	-1.149534303905355e-08
