0
1000	105.6583745	100000000000000.1
5	0	0	1
5	0	0	0
4.673998997513734	1.387659596583611e-11
4.701574977808284	2.816414172384672e-11
4.729150958102834	4.214066778163422e-11
4.756726938397384	5.714675562621472e-11
4.784302918691934	7.348364172278569e-11
4.811878898986484	9.124054982928086e-11
4.839454879281035	1.104361929526541e-10
4.867030859575585	1.310620314001886e-10
4.894606839870135	1.530992154463979e-10
4.922182820164685	1.765261136549508e-10
4.949758800459235	2.013218551143382e-10
4.977334780753785	2.274679995423427e-10
5.004910761048335	2.549492712864123e-10
5.032486741342885	2.837538097227717e-10
5.060062721637435	3.138731683475884e-10
5.087638701931986	3.453021866419618e-10
5.115214682226536	3.780388025633166e-10
5.142790662521086	4.120838430847255e-10
5.170366642815636	4.474408132537555e-10
5.197942623110186	4.84115694622954e-10
5.225518603404736	5.221167583923563e-10
5.253094583699286	5.614543954489995e-10
5.280670563993836	6.021409637044179e-10
5.308246544288386	6.441906521538982e-10
5.335822524582936	6.876193605814506e-10
5.363398504877487	7.324445936127498e-10
5.390974485172037	7.786853677600369e-10
5.418550465466587	8.263621301348541e-10
5.446126445761137	8.754966875850312e-10
5.473702426055687	9.261121451154304e-10
5.501278406350237	9.782369018387733e-10
5.528854386644787	1.031898962862745e-09
5.556430366939337	1.08711351188787e-09
5.584006347233887	1.14391173646027e-09
5.611582327528438	1.202326771172827e-09
5.639158307822988	1.262380953476627e-09
5.666734288117538	1.324101293159891e-09
5.694310268412088	1.387533120638124e-09
5.721886248706638	1.452701379002319e-09
5.749462229001188	1.519639188683594e-09
5.777038209295738	1.58839004734944e-09
5.804614189590288	1.658983863648631e-09
5.832190169884838	1.731465129570132e-09
5.859766150179389	1.805866477262934e-09
5.887342130473939	1.882228035396351e-09
5.914918110768489	1.96060573759548e-09
5.942494091063039	2.041023159949133e-09
5.970070071357589	2.123539297064418e-09
5.997646051652139	2.208194771517113e-09
6.025222031946689	2.295038470701711e-09
6.052798012241239	2.384129701913096e-09
6.080373992535789	2.475506554518803e-09
6.107949972830339	2.569233107379072e-09
6.13552595312489	2.665342281116503e-09
6.16310193341944	2.763906702058138e-09
6.19067791371399	2.864967722284068e-09
6.21825389400854	2.968593068320543e-09
6.24582987430309	3.074851042504392e-09
6.27340585459764	3.183780547382861e-09
6.30098183489219	3.295469106730243e-09
6.32855781518674	3.409960540668945e-09
6.35613379548129	3.527341369279587e-09
6.383709775775841	3.647685910614436e-09
6.411285756070391	3.771059708016275e-09
6.438861736364941	3.897533589687826e-09
6.466437716659491	4.027203911970949e-09
6.494013696954041	4.160134201195876e-09
6.521589677248591	4.296428419668634e-09
6.549165657543141	4.436160039725389e-09
6.576741637837691	4.579404197880266e-09
6.604317618132241	4.726271870276201e-09
6.631893598426791	4.876831367963294e-09
6.659469578721342	5.031208673218913e-09
6.687045559015892	5.18949368722279e-09
6.714621539310442	5.351778363763879e-09
6.742197519604992	5.518170348797936e-09
6.769773499899542	5.68878833275598e-09
6.797349480194092	5.863724256549827e-09
6.824925460488642	6.043085419733493e-09
6.852501440783192	6.2270160770868e-09
6.880077421077742	6.415630809672373e-09
6.907653401372293	6.609024170469119e-09
6.935229381666843	6.80735252228137e-09
6.962805361961393	7.010712796461979e-09
6.990381342255943	7.219279417593677e-09
7.017957322550493	7.433161374582552e-09
7.045533302845043	7.652483451082922e-09
7.073109283139593	7.877424623443034e-09
7.100685263434143	8.108113234651779e-09
7.128261243728693	8.344706130532161e-09
7.155837224023244	8.58734866998838e-09
7.183413204317794	8.836216338367348e-09
7.210989184612344	9.091469479453321e-09
7.238565164906894	9.353265207749302e-09
7.266141145201444	9.62176925703182e-09
7.293717125495994	9.897208152548251e-09
7.321293105790544	1.017969680539583e-08
7.348869086085094	1.046946779685665e-08
7.376445066379644	1.076670972807405e-08
7.404021046674194	1.107161474446648e-08
7.431597026968745	1.138437310684056e-08
7.459173007263295	1.170519991887836e-08
7.486748987557845	1.20343020567335e-08
7.514324967852395	1.237195435293169e-08
7.541900948146945	1.271830470376224e-08
7.569476928441495	1.307362955677577e-08
7.597052908736045	1.343814467078496e-08
7.624628889030595	1.381209355049226e-08
7.652204869325145	1.419576939759771e-08
7.679780849619696	1.458936769532356e-08
7.707356829914246	1.49931958825446e-08
7.734932810208796	1.540753183764457e-08
7.762508790503346	1.583260765582558e-08
7.790084770797896	1.626876401505783e-08
7.817660751092446	1.671626291933541e-08
7.845236731386996	1.717540176017892e-08
7.872812711681546	1.764650306390736e-08
7.900388691976096	1.812988238771087e-08
7.927964672270646	1.862587095866416e-08
7.955540652565197	1.913481485217876e-08
7.983116632859747	1.965701947561994e-08
8.010692613154298	2.019285252321496e-08
8.038268593448848	2.074259605401237e-08
8.065844573743398	2.13069458988952e-08
8.093420554037948	2.188589451147474e-08
8.120996534332498	2.248095684423429e-08
8.148572514627048	2.308976168127053e-08
8.176148494921598	2.371538505793471e-08
8.203724475216148	2.435749297345144e-08
8.231300455510699	2.501635335131556e-08
8.258876435805249	2.569289196717901e-08
8.286452416099799	2.638642209249652e-08
8.314028396394349	2.709839865408742e-08
8.341604376688899	2.782935123219374e-08
8.369180356983449	2.857923891282867e-08
8.396756337277999	2.934902535046316e-08
8.424332317572549	3.013887363668472e-08
8.451908297867099	3.094963524148029e-08
8.47948427816165	3.178161185272969e-08
8.5070602584562	3.263555650458943e-08
8.53463623875075	3.351185944049719e-08
8.5622122190453	3.441128572710991e-08
8.58978819933985	3.533438849846886e-08
8.6173641796344	3.628186315981686e-08
8.64494015992895	3.725424375063116e-08
8.6725161402235	3.825224788612918e-08
8.70009212051805	3.927644560567084e-08
8.7276681008126	4.0327914052121e-08
8.755244081107151	4.140829626681033e-08
8.782820061401701	4.251447331599447e-08
8.810396041696251	4.365132663423073e-08
8.837972021990801	4.481792687564865e-08
8.865548002285351	4.601557472097329e-08
8.893123982579901	4.724450888322443e-08
8.920699962874451	4.850625694449514e-08
8.948275943169001	4.980114663279197e-08
8.975851923463551	5.113025857966046e-08
9.003427903758102	5.249448884045272e-08
9.031003884052652	5.389468377100486e-08
9.058579864347202	5.533201126744124e-08
9.086155844641752	5.680729745924009e-08
9.113731824936302	5.832142806823924e-08
9.141307805230852	5.987577830846595e-08
9.168883785525402	6.14758145418982e-08
9.196459765819952	6.31086066682033e-08
9.224035746114502	6.478947500551004e-08
9.251611726409052	6.651453946480668e-08
9.279187706703603	6.828557688421487e-08
9.306763686998153	7.010297095903238e-08
9.334339667292703	7.196887731961369e-08
9.361915647587253	7.388410572291962e-08
9.389491627881803	7.5849801127336e-08
9.417067608176353	7.786737360759728e-08
9.444643588470903	7.993869471805181e-08
9.472219568765453	8.206434539294946e-08
9.499795549060003	8.424618408740966e-08
9.527371529354554	8.648595287957245e-08
9.554947509649104	8.878485322753308e-08
9.582523489943654	9.114947196598595e-08
9.610099470238204	9.356638109127068e-08
9.637675450532754	9.605244763841631e-08
9.665251430827304	9.860416297709687e-08
9.692827411121854	1.012230666934208e-07
9.720403391416404	1.039113529733647e-07
9.747979371710954	1.066706206271977e-07
9.775555352005505	1.095024418866487e-07
9.803131332300055	1.124094453319088e-07
9.830707312594605	1.153930384613368e-07
9.858283292889155	1.184552523713375e-07
9.885859273183705	1.215981819734927e-07
9.913435253478255	1.248241491721724e-07
9.941011233772805	1.281350414773975e-07
9.968587214067355	1.315337256499261e-07
9.996163194361905	1.350209044974358e-07
10.02373917465646	1.386004300771898e-07
10.05131515495101	1.422743497611028e-07
10.07889113524556	1.460459013749766e-07
10.10646711554011	1.499145329253308e-07
10.13404309583466	1.538858907216084e-07
10.16161907612921	1.57961715771475e-07
10.18919505642376	1.621453728405152e-07
10.21677103671831	1.664371291912211e-07
10.24434701701286	1.708426248800417e-07
10.27192299730741	1.753635827595055e-07
10.29949897760196	1.800030795532494e-07
10.32707495789651	1.847639372964196e-07
10.35465093819106	1.896497290915795e-07
10.38222691848561	1.946633047250304e-07
10.40980289878016	1.998081832144802e-07
10.43737887907471	2.050869987457142e-07
10.46495485936926	2.105042190056457e-07
10.49253083966381	2.160627224220387e-07
10.52010681995836	2.21766564921026e-07
10.54768280025291	2.276182038464942e-07
10.57525878054746	2.336225537966584e-07
10.60283476084201	2.39783332008271e-07
10.63041074113656	2.461043472009266e-07
10.65798672143111	2.525892374020055e-07
10.68556270172566	2.592432971367612e-07
10.71313868202021	2.660683933399202e-07
10.74071466231476	2.730711911231267e-07
10.76829064260931	2.80254952967124e-07
10.79586662290386	2.876245262472778e-07
10.82344260319841	2.951847768154855e-07
10.85101858349296	3.02939184670855e-07
10.87859456378751	3.108937936390552e-07
10.90617054408206	3.190531893062606e-07
10.93374652437661	3.274222787280456e-07
10.96132250467116	3.36006199434442e-07
10.98889848496571	3.448100972831701e-07
11.01647446526026	3.538395119718334e-07
11.04405044555481	3.630998660880711e-07
11.07162642584936	3.725965965589489e-07
11.09920240614391	3.823354488178903e-07
11.12677838643846	3.923197605163911e-07
11.15435436673301	4.02562730690004e-07
11.18193034702756	4.130633099159602e-07
11.20950632732211	4.238298623248924e-07
11.23708230761666	4.348687784488837e-07
11.26465828791121	4.461861167487222e-07
11.29223426820576	4.577891007925011e-07
11.31981024850031	4.696841716424479e-07
11.34738622879486	4.818777687839424e-07
11.37496220908941	4.943769852134943e-07
11.40253818938396	5.071892082023515e-07
11.43011416967851	5.203205871490035e-07
11.45769014997306	5.33778869842862e-07
11.48526613026761	5.475727463818021e-07
11.51284211056216	5.617083004491833e-07
11.54041809085671	5.761936993221403e-07
11.56799407115126	5.910365276042141e-07
11.59557005144581	6.062451015238271e-07
11.62314603174036	6.218279079979573e-07
11.65072201203491	6.377912304730976e-07
11.67829799232946	6.541455842321928e-07
11.70587397262401	6.708993012603844e-07
11.73344995291856	6.88058862893142e-07
11.76102593321311	7.056351893854269e-07
11.78860191350766	7.236363937854131e-07
11.81617789380221	7.42070215095674e-07
11.84375387409676	7.609494250331563e-07
11.87132985439131	7.802795230651122e-07
11.89890583468586	8.000716513287679e-07
11.92648181498041	8.203345635599616e-07
11.95405779527496	8.41078164536773e-07
11.98163377556951	8.623121426988506e-07
12.00920975586406	8.840492367770177e-07
12.03678573615861	9.06290994902727e-07
12.06436171645316	9.290550676065687e-07
12.09193769674771	9.523499798945671e-07
12.11951367704226	9.761854659549034e-07
12.14708965733681	1.000571894148538e-06
12.17466563763136	1.025519732339032e-06
12.20224161792591	1.051039552372085e-06
12.22981759822046	1.077141346306632e-06
12.25739357851501	1.103837131848671e-06
12.28496955880956	1.131136738708645e-06
12.31254553910411	1.159051145534234e-06
12.34012151939866	1.187591274394665e-06
12.36769749969321	1.216768202092803e-06
12.39527347998776	1.246592908028783e-06
12.42284946028231	1.277076162825229e-06
12.45042544057686	1.308229280912653e-06
12.47800142087141	1.340063711365527e-06
12.50557740116597	1.372590205181512e-06
12.53315338146052	1.40582000781203e-06
12.56072936175507	1.439764342080989e-06
12.58830534204962	1.474434442311967e-06
12.61588132234417	1.50984108177762e-06
12.64345730263872	1.545995956269539e-06
12.67103328293327	1.582908061456216e-06
12.69860926322782	1.620593934235506e-06
12.72618524352237	1.659059422063963e-06
12.75376122381692	1.698317101823661e-06
12.78133720411147	1.738377923789226e-06
12.80891318440602	1.779252384708926e-06
12.83648916470057	1.820952337268061e-06
12.86406514499512	1.863487413050131e-06
12.89164112528967	1.906868495051549e-06
12.91921710558422	1.951104919012141e-06
12.94679308587877	1.996210260506842e-06
12.97436906617332	2.042191627164933e-06
13.00194504646787	2.089059968771606e-06
13.02952102676242	2.136824979127651e-06
13.05709700705697	2.185496816346635e-06
13.08467298735152	2.235084665325852e-06
13.11224896764607	2.285597910194253e-06
13.13982494794062	2.337045688328309e-06
13.16740092823517	2.389436913164155e-06
13.19497690852972	2.442780105501051e-06
13.22255288882427	2.497084107180198e-06
13.25012886911882	2.552357665355037e-06
13.27770484941337	2.608606094409421e-06
13.30528082970792	2.665839811402073e-06
13.33285681000247	2.724065192526578e-06
13.36043279029702	2.783289426312952e-06
13.38800877059157	2.843519292199808e-06
13.41558475088612	2.904761247176071e-06
13.44316073118067	2.967021476128642e-06
13.47073671147522	3.030305530819863e-06
13.49831269176977	3.094619359063297e-06
13.52588867206432	3.159968446576048e-06
13.55346465235887	3.226356827106373e-06
13.58104063265342	3.293789260576011e-06
13.60861661294797	3.362269920819589e-06
13.63619259324252	3.431802374627003e-06
13.66376857353707	3.502390047443621e-06
13.69134455383162	3.574035927265205e-06
13.71892053412617	3.646742580182935e-06
13.74649651442072	3.720513183922413e-06
13.77407249471527	3.795346252118603e-06
13.80164847500982	3.871246999395376e-06
13.82922445530437	3.948214785364828e-06
13.85680043559892	4.026250340444335e-06
13.88437641589347	4.105353840577652e-06
13.91195239618802	4.185525145088071e-06
13.93952837648257	4.266763654831716e-06
13.96710435677712	4.349068367791823e-06
13.99468033707167	4.43243788783629e-06
14.02225631736622	4.516868965658157e-06
14.04983229766077	4.602363668227011e-06
14.07740827795532	4.688914240460241e-06
14.10498425824987	4.776521903269745e-06
14.13256023854442	4.865180637067268e-06
14.16013621883897	4.954887499308968e-06
14.18771219913352	5.045638359681053e-06
14.21528817942807	5.137428818933602e-06
14.24286415972262	5.23025397765378e-06
14.27044014001717	5.324108634365983e-06
14.29801612031172	5.41898742188713e-06
14.32559210060627	5.514883865986058e-06
14.35316808090082	5.611792474014152e-06
14.38074406119537	5.709706386951821e-06
14.40832004148992	5.808619510356967e-06
14.43589602178447	5.908521901599794e-06
14.46347200207902	6.009409427006993e-06
14.49104798237357	6.111272876453264e-06
14.51862396266812	6.214104277988299e-06
14.54619994296267	6.317895428009428e-06
14.57377592325722	6.422637708575853e-06
14.60135190355177	6.528322389395495e-06
14.62892788384632	6.634940126802095e-06
14.65650386414087	6.742482150503984e-06
14.68407984443542	6.850938760479089e-06
14.71165582472997	6.960300268162258e-06
14.73923180502452	7.070556821101806e-06
14.76680778531907	7.181698332261313e-06
14.79438376561362	7.293713994140246e-06
14.82195974590817	7.406595260415604e-06
14.84953572620272	7.520330028948229e-06
14.87711170649727	7.634908025607267e-06
14.90468768679182	7.75031844213858e-06
14.93226366708637	7.86655071772402e-06
14.95983964738092	7.983593131166632e-06
14.98741562767547	8.101435554741466e-06
15.01499160797002	8.220066257910236e-06
15.04256758826457	8.339474157346224e-06
15.07014356855912	8.459647988990919e-06
15.09771954885368	8.580576446666187e-06
15.12529552914823	8.702248146832229e-06
15.15287150944278	8.824651631652743e-06
15.18044748973733	8.947782145783852e-06
15.20802347003188	9.071608066106163e-06
15.23559945032643	9.196138603209029e-06
15.26317543062098	9.321355309633691e-06
15.29075141091553	9.447241187405523e-06
15.31832739121008	9.573801109703629e-06
15.34590337150463	9.701007647832723e-06
15.37347935179918	9.828854958715072e-06
15.40105533209373	9.957331605693098e-06
15.42863131238828	1.008642642304042e-05
15.45620729268283	1.021612812330162e-05
15.48378327297738	1.034642557439005e-05
15.51135925327193	1.04773081717353e-05
15.53893523356648	1.060876463414684e-05
15.56651121386103	1.074078414324558e-05
15.59408719415558	1.087335584235816e-05
15.62166317445013	1.10064680472145e-05
15.64923915474468	1.114011289819525e-05
15.67681513503923	1.127427746405025e-05
15.70439111533378	1.140895230539305e-05
15.73196709562833	1.154412685193083e-05
15.75954307592288	1.167979041493607e-05
15.78711905621743	1.181593398929378e-05
15.81469503651198	1.195254714481137e-05
15.84227101680653	1.208962005024392e-05
15.86984699710108	1.222714299540767e-05
15.89742297739563	1.236510639405069e-05
15.92499895769018	1.250350031050521e-05
15.95257493798473	1.264231642348511e-05
15.98015091827928	1.278154501952442e-05
16.00772689857383	1.292117704401217e-05
16.03530287886838	1.306120364509239e-05
16.06287885916293	1.320161896237711e-05
16.09045483945748	1.33424036304981e-05
16.11803081975203	1.348356188614161e-05
16.14560680004658	1.362507992755925e-05
16.17318278034113	1.376694977260349e-05
16.20075876063568	1.390916304599894e-05
16.22833474093023	1.405171227682793e-05
16.25591072122478	1.419458946486416e-05
16.28348670151933	1.433778698436901e-05
16.31106268181388	1.448129718094094e-05
16.33863866210843	1.462511220098075e-05
16.36621464240298	1.476922531351567e-05
16.39379062269753	1.491362923914055e-05
16.42136660299208	1.505831704436554e-05
16.44894258328663	1.520328167390346e-05
16.47651856358118	1.534851637056031e-05
16.50409454387573	1.549401374815264e-05
16.53167052417028	1.563976870561129e-05
16.55924650446483	1.578577414635999e-05
16.58682248475938	1.593202175721909e-05
16.61439846505393	1.607851112184618e-05
16.64197444534848	1.622523109330377e-05
16.66955042564303	1.637217726018334e-05
16.69712640593758	1.651934389411124e-05
16.72470238623213	1.666672547819268e-05
16.75227836652668	1.681431615086963e-05
16.77985434682123	1.696211082431016e-05
16.80743032711578	1.711010412082789e-05
16.83500630741033	1.725829095014712e-05
16.86258228770488	1.740666619668825e-05
16.89015826799943	1.755522463635406e-05
16.91773424829398	1.770396176532106e-05
16.94531022858853	1.785287300560581e-05
16.97288620888308	1.800195301169518e-05
17.00046218917763	1.815119814818495e-05
17.02803816947218	1.830060336985892e-05
17.05561414976673	1.84501644899975e-05
17.08319013006128	1.859987763937316e-05
17.11076611035583	1.874973808830096e-05
17.13834209065038	1.889979777270669e-05
17.16591807094493	1.904988540443888e-05
17.19349405123948	1.920016501166034e-05
17.22107003153403	1.935057652926689e-05
17.24864601182858	1.950111656831405e-05
17.27622199212313	1.965178123542253e-05
17.30379797241768	1.980256693205042e-05
17.33137395271223	1.995347079485286e-05
17.35894993300678	2.010448890865415e-05
17.38652591330133	2.025561822395839e-05
17.41410189359588	2.040685598510716e-05
17.44167787389043	2.055819834484506e-05
17.46925385418498	2.070964212654464e-05
17.49682983447953	2.086118600205703e-05
17.52440581477408	2.101282558805833e-05
17.55198179506863	2.116455867779464e-05
17.57955777536318	2.131638210216308e-05
17.60713375565773	2.146829332209854e-05
17.63470973595228	2.162028987862813e-05
17.66228571624683	2.17723694192818e-05
17.68986169654139	2.192452903880073e-05
17.71743767683594	2.207676639498129e-05
17.74501365713049	2.222908472785554e-05
17.77258963742504	2.238146519412119e-05
17.80016561771959	2.253392261803247e-05
17.82774159801414	2.268644892556325e-05
17.85531757830869	2.283904151215154e-05
17.88289355860324	2.299169887402175e-05
17.91046953889779	2.314441859035097e-05
17.93804551919234	2.329719901929274e-05
17.96562149948689	2.345003817345416e-05
17.99319747978144	2.360293398686709e-05
18.02077346007599	2.375588463606925e-05
18.04834944037054	2.390888839050947e-05
18.07592542066509	2.406194428934934e-05
18.10350140095964	2.421504932719055e-05
18.13107738125419	2.436820319350796e-05
18.15865336154874	2.452140292114608e-05
18.18622934184329	2.467464807175867e-05
18.21380532213784	2.482793659467268e-05
18.24138130243239	2.498126694487942e-05
18.26895728272694	2.513463793133874e-05
18.29653326302149	2.528804802242966e-05
18.32410924331604	2.544149577779043e-05
18.35168522361059	2.559498035210124e-05
18.37926120390514	2.574849993663298e-05
18.40683718419969	2.590205399953191e-05
18.43441316449424	2.605563892020946e-05
18.46198914478879	2.620925684949551e-05
18.48956512508334	2.636290493641707e-05
18.51714110537789	2.651658192078734e-05
18.54471708567244	2.667028680347322e-05
18.57229306596699	2.682401885179059e-05
18.59986904626154	2.697777601443875e-05
18.62744502655609	2.713155981707385e-05
18.65502100685064	2.728536670159541e-05
18.68259698714519	2.743919653129949e-05
18.71017296743974	2.759304845735986e-05
18.73774894773429	2.774692137768533e-05
18.76532492802884	2.790081459131285e-05
18.79290090832339	2.80547268171735e-05
18.82047688861794	2.820865761347081e-05
18.84805286891249	2.836260624634755e-05
18.87562884920704	2.851657170088624e-05
18.90320482950159	2.867055317598606e-05
18.93078080979614	2.882455025151146e-05
18.95835679009069	2.897856187361076e-05
18.98593277038524	2.913258725200339e-05
19.01350875067979	2.928662568925204e-05
19.04108473097434	2.944067674634112e-05
19.06866071126889	2.959473952705149e-05
19.09623669156344	2.974881306370982e-05
19.12381267185799	2.990289750816934e-05
19.15138865215254	3.005699338346822e-05
19.17896463244709	3.021109477929311e-05
19.20654061274164	3.036520818810736e-05
19.23411659303619	3.051932962823313e-05
19.26169257333074	3.067345738418129e-05
19.28926855362529	3.082759316713216e-05
19.31684453391984	3.098173540786386e-05
19.34442051421439	3.113588320322527e-05
19.37199649450894	3.12900363544849e-05
19.39957247480349	3.144419562214331e-05
19.42714845509804	3.159835931261885e-05
19.45472443539259	3.175252578477956e-05
19.48230041568714	3.190669726589522e-05
19.50987639598169	3.206087244396783e-05
19.53745237627624	3.221505050731249e-05
19.56502835657079	3.236922959918805e-05
19.59260433686534	3.252341219167343e-05
19.62018031715989	3.267759645969204e-05
19.64775629745444	3.283178125517551e-05
19.67533227774899	3.298596623976604e-05
19.70290825804354	3.314015286852624e-05
19.73048423833809	3.32943401285301e-05
19.75806021863264	3.34485262306911e-05
19.78563619892719	3.360271238004715e-05
19.81321217922174	3.375689774658427e-05
19.84078815951629	3.39110822579807e-05
19.86836413981084	3.406526513457609e-05
19.89594012010539	3.421944681020053e-05
19.92351610039994	3.437362611177292e-05
19.95109208069449	3.452780343568026e-05
19.97866806098904	3.468197846838069e-05
20.00624404128359	3.483614790657418e-05
20.03382002157814	3.499031715254458e-05
20.06139600187269	3.514448263197761e-05
20.08897198216724	3.529864419955773e-05
20.11654796246179	3.545280213616555e-05
20.14412394275634	3.560695609839974e-05
20.17169992305089	3.576110590809094e-05
20.19927590334544	3.591525088819074e-05
20.22685188363999	3.606939136647567e-05
20.25442786393454	3.622352682575435e-05
20.2820038442291	3.637765726031247e-05
20.30957982452365	3.653178295469113e-05
20.3371558048182	3.668590220894851e-05
20.36473178511275	3.684001583195123e-05
20.3923077654073	3.699412376129999e-05
20.41988374570185	3.714822556130923e-05
20.4474597259964	3.730232089728796e-05
20.47503570629095	3.745641021049296e-05
20.5026116865855	3.761049244637743e-05
20.53018766688005	3.776456831458105e-05
20.5577636471746	3.791863694787792e-05
20.58533962746915	3.807269928969623e-05
20.6129156077637	3.822675327542787e-05
20.64049158805825	3.838080032655953e-05
20.6680675683528	3.853484023418324e-05
20.69564354864735	3.868887185925493e-05
20.7232195289419	3.884289627799101e-05
20.75079550923645	3.899691195433254e-05
20.778371489531	3.915092019295644e-05
20.80594746982555	3.930491972108537e-05
20.8335234501201	3.945891169242953e-05
20.86109943041465	3.961289481790323e-05
20.8886754107092	3.976686920324492e-05
20.91625139100375	3.992083817382861e-05
20.9438273712983	4.007479159121054e-05
20.97140335159285	4.022874008007351e-05
20.9989793318874	4.038267934334464e-05
21.02655531218195	4.053660952116358e-05
21.0541312924765	4.069052967544012e-05
21.08170727277105	4.084444145118477e-05
21.1092832530656	4.099834346294706e-05
21.13685923336015	4.115223604038689e-05
21.1644352136547	4.130611856213666e-05
21.19201119394925	4.145999219153879e-05
21.2195871742438	4.161385533969988e-05
21.24716315453835	4.176770877631435e-05
21.2747391348329	4.192155233934986e-05
21.30231511512745	4.207538552487511e-05
21.329891095422	4.222920889454843e-05
21.35746707571655	4.238302267396413e-05
21.3850430560111	4.253682406774347e-05
21.41261903630565	4.269061727958429e-05
21.4401950166002	4.284440004116286e-05
21.46777099689475	4.299816994950338e-05
21.4953469771893	4.315193136670086e-05
21.52292295748385	4.330568203062883e-05
21.5504989377784	4.34594207539269e-05
21.57807491807295	4.361314966037715e-05
21.6056508983675	4.37668677171156e-05
21.63322687866205	4.392057342338559e-05
21.6608028589566	4.407426953563102e-05
21.68837883925115	4.422795425951475e-05
21.7159548195457	4.438162777143766e-05
21.74353079984025	4.453529026572426e-05
21.7711067801348	4.468894122532716e-05
21.79868276042935	4.484258126501563e-05
21.8262587407239	4.499620933107601e-05
21.85383472101845	4.514982662518329e-05
21.881410701313	4.530343198922526e-05
21.90898668160755	4.545702615674217e-05
21.9365626619021	4.561060847817155e-05
21.96413864219665	4.576418345967587e-05
21.9917146224912	4.591773756505241e-05
22.01929060278575	4.607128476580381e-05
22.0468665830803	4.622482134085939e-05
22.07444256337485	4.637834469824913e-05
22.1020185436694	4.653185662521305e-05
22.12959452396395	4.668535634434278e-05
22.1571705042585	4.683884383026201e-05
22.18474648455305	4.699231976842362e-05
22.2123224648476	4.714578396329555e-05
22.23989844514215	4.729923582248536e-05
22.2674744254367	4.745267520864238e-05
22.29505040573125	4.760610240761088e-05
22.3226263860258	4.775951722908626e-05
22.35020236632035	4.791291987046914e-05
22.3777783466149	4.806631046288993e-05
22.40535432690945	4.82196883421248e-05
22.432930307204	4.837305382217126e-05
22.46050628749855	4.852640700678671e-05
22.4880822677931	4.867974737012937e-05
22.51565824808765	4.883307644202554e-05
22.5432342283822	4.898639062560719e-05
22.57081020867675	4.913969500863243e-05
22.5983861889713	4.92929839028173e-05
22.62596216926585	4.944626144705087e-05
22.6535381495604	4.959952637761159e-05
22.68111412985495	4.975277825245255e-05
22.7086901101495	4.990601706194604e-05
22.73626609044405	5.005924346527646e-05
22.7638420707386	5.021245721287287e-05
22.79141805103315	5.036565810438286e-05
22.8189940313277	5.051884550748865e-05
22.84657001162225	5.067201992869118e-05
22.87414599191681	5.082518168604464e-05
22.90172197221136	5.097833022177557e-05
22.92929795250591	5.113146538413013e-05
22.95687393280046	5.128458755828558e-05
22.98444991309501	5.143769666647579e-05
23.01202589338956	5.159079267914757e-05
23.03960187368411	5.174387555103883e-05
23.06717785397866	5.18969452421136e-05
23.09475383427321	5.205000128677825e-05
23.12232981456776	5.220304384767019e-05
23.14990579486231	5.235607515045262e-05
23.17748177515686	5.25090879646322e-05
23.20505775545141	5.266209141381238e-05
23.23263373574596	5.281508171069283e-05
23.26020971604051	5.296805580337439e-05
23.28778569633506	5.312101909651111e-05
23.31536167662961	5.327396646430381e-05
23.34293765692416	5.342690262842077e-05
23.37051363721871	5.357982394305489e-05
23.39808961751326	5.373273187696069e-05
23.42566559780781	5.388562602221831e-05
23.45324157810236	5.403850610355212e-05
23.48081755839691	5.419137257586025e-05
23.50839353869146	5.434422527342506e-05
23.53596951898601	5.449706410311255e-05
23.56354549928056	5.464988931228921e-05
23.59112147957511	5.480270097012286e-05
23.61869745986966	5.495549841805439e-05
23.64627344016421	5.510828190646077e-05
23.67384942045876	5.526105096020279e-05
23.70142540075331	5.541380668839441e-05
23.72900138104786	5.5566547906868e-05
23.75657736134241	5.571927572822428e-05
23.78415334163696	5.587198879369804e-05
23.81172932193151	5.602468688490488e-05
23.83930530222606	5.617737315409577e-05
23.86688128252061	5.633004352264142e-05
23.89445726281516	5.6482700672556e-05
23.92203324310971	5.663534354533744e-05
23.94960922340426	5.678797138472745e-05
23.97718520369881	5.694058534631427e-05
24.00476118399336	5.709318522340941e-05
24.03233716428791	5.724576951694724e-05
24.05991314458246	5.73983407349375e-05
24.08748912487701	5.755089647147641e-05
24.11506510517156	5.770343864788458e-05
24.14264108546611	5.785596623804666e-05
24.17021706576066	5.800847993292601e-05
24.19779304605521	5.816097776573808e-05
24.22536902634976	5.831346197410024e-05
24.25294500664431	5.84659315601786e-05
24.28052098693886	5.861838598789751e-05
24.30809696723341	5.877082558284334e-05
24.33567294752796	5.892325078427774e-05
24.36324892782251	5.907566068417782e-05
24.39082490811706	5.922805690284737e-05
24.41840088841161	5.938043829090266e-05
24.44597686870616	5.953280489062796e-05
24.47355284900071	5.968515616289643e-05
24.50112882929526	5.983749287900376e-05
24.52870480958981	5.998981839787303e-05
24.55628078988436	6.014212061079732e-05
24.58385677017891	6.029441241488733e-05
24.61143275047346	6.044668872859148e-05
24.63900873076801	6.059895033897791e-05
24.66658471106256	6.075119759142943e-05
24.69416069135711	6.090342934570507e-05
24.72173667165166	6.105564597909125e-05
24.74931265194621	6.120784717729948e-05
24.77688863224076	6.136003484268274e-05
24.80446461253531	6.151220551093951e-05
24.83204059282986	6.16643612678248e-05
24.85961657312441	6.18165021997587e-05
24.88719255341896	6.196862817210931e-05
24.91476853371351	6.212073618063313e-05
24.94234451400806	6.227283045251458e-05
24.96992049430261	6.24249099286174e-05
24.99749647459716	6.257697465640543e-05
25.02507245489171	6.272902334353741e-05
25.05264843518626	6.288105614488607e-05
25.08022441548081	6.303307374928342e-05
25.10780039577536	6.31850760393859e-05
25.13537637606991	6.333706192899263e-05
25.16295235636446	6.348903213262054e-05
25.19052833665901	6.364098760197686e-05
25.21810431695356	6.379292660024838e-05
25.24568029724811	6.394485106208408e-05
25.27325627754266	6.409675984529526e-05
25.30083225783721	6.42486524198917e-05
25.32840823813176	6.440052876213844e-05
25.35598421842631	6.455238951810504e-05
25.38356019872086	6.470423492960536e-05
25.41113617901541	6.485606410370736e-05
25.43871215930996	6.500787611537301e-05
25.46628813960452	6.515967339528317e-05
25.49386411989907	6.531145440676375e-05
25.52144010019362	6.546322060628468e-05
25.54901608048817	6.561497035460292e-05
25.57659206078272	6.576670372989292e-05
25.60416804107727	6.591842140571015e-05
25.63174402137182	6.607012233198811e-05
25.65932000166637	6.62218073379143e-05
25.68689598196092	6.637347529015281e-05
25.71447196225547	6.652512783250598e-05
25.74204794255002	6.667676377136122e-05
25.76962392284457	6.682838305493475e-05
25.79719990313912	6.697998779570818e-05
25.82477588343367	6.713157521098096e-05
25.85235186372822	6.728314708534737e-05
25.87992784402277	6.743470177241586e-05
25.90750382431732	6.758624000643915e-05
25.93507980461187	6.773776135873599e-05
25.96265578490642	6.788926613148913e-05
25.99023176520097	6.804075456704231e-05
26.01780774549552	6.81922260460002e-05
26.04538372579007	6.834368145027993e-05
26.07295970608462	6.849512143154899e-05
26.10053568637917	6.864654437729225e-05
26.12811166667372	6.879794425112476e-05
26.15568764696827	6.894933858879667e-05
26.18326362726282	6.910071077465391e-05
26.21083960755737	6.925206605733063e-05
26.23841558785192	6.940340410662417e-05
26.26599156814647	6.955472510141061e-05
26.29356754844102	6.970602666065051e-05
26.32114352873557	6.985731495099336e-05
26.34871950903012	7.000858652624376e-05
26.37629548932467	7.015984123576257e-05
26.40387146961922	7.031107830455495e-05
26.43144744991377	7.046229872597587e-05
26.45902343020832	7.061350129975444e-05
26.48659941050287	7.076468587377736e-05
26.51417539079742	7.091585366653989e-05
26.54175137109197	7.10670029010197e-05
26.56932735138652	7.121813512759536e-05
26.59690333168107	7.136925086188672e-05
26.62447931197562	7.152035177814816e-05
26.65205529227017	7.167143550303835e-05
26.67963127256472	7.182250180665035e-05
26.70720725285927	7.19735502085161e-05
26.73478323315382	7.212458040259305e-05
26.76235921344837	7.227559209982239e-05
26.78993519374292	7.242658501049952e-05
26.81751117403747	7.257755860677213e-05
26.84508715433202	7.27285110003523e-05
26.87266313462657	7.287944809030574e-05
26.90023911492112	7.303037319915884e-05
26.92781509521567	7.318128098502505e-05
26.95539107551022	7.333217130363817e-05
26.98296705580477	7.348304400018915e-05
27.01054303609932	7.363389891284625e-05
27.03811901639387	7.378473587646604e-05
27.06569499668842	7.39355547257294e-05
27.09327097698297	7.408635529916035e-05
27.12084695727752	7.423713744397237e-05
27.14842293757207	7.438789564589616e-05
27.17599891786662	7.453863324903684e-05
27.20357489816117	7.46893563676729e-05
27.23115087845572	7.484006306291661e-05
27.25872685875027	7.49907527811794e-05
27.28630283904482	7.51414252288794e-05
27.31387881933937	7.529208011625209e-05
27.34145479963392	7.544271724091616e-05
27.36903077992847	7.559333606732563e-05
27.39660676022302	7.57439363055241e-05
27.42418274051757	7.589451538977266e-05
27.45175872081212	7.604507499844046e-05
27.47933470110667	7.619561586357095e-05
27.50691068140122	7.634613956281082e-05
27.53448666169577	7.649664417370814e-05
27.56206264199032	7.664713105562486e-05
27.58963862228487	7.679760002509312e-05
27.61721460257942	7.694804974058357e-05
27.64479058287397	7.709848129543179e-05
27.67236656316852	7.724889374903291e-05
27.69994254346307	7.739928587292675e-05
27.72751852375762	7.754965808864524e-05
27.75509450405217	7.770001182416935e-05
27.78267048434672	7.785034678488127e-05
27.81024646464127	7.800066314442065e-05
27.83782244493582	7.815096045790947e-05
27.86539842523037	7.830123946265906e-05
27.89297440552492	7.845149683747603e-05
27.92055038581947	7.860173896960118e-05
27.94812636611402	7.875196086487599e-05
27.97570234640857	7.890216461143456e-05
28.00327832670312	7.905234030699178e-05
28.03085430699767	7.920250407487493e-05
28.05843028729223	7.935264677039421e-05
28.08600626758678	7.950276982652746e-05
28.11358224788133	7.965287373442569e-05
28.14115822817588	7.98029580521884e-05
28.16873420847043	7.995302365475076e-05
28.19631018876498	8.010306849263229e-05
28.22388616905953	8.025309482020189e-05
28.25146214935408	8.040309901653016e-05
28.27903812964863	8.055308374936328e-05
28.30661410994318	8.070304908623161e-05
28.33419009023773	8.085299332578959e-05
28.36176607053228	8.100291870495259e-05
28.38934205082683	8.115282368335394e-05
28.41691803112138	8.130270955326756e-05
28.44449401141593	8.145257478409831e-05
28.47206999171048	8.160242004458234e-05
28.49964597200503	8.175224575576173e-05
28.52722195229958	8.190205010337036e-05
28.55479793259413	8.205183402541845e-05
28.58237391288868	8.220159569521632e-05
28.60994989318323	8.2351338752419e-05
28.63752587347778	8.25010617505688e-05
28.66510185377233	8.26507633607072e-05
28.69267783406688	8.280044410265629e-05
28.72025381436143	8.295010492052452e-05
28.74782979465598	8.309974560811096e-05
28.77540577495053	8.32493653128025e-05
28.80298175524508	8.339896213436943e-05
28.83055773553963	8.354854011198422e-05
28.85813371583418	8.369809530353316e-05
28.88570969612873	8.384762958062644e-05
28.91328567642328	8.399714433322211e-05
28.94086165671783	8.414663761456213e-05
28.96843763701238	8.429610968935472e-05
28.99601361730693	8.444556118829672e-05
29.02358959760148	8.459499359752547e-05
29.05116557789603	8.474440468429493e-05
29.07874155819058	8.489374779314841e-05
29.10631753848513	8.504311858320403e-05
29.13389351877968	8.519246423036809e-05
29.16146949907423	8.53417873520839e-05
29.18904547936878	8.549108830265421e-05
29.21662145966333	8.56403664954172e-05
29.24419743995788	8.578962599976757e-05
29.27177342025243	8.593886088704983e-05
29.29934940054698	8.608807488042007e-05
29.32692538084153	8.623726770508569e-05
29.35450136113608	8.638643966597257e-05
29.38207734143063	8.653559092620056e-05
29.40965332172518	8.668468750394849e-05
29.43722930201973	8.683379144137977e-05
29.46480528231428	8.698287451719714e-05
29.49238126260883	8.713193396617873e-05
29.51995724290338	8.728097143183895e-05
29.54753322319793	8.74299857377748e-05
29.57510920349248	8.757897891201783e-05
29.60268518378703	8.772794982240829e-05
29.63026116408158	8.787689860283691e-05
29.65783714437613	8.802582444035969e-05
29.68541312467068	8.817473121946855e-05
29.71298910496523	8.832356677625078e-05
29.74056508525978	8.84724281801432e-05
29.76814106555433	8.862126183874116e-05
29.79571704584888	8.877007538365321e-05
29.82329302614343	8.891886305646965e-05
29.85086900643798	8.906762970406159e-05
29.87844498673253	8.921637258065199e-05
29.90602096702708	8.936509247107711e-05
29.93359694732163	8.951378745729122e-05
29.96117292761618	8.966246213054192e-05
29.98874890791073	8.981111273445949e-05
30.01632488820528	8.995974637989197e-05
30.04390086849983	9.010830455484944e-05
30.07147684879438	9.025688661895887e-05
30.09905282908893	9.040544526220246e-05
30.12662880938348	9.055398009911253e-05
30.15420478967803	9.070248894748055e-05
30.18178076997258	9.085097724502164e-05
30.20935675026713	9.099945262246311e-05
30.23693273056168	9.114787319010892e-05
30.26450871085623	9.129628909354537e-05
30.29208469115078	9.144467980909708e-05
30.31966067144533	9.159304760167075e-05
30.34723665173988	9.174139494359092e-05
30.37481263203443	9.188968401060979e-05
30.40238861232898	9.203798024162134e-05
30.42996459262353	9.218625195502801e-05
30.45754057291808	9.233449910175068e-05
30.48511655321263	9.248272083682755e-05
30.51269253350718	9.263091804852756e-05
30.54026851380173	9.277909099003948e-05
30.56784449409628	9.292723888367953e-05
30.59542047439083	9.30753636924975e-05
30.62299645468539	9.322346471559261e-05
30.65057243497994	9.337154149353572e-05
30.67814841527449	9.35195985530884e-05
30.70572439556904	9.366757599319564e-05
30.73330037586359	9.381558364007379e-05
30.76087635615814	9.396355741279304e-05
30.78845233645269	9.411151043581294e-05
30.81602831674724	9.425943702643089e-05
30.84360429704179	9.440733845135873e-05
30.87118027733634	9.455521408263438e-05
30.89875625763089	9.470306390713378e-05
30.92633223792544	9.485088937400499e-05
30.95390821821999	9.499869045327794e-05
30.98148419851454	9.514646673881243e-05
31.00906017880909	9.529421846716181e-05
31.03663615910364	9.544194908318671e-05
31.06421213939819	9.558960073580841e-05
31.09178811969274	9.57372765304789e-05
31.11936409998729	9.58849264431223e-05
31.14694008028184	9.603255753999997e-05
31.17451606057639	9.618013808849712e-05
31.20209204087094	9.632771083243155e-05
31.22966802116549	9.647525673375126e-05
31.25724400146004	9.662277564033309e-05
31.28481998175459	9.677026820520452e-05
31.31239596204914	9.691773451988935e-05
31.33997194234369	9.706517525938862e-05
31.36754792263824	9.721259033497322e-05
31.39512390293279	9.735998254042122e-05
31.42269988322734	9.750731394092854e-05
31.45027586352189	9.765465495073014e-05
31.47785184381644	9.780196369637562e-05
31.50542782411099	9.794924063405692e-05
31.53300380440554	9.8096499705403e-05
31.56057978470009	9.824373010719852e-05
31.58815576499464	9.839093188644064e-05
31.61573174528919	9.853810844849015e-05
31.64330772558374	9.868525941158143e-05
31.67088370587829	9.88323825615192e-05
31.69845968617284	9.897947967617503e-05
31.72603566646739	9.912655081529992e-05
31.75361164676194	9.927359845904195e-05
31.78118762705649	9.942056775870441e-05
31.80876360735104	9.956756448758664e-05
31.83633958764559	9.971450802688764e-05
31.86391556794014	9.98614568161987e-05
31.89149154823469	0.0001000083655324686
31.91906752852924	0.0001001552481839141
31.94664350882379	0.0001003020967420893
31.97421948911834	0.0001004489255013884
32.00179546941289	0.0001005957214362468
32.02937144970744	0.0001007424929494549
32.05694743000199	0.0001008892367602029
32.08452341029654	0.0001010359526921157
32.11209939059109	0.0001011826441596389
32.13967537088564	0.0001013293130995574
32.16725135118019	0.0001014759029122615
32.19482733147474	0.0001016224978862051
32.22240331176929	0.0001017690831477166
0
1000	105.6583745	100000000000000.1
5	0	0	1
5	0	0	0
4.673998997513734	-5.600735393772117e-12
4.701574977808284	-4.587748089068532e-12
4.729150958102834	-4.672576381074963e-12
4.756726938397384	-4.922838226231697e-12
4.784302918691934	-5.205934141601641e-12
4.811878898986484	-5.484127804166058e-12
4.839454879281035	-5.744494807028921e-12
4.867030859575585	-5.982883914913274e-12
4.894606839870135	-6.198714775432497e-12
4.922182820164685	-6.392930654957615e-12
4.949758800459235	-6.567096438199757e-12
4.977334780753785	-6.722976063066779e-12
5.004910761048335	-6.862330468119452e-12
5.032486741342885	-6.986823314919911e-12
5.060062721637435	-7.097981278455205e-12
5.087638701931986	-7.197182321572318e-12
5.115214682226536	-7.285658143658846e-12
5.142790662521086	-7.36450345549192e-12
5.170366642815636	-7.434688130909071e-12
5.197942623110186	-7.497070124191909e-12
5.225518603404736	-7.552408054536371e-12
5.253094583699286	-7.60137292162156e-12
5.280670563993836	-7.644558728523758e-12
5.308246544288386	-7.68249195898797e-12
5.335822524582936	-7.715639946246793e-12
5.363398504877487	-7.744418214795267e-12
5.390974485172037	-7.769196894739095e-12
5.418550465466587	-7.790306312115398e-12
5.446126445761137	-7.808041854683016e-12
5.473702426055687	-7.822668205005145e-12
5.501278406350237	-7.835801438479798e-12
5.528854386644787	-7.844708591389893e-12
5.556430366939337	-7.851063623317907e-12
5.584006347233887	-7.855065447720612e-12
5.611582327528438	-7.856897251332008e-12
5.639158307822988	-7.856727771591306e-12
5.666734288117538	-7.854712480447818e-12
5.694310268412088	-7.850994677394047e-12
5.721886248706638	-7.84570649584558e-12
5.749462229001188	-7.838969827729603e-12
5.777038209295738	-7.831103858148079e-12
5.804614189590288	-7.82176307030026e-12
5.832190169884838	-7.811264056601277e-12
5.859766150179389	-7.799702314313201e-12
5.887342130473939	-7.787166027169229e-12
5.914918110768489	-7.773737004489172e-12
5.942494091063039	-7.759491244080338e-12
5.970070071357589	-7.744499368630865e-12
5.997646051652139	-7.72882700324308e-12
6.025222031946689	-7.712535116009882e-12
6.052798012241239	-7.696714206685553e-12
6.080373992535789	-7.679210564502678e-12
6.107949972830339	-7.661177142989223e-12
6.13552595312489	-7.642677889133847e-12
6.16310193341944	-7.623774557319262e-12
6.19067791371399	-7.604526321281152e-12
6.21825389400854	-7.584989486973475e-12
6.24582987430309	-7.565217292544046e-12
6.27340585459764	-7.545259782638256e-12
6.30098183489219	-7.525163745347138e-12
6.32855781518674	-7.504500137140199e-12
6.35613379548129	-7.484319849382769e-12
6.383709775775841	-7.46415185303673e-12
6.411285756070391	-7.444021498520321e-12
6.438861736364941	-7.423950936608346e-12
6.466437716659491	-7.403959489170748e-12
6.494013696954041	-7.384063975278933e-12
6.521589677248591	-7.364278998406812e-12
6.549165657543141	-7.344617199664664e-12
6.576741637837691	-7.325089481331952e-12
6.604317618132241	-7.305655942577114e-12
6.631893598426791	-7.286429813995137e-12
6.659469578721342	-7.267365068409762e-12
6.687045559015892	-7.248466537426213e-12
6.714621539310442	-7.229738061789186e-12
6.742197519604992	-7.211182665900143e-12
6.769773499899542	-7.19280252156148e-12
6.797349480194092	-7.174599275313921e-12
6.824925460488642	-7.156573955922811e-12
6.852501440783192	-7.138727115755275e-12
6.880077421077742	-7.121080350203647e-12
6.907653401372293	-7.103587741154222e-12
6.935229381666843	-7.086271522056736e-12
6.962805361961393	-7.069131243285008e-12
6.990381342255943	-7.052166253248905e-12
7.017957322550493	-7.035375721520199e-12
7.045533302845043	-7.018758659615042e-12
7.073109283139593	-7.002313939669742e-12
7.100685263434143	-6.986040311222095e-12
7.128261243728693	-6.969936416288179e-12
7.155837224023244	-6.953990805452393e-12
7.183413204317794	-6.938223193855496e-12
7.210989184612344	-6.922621418106129e-12
7.238565164906894	-6.907183650588715e-12
7.266141145201444	-6.89190799502601e-12
7.293717125495994	-6.876792499103699e-12
7.321293105790544	-6.861835165513214e-12
7.348869086085094	-6.847033961600972e-12
7.376445066379644	-6.832386827789105e-12
7.404021046674194	-6.817891684912814e-12
7.431597026968745	-6.803536585553055e-12
7.459173007263295	-6.789340402180184e-12
7.486748987557845	-6.775290584531821e-12
7.514324967852395	-6.761384867873887e-12
7.541900948146945	-6.747620978546155e-12
7.569476928441495	-6.73399664155034e-12
7.597052908736045	-6.720509586880926e-12
7.624628889030595	-6.707157554779779e-12
7.652204869325145	-6.693938300068897e-12
7.679780849619696	-6.680849595693303e-12
7.707356829914246	-6.667877437987261e-12
7.734932810208796	-6.65504485358964e-12
7.762508790503346	-6.642337020077565e-12
7.790084770797896	-6.629751602479314e-12
7.817660751092446	-6.617286287354122e-12
7.845236731386996	-6.604938787168116e-12
7.872812711681546	-6.592706843216921e-12
7.900388691976096	-6.580588227346907e-12
7.927964672270646	-6.568580742663151e-12
7.955540652565197	-6.556682223359587e-12
7.983116632859747	-6.544379975154823e-12
8.010692613154298	-6.533057005771272e-12
8.038268593448848	-6.521528426158294e-12
8.065844573743398	-6.510062215066739e-12
8.093420554037948	-6.498680061571808e-12
8.120996534332498	-6.487385847775846e-12
8.148572514627048	-6.476179601755279e-12
8.176148494921598	-6.465060127070792e-12
8.203724475216148	-6.454025759758124e-12
8.231300455510699	-6.443074653168411e-12
8.258876435805249	-6.432164111173903e-12
8.286452416099799	-6.421377610524384e-12
8.314028396394349	-6.410672169713539e-12
8.341604376688899	-6.400045960277981e-12
8.369180356983449	-6.389497168560133e-12
8.396756337277999	-6.379023994886547e-12
8.424332317572549	-6.36862465240946e-12
8.451908297867099	-6.358297365656063e-12
8.47948427816165	-6.348040368808224e-12
8.5070602584562	-6.337851903717117e-12
8.53463623875075	-6.327390003851959e-12
8.5622122190453	-6.317646980456243e-12
8.58978819933985	-6.307670359975325e-12
8.6173641796344	-6.297744623662574e-12
8.64494015992895	-6.287875438625502e-12
8.6725161402235	-6.278062651553586e-12
8.70009212051805	-6.268305060112088e-12
8.7276681008126	-6.258601154816084e-12
8.755244081107151	-6.248949310809707e-12
8.782820061401701	-6.239347852403012e-12
8.810396041696251	-6.229793875496701e-12
8.837972021990801	-6.220288363544408e-12
8.865548002285351	-6.210828101802138e-12
8.893123982579901	-6.201411329837567e-12
8.920699962874451	-6.192036288436114e-12
8.948275943169001	-6.182701218332254e-12
8.975851923463551	-6.173404358959261e-12
9.003427903758102	-6.16414394721567e-12
9.031003884052652	-6.1549182162469e-12
9.058579864347202	-6.145725394240602e-12
9.086155844641752	-6.136564601441995e-12
9.113731824936302	-6.127432176189742e-12
9.141307805230852	-6.118327226848099e-12
9.168883785525402	-6.109247957662731e-12
9.196459765819952	-6.1001925659085e-12
9.224035746114502	-6.091159240751383e-12
9.251611726409052	-6.082146162120128e-12
9.279187706703603	-6.073151499586683e-12
9.306763686998153	-6.064173411254591e-12
9.334339667292703	-6.055210042654583e-12
9.361915647587253	-6.046260055569805e-12
9.389491627881803	-6.037320459594752e-12
9.417067608176353	-6.028389888948837e-12
9.444643588470903	-6.019466432584754e-12
9.472219568765453	-6.010548163639136e-12
9.499795549060003	-6.001633138318729e-12
9.527371529354554	-5.992719394744067e-12
9.554947509649104	-5.983804951626993e-12
9.582523489943654	-5.974887806102857e-12
9.610099470238204	-5.965965923016953e-12
9.637675450532754	-5.957037673118872e-12
9.665251430827304	-5.948100186797742e-12
9.692827411121854	-5.939151749010304e-12
9.720403391416404	-5.93019024598614e-12
9.747979371710954	-5.921213538960439e-12
9.775555352005505	-5.912219463124782e-12
9.803131332300055	-5.903205826585692e-12
9.830707312594605	-5.894170409331403e-12
9.858283292889155	-5.885110962207123e-12
9.885859273183705	-5.876025205899342e-12
9.913435253478255	-5.866911066001842e-12
9.941011233772805	-5.857765705244326e-12
9.968587214067355	-5.848586986996869e-12
9.996163194361905	-5.83937250373973e-12
10.02373917465646	-5.830119813790748e-12
10.05131515495101	-5.820826440323712e-12
10.07889113524556	-5.811489870402352e-12
10.10646711554011	-5.802107554031027e-12
10.13404309583466	-5.792676903223399e-12
10.16161907612921	-5.783195291090382e-12
10.18919505642376	-5.773660272880741e-12
10.21677103671831	-5.764068676185076e-12
10.24434701701286	-5.754417977058228e-12
10.27192299730741	-5.744705386578106e-12
10.29949897760196	-5.734928073567972e-12
10.32707495789651	-5.725083163802823e-12
10.35465093819106	-5.715167739248756e-12
10.38222691848561	-5.705178837337515e-12
10.40980289878016	-5.695113450278584e-12
10.43737887907471	-5.684968524411331e-12
10.46495485936926	-5.674741135663616e-12
10.49253083966381	-5.664427766210561e-12
10.52010681995836	-5.654025402105832e-12
10.54768280025291	-5.643530802861035e-12
10.57525878054746	-5.632940680173821e-12
10.60283476084201	-5.622251697512337e-12
10.63041074113656	-5.61146046976052e-12
10.65798672143111	-5.600563562927778e-12
10.68556270172566	-5.589557493926704e-12
10.71313868202021	-5.578438730422627e-12
10.74071466231476	-5.567203890491743e-12
10.76829064260931	-5.555848921676814e-12
10.79586662290386	-5.544370350234633e-12
10.82344260319841	-5.532764449700818e-12
10.85101858349296	-5.521027445454048e-12
10.87859456378751	-5.509155514984534e-12
10.90617054408206	-5.497144788264575e-12
10.93374652437661	-5.484991348225987e-12
10.96132250467116	-5.472691231349336e-12
10.98889848496571	-5.460240428370078e-12
11.01647446526026	-5.447635192503012e-12
11.04405044555481	-5.434870775721472e-12
11.07162642584936	-5.421943356438906e-12
11.09920240614391	-5.408848756562159e-12
11.12677838643846	-5.395582758601809e-12
11.15435436673301	-5.382141107014644e-12
11.18193034702756	-5.368519509702054e-12
11.20950632732211	-5.354713639669792e-12
11.23708230761666	-5.34071913685466e-12
11.26465828791121	-5.326531610123628e-12
11.29223426820576	-5.312147674879292e-12
11.31981024850031	-5.29756069431162e-12
11.34738622879486	-5.282767275888956e-12
11.37496220908941	-5.267762943105487e-12
11.40253818938396	-5.252543203876457e-12
11.43011416967851	-5.237103553161737e-12
11.45769014997306	-5.221439475827963e-12
11.48526613026761	-5.20554644975123e-12
11.51284211056216	-5.189419949162366e-12
11.54041809085671	-5.173055448236921e-12
11.56799407115126	-5.156449905517283e-12
11.59557005144581	-5.139595645545138e-12
11.62314603174036	-5.122489750762771e-12
11.65072201203491	-5.105127762647679e-12
11.67829799232946	-5.087505245689036e-12
11.70587397262401	-5.069617791666643e-12
11.73344995291856	-5.051461024302166e-12
11.76102593321311	-5.033030604261586e-12
11.78860191350766	-5.014322234491221e-12
11.81617789380221	-4.995331665872463e-12
11.84375387409676	-4.976054387388861e-12
11.87132985439131	-4.956486933467617e-12
11.89890583468586	-4.936624904573711e-12
11.92648181498041	-4.916464301111288e-12
11.95405779527496	-4.896001203433528e-12
11.98163377556951	-4.875231779289623e-12
12.00920975586406	-4.854152291495166e-12
12.03678573615861	-4.83275910581885e-12
12.06436171645316	-4.811048699077389e-12
12.09193769674771	-4.789017667429481e-12
12.11951367704226	-4.766662436027822e-12
12.14708965733681	-4.743980489814057e-12
12.17466563763136	-4.720968534063934e-12
12.20224161792591	-4.69762372628865e-12
12.22981759822046	-4.673943386157477e-12
12.25739357851501	-4.649925004714488e-12
12.28496955880956	-4.625566253690894e-12
12.31254553910411	-4.600864994894186e-12
12.34012151939866	-4.575819289653931e-12
12.36769749969321	-4.550427408302769e-12
12.39527347998776	-4.524687927014525e-12
12.42284946028231	-4.498599381770273e-12
12.45042544057686	-4.472160812268008e-12
12.47800142087141	-4.44537141987527e-12
12.50557740116597	-4.418230662517911e-12
12.53315338146052	-4.390738263888586e-12
12.56072936175507	-4.362894222504289e-12
12.58830534204962	-4.334698820581449e-12
12.61588132234417	-4.306152632696278e-12
12.64345730263872	-4.277256534197041e-12
12.67103328293327	-4.248011709298389e-12
12.69860926322782	-4.218419659373272e-12
12.72618524352237	-4.188482209060144e-12
12.75376122381692	-4.158201514683404e-12
12.78133720411147	-4.127580070497162e-12
12.80891318440602	-4.096620714883543e-12
12.83648916470057	-4.065326636055107e-12
12.86406514499512	-4.033701377225852e-12
12.89164112528967	-4.001748841215857e-12
12.91921710558422	-3.969473294455212e-12
12.94679308587877	-3.936879345701691e-12
12.97436906617332	-3.903972049444753e-12
13.00194504646787	-3.870756755830349e-12
13.02952102676242	-3.837239212441649e-12
13.05709700705697	-3.803425540254118e-12
13.08467298735152	-3.769322233373672e-12
13.11224896764607	-3.734936157969085e-12
13.13982494794062	-3.700274550377383e-12
13.16740092823517	-3.665345014363599e-12
13.19497690852972	-3.630155517519064e-12
13.22255288882427	-3.594714475783665e-12
13.25012886911882	-3.55903038472684e-12
13.27770484941337	-3.523112361605573e-12
13.30528082970792	-3.486969776348443e-12
13.33285681000247	-3.450612331877008e-12
13.36043279029702	-3.414050055187444e-12
13.38800877059157	-3.377293287548805e-12
13.41558475088612	-3.340352673829845e-12
13.44316073118067	-3.303239150970128e-12
13.47073671147522	-3.265963935615204e-12
13.49831269176977	-3.228538398375937e-12
13.52588867206432	-3.19097450923553e-12
13.55346465235887	-3.153284129976657e-12
13.58104063265342	-3.115479455869833e-12
13.60861661294797	-3.077572887954372e-12
13.63619259324252	-3.039577016263639e-12
13.66376857353707	-3.001504602457629e-12
13.69134455383162	-2.963368561911492e-12
13.71892053412617	-2.925181945311469e-12
13.74649651442072	-2.886957919812367e-12
13.77407249471527	-2.84870969530848e-12
13.80164847500982	-2.81045072723098e-12
13.82922445530437	-2.772194361536685e-12
13.85680043559892	-2.733954035746957e-12
13.88437641589347	-2.695743204843963e-12
13.91195239618802	-2.6575753210317e-12
13.93952837648257	-2.619463813486473e-12
13.96710435677712	-2.581422068161227e-12
13.99468033707167	-2.54346340770797e-12
14.02225631736622	-2.505601071581901e-12
14.04983229766077	-2.467848071933508e-12
14.07740827795532	-2.430217682860623e-12
14.10498425824987	-2.392722653037631e-12
14.13256023854442	-2.355375694964104e-12
14.16013621883897	-2.318189342771514e-12
14.18771219913352	-2.281175934673327e-12
14.21528817942807	-2.244347595998989e-12
14.24286415972262	-2.207716222859261e-12
14.27044014001717	-2.17129346648719e-12
14.29801612031172	-2.13509071829555e-12
14.32559210060627	-2.099118913878183e-12
14.35316808090082	-2.063389263391384e-12
14.38074406119537	-2.027912113755088e-12
14.40832004148992	-1.99269768155083e-12
14.43589602178447	-1.957755859973504e-12
14.46347200207902	-1.923096208850525e-12
14.49104798237357	-1.888727945559028e-12
14.51862396266812	-1.854659936850915e-12
14.54619994296267	-1.820900691591659e-12
14.57377592325722	-1.787458354414903e-12
14.60135190355177	-1.754340543416094e-12
14.62892788384632	-1.721554987842601e-12
14.65650386414087	-1.689108552091533e-12
14.68407984443542	-1.657007877041436e-12
14.71165582472997	-1.625259220525461e-12
14.73923180502452	-1.5938684563437e-12
14.76680778531907	-1.562841074109198e-12
14.79438376561362	-1.532182179903866e-12
14.82195974590817	-1.501896497718136e-12
14.84953572620272	-1.471988371646027e-12
14.87711170649727	-1.442461598948588e-12
14.90468768679182	-1.413320129557414e-12
14.93226366708637	-1.384567015692522e-12
14.95983964738092	-1.356205116022191e-12
14.98741562767547	-1.3282369298555e-12
15.01499160797002	-1.300664603217287e-12
15.04256758826457	-1.273489935439336e-12
15.07014356855912	-1.246714386230284e-12
15.09771954885368	-1.220339083186554e-12
15.12529552914823	-1.194364829706642e-12
15.15287150944278	-1.168791961258412e-12
15.18044748973733	-1.143620977149499e-12
15.20802347003188	-1.11885160428297e-12
15.23559945032643	-1.094483433469143e-12
15.26317543062098	-1.070515775083096e-12
15.29075141091553	-1.046947668665484e-12
15.31832739121008	-1.023777892675817e-12
15.34590337150463	-1.001004974365938e-12
15.37347935179918	-9.786271997426198e-13
15.40105533209373	-9.566426235894748e-13
15.42863131238828	-9.3504892709707e-13
15.45620729268283	-9.138440531406052e-13
15.48378327297738	-8.930252673253012e-13
15.51135925327193	-8.725897981885947e-13
15.53893523356648	-8.525346925588259e-13
15.56651121386103	-8.328568254264599e-13
15.59408719415558	-8.135529097032956e-13
15.62166317445013	-7.946195058512264e-13
15.64923915474468	-7.760530313635589e-13
15.67681513503923	-7.578497700833227e-13
15.70439111533378	-7.400057554268145e-13
15.73196709562833	-7.225172960759519e-13
15.75954307592288	-7.053801999380567e-13
15.78711905621743	-6.885903041810506e-13
15.81469503651198	-6.721433555954538e-13
15.84227101680653	-6.560350187228593e-13
15.86984699710108	-6.402608837477666e-13
15.89742297739563	-6.24816474147361e-13
15.92499895769018	-6.096972540949098e-13
15.95257493798473	-5.948986356134214e-13
15.98015091827928	-5.804158763331812e-13
16.00772689857383	-5.662445342263767e-13
16.03530287886838	-5.523797931329911e-13
16.06287885916293	-5.388169215868031e-13
16.09045483945748	-5.255511675841475e-13
16.11803081975203	-5.125777642538194e-13
16.14560680004658	-4.998919352749341e-13
16.17318278034113	-4.874889000454861e-13
16.20075876063568	-4.753638786048815e-13
16.22833474093023	-4.635120963141635e-13
16.25591072122478	-4.519286951432005e-13
16.28348670151933	-4.406091204524768e-13
16.31106268181388	-4.295485434065077e-13
16.33863866210843	-4.187422515712043e-13
16.36621464240298	-4.08185557464968e-13
16.39379062269753	-3.978738019163455e-13
16.42136660299208	-3.878023572126925e-13
16.44894258328663	-3.779666300459214e-13
16.47651856358118	-3.683620642615049e-13
16.50409454387573	-3.589841434170194e-13
16.53167052417028	-3.498283161470479e-13
16.55924650446483	-3.408903147121768e-13
16.58682248475938	-3.321656759599093e-13
16.61439846505393	-3.236500632929757e-13
16.64197444534848	-3.153391897485674e-13
16.66955042564303	-3.072288195753585e-13
16.69712640593758	-2.993147696623592e-13
16.72470238623213	-2.915929108258861e-13
16.75227836652668	-2.840591689608536e-13
16.77985434682123	-2.767095260624795e-13
16.80743032711578	-2.695399585732565e-13
16.83500630741033	-2.62546695176459e-13
16.86258228770488	-2.557258265291853e-13
16.89015826799943	-2.49073566035252e-13
16.91773424829398	-2.425861863810873e-13
16.94531022858853	-2.362600199241076e-13
16.97288620888308	-2.300914589887118e-13
17.00046218917763	-2.240769560750193e-13
17.02803816947218	-2.182130239852906e-13
17.05561414976673	-2.124962358728277e-13
17.08319013006128	-2.069231749731903e-13
17.11076611035583	-2.014906409949224e-13
17.13834209065038	-1.961953358206437e-13
17.16591807094493	-1.91034072435466e-13
17.19349405123948	-1.860037232655956e-13
17.22107003153403	-1.811012198724428e-13
17.24864601182858	-1.76323552596601e-13
17.27622199212313	-1.71667770155309e-13
17.30379797241768	-1.671309791968501e-13
17.33137395271223	-1.627103438152009e-13
17.35894993300678	-1.584030450242792e-13
17.38652591330133	-1.54206444621724e-13
17.41410189359588	-1.501178344140415e-13
17.44167787389043	-1.461346021995614e-13
17.46925385418498	-1.422541901887074e-13
17.49682983447953	-1.3847409435668e-13
17.52440581477408	-1.347918637742117e-13
17.55198179506863	-1.312050999187019e-13
17.57955777536318	-1.277114559679182e-13
17.60713375565773	-1.243086360783245e-13
17.63470973595228	-1.209943629354309e-13
17.66228571624683	-1.177665073705596e-13
17.68986169654139	-1.146228892107911e-13
17.71743767683594	-1.115614086407505e-13
17.74501365713049	-1.085800129585488e-13
17.77258963742504	-1.056766958113962e-13
17.80016561771959	-1.028494964262343e-13
17.82774159801414	-1.000964988367363e-13
17.85531757830869	-9.741583110793142e-14
17.88289355860324	-9.480566455962708e-14
17.91046953889779	-9.226418814997322e-14
17.93804551919234	-8.978970981228761e-14
17.96562149948689	-8.738050026536218e-14
17.99319747978144	-8.503489575782997e-14
18.02077346007599	-8.275127185745849e-14
18.04834944037054	-8.052804269750749e-14
18.07592542066509	-7.836366022720699e-14
18.10350140095964	-7.625661346706064e-14
18.13107738125419	-7.42054277696189e-14
18.15865336154874	-7.220866408631787e-14
18.18622934184329	-7.026489862087718e-14
18.21380532213784	-6.837280277024539e-14
18.24138130243239	-6.653101963720616e-14
18.26895728272694	-6.473824510900319e-14
18.29653326302149	-6.299320705901175e-14
18.32410924331604	-6.129466466744484e-14
18.35168522361059	-5.964140775028971e-14
18.37926120390514	-5.803225609678602e-14
18.40683718419969	-5.646605881572335e-14
18.43441316449424	-5.494169369080146e-14
18.46198914478879	-5.34580512466488e-14
18.48956512508334	-5.201409702057553e-14
18.51714110537789	-5.06087752018881e-14
18.54471708567244	-4.924107180653185e-14
18.57229306596699	-4.790999840174662e-14
18.59986904626154	-4.661459152535056e-14
18.62744502655609	-4.535391211446798e-14
18.65502100685064	-4.412704494379218e-14
18.68259698714519	-4.293309807345169e-14
18.71017296743974	-4.177120230652963e-14
18.73774894773429	-4.064049881021675e-14
18.76532492802884	-3.954018729764667e-14
18.79290090832339	-3.846945137097867e-14
18.82047688861794	-3.742750741186255e-14
18.84805286891249	-3.641359194484265e-14
18.87562884920704	-3.542696115761203e-14
18.90320482950159	-3.446689043039625e-14
18.93078080979614	-3.35326738744401e-14
18.95835679009069	-3.262362387956081e-14
18.98593277038524	-3.173907067071927e-14
19.01350875067979	-3.087835256737035e-14
19.04108473097434	-3.004085382136296e-14
19.06866071126889	-2.922594594940247e-14
19.09623669156344	-2.843302613317488e-14
19.12381267185799	-2.766150727947989e-14
19.15138865215254	-2.691081763310554e-14
19.17896463244709	-2.618040039780706e-14
19.20654061274164	-2.546971336531319e-14
19.23411659303619	-2.477822855227576e-14
19.26169257333074	-2.410543184507473e-14
19.28926855362529	-2.345081548014435e-14
19.31684453391984	-2.281390719445772e-14
19.34442051421439	-2.219422499712248e-14
19.37199649450894	-2.159130675662602e-14
19.39957247480349	-2.100470252974486e-14
19.42714845509804	-2.043397425422297e-14
19.45472443539259	-1.987869544830072e-14
19.48230041568714	-1.933845091700128e-14
19.50987639598169	-1.881283646507728e-14
19.53745237627624	-1.830145861651891e-14
19.56502835657079	-1.780392876555088e-14
19.59260433686534	-1.731988583212e-14
19.62018031715989	-1.68489611012454e-14
19.64775629745444	-1.639080121987948e-14
19.67533227774899	-1.594506223116031e-14
19.70290825804354	-1.551140933332247e-14
19.73048423833809	-1.508951664421773e-14
19.75806021863264	-1.46790669713532e-14
19.78563619892719	-1.427975158735468e-14
19.81321217922174	-1.389127001076046e-14
19.84078815951629	-1.351332546300219e-14
19.86836413981084	-1.314564246003683e-14
19.89594012010539	-1.278793950782114e-14
19.92351610039994	-1.243994696014451e-14
19.95109208069449	-1.210140238536402e-14
19.97866806098904	-1.177205037890415e-14
20.00624404128359	-1.145164238025204e-14
20.03382002157814	-1.113993649436657e-14
20.06139600187269	-1.083669731741936e-14
20.08897198216724	-1.054169576678482e-14
20.11654796246179	-1.025470557315618e-14
20.14412394275634	-9.975516860973188e-15
20.17169992305089	-9.703915068225155e-15
20.19927590334544	-9.439694733041635e-15
20.22685188363999	-9.182655916361458e-15
20.25442786393454	-8.932604057029269e-15
20.2820038442291	-8.689349830441897e-15
20.30957982452365	-8.452709010675424e-15
20.3371558048182	-8.222502336023667e-15
20.36473178511275	-7.998555377879568e-15
20.3923077654073	-7.780695819439289e-15
20.41988374570185	-7.568763995215547e-15
20.4474597259964	-7.362596533195714e-15
20.47503570629095	-7.162037054676676e-15
20.5026116865855	-6.966933399078331e-15
20.53018766688005	-6.777137512491771e-15
20.5577636471746	-6.592505338999883e-15
20.58533962746915	-6.412896714714304e-15
20.6129156077637	-6.238175264472084e-15
20.64049158805825	-6.068208301136494e-15
20.6680675683528	-5.902864727193151e-15
20.69564354864735	-5.742023164106667e-15
20.7232195289419	-5.585559336262812e-15
20.75079550923645	-5.433354324185483e-15
20.778371489531	-5.285292424563152e-15
20.80594746982555	-5.141261064824677e-15
20.8335234501201	-5.001150719864055e-15
20.86109943041465	-4.86485483086928e-15
20.8886754107092	-4.732269726209992e-15
20.91625139100375	-4.603294544339869e-15
20.9438273712983	-4.477829607864801e-15
20.97140335159285	-4.355782727268292e-15
20.9989793318874	-4.237059420453548e-15
21.02655531218195	-4.121569312585216e-15
21.0541312924765	-4.009224477853532e-15
21.08170727277105	-3.899939374174349e-15
21.1092832530656	-3.793630779545172e-15
21.13685923336015	-3.690217730021582e-15
21.1644352136547	-3.589621459278969e-15
21.19201119394925	-3.491765339724478e-15
21.2195871742438	-3.396573628572111e-15
21.24716315453835	-3.303976332215662e-15
21.2747391348329	-3.213901660425144e-15
21.30231511512745	-3.126280964938208e-15
21.329891095422	-3.04104746055743e-15
21.35746707571655	-2.958136175331248e-15
21.3850430560111	-2.877483902005637e-15
21.41261903630565	-2.799029150718849e-15
21.4401950166002	-2.722712102911821e-15
21.46777099689475	-2.648474566427045e-15
21.4953469771893	-2.576259006733098e-15
21.52292295748385	-2.506012308111292e-15
21.5504989377784	-2.43767994066411e-15
21.57807491807295	-2.371209778893248e-15
21.6056508983675	-2.306551113558207e-15
21.63322687866205	-2.243654613724854e-15
21.6608028589566	-2.182472289786093e-15
21.68837883925115	-2.122957457433045e-15
21.7159548195457	-2.065064702555806e-15
21.74353079984025	-2.008749847052645e-15
21.7711067801348	-1.95396920050076e-15
21.79868276042935	-1.900682467953876e-15
21.8262587407239	-1.848848241654337e-15
21.85383472101845	-1.798426953201702e-15
21.881410701313	-1.749380110201782e-15
21.90898668160755	-1.70167026738843e-15
21.9365626619021	-1.655260998487074e-15
21.96413864219665	-1.610116868803557e-15
21.9917146224912	-1.566203408522028e-15
22.01929060278575	-1.523487086695795e-15
22.0468665830803	-1.481934733916583e-15
22.07444256337485	-1.441515787503518e-15
22.1020185436694	-1.402198811456057e-15
22.12959452396395	-1.363953775896837e-15
22.1571705042585	-1.326751468105439e-15
22.18474648455305	-1.290563470562617e-15
22.2123224648476	-1.255362139559525e-15
22.23989844514215	-1.221120584359429e-15
22.2674744254367	-1.187812646899404e-15
22.29505040573125	-1.155412882019823e-15
22.3226263860258	-1.123896111707197e-15
22.35020236632035	-1.093239160154894e-15
22.3777783466149	-1.063418165193848e-15
22.40535432690945	-1.034410339814198e-15
22.432930307204	-1.006193517385176e-15
22.46050628749855	-9.787461349731583e-16
22.4880822677931	-9.520472170895252e-16
22.51565824808765	-9.26076359858726e-16
22.5432342283822	-9.008137155971421e-16
22.57081020867675	-8.762399777933503e-16
22.5983861889713	-8.523360370390334e-16
22.62596216926585	-8.290843214771091e-16
22.6535381495604	-8.064667203062443e-16
22.68111412985495	-7.844659446623835e-16
22.7086901101495	-7.630651765543724e-16
22.73626609044405	-7.422480561951915e-16
22.7638420707386	-7.219986696597884e-16
22.79141805103315	-7.023015368622788e-16
22.8189940313277	-6.831415998452681e-16
22.84657001162225	-6.645042113742461e-16
22.87414599191681	-6.463748694340779e-16
22.90172197221136	-6.287402525120141e-16
22.92929795250591	-6.115866162950727e-16
22.95687393280046	-5.949008447259341e-16
22.98444991309501	-5.786701790780237e-16
23.01202589338956	-5.628822083379831e-16
23.03960187368411	-5.475248598361452e-16
23.06717785397866	-5.325863901195083e-16
23.09475383427321	-5.180553760617493e-16
23.12232981456776	-5.03920706204887e-16
23.14990579486231	-4.901713758997326e-16
23.17748177515686	-4.767972868237377e-16
23.20505775545141	-4.637880091527292e-16
23.23263373574596	-4.51133593252188e-16
23.26020971604051	-4.388243606165626e-16
23.28778569633506	-4.268508965701202e-16
23.31536167662961	-4.152040431560114e-16
23.34293765692416	-4.038748922093756e-16
23.37051363721871	-3.928547786103395e-16
23.39808961751326	-3.821352737128402e-16
23.42566559780781	-3.717080271897383e-16
23.45324157810236	-3.615653848346528e-16
23.48081755839691	-3.516994323516056e-16
23.50839353869146	-3.421026225569037e-16
23.53596951898601	-3.327676139666117e-16
23.56354549928056	-3.236872652581303e-16
23.59112147957511	-3.148546298745454e-16
23.61869745986966	-3.062629507685887e-16
23.64627344016421	-2.979056552830717e-16
23.67384942045876	-2.897763501647065e-16
23.70142540075331	-2.818686995283501e-16
23.72900138104786	-2.74176901983859e-16
23.75657736134241	-2.666949523668539e-16
23.78415334163696	-2.594171261199831e-16
23.81172932193151	-2.523378547328932e-16
23.83930530222606	-2.454517215404828e-16
23.86688128252061	-2.387534576294209e-16
23.89445726281516	-2.322379378505327e-16
23.92203324310971	-2.259001769346864e-16
23.94960922340426	-2.197353257098499e-16
23.97718520369881	-2.137385769290198e-16
24.00476118399336	-2.079055337779624e-16
24.03233716428791	-2.022316398362703e-16
24.05991314458246	-1.967125531833222e-16
24.08748912487701	-1.913440502704683e-16
24.11506510517156	-1.861220227340058e-16
24.14264108546611	-1.810424742916457e-16
24.17021706576066	-1.761015180857589e-16
24.19779304605521	-1.712953718340389e-16
24.22536902634976	-1.666203588444576e-16
24.25294500664431	-1.620728313777051e-16
24.28052098693886	-1.576494573246205e-16
24.30809696723341	-1.53346779580988e-16
24.33567294752796	-1.491615050257414e-16
24.36324892782251	-1.450904303258923e-16
24.39082490811706	-1.411304395190418e-16
24.41840088841161	-1.372785016580944e-16
24.44597686870616	-1.335316685168143e-16
24.47355284900071	-1.298870723548639e-16
24.50112882929526	-1.263419237410009e-16
24.52870480958981	-1.228934554168311e-16
24.55628078988436	-1.195391423524959e-16
24.58385677017891	-1.162763615402198e-16
24.61143275047346	-1.131026153877073e-16
24.63900873076801	-1.100154744062352e-16
24.66658471106256	-1.070125753771895e-16
24.69416069135711	-1.040916195657354e-16
24.72173667165166	-1.012503709805943e-16
24.74931265194621	-9.848665467890819e-17
24.77688863224076	-9.579835511517993e-17
24.80446461253531	-9.318337283448203e-17
24.83204059282986	-9.063979437604262e-17
24.85961657312441	-8.816562967220398e-17
24.88719255341896	-8.57589845269249e-17
24.91476853371351	-8.341801639854375e-17
24.94234451400806	-8.114093300931989e-17
24.96992049430261	-7.892599099068858e-17
24.99749647459716	-7.677149456345392e-17
25.02507245489171	-7.467579425215168e-17
25.05264843518626	-7.263728563281536e-17
25.08022441548081	-7.065437588887739e-17
25.10780039577536	-6.872561513368469e-17
25.13537637606991	-6.684949349659211e-17
25.16295235636446	-6.502457443391574e-17
25.19052833665901	-6.324946057896307e-17
25.21810431695356	-6.152279268760121e-17
25.24568029724811	-5.984324861088132e-17
25.27325627754266	-5.820954229413565e-17
25.30083225783721	-5.662042280196446e-17
25.32840823813176	-5.507467336853744e-17
25.35598421842631	-5.357108559310011e-17
25.38356019872086	-5.210856084606884e-17
25.41113617901541	-5.068595362167164e-17
25.43871215930996	-4.930217447811807e-17
25.46628813960452	-4.795616368650696e-17
25.49386411989907	-4.664689043124432e-17
25.52144010019362	-4.537335203095481e-17
25.54901608048817	-4.413457317944964e-17
25.57659206078272	-4.292960520631167e-17
25.60416804107727	-4.175752535666315e-17
25.63174402137182	-4.061741676990585e-17
25.65932000166637	-3.95084472412131e-17
25.68689598196092	-3.842974759558343e-17
25.71447196225547	-3.738049163973666e-17
25.74204794255002	-3.63598757146656e-17
25.76962392284457	-3.53671180893709e-17
25.79719990313912	-3.440145837011838e-17
25.82477588343367	-3.3462156924884e-17
25.85235186372822	-3.254849432265886e-17
25.87992784402277	-3.165977078728619e-17
25.90750382431732	-3.079529086665771e-17
25.93507980461187	-2.995442376878645e-17
25.96265578490642	-2.913651020214728e-17
25.99023176520097	-2.834092362325254e-17
26.01780774549552	-2.756705457882844e-17
26.04538372579007	-2.681431024607607e-17
26.07295970608462	-2.608211398469039e-17
26.10053568637917	-2.536990490038806e-17
26.12811166667372	-2.467713741969467e-17
26.15568764696827	-2.400328087574412e-17
26.18326362726282	-2.334780764312689e-17
26.21083960755737	-2.271023987585472e-17
26.23841558785192	-2.209007736567778e-17
26.26599156814647	-2.148684498366994e-17
26.29356754844102	-2.09000805617393e-17
26.32114352873557	-2.032933454402886e-17
26.34871950903012	-1.977416964722529e-17
26.37629548932467	-1.923416052958652e-17
26.40387146961922	-1.870889346850025e-17
26.43144744991377	-1.819796604638694e-17
26.45902343020832	-1.77009779315866e-17
26.48659941050287	-1.721756723210802e-17
26.51417539079742	-1.67473544004653e-17
26.54175137109197	-1.628997913556398e-17
26.56932735138652	-1.584509096518255e-17
26.59690333168107	-1.541234898169066e-17
26.62447931197562	-1.499142158450973e-17
26.65205529227017	-1.458198622917488e-17
26.67963127256472	-1.418372918285578e-17
26.70720725285927	-1.379634528619669e-17
26.73478323315382	-1.341953091454629e-17
26.76235921344837	-1.3053011741028e-17
26.78993519374292	-1.26964999031944e-17
26.81751117403747	-1.234972218167758e-17
26.84508715433202	-1.201241281099501e-17
26.87266313462657	-1.168431327914532e-17
26.90023911492112	-1.136517213231513e-17
26.92781509521567	-1.105474478458832e-17
26.95539107551022	-1.0752793332552e-17
26.98296705580477	-1.045908637469117e-17
27.01054303609932	-1.017339364202578e-17
27.03811901639387	-9.895507161137672e-18
27.06569499668842	-9.625208650312917e-18
27.09327097698297	-9.362290927283459e-18
27.12084695727752	-9.106552462878104e-18
27.14842293757207	-8.85779722874752e-18
27.17599891786662	-8.615834549165857e-18
27.20357489816117	-8.380478956697655e-18
27.23115087845572	-8.151550051605005e-18
27.25872685875027	-7.92887236489666e-18
27.28630283904482	-7.712271121539024e-18
27.31387881933937	-7.501588983468851e-18
27.34145479963392	-7.296660233884433e-18
27.36903077992847	-7.097327770474794e-18
27.39660676022302	-6.90343877731656e-18
27.42418274051757	-6.714844609711446e-18
27.45175872081212	-6.531400681952613e-18
27.47933470110667	-6.352966357960551e-18
27.50691068140122	-6.179404844730621e-18
27.53448666169577	-6.010583088535906e-18
27.56206264199032	-5.846368639919902e-18
27.58963862228487	-5.686642039032006e-18
27.61721460257942	-5.531277698873102e-18
27.64479058287397	-5.380156493193807e-18
27.67236656316852	-5.233162546327557e-18
27.69994254346307	-5.090183145854802e-18
27.72751852375762	-4.951108657486969e-18
27.75509450405217	-4.815832442124495e-18
27.78267048434672	-4.68425077504235e-18
27.81024646464127	-4.556262767158015e-18
27.83782244493582	-4.431767802034108e-18
27.86539842523037	-4.310675683645342e-18
27.89297440552492	-4.19289100164257e-18
27.92055038581947	-4.078323428355655e-18
27.94812636611402	-3.966885100981127e-18
27.97570234640857	-3.858490555411836e-18
28.00327832670312	-3.753056661766864e-18
28.03085430699767	-3.650502561616903e-18
28.05843028729223	-3.550749606954951e-18
28.08600626758678	-3.453721301159549e-18
28.11358224788133	-3.359341323346982e-18
28.14115822817588	-3.267541317145408e-18
28.16873420847043	-3.178248924367601e-18
28.19631018876498	-3.0913956520968e-18
28.22388616905953	-3.006914868292673e-18
28.25146214935408	-2.924741496266493e-18
28.27903812964863	-2.84481354168121e-18
28.30661410994318	-2.767068473104517e-18
28.33419009023773	-2.691447158671645e-18
28.36176607053228	-2.617891575389077e-18
28.38934205082683	-2.546344803628559e-18
28.41691803112138	-2.4767530761423e-18
28.44449401141593	-2.409062466623478e-18
28.47206999171048	-2.343221048781563e-18
28.49964597200503	-2.27917831274801e-18
28.52722195229958	-2.216885127250033e-18
28.55479793259413	-2.156293702669357e-18
28.58237391288868	-2.09735755499445e-18
28.60994989318323	-2.04003147066236e-18
28.63752587347778	-1.984271472279814e-18
28.66510185377233	-1.930033177060726e-18
28.69267783406688	-1.877278297591028e-18
28.72025381436143	-1.825964795254555e-18
28.74782979465598	-1.776053320089317e-18
28.77540577495053	-1.727505608730348e-18
28.80298175524508	-1.680284465581524e-18
28.83055773553963	-1.634353756577473e-18
28.85813371583418	-1.589678435998718e-18
28.88570969612873	-1.546224680435376e-18
28.91328567642328	-1.503960492564228e-18
28.94086165671783	-1.462813059945715e-18
28.96843763701238	-1.422826799107969e-18
28.99601361730693	-1.383931463447707e-18
29.02358959760148	-1.346098252630707e-18
29.05116557789603	-1.309298510324139e-18
29.07874155819058	-1.273504161738557e-18
29.10631753848513	-1.238687819627297e-18
29.13389351877968	-1.204822808719011e-18
29.16146949907423	-1.171883164372043e-18
29.18904547936878	-1.139843621732165e-18
29.21662145966333	-1.108678605142706e-18
29.24419743995788	-1.078366343942254e-18
29.27177342025243	-1.048882489292908e-18
29.29934940054698	-1.020204403256902e-18
29.32692538084153	-9.92310066222347e-19
29.35450136113608	-9.65178060206309e-19
29.38207734143063	-9.387875526257872e-19
29.40965332172518	-9.131182805047854e-19
29.43722930201973	-8.881505350975213e-19
29.46480528231428	-8.638651469131201e-19
29.49238126260883	-8.402429217756686e-19
29.51995724290338	-8.172668855565624e-19
29.54753322319793	-7.949188309553747e-19
29.57510920349248	-7.731815958987195e-19
29.60268518378703	-7.520384868686844e-19
29.63026116408158	-7.314732663316118e-19
29.65783714437613	-7.11470140479224e-19
29.68541312467068	-6.920137472742907e-19
29.71298910496523	-6.730891447915844e-19
29.74056508525978	-6.546817998426798e-19
29.76814106555433	-6.367770339263457e-19
29.79571704584888	-6.193622349973303e-19
29.82329302614343	-6.024234792329202e-19
29.85086900643798	-5.859477558455313e-19
29.87844498673253	-5.699224092161042e-19
29.90602096702708	-5.54335129388864e-19
29.93359694732163	-5.391739428018984e-19
29.96117292761618	-5.244272032494094e-19
29.98874890791073	-5.100835830713696e-19
30.01632488820528	-4.961320645663219e-19
30.04390086849983	-4.825616239273283e-19
30.07147684879438	-4.693624883134223e-19
30.09905282908893	-4.565242015940262e-19
30.12662880938348	-4.440369000902789e-19
30.15420478967803	-4.318909894894922e-19
30.18178076997258	-4.20077137628547e-19
30.20935675026713	-4.085862674580498e-19
30.23693273056168	-3.974095501838717e-19
30.26450871085623	-3.865383985826527e-19
30.29208469115078	-3.759644604878503e-19
30.31966067144533	-3.656793473612764e-19
30.34723665173988	-3.556757172665962e-19
30.37481263203443	-3.459456121237281e-19
30.40238861232898	-3.364815547363174e-19
30.42996459262353	-3.272762720971176e-19
30.45754057291808	-3.183226899213534e-19
30.48511655321263	-3.096139273171408e-19
30.51269253350718	-3.011432915906389e-19
30.54026851380173	-2.929042731837455e-19
30.56784449409628	-2.848905407422591e-19
30.59542047439083	-2.77095748147824e-19
30.62299645468539	-2.695143048962083e-19
30.65057243497994	-2.621401892729638e-19
30.67814841527449	-2.549677328875006e-19
30.70572439556904	-2.479914221367013e-19
30.73330037586359	-2.412058940657065e-19
30.76087635615814	-2.346059323339777e-19
30.78845233645269	-2.281864632867187e-19
30.81602831674724	-2.219425521343031e-19
30.84360429704179	-2.158693992490202e-19
30.87118027733634	-2.099622290305367e-19
30.89875625763089	-2.042167516958588e-19
30.92633223792544	-1.986284359439128e-19
30.95390821821999	-1.931930233651263e-19
30.98148419851454	-1.87906790431066e-19
31.00906017880909	-1.827632303668065e-19
31.03663615910364	-1.777619394382303e-19
31.06421213939819	-1.728972214401834e-19
31.09178811969274	-1.681655242190747e-19
31.11936409998729	-1.635632349972035e-19
31.14694008028184	-1.590867456805913e-19
31.17451606057639	-1.54732770049621e-19
31.20209204087094	-1.504978986254104e-19
31.22966802116549	-1.463788736360193e-19
31.25724400146004	-1.423725264902152e-19
31.28481998175459	-1.384757753012635e-19
31.31239596204914	-1.346856225199307e-19
31.33997194234369	-1.309991526473724e-19
31.36754792263824	-1.274135300154035e-19
31.39512390293279	-1.239259966279402e-19
31.42269988322734	-1.205337802154703e-19
31.45027586352189	-1.172344613375886e-19
31.47785184381644	-1.140254099376614e-19
31.50542782411099	-1.109041570253877e-19
31.53300380440554	-1.078683010450541e-19
31.56057978470009	-1.049155060750415e-19
31.58815576499464	-1.020435000711772e-19
31.61573174528919	-9.925007315335038e-20
31.64330772558374	-9.653307593473901e-20
31.67088370587829	-9.389041789293814e-20
31.69845968617284	-9.132006578223274e-20
31.72603566646739	-8.882004208624123e-20
31.75361164676194	-8.638842351013063e-20
31.78118762705649	-8.402333951160506e-20
31.80876360735104	-8.172297086985077e-20
31.83633958764559	-7.948554829163639e-20
31.86391556794014	-7.730935105374273e-20
31.89149154823469	-7.519270568092464e-20
31.91906752852924	-7.313398465859972e-20
31.94664350882379	-7.113160517945584e-20
31.97421948911834	-6.918402792320212e-20
32.00179546941289	-6.728975586866533e-20
32.02937144970744	-6.544733313746723e-20
32.05694743000199	-6.365534386851024e-20
32.08452341029654	-6.191241112252657e-20
32.11209939059109	-6.021719581593605e-20
32.13967537088564	-5.856839568328383e-20
32.16725135118019	-5.696474426753975e-20
32.19482733147474	-5.54050099375405e-20
32.22240331176929	-5.38879949318815e-20
