0
1000	105.6583745	100000000000000.1
5	0	0	1
5	0	0	0
4.673998997513734	3.035129495459647e-11
4.701574977808284	6.542017708913701e-11
4.729150958102834	1.027002116148202e-10
4.756726938397384	1.445691580099289e-10
4.784302918691934	1.91324097644164e-10
4.811878898986484	2.428800857242728e-10
4.839454879281035	2.990586927042172e-10
4.867030859575585	3.596709966297736e-10
4.894606839870135	4.24545211855316e-10
4.922182820164685	4.935352444566483e-10
4.949758800459235	5.665219568423374e-10
4.977334780753785	6.43411620735095e-10
5.004910761048335	7.241334074478425e-10
5.032486741342885	8.086367013618926e-10
5.060062721637435	8.968885623525861e-10
5.087638701931986	9.888714565444253e-10
5.115214682226536	1.084581281877248e-09
5.142790662521086	1.184025674567904e-09
5.170366642815636	1.287222566898395e-09
5.197942623110186	1.394198962618653e-09
5.225518603404736	1.504989897381986e-09
5.253094583699286	1.61963755481657e-09
5.280670563993836	1.738190512636748e-09
5.308246544288386	1.860703097009241e-09
5.335822524582936	1.987234826756833e-09
5.363398504877487	2.117849931962256e-09
5.390974485172037	2.252616934058047e-09
5.418550465466587	2.391608276601652e-09
5.446126445761137	2.534899996938616e-09
5.473702426055687	2.682571423598633e-09
5.501278406350237	2.834744488186711e-09
5.528854386644787	2.991528972437604e-09
5.556430366939337	3.152900120555838e-09
5.584006347233887	3.318979988057082e-09
5.611582327528438	3.489900954282537e-09
5.639158307822988	3.665681576956548e-09
5.666734288117538	3.846377580230472e-09
5.694310268412088	4.032214401666926e-09
5.721886248706638	4.223210532176696e-09
5.749462229001188	4.419455838951128e-09
5.777038209295738	4.621122530645711e-09
5.804614189590288	4.828256800818622e-09
5.832190169884838	5.041041987131014e-09
5.859766150179389	5.259527419894028e-09
5.887342130473939	5.483848939895035e-09
5.914918110768489	5.714237982136356e-09
5.942494091063039	5.950662984171204e-09
5.970070071357589	6.193364721002385e-09
5.997646051652139	6.442459895363109e-09
6.025222031946689	6.698070619824422e-09
6.052798012241239	6.96041341763041e-09
6.080373992535789	7.229592663321147e-09
6.107949972830339	7.505772244405945e-09
6.13552595312489	7.789101214748205e-09
6.16310193341944	8.079704505399083e-09
6.19067791371399	8.3778564126939e-09
6.21825389400854	8.683650318848569e-09
6.24582987430309	8.997049108490493e-09
6.27340585459764	9.318980831260086e-09
6.30098183489219	9.648937623582976e-09
6.32855781518674	9.987275703208103e-09
6.35613379548129	1.033422817624608e-08
6.383709775775841	1.06901189296149e-08
6.411285756070391	1.105508759456037e-08
6.438861736364941	1.142929080957735e-08
6.466437716659491	1.181311264337468e-08
6.494013696954041	1.220667421027066e-08
6.521589677248591	1.261037843224949e-08
6.549165657543141	1.302439259155039e-08
6.576741637837691	1.344888445891271e-08
6.604317618132241	1.388371088931745e-08
6.631893598426791	1.433072438213867e-08
6.659469578721342	1.478862000828836e-08
6.687045559015892	1.52583060066188e-08
6.714621539310442	1.57399173188049e-08
6.742197519604992	1.623396315517905e-08
6.769773499899542	1.674060408258549e-08
6.797349480194092	1.726026377418805e-08
6.824925460488642	1.779316818363936e-08
6.852501440783192	1.83397987511129e-08
6.880077421077742	1.89005665537312e-08
6.907653401372293	1.947563270776346e-08
6.935229381666843	2.006559378097487e-08
6.962805361961393	2.067061091516263e-08
6.990381342255943	2.129126646695534e-08
7.017957322550493	2.192794618882299e-08
7.045533302845043	2.258095976824778e-08
7.073109283139593	2.325085537758798e-08
7.100685263434143	2.393812419151718e-08
7.128261243728693	2.46430623503498e-08
7.155837224023244	2.536620998657533e-08
7.183413204317794	2.610807832321999e-08
7.210989184612344	2.686925568561703e-08
7.238565164906894	2.765003712557322e-08
7.266141145201444	2.845101540340423e-08
7.293717125495994	2.927288533243956e-08
7.321293105790544	3.011600522355754e-08
7.348869086085094	3.09810092473044e-08
7.376445066379644	3.186852004994939e-08
7.404021046674194	3.277920564005836e-08
7.431597026968745	3.371345362685824e-08
7.459173007263295	3.467202031205582e-08
7.486748987557845	3.565552639869312e-08
7.514324967852395	3.666488287851157e-08
7.541900948146945	3.770037430261783e-08
7.569476928441495	3.876290412965618e-08
7.597052908736045	3.985316568284394e-08
7.624628889030595	4.097187161853216e-08
7.652204869325145	4.211996812305427e-08
7.679780849619696	4.329794107369102e-08
7.707356829914246	4.450676117535722e-08
7.734932810208796	4.574728434761417e-08
7.762508790503346	4.702022841408059e-08
7.790084770797896	4.832670945843722e-08
7.817660751092446	4.966731172221269e-08
7.845236731386996	5.104306989028346e-08
7.872812711681546	5.245493873956576e-08
7.900388691976096	5.390328231376943e-08
7.927964672270646	5.539089355379263e-08
7.955540652565197	5.69171513887051e-08
7.983116632859747	5.848336022151558e-08
8.010692613154298	6.009086940518638e-08
8.038268593448848	6.174062426939587e-08
8.065844573743398	6.343377414403923e-08
8.093420554037948	6.517156975887411e-08
8.120996534332498	6.695531033959882e-08
8.148572514627048	6.878585988021257e-08
8.176148494921598	7.066463392125063e-08
8.203724475216148	7.259330357370405e-08
8.231300455510699	7.457102716625171e-08
8.258876435805249	7.660419919437541e-08
8.286452416099799	7.868982381073849e-08
8.314028396394349	8.08298625425985e-08
8.341604376688899	8.302703856503512e-08
8.369180356983449	8.528154165430334e-08
8.396756337277999	8.759657751409474e-08
8.424332317572549	8.99730247019532e-08
8.451908297867099	9.241102110563874e-08
8.47948427816165	9.491476048347172e-08
8.5070602584562	9.748421750235942e-08
8.53463623875075	1.001220005749621e-07
8.5622122190453	1.028292474971174e-07
8.58978819933985	1.056088219462644e-07
8.6173641796344	1.084615188228646e-07
8.64494015992895	1.113903637225502e-07
8.6725161402235	1.1439634234067e-07
8.70009212051805	1.174825034714823e-07
8.7276681008126	1.206501601152955e-07
8.755244081107151	1.239026280587649e-07
8.782820061401701	1.272406227922353e-07
8.810396041696251	1.306679937036842e-07
8.837972021990801	1.341854593432163e-07
8.865548002285351	1.377956497740092e-07
8.893123982579901	1.415040965458962e-07
8.920699962874451	1.453095440926486e-07
8.948275943169001	1.492167865630464e-07
8.975851923463551	1.53227322516478e-07
9.003427903758102	1.573452685324257e-07
9.031003884052652	1.61571732931911e-07
9.058579864347202	1.65910517713742e-07
9.086155844641752	1.703655073606023e-07
9.113731824936302	1.7493834973436e-07
9.141307805230852	1.796334119088662e-07
9.168883785525402	1.84452656819739e-07
9.196459765819952	1.894000502736713e-07
9.224035746114502	1.944793853212889e-07
9.251611726409052	1.996942919621877e-07
9.279187706703603	2.050485322909819e-07
9.306763686998153	2.105434665550666e-07
9.334339667292703	2.161852983968281e-07
9.361915647587253	2.219778578287336e-07
9.389491627881803	2.279236940531608e-07
9.417067608176353	2.340266783502618e-07
9.444643588470903	2.402954066848204e-07
9.472219568765453	2.467288249194226e-07
9.499795549060003	2.53333608934647e-07
9.527371529354554	2.601145226644056e-07
9.554947509649104	2.670753733730674e-07
9.582523489943654	2.742215692287753e-07
9.610099470238204	2.815585070341471e-07
9.637675450532754	2.890901022050737e-07
9.665251430827304	2.968220469349452e-07
9.692827411121854	3.047604364965454e-07
9.720403391416404	3.129088125604778e-07
9.747979371710954	3.212743569753267e-07
9.775555352005505	3.298602049764955e-07
9.803131332300055	3.386790064363695e-07
9.830707312594605	3.477298201698919e-07
9.858283292889155	3.570167168047684e-07
9.885859273183705	3.665601993865028e-07
9.913435253478255	3.763519544501046e-07
9.941011233772805	3.864039562121046e-07
9.968587214067355	3.967276765526031e-07
9.996163194361905	4.073165931251378e-07
10.02373917465646	4.181913296455814e-07
10.05131515495101	4.293544992763689e-07
10.07889113524556	4.408144432236829e-07
10.10646711554011	4.525778297188272e-07
10.13404309583466	4.646535443976105e-07
10.16161907612921	4.770493153543903e-07
10.18919505642376	4.897745586825523e-07
10.21677103671831	5.028362645872877e-07
10.24434701701286	5.16244224453591e-07
10.27192299730741	5.300071328104067e-07
10.29949897760196	5.441352975136824e-07
10.32707495789651	5.586367032754859e-07
10.35465093819106	5.735219085394366e-07
10.38222691848561	5.888006775267958e-07
10.40980289878016	6.044840206851546e-07
10.43737887907471	6.205811612598874e-07
10.46495485936926	6.371036546144191e-07
10.49253083966381	6.54062610103164e-07
10.52010681995836	6.714700109504907e-07
10.54768280025291	6.89334683875561e-07
10.57525878054746	7.076710653756698e-07
10.60283476084201	7.264905817826086e-07
10.63041074113656	7.458052526233273e-07
10.65798672143111	7.656295908074029e-07
10.68556270172566	7.859744712846191e-07
10.71313868202021	8.068543254339097e-07
10.74071466231476	8.282826470104144e-07
10.76829064260931	8.502756917198093e-07
10.79586662290386	8.728416408694261e-07
10.82344260319841	8.960011810414906e-07
10.85101858349296	9.197674805397976e-07
10.87859456378751	9.441558767202046e-07
10.90617054408206	9.691834744708848e-07
10.93374652437661	9.948633472755086e-07
10.96132250467116	1.021214650275793e-06
10.98889848496571	1.048253629315311e-06
11.01647446526026	1.075997529575508e-06
11.04405044555481	1.104418729161927e-06
11.07162642584936	1.133672404048436e-06
11.09920240614391	1.163639309572831e-06
11.12677838643846	1.194384648794101e-06
11.15435436673301	1.225927760739765e-06
11.18193034702756	1.258288118196826e-06
11.20950632732211	1.291487520780237e-06
11.23708230761666	1.325544923383274e-06
11.26465828791121	1.360482318402998e-06
11.29223426820576	1.396321345005027e-06
11.31981024850031	1.4330839833772e-06
11.34738622879486	1.470794434177778e-06
11.37496220908941	1.509472404461216e-06
11.40253818938396	1.549144305365289e-06
11.43011416967851	1.589756590748863e-06
11.45769014997306	1.631564921836122e-06
11.48526613026761	1.674363176837298e-06
11.51284211056216	1.718255338648979e-06
11.54041809085671	1.763265264185536e-06
11.56799407115126	1.809421471965028e-06
11.59557005144581	1.856750837195583e-06
11.62314603174036	1.905281271691743e-06
11.65072201203491	1.955041109618297e-06
11.67829799232946	2.006060195721774e-06
11.70587397262401	2.058366099623041e-06
11.73344995291856	2.111990946081265e-06
11.76102593321311	2.166964318573328e-06
11.78860191350766	2.223317805256122e-06
11.81617789380221	2.28108328975424e-06
11.84375387409676	2.340292195986139e-06
11.87132985439131	2.400978034862674e-06
11.89890583468586	2.463180233626838e-06
11.92648181498041	2.526924445181066e-06
11.95405779527496	2.592249107427987e-06
11.98163377556951	2.659189541574692e-06
12.00920975586406	2.727781793046399e-06
12.03678573615861	2.798069043651321e-06
12.06436171645316	2.870070033604402e-06
12.09193769674771	2.943840474511459e-06
12.11951367704226	3.019413224636302e-06
12.14708965733681	3.096827313459138e-06
12.17466563763136	3.176122440033161e-06
12.20224161792591	3.257338783316301e-06
12.22981759822046	3.340515541124748e-06
12.25739357851501	3.425699864288879e-06
12.28496955880956	3.512927701394954e-06
12.31254553910411	3.60224386157941e-06
12.34012151939866	3.693691423493577e-06
12.36769749969321	3.787307727109393e-06
12.39527347998776	3.883156640818946e-06
12.42284946028231	3.981262972428612e-06
12.45042544057686	4.081680495098958e-06
12.47800142087141	4.184451727392256e-06
12.50557740116597	4.289625289925348e-06
12.53315338146052	4.397247606646848e-06
12.56072936175507	4.507366284269925e-06
12.58830534204962	4.62002831568032e-06
12.61588132234417	4.735282159196842e-06
12.64345730263872	4.853176413558668e-06
12.67103328293327	4.973761820749479e-06
12.69860926322782	5.097084377532414e-06
12.72618524352237	5.223195939909105e-06
12.75376122381692	5.352146252858807e-06
12.78133720411147	5.483985546742383e-06
12.80891318440602	5.61876439600212e-06
12.83648916470057	5.756533717936215e-06
12.86406514499512	5.897344352720005e-06
12.89164112528967	6.041254334342839e-06
12.91921710558422	6.188296161962736e-06
12.94679308587877	6.338539308708552e-06
12.97436906617332	6.492030000437599e-06
13.00194504646787	6.648819304132591e-06
13.02952102676242	6.808959141398859e-06
13.05709700705697	6.972500996723726e-06
13.08467298735152	7.139496362770856e-06
13.11224896764607	7.309996599711135e-06
13.13982494794062	7.484056541665902e-06
13.16740092823517	7.661718192292382e-06
13.19497690852972	7.843040305415714e-06
13.22255288882427	8.028071184380563e-06
13.25012886911882	8.216860957215447e-06
13.27770484941337	8.409459483987715e-06
13.30528082970792	8.605916111885635e-06
13.33285681000247	8.806279493445328e-06
13.36043279029702	9.010598495275983e-06
13.38800877059157	9.218919988410533e-06
13.41558475088612	9.431294348080115e-06
13.44316073118067	9.647763687330377e-06
13.47073671147522	9.868375976195148e-06
13.49831269176977	1.009317605868703e-05
13.52588867206432	1.032220804994652e-05
13.55346465235887	1.05555151772299e-05
13.58104063265342	1.079313995348343e-05
13.60861661294797	1.103512359687993e-05
13.63619259324252	1.128150701050973e-05
13.66376857353707	1.153232818726701e-05
13.69134455383162	1.178762765145823e-05
13.71892053412617	1.20474395106844e-05
13.74649651442072	1.231180098801103e-05
13.77407249471527	1.258074636239129e-05
13.80164847500982	1.285430872093457e-05
13.82922445530437	1.313251980408197e-05
13.85680043559892	1.341541015082195e-05
13.88437641589347	1.370300837851948e-05
13.91195239618802	1.399534204055562e-05
13.93952837648257	1.429243702182789e-05
13.96710435677712	1.459431451944915e-05
13.99468033707167	1.490100800545251e-05
14.02225631736622	1.521252646334343e-05
14.04983229766077	1.552889397107274e-05
14.07740827795532	1.585012808296547e-05
14.10498425824987	1.617624479860287e-05
14.13256023854442	1.650725840610226e-05
14.16013621883897	1.684318134529141e-05
14.18771219913352	1.718402409962699e-05
14.21528817942807	1.752979595345153e-05
14.24286415972262	1.788050376919485e-05
14.27044014001717	1.823615240214926e-05
14.29801612031172	1.859674790475899e-05
14.32559210060627	1.896228713691317e-05
14.35316808090082	1.933277276774737e-05
14.38074406119537	1.970819936425588e-05
14.40832004148992	2.00885715745128e-05
14.43589602178447	2.047387475528542e-05
14.46347200207902	2.086410416512535e-05
14.49104798237357	2.12592504446002e-05
14.51862396266812	2.165930188865089e-05
14.54619994296267	2.206424595631361e-05
14.57377592325722	2.247406743994544e-05
14.60135190355177	2.288874954062374e-05
14.62892788384632	2.330827611631838e-05
14.65650386414087	2.373262190406923e-05
14.68407984443542	2.416176965976395e-05
14.71165582472997	2.45956947346937e-05
14.73923180502452	2.503437194124031e-05
14.76680778531907	2.547777462652214e-05
14.79438376561362	2.592587483911136e-05
14.82195974590817	2.637864288762389e-05
14.84953572620272	2.683604741395836e-05
14.87711170649727	2.729805597710511e-05
14.90468768679182	2.776463418771888e-05
14.93226366708637	2.823574718640882e-05
14.95983964738092	2.871135848801923e-05
14.98741562767547	2.91914399582131e-05
15.01499160797002	2.967592481125646e-05
15.04256758826457	3.016479855449496e-05
15.07014356855912	3.065801221162939e-05
15.09771954885368	3.115552355316346e-05
15.12529552914823	3.165728890528612e-05
15.15287150944278	3.216326393937752e-05
15.18044748973733	3.267340316123376e-05
15.20802347003188	3.318766036368894e-05
15.23559945032643	3.370598991467766e-05
15.26317543062098	3.422834363354248e-05
15.29075141091553	3.475467285349049e-05
15.31832739121008	3.528492855619172e-05
15.34590337150463	3.581906122947295e-05
15.37347935179918	3.63570146980033e-05
15.40105533209373	3.689876041778814e-05
15.42863131238828	3.744422309657829e-05
15.45620729268283	3.799335972207826e-05
15.48378327297738	3.854611821839135e-05
15.51135925327193	3.910244864841925e-05
15.53893523356648	3.966229741568212e-05
15.56651121386103	4.022561204684356e-05
15.59408719415558	4.07923396449694e-05
15.62166317445013	4.136242596779491e-05
15.64923915474468	4.193582183966421e-05
15.67681513503923	4.25124725382457e-05
15.70439111533378	4.309232519481798e-05
15.73196709562833	4.367532682189832e-05
15.75954307592288	4.42614217957593e-05
15.78711905621743	4.485056266258948e-05
15.81469503651198	4.544269760824704e-05
15.84227101680653	4.603776961516743e-05
15.86984699710108	4.66357288851327e-05
15.89742297739563	4.723652338408587e-05
15.92499895769018	4.784009874210723e-05
15.95257493798473	4.844640944053552e-05
15.98015091827928	4.905540183518314e-05
16.00772689857383	4.966702527511949e-05
16.03530287886838	5.028122956836044e-05
16.06287885916293	5.08979618061239e-05
16.09045483945748	5.151717856472474e-05
16.11803081975203	5.213882899210252e-05
16.14560680004658	5.276286415292124e-05
16.17318278034113	5.338923598678224e-05
16.20075876063568	5.401789493408857e-05
16.22833474093023	5.464879737088533e-05
16.25591072122478	5.528190026603479e-05
16.28348670151933	5.591714750833627e-05
16.31106268181388	5.655450209854238e-05
16.33863866210843	5.719391485326983e-05
16.36621464240298	5.783534473392536e-05
16.39379062269753	5.847874766203354e-05
16.42136660299208	5.912404146498588e-05
16.44894258328663	5.977130133467555e-05
16.47651856358118	6.042036686828795e-05
16.50409454387573	6.107123583670106e-05
16.53167052417028	6.172386923410717e-05
16.55924650446483	6.237822746539357e-05
16.58682248475938	6.30342705876514e-05
16.61439846505393	6.369195734824194e-05
16.64197444534848	6.43512540290824e-05
16.66955042564303	6.501212122157639e-05
16.69712640593758	6.567452241189016e-05
16.72470238623213	6.633842129459907e-05
16.75227836652668	6.700378501249755e-05
16.77985434682123	6.76705716589496e-05
16.80743032711578	6.833875273729583e-05
16.83500630741033	6.900829381175875e-05
16.86258228770488	6.967916165708054e-05
16.89015826799943	7.035132161969686e-05
16.91773424829398	7.102474421562699e-05
16.94531022858853	7.169939812885335e-05
16.97288620888308	7.237525216360545e-05
17.00046218917763	7.30522768686645e-05
17.02803816947218	7.373044161628393e-05
17.05561414976673	7.440971789914218e-05
17.08319013006128	7.509007973898305e-05
17.11076611035583	7.577149587523668e-05
17.13834209065038	7.64539415384872e-05
17.16591807094493	7.713738777517147e-05
17.19349405123948	7.78218107793892e-05
17.22107003153403	7.850718444949521e-05
17.24864601182858	7.919348504523767e-05
17.27622199212313	7.988068335080243e-05
17.30379797241768	8.056876447618729e-05
17.33137395271223	8.125769733803482e-05
17.35894993300678	8.194745987224829e-05
17.38652591330133	8.263803079208156e-05
17.41410189359588	8.332939065532447e-05
17.44167787389043	8.402151251666589e-05
17.46925385418498	8.471437945625297e-05
17.49682983447953	8.540797249657696e-05
17.52440581477408	8.610226798919907e-05
17.55198179506863	8.679724918189828e-05
17.57955777536318	8.749289395987226e-05
17.60713375565773	8.818918461511766e-05
17.63470973595228	8.888610376978991e-05
17.66228571624683	8.958363473173404e-05
17.68986169654139	9.028175739717949e-05
17.71743767683594	9.098045508397632e-05
17.74501365713049	9.167971379232069e-05
17.77258963742504	9.237951415187237e-05
17.80016561771959	9.307925764126032e-05
17.82774159801414	9.378068281224286e-05
17.85531757830869	9.448201749385914e-05
17.88289355860324	9.518383988583658e-05
17.91046953889779	9.588612413112172e-05
17.93804551919234	9.658886310436626e-05
17.96562149948689	9.729204229414177e-05
17.99319747978144	9.799564473556676e-05
18.02077346007599	9.869966474319606e-05
18.04834944037054	9.940408055054173e-05
18.07592542066509	0.0001001088891223938
18.10350140095964	0.0001008140697039465
18.13107738125419	0.0001015196182181694
18.15865336154874	0.0001022255150725386
18.18622934184329	0.0001029317559596372
18.21380532213784	0.0001036383264081159
18.24138130243239	0.0001043452152351376
18.26895728272694	0.0001050524137223793
18.29653326302149	0.0001057599107466517
18.32410924331604	0.0001064676960593563
18.35168522361059	0.0001071757628974735
18.37926120390514	0.0001078840986272186
18.40683718419969	0.0001085926939943255
18.43441316449424	0.0001093015414803196
18.46198914478879	0.0001100106317092955
18.48956512508334	0.0001107199566287031
18.51714110537789	0.000111429512448384
18.54471708567244	0.0001121392756305381
18.57229306596699	0.0001128492529018252
18.59986904626154	0.0001135594349070629
18.62744502655609	0.0001142698097543757
18.65502100685064	0.0001149803724467324
18.68259698714519	0.0001156911154447556
18.71017296743974	0.0001164020323203922
18.73774894773429	0.0001171131151832221
18.76532492802884	0.0001178243585192927
18.79290090832339	0.0001185357535099744
18.82047688861794	0.0001192472957273387
18.84805286891249	0.0001199589804858277
18.87562884920704	0.0001206708001886509
18.90320482950159	0.0001213827487525409
18.93078080979614	0.0001220948229030908
18.95835679009069	0.0001228070148470286
18.98593277038524	0.0001235193189934221
19.01350875067979	0.0001242317301508785
19.04108473097434	0.0001249442447244246
19.06866071126889	0.0001256568562379887
19.09623669156344	0.0001263695576639763
19.12381267185799	0.0001270823495991803
19.15138865215254	0.0001277952260586145
19.17896463244709	0.0001285081788468527
19.20654061274164	0.0001292212091765442
19.23411659303619	0.0001299343137249371
19.26169257333074	0.0001306474779716598
19.28926855362529	0.0001313607068760476
19.31684453391984	0.0001320739942884048
19.34442051421439	0.0001327873328526071
19.37199649450894	0.0001335007203069115
19.39957247480349	0.0001342141617758921
19.42714845509804	0.0001349276456294126
19.45472443539259	0.0001356411604981801
19.48230041568714	0.0001363547202731045
19.50987639598169	0.0001370683161855782
19.53745237627624	0.0001377819424438499
19.56502835657079	0.0001384955838578767
19.59260433686534	0.0001392092641203718
19.62018031715989	0.000139922962889436
19.64775629745444	0.0001406366747687711
19.67533227774899	0.0001413503974729289
19.70290825804354	0.0001420641401791716
19.73048423833809	0.0001427778954476892
19.75806021863264	0.0001434916512589195
19.78563619892719	0.000144205415426661
19.81321217922174	0.0001449191824798076
19.84078815951629	0.000145632951007316
19.86836413981084	0.0001463467153986627
19.89594012010539	0.000147060478552334
19.92351610039994	0.0001477742315750753
19.95109208069449	0.0001484879746144419
19.97866806098904	0.0001492017090348123
20.00624404128359	0.0001499154198659848
20.03382002157814	0.0001506291380485126
20.06139600187269	0.0001513428266896459
20.08897198216724	0.0001520564952344856
20.11654796246179	0.0001527701444882412
20.14412394275634	0.0001534837718104375
20.17169992305089	0.0001541973756596773
20.19927590334544	0.0001549109510951672
20.22685188363999	0.0001556245002540563
20.25442786393454	0.0001563380196496939
20.2820038442291	0.0001570515088346874
20.30957982452365	0.0001577649693260203
20.3371558048182	0.00015847838992348
20.36473178511275	0.00015919177556426
20.3923077654073	0.0001599051254078304
20.41988374570185	0.0001606184368706872
20.4474597259964	0.0001613317075524617
20.47503570629095	0.000162044939776748
20.5026116865855	0.0001627581262456175
20.53018766688005	0.0001634712717574304
20.5577636471746	0.0001641843703772318
20.58533962746915	0.000164897428113833
20.6129156077637	0.0001656104311193716
20.64049158805825	0.0001663233885528505
20.6680675683528	0.0001670362991176515
20.69564354864735	0.0001677491547649917
20.7232195289419	0.0001684619617603048
20.75079550923645	0.0001691747148716143
20.778371489531	0.0001698874132126441
20.80594746982555	0.0001706000548044173
20.8335234501201	0.0001713126454906573
20.86109943041465	0.0001720251760201482
20.8886754107092	0.0001727376635685308
20.91625139100375	0.0001734500662709121
20.9438273712983	0.0001741624207401949
20.97140335159285	0.0001748747159446887
20.9989793318874	0.0001755869498995378
21.02655531218195	0.000176299122359042
21.0541312924765	0.0001770112264250606
21.08170727277105	0.0001777232730851744
21.1092832530656	0.0001784352529029668
21.13685923336015	0.0001791471681149124
21.1644352136547	0.0001798590140777319
21.19201119394925	0.000180570798884376
21.2195871742438	0.0001812825114677394
21.24716315453835	0.0001819941568391197
21.2747391348329	0.0001827057343892856
21.30231511512745	0.0001834172397560437
21.329891095422	0.000184128676752415
21.35746707571655	0.0001848400474223115
21.3850430560111	0.000185551332770171
21.41261903630565	0.0001862625603221225
21.4401950166002	0.000186973715093388
21.46777099689475	0.0001876847811413128
21.4953469771893	0.0001883957873435621
21.52292295748385	0.0001891067181568255
21.5504989377784	0.0001898175657669355
21.57807491807295	0.0001905283436265662
21.6056508983675	0.0001912390405018898
21.63322687866205	0.0001919496652199692
21.6608028589566	0.0001926602131345668
21.68837883925115	0.0001933706814304875
21.7159548195457	0.0001940810713063206
21.74353079984025	0.0001947913834821666
21.7711067801348	0.0001955016144298664
21.79868276042935	0.0001962117682952601
21.8262587407239	0.0001969218376728218
21.85383472101845	0.000197631814624963
21.881410701313	0.0001983417421499269
21.90898668160755	0.0001990515708528025
21.9365626619021	0.000199761317002296
21.96413864219665	0.0002004709808008963
21.9917146224912	0.0002011805635851705
22.01929060278575	0.0002018900577909283
22.0468665830803	0.000202599478254867
22.07444256337485	0.0002033088061321987
22.1020185436694	0.0002040180525892225
22.12959452396395	0.0002047272126191026
22.1571705042585	0.0002054362857431423
22.18474648455305	0.0002061452765469138
22.2123224648476	0.0002068541835833046
22.23989844514215	0.0002075630027200899
22.2674744254367	0.0002082717332763206
22.29505040573125	0.0002089803768429478
22.3226263860258	0.0002096889321489256
22.35020236632035	0.0002103974003882544
22.3777783466149	0.0002111057826561545
22.40535432690945	0.0002118140738598139
22.432930307204	0.0002125222764481292
22.46050628749855	0.000213230391606536
22.4880822677931	0.0002139384146909245
22.51565824808765	0.0002146463564448855
22.5432342283822	0.0002153541919771163
22.57081020867675	0.0002160619531972556
22.5983861889713	0.0002167696148215544
22.62596216926585	0.0002174771869425775
22.6535381495604	0.000218184668998802
22.68111412985495	0.0002188920578412237
22.7086901101495	0.0002195993530200696
22.73626609044405	0.000220306559056086
22.7638420707386	0.0002210136740405889
22.79141805103315	0.0002217206965656306
22.8189940313277	0.0002224276224951652
22.84657001162225	0.0002231344550157293
22.87414599191681	0.0002238411960996652
22.90172197221136	0.0002245478422919446
22.92929795250591	0.0002252543921935286
22.95687393280046	0.0002259608477502208
22.98444991309501	0.0002266672212338534
23.01202589338956	0.0002273734813945432
23.03960187368411	0.0002280796541235674
23.06717785397866	0.0002287857323401629
23.09475383427321	0.0002294917124233062
23.12232981456776	0.0002301975953777381
23.14990579486231	0.0002309033837479937
23.17748177515686	0.000231609076179887
23.20505775545141	0.0002323146695220573
23.23263373574596	0.0002330201734727034
23.26020971604051	0.0002337255623652029
23.28778569633506	0.00023443087200818
23.31536167662961	0.0002351360681147299
23.34293765692416	0.0002358411818264616
23.37051363721871	0.0002365461889156143
23.39808961751326	0.0002372510993557801
23.42566559780781	0.0002379559099809022
23.45324157810236	0.0002386606191518776
23.48081755839691	0.0002393652296715447
23.50839353869146	0.0002400697405735797
23.53596951898601	0.0002407741510425657
23.56354549928056	0.0002414784629279947
23.59112147957511	0.0002421826761550428
23.61869745986966	0.0002428867862560972
23.64627344016421	0.0002435907948438691
23.67384942045876	0.0002442947051179416
23.70142540075331	0.0002449985109190714
23.72900138104786	0.0002457022138257203
23.75657736134241	0.0002464058197683252
23.78415334163696	0.0002471093187398075
23.81172932193151	0.0002478127101620971
23.83930530222606	0.0002485160140777237
23.86688128252061	0.0002492192035203037
23.89445726281516	0.0002499222966122856
23.92203324310971	0.0002506252858367853
23.94960922340426	0.0002513281666107259
23.97718520369881	0.0002520309461021834
24.00476118399336	0.0002527336232798929
24.03233716428791	0.0002534361876112
24.05991314458246	0.0002541386562594648
24.08748912487701	0.0002548410129023718
24.11506510517156	0.0002555432706008667
24.14264108546611	0.0002562454221201195
24.17021706576066	0.0002569474717088583
24.19779304605521	0.0002576494068365868
24.22536902634976	0.0002583512407476577
24.25294500664431	0.000259052978400495
24.28052098693886	0.000259754593443038
24.30809696723341	0.0002604561042866841
24.33567294752796	0.0002611575102098866
24.36324892782251	0.0002618588051510406
24.39082490811706	0.0002625599998671259
24.41840088841161	0.0002632610865979769
24.44597686870616	0.0002639620654693675
24.47355284900071	0.0002646629329782586
24.50112882929526	0.0002653636937861724
24.52870480958981	0.0002660643448219247
24.55628078988436	0.0002667648874716471
24.58385677017891	0.0002674653182490818
24.61143275047346	0.0002681656377970729
24.63900873076801	0.0002688658502115064
24.66658471106256	0.0002695659574925878
24.69416069135711	0.000270265951994004
24.72173667165166	0.0002709658359643071
24.74931265194621	0.0002716656073806706
24.77688863224076	0.0002723652788112506
24.80446461253531	0.0002730648272044355
24.83204059282986	0.0002737642660574564
24.85961657312441	0.0002744635945204162
24.88719255341896	0.0002751628055922889
24.91476853371351	0.0002758619093224256
24.94234451400806	0.0002765608971546325
24.96992049430261	0.0002772594066730289
24.99749647459716	0.0002779585473491099
25.02507245489171	0.0002786572029473067
25.05264843518626	0.0002793557417110444
25.08022441548081	0.0002800541687679987
25.10780039577536	0.0002807524834511629
25.13537637606991	0.0002814506783893525
25.16295235636446	0.0002821487584649265
25.19052833665901	0.0002828467295752983
25.21810431695356	0.0002835445804798778
25.24568029724811	0.0002842423241832814
25.27325627754266	0.0002849399525717912
25.30083225783721	0.0002856374628577582
25.32840823813176	0.0002863348533859133
25.35598421842631	0.0002870321294230747
25.38356019872086	0.0002877292924111401
25.41113617901541	0.0002884263363754382
25.43871215930996	0.000289123254632818
25.46628813960452	0.0002898200641135974
25.49386411989907	0.0002905167541000423
25.52144010019362	0.0002912133345896404
25.54901608048817	0.0002919097942298934
25.57659206078272	0.0002926061334748273
25.60416804107727	0.0002933023571344786
25.63174402137182	0.0002939984575949942
25.65932000166637	0.0002946944405803715
25.68689598196092	0.00029539029432989
25.71447196225547	0.0002960860457915408
25.74204794255002	0.0002967816665121893
25.76962392284457	0.0002974771658783982
25.79719990313912	0.0002981725572108524
25.82477588343367	0.000298867821495172
25.85235186372822	0.0002995629705946872
25.87992784402277	0.0003002579933012133
25.90750382431732	0.0003009528946887939
25.93507980461187	0.0003016476718003347
25.96265578490642	0.0003023423264806996
25.99023176520097	0.000303036860419235
26.01780774549552	0.0003037312695739861
26.04538372579007	0.0003044255596746454
26.07295970608462	0.0003051197354135354
26.10053568637917	0.00030581378562583
26.12811166667372	0.0003065077100410161
26.15568764696827	0.0003072015118680633
26.18326362726282	0.0003078951844848659
26.21083960755737	0.0003085887343423936
26.23841558785192	0.0003092821558761493
26.26599156814647	0.0003099754515944475
26.29356754844102	0.0003106686186523998
26.32114352873557	0.0003113616659270073
26.34871950903012	0.0003120545963404111
26.37629548932467	0.0003127474023432686
26.40387146961922	0.0003134400783707911
26.43144744991377	0.0003141326309914261
26.45902343020832	0.0003148250520408002
26.48659941050287	0.0003155173402924399
26.51417539079742	0.0003162095041088633
26.54175137109197	0.0003169015309997353
26.56932735138652	0.0003175934317273707
26.59690333168107	0.0003182852102774005
26.62447931197562	0.0003189768777021281
26.65205529227017	0.0003196684176794084
26.67963127256472	0.0003203598288498913
26.70720725285927	0.0003210511081826816
26.73478323315382	0.0003217422534848264
26.76235921344837	0.0003224332620803698
26.78993519374292	0.0003231241318876948
26.81751117403747	0.0003238148593829167
26.84508715433202	0.0003245054313996322
26.87266313462657	0.0003251958882404165
26.90023911492112	0.0003258862533976708
26.92781509521567	0.0003265764899028568
26.95539107551022	0.0003272665967383728
26.98296705580477	0.0003279565728154104
27.01054303609932	0.0003286464169944519
27.03811901639387	0.0003293361281134195
27.06569499668842	0.0003300257050126949
27.09327097698297	0.0003307151465563908
27.12084695727752	0.0003314044516621723
27.14842293757207	0.0003320935820477204
27.17599891786662	0.0003327825615816596
27.20357489816117	0.0003334714319677293
27.23115087845572	0.0003341601796667952
27.25872685875027	0.0003348488008600628
27.28630283904482	0.0003355372935739561
27.31387881933937	0.0003362256552522802
27.34145479963392	0.0003369138836289125
27.36903077992847	0.0003376019695883467
27.39660676022302	0.0003382899374693073
27.42418274051757	0.0003389777351501275
27.45175872081212	0.0003396653903783114
27.47933470110667	0.000340352906327902
27.50691068140122	0.0003410402949191898
27.53448666169577	0.0003417275422549648
27.56206264199032	0.0003424146574917103
27.58963862228487	0.0003431016393263756
27.61721460257942	0.0003437884785978354
27.64479058287397	0.0003444751826729113
27.67236656316852	0.0003451617451724475
27.69994254346307	0.0003458481572657037
27.72751852375762	0.0003465344221133358
27.75509450405217	0.000347220549853721
27.78267048434672	0.0003479065379552707
27.81024646464127	0.0003485923880646849
27.83782244493582	0.0003492780955692142
27.86539842523037	0.0003499636667197844
27.89297440552492	0.0003506490932018559
27.92055038581947	0.0003513343806209814
27.94812636611402	0.0003520195277715883
27.97570234640857	0.0003527045211815694
28.00327832670312	0.0003533893661996934
28.03085430699767	0.0003540740700318437
28.05843028729223	0.000354758627796376
28.08600626758678	0.0003554430412614442
28.11358224788133	0.0003561273128588653
28.14115822817588	0.0003568114390291792
28.16873420847043	0.0003574954260012848
28.19631018876498	0.0003581792600813795
28.22388616905953	0.0003588629531333039
28.25146214935408	0.0003595464863210399
28.27903812964863	0.0003602298734855407
28.30661410994318	0.0003609131165101525
28.33419009023773	0.0003615962036622162
28.36176607053228	0.00036227915019194
28.38934205082683	0.0003629619457163436
28.41691803112138	0.0003636445974164991
28.44449401141593	0.0003643270967094346
28.47206999171048	0.0003650094473500107
28.49964597200503	0.0003656916572048464
28.52722195229958	0.000366373696268574
28.55479793259413	0.0003670555924341066
28.58237391288868	0.0003677373240862557
28.60994989318323	0.0003684189167991563
28.63752587347778	0.0003691003605336374
28.66510185377233	0.0003697816461971034
28.69267783406688	0.0003704627775304447
28.72025381436143	0.0003711437598078244
28.74782979465598	0.0003718245930198908
28.77540577495053	0.0003725052701308385
28.80298175524508	0.0003731857839760137
28.83055773553963	0.0003738661450568345
28.85813371583418	0.0003745463461890779
28.88570969612873	0.000375226391483786
28.91328567642328	0.0003759062908792598
28.94086165671783	0.0003765860311227808
28.96843763701238	0.0003772656135011684
28.99601361730693	0.0003779450428860746
29.02358959760148	0.0003786243256652146
29.05116557789603	0.0003793034480055392
29.07874155819058	0.0003799822050927345
29.10631753848513	0.0003806610250736893
29.13389351877968	0.0003813396549927639
29.16146949907423	0.0003820181318719167
29.18904547936878	0.000382696444490625
29.21662145966333	0.0003833745898242888
29.24419743995788	0.0003840525947219008
29.27177342025243	0.0003847304185551705
29.29934940054698	0.0003854080860377059
29.32692538084153	0.0003860855916660339
29.35450136113608	0.000386762976994593
29.38207734143063	0.0003874401418754274
29.40965332172518	0.0003881171383582049
29.43722930201973	0.0003887938753522673
29.46480528231428	0.0003894705589420047
29.49238126260883	0.0003901470522929434
29.51995724290338	0.0003908234335435025
29.54753322319793	0.0003914996185102206
29.57510920349248	0.0003921756452510289
29.60268518378703	0.0003928515053193928
29.63026116408158	0.0003935271998784464
29.65783714437613	0.0003942027201784886
29.68541312467068	0.0003948780909422528
29.71298910496523	0.0003955530784760403
29.74056508525978	0.0003962281081908428
29.76814106555433	0.0003969029768204035
29.79571704584888	0.0003975776400060835
29.82329302614343	0.0003982521378310934
29.85086900643798	0.0003989264780733891
29.87844498673253	0.0003996006418836112
29.90602096702708	0.0004002746340181486
29.93359694732163	0.0004009484440407038
29.96117292761618	0.0004016220968484115
29.98874890791073	0.0004022955673383233
30.01632488820528	0.0004029688975241778
30.04390086849983	0.0004036418232138654
30.07147684879438	0.0004043147847554013
30.09905282908893	0.0004049875685542354
30.12662880938348	0.0004056601681678504
30.15420478967803	0.0004063325857666481
30.18178076997258	0.0004070048475480436
30.20935675026713	0.0004076768925434007
30.23693273056168	0.0004083487796772537
30.26450871085623	0.0004090204967810515
30.29208469115078	0.0004096920285374119
30.31966067144533	0.0004103633888803613
30.34723665173988	0.0004110346110341763
30.37481263203443	0.0004117054168476782
30.40238861232898	0.0004123762430720063
30.42996459262353	0.0004130468921616148
30.45754057291808	0.0004137173395627499
30.48511655321263	0.0004143876125217235
30.51269253350718	0.0004150576914080327
30.54026851380173	0.0004157275891714608
30.56784449409628	0.0004163973025384631
30.59542047439083	0.0004170668385125337
30.62299645468539	0.000417736195316703
30.65057243497994	0.0004184053711184892
30.67814841527449	0.0004190744724131723
30.70572439556904	0.0004197429457920472
30.73330037586359	0.0004204115995931903
30.76087635615814	0.00042107984512702
30.78845233645269	0.000421748109583724
30.81602831674724	0.0004224161613294161
30.84360429704179	0.0004230840211460711
30.87118027733634	0.0004237516859882188
30.89875625763089	0.0004244191579672875
30.92633223792544	0.0004250864419713641
30.95390821821999	0.0004257535413466185
30.98148419851454	0.000426420455303674
31.00906017880909	0.0004270872912263363
31.03663615910364	0.0004277536644654886
31.06421213939819	0.000428419792648487
31.09178811969274	0.0004290858314524484
31.11936409998729	0.0004297517975462524
31.14694008028184	0.0004304175486812875
31.17451606057639	0.0004310830574542416
31.20209204087094	0.0004317485855126833
31.22966802116549	0.0004324136031374013
31.25724400146004	0.000433078562908376
31.28481998175459	0.0004337433246057549
31.31239596204914	0.0004344079101820001
31.33997194234369	0.0004350722984648829
31.36754792263824	0.0004357363933642472
31.39512390293279	0.0004364003945914288
31.42269988322734	0.0004370638589601918
31.45027586352189	0.0004377274766048832
31.47785184381644	0.0004383908223277272
31.50542782411099	0.0004390540021464777
31.53300380440554	0.0004397169033640651
31.56057978470009	0.0004403796885806352
31.58815576499464	0.0004410423863921189
31.61573174528919	0.0004417047371115828
31.64330772558374	0.0004423668939343563
31.67088370587829	0.0004430288311488235
31.69845968617284	0.000443690619159889
31.72603566646739	0.0004443520569359021
31.75361164676194	0.0004450132052382822
31.78118762705649	0.0004456741567661472
31.80876360735104	0.000446335106018257
31.83633958764559	0.0004469957720693227
31.86391556794014	0.0004476562975735659
31.89149154823469	0.0004483165926338061
31.91906752852924	0.0004489767067176507
31.94664350882379	0.0004496365942464147
31.97421948911834	0.000450296255168384
32.00179546941289	0.0004509556922558501
32.02937144970744	0.0004516149214374593
32.05694743000199	0.0004522740711940823
32.08452341029654	0.0004529326585360168
32.11209939059109	0.0004535911340627193
32.13967537088564	0.0004542495553773369
32.16725135118019	0.0004549074987019319
32.19482733147474	0.000455565441620545
32.22240331176929	0.0004562231411054193
0
1000	105.6583745	100000000000000.1
5	0	0	1
5	0	0	0
4.673998997513734	-1.291950199122811e-11
4.701574977808284	-1.180350712059678e-11
4.729150958102834	-1.276174099603727e-11
4.756726938397384	-1.390735713011055e-11
4.784302918691934	-1.499446470557827e-11
4.811878898986484	-1.596997286196629e-11
4.839454879281035	-1.682839346830981e-11
4.867030859575585	-1.757847187819945e-11
4.894606839870135	-1.823278181610651e-11
4.922182820164685	-1.880406476028362e-11
4.949758800459235	-1.930394993799121e-11
4.977334780753785	-1.9742593854305e-11
5.004910761048335	-2.012868273608746e-11
5.032486741342885	-2.046956983198293e-11
5.060062721637435	-2.077145124316919e-11
5.087638701931986	-2.103954012760854e-11
5.115214682226536	-2.127822387015003e-11
5.142790662521086	-2.149119977983301e-11
5.170366642815636	-2.168158959769866e-11
5.197942623110186	-2.185203494750578e-11
5.225518603404736	-2.200477639848942e-11
5.253094583699286	-2.214171876886106e-11
5.280670563993836	-2.226448502894223e-11
5.308246544288386	-2.237446082594948e-11
5.335822524582936	-2.247283132110281e-11
5.363398504877487	-2.256061173330089e-11
5.390974485172037	-2.263867273130448e-11
5.418550465466587	-2.270776160917453e-11
5.446126445761137	-2.276851932585773e-11
5.473702426055687	-2.282149530552292e-11
5.501278406350237	-2.288066454312236e-11
5.528854386644787	-2.291769783522287e-11
5.556430366939337	-2.294723663189941e-11
5.584006347233887	-2.296980151913991e-11
5.611582327528438	-2.298588097349737e-11
5.639158307822988	-2.299593469432859e-11
5.666734288117538	-2.300039503586048e-11
5.694310268412088	-2.299966811066746e-11
5.721886248706638	-2.299413487236522e-11
5.749462229001188	-2.298415223457739e-11
5.777038209295738	-2.297011508895027e-11
5.804614189590288	-2.295220567005158e-11
5.832190169884838	-2.293078092513738e-11
5.859766150179389	-2.290611433800003e-11
5.887342130473939	-2.287846119081187e-11
5.914918110768489	-2.284805962866336e-11
5.942494091063039	-2.28151316905754e-11
5.970070071357589	-2.277988430074548e-11
5.997646051652139	-2.274251021538228e-11
6.025222031946689	-2.270318892139971e-11
6.052798012241239	-2.266499574005975e-11
6.080373992535789	-2.262190500517395e-11
6.107949972830339	-2.257711272139902e-11
6.13552595312489	-2.253083271071605e-11
6.16310193341944	-2.24832477028e-11
6.19067791371399	-2.243453149443167e-11
6.21825389400854	-2.238484911409486e-11
6.24582987430309	-2.233435643874716e-11
6.27340585459764	-2.228319991156604e-11
6.30098183489219	-2.223151642387437e-11
6.32855781518674	-2.21781714939317e-11
6.35613379548129	-2.212598154349814e-11
6.383709775775841	-2.207369793205028e-11
6.411285756070391	-2.202139710430326e-11
6.438861736364941	-2.196914633398744e-11
6.466437716659491	-2.191700475673088e-11
6.494013696954041	-2.18650242818027e-11
6.521589677248591	-2.181325039784394e-11
6.549165657543141	-2.176172288568873e-11
6.576741637837691	-2.171047644964548e-11
6.604317618132241	-2.165940352770783e-11
6.631893598426791	-2.16088245361213e-11
6.659469578721342	-2.155861452728452e-11
6.687045559015892	-2.150878752243063e-11
6.714621539310442	-2.145936549257919e-11
6.742197519604992	-2.141035254072423e-11
6.769773499899542	-2.136176007473191e-11
6.797349480194092	-2.131359539056476e-11
6.824925460488642	-2.126586404308271e-11
6.852501440783192	-2.121857009155535e-11
6.880077421077742	-2.117177298059257e-11
6.907653401372293	-2.112535366609382e-11
6.935229381666843	-2.107937293464435e-11
6.962805361961393	-2.103383152149862e-11
6.990381342255943	-2.098872949594349e-11
7.017957322550493	-2.094406633368208e-11
7.045533302845043	-2.089984098198643e-11
7.073109283139593	-2.085605191834801e-11
7.100685263434143	-2.081269720327895e-11
7.128261243728693	-2.076977452784886e-11
7.155837224023244	-2.072724789759552e-11
7.183413204317794	-2.068518530276407e-11
7.210989184612344	-2.064354831713785e-11
7.238565164906894	-2.060233299954498e-11
7.266141145201444	-2.056153516115648e-11
7.293717125495994	-2.05211504065848e-11
7.321293105790544	-2.04811741698721e-11
7.348869086085094	-2.044160174598388e-11
7.376445066379644	-2.040242831834717e-11
7.404021046674194	-2.0363648982906e-11
7.431597026968745	-2.032522459695297e-11
7.459173007263295	-2.028722289736101e-11
7.486748987557845	-2.024960255667152e-11
7.514324967852395	-2.021235793517417e-11
7.541900948146945	-2.017548334195559e-11
7.569476928441495	-2.013897306080368e-11
7.597052908736045	-2.010282137181742e-11
7.624628889030595	-2.006702256936251e-11
7.652204869325145	-2.003157097691476e-11
7.679780849619696	-1.999646095925134e-11
7.707356829914246	-1.996164304042028e-11
7.734932810208796	-1.992720574295328e-11
7.762508790503346	-1.989309610393494e-11
7.790084770797896	-1.985930794607926e-11
7.817660751092446	-1.982583516570479e-11
7.845236731386996	-1.979267174729864e-11
7.872812711681546	-1.97598117730626e-11
7.900388691976096	-1.972724942844487e-11
7.927964672270646	-1.96949790043802e-11
7.955540652565197	-1.966299489673571e-11
7.983116632859747	-1.963134552714353e-11
8.010692613154298	-1.959989106930267e-11
8.038268593448848	-1.956869592407262e-11
8.065844573743398	-1.953775030128436e-11
8.093420554037948	-1.950703980167627e-11
8.120996534332498	-1.947653001470848e-11
8.148572514627048	-1.944600480691377e-11
8.176148494921598	-1.941749007744082e-11
8.203724475216148	-1.938710228121881e-11
8.231300455510699	-1.935748886061669e-11
8.258876435805249	-1.932792264367299e-11
8.286452416099799	-1.929886844739131e-11
8.314028396394349	-1.927002847443667e-11
8.341604376688899	-1.92413980259739e-11
8.369180356983449	-1.921297244630459e-11
8.396756337277999	-1.918474712059377e-11
8.424332317572549	-1.915671747177165e-11
8.451908297867099	-1.912887895674402e-11
8.47948427816165	-1.910122706199267e-11
8.5070602584562	-1.907375729860706e-11
8.53463623875075	-1.904644440383023e-11
8.5622122190453	-1.901933386177815e-11
8.58978819933985	-1.899238947710719e-11
8.6173641796344	-1.896560747697464e-11
8.64494015992895	-1.893898372303672e-11
8.6725161402235	-1.89125139452059e-11
8.70009212051805	-1.888619382479221e-11
8.7276681008126	-1.886001902786725e-11
8.755244081107151	-1.883398521929872e-11
8.782820061401701	-1.880808806835132e-11
8.810396041696251	-1.878232373592448e-11
8.837972021990801	-1.875668710448833e-11
8.865548002285351	-1.873117402543838e-11
8.893123982579901	-1.870578016079428e-11
8.920699962874451	-1.868050119040545e-11
8.948275943169001	-1.865533280873533e-11
8.975851923463551	-1.863027072170595e-11
9.003427903758102	-1.860531064359801e-11
9.031003884052652	-1.858044829400187e-11
9.058579864347202	-1.855567939481477e-11
9.086155844641752	-1.85310025165287e-11
9.113731824936302	-1.850640742176126e-11
9.141307805230852	-1.848189268755296e-11
9.168883785525402	-1.845745404097201e-11
9.196459765819952	-1.843308720897993e-11
9.224035746114502	-1.840878791558697e-11
9.251611726409052	-1.838455187904048e-11
9.279187706703603	-1.836037480904293e-11
9.306763686998153	-1.833625240399671e-11
9.334339667292703	-1.83121803482729e-11
9.361915647587253	-1.82881561533475e-11
9.389491627881803	-1.82641716135201e-11
9.417067608176353	-1.82402242141027e-11
9.444643588470903	-1.821630969157856e-11
9.472219568765453	-1.819242325404949e-11
9.499795549060003	-1.816856089638061e-11
9.527371529354554	-1.814471801616388e-11
9.554947509649104	-1.812089013887177e-11
9.582523489943654	-1.809707275711077e-11
9.610099470238204	-1.807326132983266e-11
9.637675450532754	-1.804945261568629e-11
9.665251430827304	-1.802563920226192e-11
9.692827411121854	-1.800181778276099e-11
9.720403391416404	-1.797798366934631e-11
9.747979371710954	-1.795413213303343e-11
9.775555352005505	-1.793025840093776e-11
9.803131332300055	-1.790635765353372e-11
9.830707312594605	-1.788242502192534e-11
9.858283292889155	-1.785845558512744e-11
9.885859273183705	-1.783444436735698e-11
9.913435253478255	-1.781038748905868e-11
9.941011233772805	-1.778627743788938e-11
9.968587214067355	-1.776211022843409e-11
9.996163194361905	-1.773788065085081e-11
10.02373917465646	-1.771358343150268e-11
10.05131515495101	-1.768921323011202e-11
10.07889113524556	-1.766476463693104e-11
10.10646711554011	-1.764023216992924e-11
10.13404309583466	-1.761561027199806e-11
10.16161907612921	-1.759089330817354e-11
10.18919505642376	-1.756607690058745e-11
10.21677103671831	-1.754115244427399e-11
10.24434701701286	-1.751611541385427e-11
10.27192299730741	-1.749095984984335e-11
10.29949897760196	-1.746567970635416e-11
10.32707495789651	-1.744026884821242e-11
10.35465093819106	-1.741472104811094e-11
10.38222691848561	-1.738902998380495e-11
10.40980289878016	-1.736318923535079e-11
10.43737887907471	-1.733719228239003e-11
10.46495485936926	-1.731103436226466e-11
10.49253083966381	-1.728470483320556e-11
10.52010681995836	-1.725819876211891e-11
10.54768280025291	-1.723150922295907e-11
10.57525878054746	-1.720462918291133e-11
10.60283476084201	-1.717755149948706e-11
10.63041074113656	-1.715026891770971e-11
10.65798672143111	-1.712277406739442e-11
10.68556270172566	-1.709505946052504e-11
10.71313868202021	-1.706711748873207e-11
10.74071466231476	-1.70389452809435e-11
10.76829064260931	-1.701052472251567e-11
10.79586662290386	-1.698185285976882e-11
10.82344260319841	-1.695292164556642e-11
10.85101858349296	-1.692372291530211e-11
10.87859456378751	-1.689424838325509e-11
10.90617054408206	-1.686448963924319e-11
10.93374652437661	-1.683443814556411e-11
10.96132250467116	-1.680408523421807e-11
10.98889848496571	-1.677342210440659e-11
11.01647446526026	-1.67424437537694e-11
11.04405044555481	-1.671113274040693e-11
11.07162642584936	-1.667948401991781e-11
11.09920240614391	-1.664748830583923e-11
11.12677838643846	-1.661513617631473e-11
11.15435436673301	-1.658241807135323e-11
11.18193034702756	-1.654932429064916e-11
11.20950632732211	-1.651584499192299e-11
11.23708230761666	-1.648197018975014e-11
11.26465828791121	-1.644768975485432e-11
11.29223426820576	-1.641299157219511e-11
11.31981024850031	-1.637786910396996e-11
11.34738622879486	-1.634230989369666e-11
11.37496220908941	-1.630630321602136e-11
11.40253818938396	-1.626983819925215e-11
11.43011416967851	-1.623290382758453e-11
11.45769014997306	-1.61954889436638e-11
11.48526613026761	-1.615758225149937e-11
11.51284211056216	-1.611917231974589e-11
11.54041809085671	-1.608024758536684e-11
11.56799407115126	-1.604079576347416e-11
11.59557005144581	-1.600080627972434e-11
11.62314603174036	-1.596026660764263e-11
11.65072201203491	-1.591916469776984e-11
11.67829799232946	-1.587748839098175e-11
11.70587397262401	-1.583522542469961e-11
11.73344995291856	-1.57923634395822e-11
11.76102593321311	-1.574888998671597e-11
11.78860191350766	-1.570479253531982e-11
11.81617789380221	-1.566005848098098e-11
11.84375387409676	-1.561467471561108e-11
11.87132985439131	-1.556862942205203e-11
11.89890583468586	-1.552190940165114e-11
11.92648181498041	-1.54745018476562e-11
11.95405779527496	-1.542639392705476e-11
11.98163377556951	-1.537757279207104e-11
12.00920975586406	-1.532802559228274e-11
12.03678573615861	-1.527773948736983e-11
12.06436171645316	-1.522670166050622e-11
12.09193769674771	-1.517489933240429e-11
12.11951367704226	-1.5122319536422e-11
12.14708965733681	-1.506895010916456e-11
12.17466563763136	-1.501477824037635e-11
12.20224161792591	-1.495979145383815e-11
12.22981759822046	-1.490397738989603e-11
12.25739357851501	-1.484732382343596e-11
12.28496955880956	-1.47898186825348e-11
12.31254553910411	-1.473145006778496e-11
12.34012151939866	-1.467220627228748e-11
12.36769749969321	-1.4612075802306e-11
12.39527347998776	-1.455104707672744e-11
12.42284946028231	-1.448910976013127e-11
12.45042544057686	-1.442625281208811e-11
12.47800142087141	-1.43624658093937e-11
12.50557740116597	-1.429773865312355e-11
12.53315338146052	-1.423206159281509e-11
12.56072936175507	-1.416542525117418e-11
12.58830534204962	-1.409782064927492e-11
12.61588132234417	-1.402923923221794e-11
12.64345730263872	-1.395967289520882e-11
12.67103328293327	-1.388911417507403e-11
12.69860926322782	-1.381755560560474e-11
12.72618524352237	-1.374499075332228e-11
12.75376122381692	-1.367141358202413e-11
12.78133720411147	-1.359681864160892e-11
12.80891318440602	-1.352120109574874e-11
12.83648916470057	-1.344455674960828e-11
12.86406514499512	-1.33668820775413e-11
12.89164112528967	-1.328817425069153e-11
12.91921710558422	-1.320843116442129e-11
12.94679308587877	-1.312765099441237e-11
12.97436906617332	-1.304583414352091e-11
13.00194504646787	-1.29629803767643e-11
13.02952102676242	-1.28790907519159e-11
13.05709700705697	-1.279416718026071e-11
13.08467298735152	-1.270821245102323e-11
13.11224896764607	-1.26212302549878e-11
13.13982494794062	-1.253322520721189e-11
13.16740092823517	-1.244420286873113e-11
13.19497690852972	-1.235416976715384e-11
13.22255288882427	-1.226313348311909e-11
13.25012886911882	-1.217110239490794e-11
13.27770484941337	-1.207808610694211e-11
13.30528082970792	-1.198409519367742e-11
13.33285681000247	-1.188914127922536e-11
13.36043279029702	-1.179323704914202e-11
13.38800877059157	-1.169639626039333e-11
13.41558475088612	-1.15986337494028e-11
13.44316073118067	-1.149996543809166e-11
13.47073671147522	-1.140040833782528e-11
13.49831269176977	-1.129998014401251e-11
13.52588867206432	-1.119870089584929e-11
13.55346465235887	-1.109659047211525e-11
13.58104063265342	-1.099367023454226e-11
13.60861661294797	-1.088996261800433e-11
13.63619259324252	-1.078549112029361e-11
13.66376857353707	-1.068028028936935e-11
13.69134455383162	-1.057435570805052e-11
13.71892053412617	-1.046774397613146e-11
13.74649651442072	-1.036047268991072e-11
13.77407249471527	-1.025256981756389e-11
13.80164847500982	-1.014406612810091e-11
13.82922445530437	-1.003499146174688e-11
13.85680043559892	-9.925377140691557e-12
13.88437641589347	-9.815255339938063e-12
13.91195239618802	-9.704659051562584e-12
13.93952837648257	-9.593622046617598e-12
13.96710435677712	-9.482178834756322e-12
13.99468033707167	-9.370364621666808e-12
14.02225631736622	-9.25821526441519e-12
14.04983229766077	-9.145766630060769e-12
14.07740827795532	-9.033056975595163e-12
14.10498425824987	-8.920123232608684e-12
14.13256023854442	-8.807003375028865e-12
14.16013621883897	-8.69373577490031e-12
14.18771219913352	-8.580359147746081e-12
14.21528817942807	-8.466912496802608e-12
14.24286415972262	-8.353435056295926e-12
14.27044014001717	-8.239966233932275e-12
14.29801612031172	-8.126545552780451e-12
14.32559210060627	-8.013211661340867e-12
14.35316808090082	-7.90000608121008e-12
14.38074406119537	-7.7869673969288e-12
14.40832004148992	-7.674134998379962e-12
14.43589602178447	-7.561548093296617e-12
14.46347200207902	-7.44924564932768e-12
14.49104798237357	-7.337266336790668e-12
14.51862396266812	-7.22564847228893e-12
14.54619994296267	-7.114429963366399e-12
14.57377592325722	-7.00364825436758e-12
14.60135190355177	-6.893339291472216e-12
14.62892788384632	-6.783541488802875e-12
14.65650386414087	-6.674289602760269e-12
14.68407984443542	-6.56561870418594e-12
14.71165582472997	-6.457563149255018e-12
14.73923180502452	-6.350156535748342e-12
14.76680778531907	-6.243431661499438e-12
14.79438376561362	-6.137420485114497e-12
14.82195974590817	-6.032154089052703e-12
14.84953572620272	-5.927662645143004e-12
14.87711170649727	-5.823974518385357e-12
14.90468768679182	-5.721119774842304e-12
14.93226366708637	-5.619124800065941e-12
14.95983964738092	-5.518015820843704e-12
14.98741562767547	-5.417818015757272e-12
15.01499160797002	-5.31855549638398e-12
15.04256758826457	-5.220251291155326e-12
15.07014356855912	-5.12292733185849e-12
15.09771954885368	-5.026604442756778e-12
15.12529552914823	-4.931302332295111e-12
15.15287150944278	-4.837038670686063e-12
15.18044748973733	-4.743832841325021e-12
15.20802347003188	-4.651700251103246e-12
15.23559945032643	-4.560656102677593e-12
15.26317543062098	-4.470714474781695e-12
15.29075141091553	-4.381888328421783e-12
15.31832739121008	-4.294189515196787e-12
15.34590337150463	-4.207628787650726e-12
15.37347935179918	-4.122215811561073e-12
15.40105533209373	-4.037959180063147e-12
15.42863131238828	-3.954865582522384e-12
15.45620729268283	-3.872943293535418e-12
15.48378327297738	-3.792196927883459e-12
15.51135925327193	-3.712630953083351e-12
15.53893523356648	-3.634248855314288e-12
15.56651121386103	-3.557053162527053e-12
15.59408719415558	-3.481045468636017e-12
15.62166317445013	-3.40622645868546e-12
15.64923915474468	-3.332595934883375e-12
15.67681513503923	-3.260152843397585e-12
15.70439111533378	-3.188894555645978e-12
15.73196709562833	-3.118819956352763e-12
15.75954307592288	-3.049924828593105e-12
15.78711905621743	-2.982204965404601e-12
15.81469503651198	-2.915655443018534e-12
15.84227101680653	-2.850270650369877e-12
15.86984699710108	-2.78604431870678e-12
15.89742297739563	-2.722969551219716e-12
15.92499895769018	-2.66103885261458e-12
15.95257493798473	-2.600244158558193e-12
15.98015091827928	-2.540576210944189e-12
16.00772689857383	-2.482027270242298e-12
16.03530287886838	-2.424587069776737e-12
16.06287885916293	-2.368245550841078e-12
16.09045483945748	-2.312992226550729e-12
16.11803081975203	-2.258816209454881e-12
16.14560680004658	-2.205706238630087e-12
16.17318278034113	-2.153650706217467e-12
16.20075876063568	-2.102637683369539e-12
16.22833474093023	-2.052654945576388e-12
16.25591072122478	-2.003689425045858e-12
16.28348670151933	-1.955729583929322e-12
16.31106268181388	-1.908761868649478e-12
16.33863866210843	-1.862773104951749e-12
16.36621464240298	-1.817749937542667e-12
16.39379062269753	-1.773678851439091e-12
16.42136660299208	-1.730546192569701e-12
16.44894258328663	-1.688338187624094e-12
16.47651856358118	-1.647040963147315e-12
16.50409454387573	-1.606640563879953e-12
16.53167052417028	-1.567122492954095e-12
16.55924650446483	-1.528473689074383e-12
16.58682248475938	-1.490679563071812e-12
16.61439846505393	-1.453725994844138e-12
16.64197444534848	-1.417598861491854e-12
16.66955042564303	-1.382284051407139e-12
16.69712640593758	-1.34776747765006e-12
16.72470238623213	-1.314035090625517e-12
16.75227836652668	-1.281072890075481e-12
16.77985434682123	-1.248866936401895e-12
16.80743032711578	-1.217402961717966e-12
16.83500630741033	-1.186668021341541e-12
16.86258228770488	-1.156648007410823e-12
16.89015826799943	-1.127329318219837e-12
16.91773424829398	-1.098698458645818e-12
16.94531022858853	-1.070742047957051e-12
16.97288620888308	-1.043446827064367e-12
17.00046218917763	-1.016799665235532e-12
17.02803816947218	-9.907875662918515e-13
17.05561414976673	-9.653976743062594e-13
17.08319013006128	-9.406169575556466e-13
17.11076611035583	-9.164335332115314e-13
17.13834209065038	-8.928346641447031e-13
17.16591807094493	-8.698080988974491e-13
17.19349405123948	-8.473417469717767e-13
17.22107003153403	-8.254236820509723e-13
17.24864601182858	-8.040421448433992e-13
17.27622199212313	-7.831855455664569e-13
17.30379797241768	-7.628424660882029e-13
17.33137395271223	-7.430016617437295e-13
17.35894993300678	-7.236517994716954e-13
17.38652591330133	-7.047825413018405e-13
17.41410189359588	-6.863828988533439e-13
17.44167787389043	-6.684423300645986e-13
17.46925385418498	-6.509504703309662e-13
17.49682983447953	-6.338971328017236e-13
17.52440581477408	-6.172723084503068e-13
17.55198179506863	-6.010661659316832e-13
17.57955777536318	-5.852690512401813e-13
17.60713375565773	-5.698714871805865e-13
17.63470973595228	-5.548639669306602e-13
17.66228571624683	-5.40237798720998e-13
17.68986169654139	-5.259838182718502e-13
17.71743767683594	-5.120932442717903e-13
17.74501365713049	-4.985574665888306e-13
17.77258963742504	-4.853680449410477e-13
17.80016561771959	-4.725167074498728e-13
17.82774159801414	-4.599953490855555e-13
17.85531757830869	-4.477960300138235e-13
17.88289355860324	-4.359109738523477e-13
17.91046953889779	-4.243324000027515e-13
17.93804551919234	-4.130532034242981e-13
17.96562149948689	-4.020659153116646e-13
17.99319747978144	-3.913633918922204e-13
18.02077346007599	-3.809386425694336e-13
18.04834944037054	-3.707848278596113e-13
18.07592542066509	-3.608952572817953e-13
18.10350140095964	-3.512633872067703e-13
18.13107738125419	-3.418828186707853e-13
18.15865336154874	-3.327472951592917e-13
18.18622934184329	-3.238505705964414e-13
18.21380532213784	-3.15186940530125e-13
18.24138130243239	-3.067504279761529e-13
18.26895728272694	-2.985353218627113e-13
18.29653326302149	-2.905360418298135e-13
18.32410924331604	-2.82747135977541e-13
18.35168522361059	-2.751632786085564e-13
18.37926120390514	-2.677792679683349e-13
18.40683718419969	-2.605900239862987e-13
18.43441316449424	-2.535905860208337e-13
18.46198914478879	-2.467760091136937e-13
18.48956512508334	-2.401417790078589e-13
18.51714110537789	-2.336831748211268e-13
18.54471708567244	-2.273956898662385e-13
18.57229306596699	-2.212749254707664e-13
18.59986904626154	-2.153165888360278e-13
18.62744502655609	-2.095164909115315e-13
18.65502100685064	-2.038705442867586e-13
18.68259698714519	-1.983747611019112e-13
18.71017296743974	-1.930252509791218e-13
18.73774894773429	-1.878181391378344e-13
18.76532492802884	-1.827498926025345e-13
18.79290090832339	-1.7781681857408e-13
18.82047688861794	-1.730153952782805e-13
18.84805286891249	-1.683421882045253e-13
18.87562884920704	-1.637938482151373e-13
18.90320482950159	-1.593671096792211e-13
18.93078080979614	-1.550587886318116e-13
18.95835679009069	-1.508657809590236e-13
18.98593277038524	-1.467850606098223e-13
19.01350875067979	-1.42813615719612e-13
19.04108473097434	-1.389487022585979e-13
19.06866071126889	-1.351874535674377e-13
19.09623669156344	-1.315271376633213e-13
19.12381267185799	-1.279650919266508e-13
19.15138865215254	-1.244987215054541e-13
19.17896463244709	-1.211254977462922e-13
19.20654061274164	-1.1784295665191e-13
19.23411659303619	-1.146486973658125e-13
19.26169257333074	-1.115403806838991e-13
19.28926855362529	-1.085156793565448e-13
19.31684453391984	-1.055724749819856e-13
19.34442051421439	-1.0270855468023e-13
19.37199649450894	-9.992181085471604e-14
19.39957247480349	-9.721019039226239e-14
19.42714845509804	-9.45716933562457e-14
19.45472443539259	-9.200437170470153e-14
19.48230041568714	-8.95063280333079e-14
19.50987639598169	-8.707571434317244e-14
19.53745237627624	-8.471073083331205e-14
19.56502835657079	-8.240958719143323e-14
19.59260433686534	-8.017065573024799e-14
19.62018031715989	-7.799223535827614e-14
19.64775629745444	-7.587270696408982e-14
19.67533227774899	-7.381049385701573e-14
19.70290825804354	-7.18040607188198e-14
19.73048423833809	-6.985191257719164e-14
19.75806021863264	-6.795259380085401e-14
19.78563619892719	-6.610468711610417e-14
19.81321217922174	-6.430681264457508e-14
19.84078815951629	-6.255759776398201e-14
19.86836413981084	-6.085579624202412e-14
19.89594012010539	-5.920010456396255e-14
19.92351610039994	-5.75892828251117e-14
19.95109208069449	-5.602212393389573e-14
19.97866806098904	-5.449745278324375e-14
20.00624404128359	-5.301412544022828e-14
20.03382002157814	-5.157102835373454e-14
20.06139600187269	-5.016707757993069e-14
20.08897198216724	-4.88012180253031e-14
20.11654796246179	-4.747240010901725e-14
20.14412394275634	-4.61796719587687e-14
20.17169992305089	-4.492203724183173e-14
20.19927590334544	-4.369854872789601e-14
20.22685188363999	-4.250828444429362e-14
20.25442786393454	-4.13503470279869e-14
20.2820038442291	-4.022386309239927e-14
20.30957982452365	-3.912798260887558e-14
20.3371558048182	-3.806187830255179e-14
20.36473178511275	-3.702474506240891e-14
20.3923077654073	-3.601578187436073e-14
20.41988374570185	-3.503426317898786e-14
20.4474597259964	-3.407942882692878e-14
20.47503570629095	-3.315055649782064e-14
20.5026116865855	-3.22469432417419e-14
20.53018766688005	-3.136790497638501e-14
20.5577636471746	-3.051277599607241e-14
20.58533962746915	-2.96809084924231e-14
20.6129156077637	-2.887167208647634e-14
20.64049158805825	-2.808445337207503e-14
20.6680675683528	-2.731864189110539e-14
20.69564354864735	-2.657368553496305e-14
20.7232195289419	-2.58490051107549e-14
20.75079550923645	-2.514405056846849e-14
20.778371489531	-2.445828667223701e-14
20.80594746982555	-2.379119261244861e-14
20.8335234501201	-2.314226162717265e-14
20.86109943041465	-2.251100063274165e-14
20.8886754107092	-2.189692986332539e-14
20.91625139100375	-2.129958251933272e-14
20.9438273712983	-2.071849392635755e-14
20.97140335159285	-2.015324436813394e-14
20.9989793318874	-1.960339303808313e-14
21.02655531218195	-1.906852151164615e-14
21.0541312924765	-1.8548222670213e-14
21.08170727277105	-1.80421004033348e-14
21.1092832530656	-1.754976931657588e-14
21.13685923336015	-1.707085445207778e-14
21.1644352136547	-1.660499100650725e-14
21.19201119394925	-1.615182406508174e-14
21.2195871742438	-1.571100021363722e-14
21.24716315453835	-1.528220068689843e-14
21.2747391348329	-1.486509025975768e-14
21.30231511512745	-1.445935089075549e-14
21.329891095422	-1.406467315327053e-14
21.35746707571655	-1.368075600741033e-14
21.3850430560111	-1.330730657751559e-14
21.41261903630565	-1.294403993517328e-14
21.4401950166002	-1.259067888763267e-14
21.46777099689475	-1.224695377151787e-14
21.4953469771893	-1.191259596589933e-14
21.52292295748385	-1.158736354339203e-14
21.5504989377784	-1.127100172636832e-14
21.57807491807295	-1.096326892162063e-14
21.6056508983675	-1.066393009233888e-14
21.63322687866205	-1.037275658389318e-14
21.6608028589566	-1.008952595393488e-14
21.68837883925115	-9.814021806733458e-15
21.7159548195457	-9.546033631666135e-15
21.74353079984025	-9.285356645777359e-15
21.7711067801348	-9.031786776766641e-15
21.79868276042935	-8.785140512287128e-15
21.8262587407239	-8.545224305420048e-15
21.85383472101845	-8.311854720886366e-15
21.881410701313	-8.084853308655352e-15
21.90898668160755	-7.864046471132436e-15
21.9365626619021	-7.649265333656076e-15
21.96413864219665	-7.440345618238688e-15
21.9917146224912	-7.237127520487843e-15
22.01929060278575	-7.039455589643005e-15
22.0468665830803	-6.847174850661643e-15
22.07444256337485	-6.660146155501211e-15
22.1020185436694	-6.478222525828052e-15
22.12959452396395	-6.301264733962864e-15
22.1571705042585	-6.129137340203878e-15
22.18474648455305	-5.961708591720452e-15
22.2123224648476	-5.798850323974089e-15
22.23989844514215	-5.640437864617049e-15
22.2674744254367	-5.486349939819533e-15
22.29505040573125	-5.336468582975574e-15
22.3226263860258	-5.190676137679578e-15
22.35020236632035	-5.048867128981218e-15
22.3777783466149	-4.910929972518159e-15
22.40535432690945	-4.776759023367505e-15
22.432930307204	-4.646251513332727e-15
22.46050628749855	-4.519307474055112e-15
22.4880822677931	-4.39582966205142e-15
22.51565824808765	-4.275723485639623e-15
22.5432342283822	-4.158896933715202e-15
22.57081020867675	-4.045260506339891e-15
22.5983861889713	-3.934724898640762e-15
22.62596216926585	-3.82721018061363e-15
22.6535381495604	-3.722631655961565e-15
22.68111412985495	-3.620909179204944e-15
22.7086901101495	-3.521964788670818e-15
22.73626609044405	-3.425722648068342e-15
22.7638420707386	-3.332108989529591e-15
22.79141805103315	-3.24105205808698e-15
22.8189940313277	-3.152482057558343e-15
22.84657001162225	-3.066331097811075e-15
22.87414599191681	-2.982531404955869e-15
22.90172197221136	-2.901022419690386e-15
22.92929795250591	-2.821739864763528e-15
22.95687393280046	-2.744622949464775e-15
22.98444991309501	-2.669612540360674e-15
23.01202589338956	-2.596651116927588e-15
23.03960187368411	-2.525682728297769e-15
23.06717785397866	-2.456652951096977e-15
23.09475383427321	-2.389508848351928e-15
23.12232981456776	-2.324198929445337e-15
23.14990579486231	-2.260671766602013e-15
23.17748177515686	-2.198881485460941e-15
23.20505775545141	-2.138779310516805e-15
23.23263373574596	-2.080319137765289e-15
23.26020971604051	-2.023456120597265e-15
23.28778569633506	-1.968146636122538e-15
23.31536167662961	-1.914348252338621e-15
23.34293765692416	-1.86201969612814e-15
23.37051363721871	-1.811120822068248e-15
23.39808961751326	-1.761612582035495e-15
23.42566559780781	-1.713455956901185e-15
23.45324157810236	-1.666616198785247e-15
23.48081755839691	-1.621056299985417e-15
23.50839353869146	-1.576741298619506e-15
23.53596951898601	-1.533637186631646e-15
23.56354549928056	-1.491710884239673e-15
23.59112147957511	-1.450930215023498e-15
23.61869745986966	-1.411263881642031e-15
23.64627344016421	-1.37268144216608e-15
23.67384942045876	-1.33515328701477e-15
23.70142540075331	-1.298649812720959e-15
23.72900138104786	-1.26314470512384e-15
23.75657736134241	-1.228609885887553e-15
23.78415334163696	-1.195018844727066e-15
23.81172932193151	-1.162345794796385e-15
23.83930530222606	-1.130565653305743e-15
23.86688128252061	-1.099654022624632e-15
23.89445726281516	-1.069587171861367e-15
23.92203324310971	-1.040342018909586e-15
23.94960922340426	-1.011896112952387e-15
23.97718520369881	-9.842269962934834e-16
24.00476118399336	-9.573147418123838e-16
24.03233716428791	-9.311380480975384e-16
24.05991314458246	-9.056768147790382e-16
24.08748912487701	-8.809114901253305e-16
24.11506510517156	-8.568230563434949e-16
24.14264108546611	-8.333930152476373e-16
24.17021706576066	-8.106033742883192e-16
24.19779304605521	-7.884366329359453e-16
24.22536902634976	-7.668757694108968e-16
24.25294500664431	-7.459037473977886e-16
24.28052098693886	-7.255054786814462e-16
24.30809696723341	-7.056648034852116e-16
24.33567294752796	-6.863664823878259e-16
24.36324892782251	-6.675956920031213e-16
24.39082490811706	-6.493380138338745e-16
24.41840088841161	-6.315794234044554e-16
24.44597686870616	-6.143062796669654e-16
24.47355284900071	-5.975053146754848e-16
24.50112882929526	-5.811636235230737e-16
24.52870480958981	-5.652682831248612e-16
24.55628078988436	-5.498078699163766e-16
24.58385677017891	-5.347701252313505e-16
24.61143275047346	-5.201434956298341e-16
24.63900873076801	-5.059167431298506e-16
24.66658471106256	-4.920789367569109e-16
24.69416069135711	-4.78619444304625e-16
24.72173667165166	-4.655279243023921e-16
24.74931265194621	-4.527943181861644e-16
24.77688863224076	-4.40408842668223e-16
24.80446461253531	-4.283616950839589e-16
24.83204059282986	-4.166442271943857e-16
24.85961657312441	-4.052471399280122e-16
24.88719255341896	-3.941616746751629e-16
24.91476853371351	-3.833793120068577e-16
24.94234451400806	-3.728917652687652e-16
24.96992049430261	-3.626909743349435e-16
24.99749647459716	-3.5276909951836e-16
25.02507245489171	-3.431185156351689e-16
25.05264843518626	-3.33731806219698e-16
25.08022441548081	-3.246015358642323e-16
25.10780039577536	-3.157211576879397e-16
25.13537637606991	-3.070836179592481e-16
25.16295235636446	-2.986822770739298e-16
25.19052833665901	-2.905106767975766e-16
25.21810431695356	-2.825625353113904e-16
25.24568029724811	-2.748317426041647e-16
25.27325627754266	-2.673123557727017e-16
25.30083225783721	-2.599985945468798e-16
25.32840823813176	-2.528848369022787e-16
25.35598421842631	-2.459654429718441e-16
25.38356019872086	-2.392354573850311e-16
25.41113617901541	-2.326895295266517e-16
25.43871215930996	-2.263226263285106e-16
25.46628813960452	-2.201298521993803e-16
25.49386411989907	-2.141064453446093e-16
25.52144010019362	-2.082477741772231e-16
25.54901608048817	-2.025493338188392e-16
25.57659206078272	-1.970067426886813e-16
25.60416804107727	-1.916157391789854e-16
25.63174402137182	-1.863720452890415e-16
25.65932000166637	-1.812719108853214e-16
25.68689598196092	-1.763112771570817e-16
25.71447196225547	-1.714863289729455e-16
25.74204794255002	-1.667933554217164e-16
25.76962392284457	-1.622287470231652e-16
25.79719990313912	-1.577889930080225e-16
25.82477588343367	-1.534706786659161e-16
25.85235186372822	-1.492704827599792e-16
25.87992784402277	-1.451851750068367e-16
25.90750382431732	-1.412115110637195e-16
25.93507980461187	-1.373466518509721e-16
25.96265578490642	-1.335875191397906e-16
25.99023176520097	-1.299312211078847e-16
26.01780774549552	-1.263749449402808e-16
26.04538372579007	-1.229159547153854e-16
26.07295970608462	-1.195515893434076e-16
26.10053568637917	-1.162792605561962e-16
26.12811166667372	-1.130964509475376e-16
26.15568764696827	-1.100007120629438e-16
26.18326362726282	-1.069895832404114e-16
26.21083960755737	-1.040609158662717e-16
26.23841558785192	-1.012123751567201e-16
26.26599156814647	-9.844176922421199e-17
26.29356754844102	-9.574696607231025e-17
26.32114352873557	-9.312589199363215e-17
26.34871950903012	-9.057653000741551e-17
26.37629548932467	-8.809691833598798e-17
26.40387146961922	-8.568514891943038e-17
26.43144744991377	-8.333936596770007e-17
26.45902343020832	-8.105770282851071e-17
26.48659941050287	-7.883853440985939e-17
26.51417539079742	-7.668008942173127e-17
26.54175137109197	-7.458070654685337e-17
26.56932735138652	-7.253876986537147e-17
26.59690333168107	-7.055270764103035e-17
26.62447931197562	-6.862099113729077e-17
26.65205529227017	-6.67421334628648e-17
26.67963127256472	-6.491468844612595e-17
26.70720725285927	-6.313724953785679e-17
26.73478323315382	-6.140840143813475e-17
26.76235921344837	-5.972691356319393e-17
26.78993519374292	-5.809144288926702e-17
26.81751117403747	-5.650073027983706e-17
26.84508715433202	-5.495355101017573e-17
26.87266313462657	-5.344871384743706e-17
26.90023911492112	-5.198506015341035e-17
26.92781509521567	-5.056146300953989e-17
26.95539107551022	-4.9176826363805e-17
26.98296705580477	-4.783008419905452e-17
27.01054303609932	-4.652016309982085e-17
27.03811901639387	-4.524613203415273e-17
27.06569499668842	-4.400697237326876e-17
27.09327097698297	-4.28017298334286e-17
27.12084695727752	-4.162947621266595e-17
27.14842293757207	-4.04893086940544e-17
27.17599891786662	-3.938034916603609e-17
27.20357489816117	-3.830174355954192e-17
27.23115087845572	-3.725266120161373e-17
27.25872685875027	-3.623229418523296e-17
27.28630283904482	-3.523982827270484e-17
27.31387881933937	-3.427455941596576e-17
27.34145479963392	-3.333571485602657e-17
27.36903077992847	-3.242257136846345e-17
27.39660676022302	-3.153442549804978e-17
27.42418274051757	-3.067059303075089e-17
27.45175872081212	-2.983040847866169e-17
27.47933470110667	-2.901322457766858e-17
27.50691068140122	-2.821841179761485e-17
27.53448666169577	-2.744535786474547e-17
27.56206264199032	-2.669344573862972e-17
27.58963862228487	-2.596214182487733e-17
27.61721460257942	-2.525086049812623e-17
27.64479058287397	-2.455905366698101e-17
27.67236656316852	-2.3886188224122e-17
27.69994254346307	-2.323174564616847e-17
27.72751852375762	-2.259522160333891e-17
27.75509450405217	-2.197612557874315e-17
27.78267048434672	-2.137398049713641e-17
27.81024646464127	-2.078832236296282e-17
27.83782244493582	-2.021868267425389e-17
27.86539842523037	-1.966465892800642e-17
27.89297440552492	-1.912580643717178e-17
27.92055038581947	-1.860170985271216e-17
27.94812636611402	-1.809196518472094e-17
27.97570234640857	-1.759617950414236e-17
28.00327832670312	-1.711397066489373e-17
28.03085430699767	-1.664496712168103e-17
28.05843028729223	-1.618881082379484e-17
28.08600626758678	-1.574513607231276e-17
28.11358224788133	-1.531360572345343e-17
28.14115822817588	-1.489390596236526e-17
28.16873420847043	-1.448570109240908e-17
28.19631018876498	-1.408867635902498e-17
28.22388616905953	-1.370252561084872e-17
28.25146214935408	-1.332695106487429e-17
28.27903812964863	-1.29616630629843e-17
28.30661410994318	-1.260637973764082e-17
28.33419009023773	-1.226082340697937e-17
28.36176607053228	-1.192474280365634e-17
28.38934205082683	-1.159784908055871e-17
28.41691803112138	-1.127992167795356e-17
28.44449401141593	-1.097070332813454e-17
28.47206999171048	-1.066995552240577e-17
28.49964597200503	-1.037744627457297e-17
28.52722195229958	-1.00929499469876e-17
28.55479793259413	-9.816247080804021e-18
28.58237391288868	-9.547124230378641e-18
28.60994989318323	-9.285373801737305e-18
28.63752587347778	-9.030793895033308e-18
28.66510185377233	-8.783177946735256e-18
28.69267783406688	-8.54235618566635e-18
28.72025381436143	-8.308132729966155e-18
28.74782979465598	-8.080326954444032e-18
28.77540577495053	-7.858763230334607e-18
28.80298175524508	-7.64327083816888e-18
28.83055773553963	-7.433683936965059e-18
28.85813371583418	-7.229841681835628e-18
28.88570969612873	-7.031588824895643e-18
28.91328567642328	-6.838778450254201e-18
28.94086165671783	-6.651082529909638e-18
28.96843763701238	-6.468693349534745e-18
28.99601361730693	-6.291294504509352e-18
29.02358959760148	-6.118753814138455e-18
29.05116557789603	-5.950939806342729e-18
29.07874155819058	-5.787723704830947e-18
29.10631753848513	-5.628979905955116e-18
29.13389351877968	-5.474586086561014e-18
29.16146949907423	-5.324423195734929e-18
29.18904547936878	-5.178375403920512e-18
29.21662145966333	-5.036324365560982e-18
29.24419743995788	-4.898172565035959e-18
29.27177342025243	-4.763807359000248e-18
29.29934940054698	-4.633124993177871e-18
29.32692538084153	-4.506024551856926e-18
29.35450136113608	-4.382407882299199e-18
29.38207734143063	-4.26217952097101e-18
29.40965332172518	-4.145246621567696e-18
29.43722930201973	-4.031518884803342e-18
29.46480528231428	-3.920908489936727e-18
29.49238126260883	-3.813326270497962e-18
29.51995724290338	-3.708697096885619e-18
29.54753322319793	-3.606936299004391e-18
29.57510920349248	-3.507965268316674e-18
29.60268518378703	-3.411707547091265e-18
29.63026116408158	-3.318088771161782e-18
29.65783714437613	-3.227036614057895e-18
29.68541312467068	-3.138480732489241e-18
29.71298910496523	-3.052352713160317e-18
29.74056508525978	-2.9685860208938e-18
29.76814106555433	-2.88711312249822e-18
29.79571704584888	-2.80787705639278e-18
29.82329302614343	-2.73081369309918e-18
29.85086900643798	-2.655863477308803e-18
29.87844498673253	-2.582968483625395e-18
29.90602096702708	-2.512072373240095e-18
29.93359694732163	-2.443120351656277e-18
29.96117292761618	-2.376059127455653e-18
29.98874890791073	-2.310836872100251e-18
30.01632488820528	-2.247403180771023e-18
30.04390086849983	-2.185706196389117e-18
30.07147684879438	-2.125704046368175e-18
30.09905282908893	-2.067347606081231e-18
30.12662880938348	-2.010591825002997e-18
30.15420478967803	-1.955393055442895e-18
30.18178076997258	-1.901710387315384e-18
30.20935675026713	-1.849485693970115e-18
30.23693273056168	-1.798709956807732e-18
30.26450871085623	-1.749322687839161e-18
30.29208469115078	-1.701289552042287e-18
30.31966067144533	-1.654572978848265e-18
30.34723665173988	-1.609138264855837e-18
30.37481263203443	-1.564949995200523e-18
30.40238861232898	-1.521974003659237e-18
30.42996459262353	-1.480177062433775e-18
30.45754057291808	-1.439526860007566e-18
30.48511655321263	-1.399991982073355e-18
30.51269253350718	-1.361541898864863e-18
30.54026851380173	-1.324146968534955e-18
30.56784449409628	-1.287778490096761e-18
30.59542047439083	-1.252382535833761e-18
30.62299645468539	-1.217986001002195e-18
30.65057243497994	-1.184531209156091e-18
30.67814841527449	-1.15199365418064e-18
30.70572439556904	-1.120348602161012e-18
30.73330037586359	-1.089571748683454e-18
30.76087635615814	-1.059639364799218e-18
30.78845233645269	-1.030528332973533e-18
30.81602831674724	-1.002216150902568e-18
30.84360429704179	-9.746809240536296e-19
30.87118027733634	-9.478974347484019e-19
30.89875625763089	-9.218527840999479e-19
30.92633223792544	-8.965230799500836e-19
30.95390821821999	-8.71888709396994e-19
30.98148419851454	-8.479306872284387e-19
31.00906017880909	-8.24629398318228e-19
31.03663615910364	-8.019483746461934e-19
31.06421213939819	-7.799311068634439e-19
31.09178811969274	-7.584971696672095e-19
31.11936409998729	-7.37651798806765e-19
31.14694008028184	-7.173797383059195e-19
31.17451606057639	-6.976630307850036e-19
31.20209204087094	-6.784876314079431e-19
31.22966802116549	-6.598386766732146e-19
31.25724400146004	-6.417017058458559e-19
31.28481998175459	-6.240626467128638e-19
31.31239596204914	-6.069077975125018e-19
31.33997194234369	-5.902237980083816e-19
31.36754792263824	-5.739975643305934e-19
31.39512390293279	-5.582160637852407e-19
31.42269988322734	-5.428780520753807e-19
31.45027586352189	-5.279525725772809e-19
31.47785184381644	-5.134365267927921e-19
31.50542782411099	-4.993193671942623e-19
31.53300380440554	-4.855900485155689e-19
31.56057978470009	-4.722378652176089e-19
31.58815576499464	-4.592524326613325e-19
31.61573174528919	-4.466236651532868e-19
31.64330772558374	-4.343417613649118e-19
31.67088370587829	-4.223971934993146e-19
31.69845968617284	-4.107806982898744e-19
31.72603566646739	-3.994832689756986e-19
31.75361164676194	-3.8849614786116e-19
31.78118762705649	-3.778108192683889e-19
31.80876360735104	-3.674190027838847e-19
31.83633958764559	-3.573126467448718e-19
31.86391556794014	-3.474839219336405e-19
31.89149154823469	-3.379252154599749e-19
31.91906752852924	-3.286291248185034e-19
31.94664350882379	-3.195884521114808e-19
31.97421948911834	-3.107961984298351e-19
32.00179546941289	-3.022455583866105e-19
32.02937144970744	-2.939299147978645e-19
32.05694743000199	-2.858428335065856e-19
32.08452341029654	-2.779780583455956e-19
32.11209939059109	-2.7032950623565e-19
32.13967537088564	-2.628912624151443e-19
32.16725135118019	-2.556575757979504e-19
32.19482733147474	-2.486228544560529e-19
32.22240331176929	-2.417816612237066e-19
