0
1000	105.6583745	100000000000000.1
5	0	0	1
5	0	0	0
4.673998997513734	2.525227740222424e-11
4.701574977808284	5.442958733816195e-11
4.729150958102834	8.544657606353043e-11
4.756726938397384	1.202815394642608e-10
4.784302918691934	1.591816492399444e-10
4.811878898986484	2.020762312674074e-10
4.839454879281035	2.488168317497051e-10
4.867030859575585	2.992462673361281e-10
4.894606839870135	3.532216121086406e-10
4.922182820164685	4.10621315639193e-10
4.949758800459235	4.71346255150162e-10
4.977334780753785	5.35318448391206e-10
5.004910761048335	6.024789655552802e-10
5.032486741342885	6.727856940812974e-10
5.060062721637435	7.462112274021095e-10
5.087638701931986	8.22740976927897e-10
5.115214682226536	9.023715293173372e-10
5.142790662521086	9.851092374484597e-10
5.170366642815636	1.070969020522374e-09
5.197942623110186	1.15997334518829e-09
5.225518603404736	1.252151360639253e-09
5.253094583699286	1.347538163229899e-09
5.280670563993836	1.446174169260438e-09
5.308246544288386	1.548104577899299e-09
5.335822524582936	1.653378908901974e-09
5.363398504877487	1.762050602351314e-09
5.390974485172037	1.874176669823578e-09
5.418550465466587	1.989817388314662e-09
5.446126445761137	2.109036030575492e-09
5.473702426055687	2.231898629390109e-09
5.501278406350237	2.358506803334828e-09
5.528854386644787	2.48895187155946e-09
5.556430366939337	2.623212684278483e-09
5.584006347233887	2.761391037593274e-09
5.611582327528438	2.903597310845534e-09
5.639158307822988	3.049846553966555e-09
5.666734288117538	3.200184877687405e-09
5.694310268412088	3.354800544835442e-09
5.721886248706638	3.513708477579562e-09
5.749462229001188	3.676983324418899e-09
5.777038209295738	3.844767856964442e-09
5.804614189590288	4.017100781046689e-09
5.832190169884838	4.172672129038756e-09
5.859766150179389	4.375911752128916e-09
5.887342130473939	4.562542118308933e-09
5.914918110768489	4.754218474874061e-09
5.942494091063039	4.950927618660949e-09
5.970070071357589	5.152849986025485e-09
5.997646051652139	5.284060010631676e-09
6.025222031946689	5.572759477106593e-09
6.052798012241239	5.79101255268296e-09
6.080373992535789	6.014850113316182e-09
6.107949972830339	6.244692400455539e-09
6.13552595312489	6.480417980343264e-09
6.16310193341944	6.722177952774045e-09
6.19067791371399	6.970235197058402e-09
6.21825389400854	7.224659987553605e-09
6.24582987430309	7.456604535978583e-09
6.27340585459764	7.751899617484866e-09
6.30098183489219	7.997745704357725e-09
6.32855781518674	8.309328434312913e-09
6.35613379548129	8.598005581831789e-09
6.383709775775841	8.894115207602551e-09
6.411285756070391	9.067034783338174e-09
6.438861736364941	9.508982764729567e-09
6.466437716659491	9.828309645292779e-09
6.494013696954041	1.015548570838166e-08
6.521589677248591	1.027393504084852e-08
6.549165657543141	1.083562445391101e-08
6.576741637837691	1.118850548235966e-08
6.604317618132241	1.13735374008814e-08
6.631893598426791	1.192133970969393e-08
6.659469578721342	1.230169454745115e-08
6.687045559015892	1.269176091984688e-08
6.714621539310442	1.309161320889778e-08
6.742197519604992	1.350164510776511e-08
6.769773499899542	1.392198037589543e-08
6.797349480194092	1.435298975465726e-08
6.824925460488642	1.479484454875667e-08
6.852501440783192	1.524786550970685e-08
6.880077421077742	1.567180935290269e-08
6.907653401372293	1.618867282569805e-08
6.935229381666843	1.667665736230776e-08
6.962805361961393	1.717764542024594e-08
6.990381342255943	1.768897244227192e-08
7.017957322550493	1.821726654302501e-08
7.045533302845043	1.875686845495221e-08
7.073109283139593	1.931023604476401e-08
7.100685263434143	1.987734204264444e-08
7.128261243728693	2.045913975188587e-08
7.155837224023244	2.105551598384742e-08
7.183413204317794	2.166701277798695e-08
7.210989184612344	2.229412391980288e-08
7.238565164906894	2.293695884375028e-08
7.266141145201444	2.359637849367159e-08
7.293717125495994	2.427223582035012e-08
7.321293105790544	2.496525387959136e-08
7.348869086085094	2.567616906343507e-08
7.376445066379644	2.620113425003282e-08
7.404021046674194	2.715227557083362e-08
7.431597026968745	2.791865697373053e-08
7.459173007263295	2.870455655624991e-08
7.486748987557845	2.95102427333097e-08
7.514324967852395	3.033683661450537e-08
7.541900948146945	3.118426075184236e-08
7.569476928441495	3.205321930543932e-08
7.597052908736045	3.294441324692117e-08
7.624628889030595	3.385842316413378e-08
7.652204869325145	3.443614794144013e-08
7.679780849619696	3.57567628205636e-08
7.707356829914246	3.674239941715734e-08
7.734932810208796	3.775307087529092e-08
7.762508790503346	3.878952974421058e-08
7.790084770797896	3.985313560761198e-08
7.817660751092446	4.094358762757436e-08
7.845236731386996	4.206185576773061e-08
7.872812711681546	4.320927562632334e-08
7.900388691976096	4.438585319715194e-08
7.927964672270646	4.559358523207706e-08
7.955540652565197	4.683233732204124e-08
7.983116632859747	4.810312763787944e-08
8.010692613154298	4.940628860230144e-08
8.038268593448848	5.074437729790765e-08
8.065844573743398	5.211719413631361e-08
8.093420554037948	5.352514323933069e-08
8.120996534332498	5.497160049485449e-08
8.148572514627048	5.645607960183988e-08
8.176148494921598	5.79797762660209e-08
8.203724475216148	5.954409101162888e-08
8.231300455510699	6.114960925088974e-08
8.258876435805249	6.279770080315417e-08
8.286452416099799	6.449066490428783e-08
8.314028396394349	6.622888536436388e-08
8.341604376688899	6.801388071490877e-08
8.369180356983449	6.984605192151465e-08
8.396756337277999	7.172838373396059e-08
8.424332317572549	7.366054075504861e-08
8.451908297867099	7.564584718485192e-08
8.47948427816165	7.768420410213975e-08
8.5070602584562	7.977874320852502e-08
8.53463623875075	8.146296884870697e-08
8.5622122190453	8.413759126849417e-08
8.58978819933985	8.640623418943924e-08
8.6173641796344	8.873671981875824e-08
8.64494015992895	9.113051906375665e-08
8.6725161402235	9.322504413391538e-08
8.70009212051805	9.611580576022112e-08
8.7276681008126	9.871110747356198e-08
8.755244081107151	1.013769371596483e-07
8.782820061401701	1.041161436032253e-07
8.810396041696251	1.0692988101352e-07
8.837972021990801	1.098209616735712e-07
8.865548002285351	1.12791106106534e-07
8.893123982579901	1.158421007074043e-07
8.920699962874451	1.189775553241834e-07
8.948275943169001	1.221988811756158e-07
8.975851923463551	1.255068725065747e-07
9.003427903758102	1.289091321986511e-07
9.031003884052652	1.32402865987999e-07
9.058579864347202	1.359930959600889e-07
9.086155844641752	1.396821586973577e-07
9.113731824936302	1.434719010255426e-07
9.141307805230852	1.473669755307517e-07
9.168883785525402	1.513680915848696e-07
9.196459765819952	1.55480269110744e-07
9.224035746114502	1.597060719145485e-07
9.251611726409052	1.640482133740472e-07
9.279187706703603	1.685098173367322e-07
9.306763686998153	1.73095169477719e-07
9.334339667292703	1.778054902796768e-07
9.361915647587253	1.826471347444099e-07
9.389491627881803	1.876223169078312e-07
9.417067608176353	1.927339713560944e-07
9.444643588470903	1.97987116528284e-07
9.472219568765453	2.033860374325046e-07
9.499795549060003	2.089293219877543e-07
9.527371529354554	2.146339839359155e-07
9.554947509649104	2.204925899177594e-07
9.582523489943654	2.265124372289928e-07
9.610099470238204	2.326991795979765e-07
9.637675450532754	2.39056890235668e-07
9.665251430827304	2.455904730279296e-07
9.692827411121854	2.523032342070718e-07
9.720403391416404	2.592038385801654e-07
9.747979371710954	2.6629400084253e-07
9.775555352005505	2.735800037809472e-07
9.803131332300055	2.810681825304148e-07
9.830707312594605	2.887630337847238e-07
9.858283292889155	2.966713478123082e-07
9.885859273183705	3.047968360262842e-07
9.913435253478255	3.127570147328382e-07
9.941011233772805	3.217306381184016e-07
9.968587214067355	3.305485833238015e-07
9.996163194361905	3.396133197663329e-07
10.02373917465646	3.489273238095446e-07
10.05131515495101	3.584015705808885e-07
10.07889113524556	3.68335004386894e-07
10.10646711554011	3.784433320101884e-07
10.13404309583466	3.888322635487778e-07
10.16161907612921	3.995069101562009e-07
10.18919505642376	4.104843778032494e-07
10.21677103671831	4.21750498183749e-07
10.24434701701286	4.333358776060438e-07
10.27192299730741	4.45242599539744e-07
10.29949897760196	4.574773854060463e-07
10.32707495789651	4.700492335081404e-07
10.35465093819106	4.829705028996006e-07
10.38222691848561	4.962477278847619e-07
10.40980289878016	5.098927500891585e-07
10.43737887907471	5.239152346941692e-07
10.46495485936926	5.383245724351714e-07
10.49253083966381	5.531315908378473e-07
10.52010681995836	5.683498074456297e-07
10.54768280025291	5.839869590877505e-07
10.57525878054746	6.000547487908223e-07
10.60283476084201	6.165682492962753e-07
10.63041074113656	6.335370173691762e-07
10.65798672143111	6.509752301085459e-07
10.68556270172566	6.688947659895445e-07
10.71313868202021	6.873090574169899e-07
10.74071466231476	7.062311753523478e-07
10.76829064260931	7.256773216312845e-07
10.79586662290386	7.456592952082766e-07
10.82344260319841	7.661924801871444e-07
10.85101858349296	7.872934697603929e-07
10.87859456378751	8.089756063160414e-07
10.90617054408206	8.312560909016628e-07
10.93374652437661	8.541500239052783e-07
10.96132250467116	8.77679772324509e-07
10.98889848496571	9.018550248656173e-07
11.01647446526026	9.266980194315558e-07
11.04405044555481	9.522275104304119e-07
11.07162642584936	9.784596129661805e-07
11.09920240614391	1.005415508414625e-06
11.12677838643846	1.033112790974293e-06
11.15435436673301	1.061576694164232e-06
11.18193034702756	1.090823898962389e-06
11.20950632732211	1.120877715183762e-06
11.23708230761666	1.151761134567767e-06
11.26465828791121	1.183493202102795e-06
11.29223426820576	1.216099945732132e-06
11.31981024850031	1.249605766694556e-06
11.34738622879486	1.284036228258183e-06
11.37496220908941	1.3194133737992e-06
11.40253818938396	1.355765060098118e-06
11.43011416967851	1.393118410503013e-06
11.45769014997306	1.431500348138385e-06
11.48526613026761	1.470939802221685e-06
11.51284211056216	1.511465353558063e-06
11.54041809085671	1.553106764506157e-06
11.56799407115126	1.595896142970215e-06
11.59557005144581	1.639861073320784e-06
11.62314603174036	1.685036270142129e-06
11.65072201203491	1.731450365447874e-06
11.67829799232946	1.77915721536267e-06
11.70587397262401	1.82816549508695e-06
11.73344995291856	1.878525818043564e-06
11.76102593321311	1.930271363312988e-06
11.78860191350766	1.983440067658594e-06
11.81617789380221	2.038073087680907e-06
11.84375387409676	2.094209116798425e-06
11.87132985439131	2.151889682262585e-06
11.89890583468586	2.211157003938392e-06
11.92648181498041	2.27205671892397e-06
11.95405779527496	2.334629264392059e-06
11.98163377556951	2.39892308817902e-06
12.00920975586406	2.46498539781206e-06
12.03678573615861	2.532865261009451e-06
12.06436171645316	2.602614110803057e-06
12.09193769674771	2.674279601166994e-06
12.11951367704226	2.747916321717155e-06
12.14708965733681	2.823578140454253e-06
12.17466563763136	2.901319875213273e-06
12.20224161792591	2.981201620414315e-06
12.22981759822046	3.063276677011563e-06
12.25739357851501	3.14761056648625e-06
12.28496955880956	3.233347115447418e-06
12.31254553910411	3.323297431283915e-06
12.34012151939866	3.414782884286359e-06
12.36769749969321	3.508781199695106e-06
12.39527347998776	3.605364039610936e-06
12.42284946028231	3.704602210860029e-06
12.45042544057686	3.806566963403036e-06
12.47800142087141	3.911337660491426e-06
12.50557740116597	4.018986997646173e-06
12.53315338146052	4.129595789883971e-06
12.56072936175507	4.243245391257443e-06
12.58830534204962	4.360019222172492e-06
12.61588132234417	4.48000382542304e-06
12.64345730263872	4.603283949722761e-06
12.67103328293327	4.729952411427912e-06
12.69860926322782	4.860103930821353e-06
12.72618524352237	4.993832175352299e-06
12.75376122381692	5.131235915066468e-06
12.78133720411147	5.272418661949457e-06
12.80891318440602	5.41650118845574e-06
12.83648916470057	5.566528058138915e-06
12.86406514499512	5.719522632376395e-06
12.89164112528967	5.877026396428933e-06
12.91921710558422	6.038700036262585e-06
12.94679308587877	6.204826277968509e-06
12.97436906617332	6.375513477832411e-06
13.00194504646787	6.550891011019352e-06
13.02952102676242	6.731089283331535e-06
13.05709700705697	6.91623956927499e-06
13.08467298735152	7.106477491500022e-06
13.11224896764607	7.301945915653907e-06
13.13982494794062	7.502784458659421e-06
13.16740092823517	7.709142486275998e-06
13.19497690852972	7.921170555489534e-06
13.22255288882427	8.139026700826401e-06
13.25012886911882	8.362869109358406e-06
13.27770484941337	8.592865300062536e-06
13.30528082970792	8.8291794548483e-06
13.33285681000247	9.071988868910563e-06
13.36043279029702	9.321470724657051e-06
13.38800877059157	9.577808738176446e-06
13.41558475088612	9.84053666053755e-06
13.44316073118067	1.011180838388401e-05
13.47073671147522	1.038986773299063e-05
13.49831269176977	1.067556616633092e-05
13.52588867206432	1.096911600105004e-05
13.55346465235887	1.127073316530458e-05
13.58104063265342	1.158063886334091e-05
13.60861661294797	1.189906049321834e-05
13.63619259324252	1.222618081516983e-05
13.66376857353707	1.256239811195595e-05
13.69134455383162	1.290780097789647e-05
13.71892053412617	1.326269514508563e-05
13.74649651442072	1.362734095832632e-05
13.77407249471527	1.400200948613245e-05
13.80164847500982	1.438697444589059e-05
13.82922445530437	1.478251639301884e-05
13.85680043559892	1.518893494429907e-05
13.88437641589347	1.560651878196543e-05
13.91195239618802	1.603557905913264e-05
13.93952837648257	1.647642986755709e-05
13.96710435677712	1.692939704397726e-05
13.99468033707167	1.739481262414474e-05
14.02225631736622	1.787301880825102e-05
14.04983229766077	1.836437047073895e-05
14.07740827795532	1.886922122524139e-05
14.10498425824987	1.938794878940962e-05
14.13256023854442	1.9920933525795e-05
14.16013621883897	2.046856531397122e-05
14.18771219913352	2.103124869234693e-05
14.21528817942807	2.16093961042633e-05
14.24286415972262	2.22034329840412e-05
14.27044014001717	2.281379841654421e-05
14.29801612031172	2.344093681085126e-05
14.32559210060627	2.408531296032796e-05
14.35316808090082	2.474739894341839e-05
14.38074406119537	2.542768250950067e-05
14.40832004148992	2.612666198119127e-05
14.43589602178447	2.684485440308837e-05
14.46347200207902	2.758278664670522e-05
14.49104798237357	2.834100411100069e-05
14.51862396266812	2.91200579842674e-05
14.54619994296267	2.992052588405816e-05
14.57377592325722	3.074299568859989e-05
14.60135190355177	3.158807162591142e-05
14.62892788384632	3.245637751142067e-05
14.65650386414087	3.33485488587101e-05
14.68407984443542	3.426524336978592e-05
14.71165582472997	3.520713260006085e-05
14.73923180502452	3.617491873763936e-05
14.76680778531907	3.716930266545538e-05
14.79438376561362	3.819101887103499e-05
14.82195974590817	3.924082183135874e-05
14.84953572620272	4.031948230832317e-05
14.87711170649727	4.142779363382847e-05
14.90468768679182	4.256657057594338e-05
14.93226366708637	4.373665191299491e-05
14.95983964738092	4.49389001651744e-05
14.98741562767547	4.6174193806098e-05
15.01499160797002	4.74434462947935e-05
15.04256758826457	4.874759071585526e-05
15.07014356855912	5.008758656779225e-05
15.09771954885368	5.146441897663994e-05
15.12529552914823	5.287910080998743e-05
15.15287150944278	5.433266653165747e-05
15.18044748973733	5.582620696356181e-05
15.20802347003188	5.736079953211701e-05
15.23559945032643	5.893758435761841e-05
15.26317543062098	6.055771299120188e-05
15.29075141091553	6.22223836658978e-05
15.31832739121008	6.393282005405749e-05
15.34590337150463	6.569028086460861e-05
15.37347935179918	6.749605874499722e-05
15.40105533209373	6.935148382787256e-05
15.42863131238828	7.125792003327083e-05
15.45620729268283	7.321677085148927e-05
15.48378327297738	7.522947755549598e-05
15.51135925327193	7.729692348618531e-05
15.53893523356648	7.942242725721618e-05
15.56651121386103	8.160575456702544e-05
15.59408719415558	8.384911110187808e-05
15.62166317445013	8.615414759598811e-05
15.64923915474468	8.85225627889607e-05
15.67681513503923	9.095609944218452e-05
15.70439111533378	9.345654749242774e-05
15.73196709562833	9.602574758487488e-05
15.75954307592288	9.866538925853149e-05
15.78711905621743	0.0001013780196132836
15.81469503651198	0.0001041650357507687
15.84227101680653	0.0001070286826679814
15.86984699710108	0.0001099710719436049
15.89742297739563	0.0001129943693229964
15.92499895769018	0.0001161008004990639
15.95257493798473	0.0001192926519225374
15.98015091827928	0.0001225722732495197
16.00772689857383	0.0001259420788479397
16.03530287886838	0.0001294045493027376
16.06287885916293	0.0001329622334634366
16.09045483945748	0.0001366177451636089
16.11803081975203	0.0001403737921965952
16.14560680004658	0.0001442331232213731
16.17318278034113	0.000148198585436442
16.20075876063568	0.0001522730982360898
16.22833474093023	0.0001564596610107968
16.25591072122478	0.0001607613594687949
16.28348670151933	0.0001651813525097925
16.31106268181388	0.0001697229023484339
16.33863866210843	0.0001743893505769841
16.36621464240298	0.0001791841328509781
16.39379062269753	0.0001841107793534537
16.42136660299208	0.0001891728168255953
16.44894258328663	0.0001943742798188136
16.47651856358118	0.0001997186882719512
16.50409454387573	0.0002052100824321572
16.53167052417028	0.0002108525063288618
16.55924650446483	0.0002166501139634831
16.58682248475938	0.0002226071742349837
16.61439846505393	0.0002287280749310401
16.64197444534848	0.0002350173235770802
16.66955042564303	0.0002414795517096583
16.69712640593758	0.0002481195192743455
16.72470238623213	0.000254942115444363
16.75227836652668	0.0002619523639188122
16.77985434682123	0.0002691554325317345
16.80743032711578	0.0002765566173443086
16.83500630741033	0.0002841613802207646
16.86258228770488	0.0002919753139849894
16.89015826799943	0.0003000041757569942
16.91773424829398	0.0003082538803399058
16.94531022858853	0.0003167305009125708
16.97288620888308	0.0003254402893008204
17.00046218917763	0.0003343896517393147
17.02803816947218	0.000343585183314959
17.05561414976673	0.0003530336586747153
17.08319013006128	0.0003627420363464701
17.11076611035583	0.0003727174001026758
17.13834209065038	0.0003829673031510226
17.16591807094493	0.0003934990894028024
17.19349405123948	0.0004043205885309043
17.22107003153403	0.000415439769258919
17.24864601182858	0.0004268648232176346
17.27622199212313	0.0004386041692019412
17.30379797241768	0.0004506664554432638
17.33137395271223	0.0004630605650209701
17.35894993300678	0.0004757956286831567
17.38652591330133	0.0004888810388477542
17.41410189359588	0.0005023264231922492
17.44167787389043	0.0005161416931817029
17.46925385418498	0.0005303370270012598
17.49682983447953	0.0005449228798806038
17.52440581477408	0.000559910018630534
17.55198179506863	0.0005753094470833449
17.57955777536318	0.0005911325410426434
17.60713375565773	0.0006073909516491412
17.63470973595228	0.0006240966598298661
17.66228571624683	0.000641261971337921
17.68986169654139	0.0006588995442344718
17.71743767683594	0.0006770223625733427
17.74501365713049	0.0006956437724223928
17.77258963742504	0.0007147775255293896
17.80016561771959	0.0007344376917622817
17.82774159801414	0.0007546387750468709
17.85531757830869	0.0007753957261665124
17.88289355860324	0.0007967236382961402
17.91046953889779	0.0008186383510689623
17.93804551919234	0.0008411561845066834
17.96562149948689	0.0008642934938721892
17.99319747978144	0.0008880674165551884
18.02077346007599	0.0009124954642491708
18.04834944037054	0.0009375956482742175
18.07592542066509	0.0009633864599370647
18.10350140095964	0.0009898869107016887
18.13107738125419	0.001017116533163319
18.15865336154874	0.001045095393249053
18.18622934184329	0.001073844111977849
18.21380532213784	0.001103383884719928
18.24138130243239	0.001133736473960991
18.26895728272694	0.001164924258253673
18.29653326302149	0.001196970223913602
18.32410924331604	0.001229897992081211
18.35168522361059	0.001263731995802557
18.37926120390514	0.001298496688929722
18.40683718419969	0.001334218181084852
18.43441316449424	0.001370922639682875
18.46198914478879	0.001408637125114294
18.48956512508334	0.001447389436929478
18.51714110537789	0.001487208140910952
18.54471708567244	0.00152812259561511
18.57229306596699	0.001570162935558693
18.59986904626154	0.001613360209151579
18.62744502655609	0.001657746209300209
18.65502100685064	0.001703353674099327
18.68259698714519	0.001750216226762228
18.71017296743974	0.001798368420644252
18.73774894773429	0.001847845747077384
18.76532492802884	0.00189868475523215
18.79290090832339	0.001950922715316424
18.82047688861794	0.002004598360662847
18.84805286891249	0.002059751180079733
18.87562884920704	0.002116421842968596
18.90320482950159	0.002174652167611546
18.93078080979614	0.002234484997758322
18.95835679009069	0.002295964529215893
18.98593277038524	0.002359136059715501
19.01350875067979	0.002424046205259989
19.04108473097434	0.0024907427824018
19.06866071126889	0.002559275002173013
19.09623669156344	0.002629693348471268
19.12381267185799	0.002702049800572511
19.15138865215254	0.00277639770269899
19.17896463244709	0.00285279182248321
19.20654061274164	0.002931288590893117
19.23411659303619	0.00301194582227975
19.26169257333074	0.003094823028317404
19.28926855362529	0.003179981282828469
19.31684453391984	0.003267483431068525
19.34442051421439	0.003357393981643503
19.37199649450894	0.003449779237992221
19.39957247480349	0.003544707345630674
19.42714845509804	0.003642248307533237
19.45472443539259	0.003742474120404225
19.48230041568714	0.003845458495126076
19.50987639598169	0.003951277596476638
19.53745237627624	0.004060009396206377
19.56502835657079	0.004171734090903997
19.59260433686534	0.004286534069831613
19.62018031715989	0.004404494034670478
19.64775629745444	0.004525700960856584
19.67533227774899	0.004650244242121318
19.70290825804354	0.004778215756596081
19.73048423833809	0.004909709889103223
19.75806021863264	0.005044823628348753
19.78563619892719	0.005183656637971868
19.81321217922174	0.005326311323856489
19.84078815951629	0.005472892922733932
19.86836413981084	0.005623509519518305
19.89594012010539	0.005778272247919881
19.92351610039994	0.005937295271708032
19.95109208069449	0.006100695888738588
19.97866806098904	0.006268594632880287
20.00624404128359	0.006441115287383998
20.03382002157814	0.006618385351937031
20.06139600187269	0.006800535361472434
20.08897198216724	0.006987699794182286
20.11654796246179	0.007180016689319689
20.14412394275634	0.007377627939285348
20.17169992305089	0.007580679331354425
20.19927590334544	0.007789320667971814
20.22685188363999	0.008003705873870018
20.25442786393454	0.008223993120372079
20.2820038442291	0.00845034492235992
20.30957982452365	0.008682928266377336
20.3371558048182	0.008921914816925884
20.36473178511275	0.009167480828578026
20.3923077654073	0.009419807508481207
20.41988374570185	0.009679079887357712
20.4474597259964	0.00994549270353965
20.47503570629095	0.01021923909923434
20.5026116865855	0.01050052214996107
20.53018766688005	0.01078954948300475
20.5577636471746	0.01108653431848788
20.58533962746915	0.01139169581166286
20.6129156077637	0.01170525913144336
20.64049158805825	0.01202745565882358
20.6680675683528	0.01235852314824126
20.69564354864735	0.01269870590133098
20.7232195289419	0.01304825492559378
20.75079550923645	0.01340742824663984
20.778371489531	0.01377649077231233
20.80594746982555	0.01415571497305114
20.8335234501201	0.01454538067464328
20.86109943041465	0.0149457754286266
20.8886754107092	0.01535719471591123
20.91625139100375	0.01577994217893433
20.9438273712983	0.01621432979686992
20.97140335159285	0.01666067815650974
20.9989793318874	0.0171193166717701
21.02655531218195	0.01759058382091121
21.0541312924765	0.01807482744849617
21.08170727277105	0.01857240491036432
21.1092832530656	0.01908368345945622
21.13685923336015	0.01960904046342264
21.1644352136547	0.02014886366176983
21.19201119394925	0.02070355151712026
21.2195871742438	0.02127351341182524
21.24716315453835	0.02185917005755659
21.2747391348329	0.02246095371455652
21.30231511512745	0.02307930859063841
21.329891095422	0.02371469108494027
21.35746707571655	0.0243675702283176
21.3850430560111	0.02503842793708456
21.41261903630565	0.02572775938843897
21.4401950166002	0.0264360734537895
21.46777099689475	0.02716389297946986
21.4953469771893	0.02791175523546047
21.52292295748385	0.02868021227292712
21.5504989377784	0.02946983137212602
21.57807491807295	0.03028119545942876
21.6056508983675	0.03111490345969186
21.63322687866205	0.03197157089181839
21.6608028589566	0.03285183015205419
21.68837883925115	0.03375633110915458
21.7159548195457	0.03468574150334777
21.74353079984025	0.03564074748313097
21.7711067801348	0.03662205410639336
21.79868276042935	0.03763038586421585
21.8262587407239	0.03866648717162796
21.85383472101845	0.0397311230393232
21.881410701313	0.04082507946437133
21.90898668160755	0.04194916412387324
21.9365626619021	0.0431042069948636
21.96413864219665	0.04429106085779774
21.9917146224912	0.04551060203575243
22.01929060278575	0.04676373097497535
22.0468665830803	0.04805137292889895
22.07444256337485	0.04937447867666108
22.1020185436694	0.05073402497269763
22.12959452396395	0.05213101653997045
22.1571705042585	0.05356648375083948
22.18474648455305	0.05504148719439118
22.2123224648476	0.05655711593771079
22.23989844514215	0.05811448914168513
22.2674744254367	0.05971475680795176
22.29505040573125	0.06135910079333218
22.3226263860258	0.06304873488787473
22.35020236632035	0.06478490775768574
22.3777783466149	0.06656890056750876
22.40535432690945	0.06840203119772083
22.432930307204	0.07028565333254562
22.46050628749855	0.07222115799620718
22.4880822677931	0.07420997454668217
22.51565824808765	0.076253571801632
22.5432342283822	0.07835345886611388
22.57081020867675	0.08051118720144521
22.5983861889713	0.08272834938110021
22.62596216926585	0.08500658352116543
22.6535381495604	0.08734757207999745
22.68111412985495	0.08975304403785836
22.7086901101495	0.09222477598377628
22.73626609044405	0.09476459352779243
22.7638420707386	0.09737437254516691
22.79141805103315	0.1000560411662376
22.8189940313277	0.102811578713478
22.84657001162225	0.1056430209266756
22.87414599191681	0.1085524611775804
22.90172197221136	0.1115420461195651
22.92929795250591	0.1146139847513014
22.95687393280046	0.1177705461623122
22.98444991309501	0.1210140619539684
23.01202589338956	0.1243469280214038
23.03960187368411	0.1277716067232416
23.06717785397866	0.1312906270831589
23.09475383427321	0.1349065890454657
23.12232981456776	0.1386221636244963
23.14990579486231	0.1424400955724961
23.17748177515686	0.1463632052728738
23.20505775545141	0.1503943908089685
23.23263373574596	0.1545366302480654
23.26020971604051	0.158792983204417
23.28778569633506	0.1631665956090004
23.31536167662961	0.1676606966836108
23.34293765692416	0.1722786074288112
23.37051363721871	0.1770237393515252
23.39808961751326	0.1818995980973945
23.42566559780781	0.1869097859755799
23.45324157810236	0.1920580044364225
23.48081755839691	0.1973480571661314
23.50839353869146	0.2027838522191528
23.53596951898601	0.2083694071608514
23.56354549928056	0.2141088470110361
23.59112147957511	0.2200064132461954
23.61869745986966	0.2260664631829402
23.64627344016421	0.2322934744360667
23.67384942045876	0.2386920479521577
23.70142540075331	0.2452669114792839
23.72900138104786	0.2520229232082849
23.75657736134241	0.2589650751208483
23.78415334163696	0.2660984972011927
23.81172932193151	0.273428459720152
23.83930530222606	0.2809603795349684
23.86688128252061	0.2886998220738377
23.89445726281516	0.2966525063573972
23.92203324310971	0.3048243090354084
23.94960922340426	0.3132212686710844
23.97718520369881	0.3218495904486954
24.00476118399336	0.3307156504047266
24.03233716428791	0.3398259995625689
24.05991314458246	0.3491873734755132
24.08748912487701	0.3588066867390652
24.11506510517156	0.3686910495431829
24.14264108546611	0.3788477665201398
24.17021706576066	0.3892843437178468
24.19779304605521	0.4000084941026497
24.22536902634976	0.4110281433679214
24.25294500664431	0.4223514355600846
24.28052098693886	0.4339867391994109
24.30809696723341	0.4459426550931021
24.33567294752796	0.4582280155813654
24.36324892782251	0.4708519039755293
24.39082490811706	0.4838236499284083
24.41840088841161	0.4971528405781742
24.44597686870616	0.5108493277037474
24.47355284900071	0.5249232345279884
24.50112882929526	0.5393849635729602
24.52870480958981	0.5542452039501329
24.55628078988436	0.56951493942258
24.58385677017891	0.5852054539946504
24.61143275047346	0.6013283536488847
24.63900873076801	0.6178955474482237
24.66658471106256	0.6349192846524679
24.69416069135711	0.6524121487090518
24.72173667165166	0.6703870701619928
24.74931265194621	0.688857336163663
24.77688863224076	0.7078366000511319
24.80446461253531	0.7273388916216942
24.83204059282986	0.7473786274202244
24.85961657312441	0.767970621298525
24.88719255341896	0.7891300963438989
24.91476853371351	0.8108726937270337
24.94234451400806	0.8332144876303954
24.96992049430261	0.8561719943236595
24.99749647459716	0.8797621856304325
25.02507245489171	0.9040025014717151
25.05264843518626	0.9289108623664276
25.08022441548081	0.9545056830835591
25.10780039577536	0.9808058859963472
25.13537637606991	1.007830914976993
25.16295235636446	1.035600749746496
25.19052833665901	1.064135924252049
25.21810431695356	1.093457532372809
25.24568029724811	1.123587254303863
25.27325627754266	1.154547366473708
25.30083225783721	1.186360759554285
25.32840823813176	1.219050955592371
25.35598421842631	1.252642124983715
25.38356019872086	1.287159104570377
25.41113617901541	1.32262741594207
25.43871215930996	1.359073284599444
25.46628813960452	1.396523658759851
25.49386411989907	1.435006231628723
25.52144010019362	1.474549455987799
25.54901608048817	1.515182572505004
25.57659206078272	1.556935626939489
25.60416804107727	1.599839493731908
25.63174402137182	1.643925898511087
25.65932000166637	1.689227441755786
25.68689598196092	1.735777622459423
25.71447196225547	1.783610864369809
25.74204794255002	1.832762539609123
25.76962392284457	1.883268994872387
25.79719990313912	1.93516758180767
25.82477588343367	1.988496678127615
25.85235186372822	2.043295728398832
25.87992784402277	2.099605245695339
25.90750382431732	2.15746688279043
25.93507980461187	2.216923428793491
25.96265578490642	2.278018854574246
25.99023176520097	2.340798344776239
26.01780774549552	2.405308328850964
26.04538372579007	2.471596517334765
26.07295970608462	2.539711935371792
26.10053568637917	2.609704959878852
26.12811166667372	2.681627363663975
26.15568764696827	2.755532332947759
26.18326362726282	2.831474533822876
26.21083960755737	2.909510134361375
26.23841558785192	2.989696852174066
26.26599156814647	3.072093996845479
26.29356754844102	3.156762513303982
26.32114352873557	3.243765026930548
26.34871950903012	3.333165891390834
26.37629548932467	3.425031231969984
26.40387146961922	3.519429007434391
26.43144744991377	3.616429031813273
26.45902343020832	3.716103062003198
26.48659941050287	3.818524825612343
26.51417539079742	3.923770085758694
26.54175137109197	4.031916694187139
26.56932735138652	4.143044650156308
26.59690333168107	4.257236159199628
26.62447931197562	4.374575693623904
26.65205529227017	4.495150054641307
26.67963127256472	4.619048443793774
26.70720725285927	4.746362507678885
26.73478323315382	4.877186435617189
26.76235921344837	5.011617007992666
26.78993519374292	5.149753675927143
26.81751117403747	5.291698631000127
26.84508715433202	5.437556885532078
26.87266313462657	5.587436347949853
26.90023911492112	5.741447902250056
26.92781509521567	5.899705490127775
26.95539107551022	6.062326205337013
26.98296705580477	6.229430337783197
27.01054303609932	6.401141541982623
27.03811901639387	6.57758685349929
27.06569499668842	6.758896818336009
27.09327097698297	6.94520558317422
27.12084695727752	7.136650994523608
27.14842293757207	7.33337470188079
27.17599891786662	7.535522258535781
27.20357489816117	7.743243236641286
27.23115087845572	7.956691330534683
27.25872685875027	8.176024480536537
27.28630283904482	8.401404966688922
27.31387881933937	8.632999563679528
27.34145479963392	8.870979637132448
27.36903077992847	9.115521280584639
27.39660676022302	9.366805445083504
27.42418274051757	9.625018072907844
27.45175872081212	9.890350233082623
27.47933470110667	10.16299826803153
27.50691068140122	10.44316393491847
27.53448666169577	10.73105455341949
27.56206264199032	11.02688317082447
27.58963862228487	11.33086869274662
27.61721460257942	11.64323608202518
27.64479058287397	11.96421649776573
27.67236656316852	12.29404747656333
27.69994254346307	12.63297310775429
27.72751852375762	12.98124421372127
27.75509450405217	13.33911853290013
27.78267048434672	13.70686091742905
27.81024646464127	14.08474352303664
27.83782244493582	14.47304601294833
27.86539842523037	14.87205577442225
27.89297440552492	15.28206808885146
27.92055038581947	15.70338642863413
27.94812636611402	16.13632261013698
27.97570234640857	16.58119705632213
28.00327832670312	17.03833903094467
28.03085430699767	17.50808688006388
28.05843028729223	17.99078828062478
28.08600626758678	18.4868005050462
28.11358224788133	18.99649067946794
28.14115822817588	19.52023605661935
28.16873420847043	20.05842429698661
28.19631018876498	20.61145376187714
28.22388616905953	21.17973378496528
28.25146214935408	21.76368499304727
28.27903812964863	22.36373965477306
28.30661410994318	22.98034192083325
28.33419009023773	23.61394821167217
28.36176607053228	24.26502753501794
28.38934205082683	24.93406183975648
28.41691803112138	25.62154636952461
28.44449401141593	26.32799003211084
28.47206999171048	27.05391577297831
28.49964597200503	27.79986096453239
28.52722195229958	28.56637780932141
28.55479793259413	29.35403372462077
28.58237391288868	30.16341181917814
28.60994989318323	30.99511125742939
28.63752587347778	31.84974774401656
28.66510185377233	32.72795396801679
28.69267783406688	33.63038007548927
28.72025381436143	34.55769414965343
28.74782979465598	35.51058270400635
28.77540577495053	36.48975119433447
28.80298175524508	37.49592454643422
28.83055773553963	38.52984765938018
28.85813371583418	39.59228600146061
28.88570969612873	40.68402618071378
28.91328567642328	41.80587648325411
28.94086165671783	42.95866749845752
28.96843763701238	44.14325273564808
28.99601361730693	45.36050925033848
29.02358959760148	46.61133829822352
29.05116557789603	47.89666599996723
29.07874155819058	49.21744401587105
29.10631753848513	50.57465031406631
29.13389351877968	51.96928977913398
29.16146949907423	53.40239504743173
29.18904547936878	54.87502727339096
29.21662145966333	56.38827686523051
29.24419743995788	57.94326430568731
29.27177342025243	59.54114101411729
29.29934940054698	61.18309017331602
29.32692538084153	62.87032761114025
29.35450136113608	64.60410270318137
29.38207734143063	66.38569930491366
29.40965332172518	68.21643666662064
29.43722930201973	70.09767049864729
29.46480528231428	72.03079385127238
29.49238126260883	74.01723824959662
29.51995724290338	76.05847472671208
29.54753322319793	78.15601489163106
29.57510920349248	80.31141206381348
29.60268518378703	82.52626241416304
29.63026116408158	84.80220617556931
29.65783714437613	87.14092884336578
29.68541312467068	89.54416238802696
29.71298910496523	92.01368658291179
29.74056508525978	94.5513303700762
29.76814106555433	97.15897308047302
29.79571704584888	99.838545943108
29.82329302614343	102.592033454368
29.85086900643798	105.4214749206986
29.87844498673253	108.3289658752753
29.90602096702708	111.3166596905015
29.93359694732163	114.386769157008
29.96117292761618	117.541568148832
29.98874890791073	120.7833932600149
30.01632488820528	124.1146455635059
30.04390086849983	127.5377923919594
30.07147684879438	131.0553692146925
30.09905282908893	134.6699813978753
30.12662880938348	138.3843062397003
30.15420478967803	142.2010949027779
30.18178076997258	146.1231745111262
30.20935675026713	150.1534501791354
30.23693273056168	154.2949071541127
30.26450871085623	158.5506131261677
30.29208469115078	162.923720424977
30.31966067144533	167.4174683531283
30.34723665173988	172.0351856066012
30.37481263203443	176.7802927604068
30.40238861232898	181.656304813061
30.42996459262353	186.6668337064094
30.45754057291808	191.8155911021262
30.48511655321263	197.106391066309
30.51269253350718	202.5431529767079
30.54026851380173	208.1299043251639
30.56784449409628	213.870783758955
30.59542047439083	219.7700441720888
30.62299645468539	225.8320558161158
30.65057243497994	232.0613095244002
30.67814841527449	238.4624200981501
30.70572439556904	245.0401296940765
30.73330037586359	251.7993113719391
30.76087635615814	258.744972355967
30.78845233645269	265.8822588425705
30.81602831674724	273.2164583543895
30.84360429704179	280.7530046132507
30.87118027733634	288.4974811904421
30.89875625763089	296.4556258754416
30.92633223792544	304.6333347717108
30.95390821821999	313.0366667153377
30.98148419851454	321.6718477371101
31.00906017880909	330.5452757472196
31.03663615910364	339.6635250981222
31.06421213939819	349.0333519477047
31.09178811969274	358.6616983947143
31.11936409998729	368.5556987634452
31.14694008028184	378.7226837757729
31.17451606057639	389.1701867191305
31.20209204087094	399.9059487605955
31.22966802116549	410.9379246653947
31.25724400146004	422.2742888624542
31.28481998175459	433.9234413524345
31.31239596204914	445.89401399197
31.33997194234369	458.1948768735194
31.36754792263824	470.8351448755189
31.39512390293279	483.8241846543984
31.42269988322734	497.1716208777729
31.45027586352189	510.8873447681747
31.47785184381644	524.9815198126275
31.50542782411099	539.4645902822421
31.53300380440554	554.3472887239891
31.56057978470009	569.6406438892942
31.58815576499464	585.3559890542352
31.61573174528919	601.504970071158
31.64330772558374	618.0995545591722
31.67088370587829	635.1520403402174
31.69845968617284	652.6750645369203
31.72603566646739	670.6816135271672
31.75361164676194	689.1850314771091
31.78118762705649	708.1990316870878
31.80876360735104	727.7377054501836
31.83633958764559	747.8155331386076
31.86391556794014	768.4473949030677
31.89149154823469	789.6485815883045
31.91906752852924	811.434806169459
31.94664350882379	833.8222150602018
31.97421948911834	856.827401205352
32.00179546941289	880.4674145416964
32.02937144970744	904.7597763627059
32.05694743000199	929.7224912550604
32.08452341029654	955.374061238056
32.11209939059109	981.7334984860455
32.13967537088564	1008.820340613517
32.16725135118019	1036.65466413246
32.19482733147474	1065.257099927612
32.22240331176929	1094.648848408598
0
1000	105.6583745	100000000000000.1
5	0	0	1
5	0	0	0
4.673998997513734	-1.074902565670179e-11
4.701574977808284	-9.820517924336524e-12
4.729150958102834	-1.061776850870301e-11
4.756726938397384	-1.157092113225197e-11
4.784302918691934	-1.247539463504111e-11
4.811878898986484	-1.32870173534891e-11
4.839454879281035	-1.40012231187204e-11
4.867030859575585	-1.462528811644861e-11
4.894606839870135	-1.516967368478131e-11
4.922182820164685	-1.564498073377061e-11
4.949758800459235	-1.606088478105548e-11
4.977334780753785	-1.642583603959817e-11
5.004910761048335	-1.674706145094994e-11
5.032486741342885	-1.703067891881526e-11
5.060062721637435	-1.728184360027944e-11
5.087638701931986	-1.75048928438625e-11
5.115214682226536	-1.770347695525149e-11
5.142790662521086	-1.788067209778863e-11
5.170366642815636	-1.803907556349021e-11
5.197942623110186	-1.818088518886162e-11
5.225518603404736	-1.83079651364311e-11
5.253094583699286	-1.842190022944354e-11
5.280670563993836	-1.852404080300481e-11
5.308246544288386	-1.861553975538383e-11
5.335822524582936	-1.869738320907166e-11
5.363398504877487	-1.877041594843082e-11
5.390974485172037	-1.883536260135567e-11
5.418550465466587	-1.889284539255103e-11
5.446126445761137	-1.894339928237844e-11
5.473702426055687	-1.898748409419507e-11
5.501278406350237	-1.903676945413671e-11
5.528854386644787	-1.90675525132286e-11
5.556430366939337	-1.909210792704275e-11
5.584006347233887	-1.911086300337769e-11
5.611582327528438	-1.912422206700231e-11
5.639158307822988	-1.913256670698863e-11
5.666734288117538	-1.91362562696239e-11
5.694310268412088	-1.913562852781558e-11
5.721886248706638	-1.913100047353931e-11
5.749462229001188	-1.912266919204846e-11
5.777038209295738	-1.911080736465275e-11
5.804614189590288	-1.909596817917139e-11
5.832190169884838	-1.907755006122754e-11
5.859766150179389	-1.905749079655522e-11
5.887342130473939	-1.903455277458368e-11
5.914918110768489	-1.900930690965379e-11
5.942494091063039	-1.898195004777879e-11
5.970070071357589	-1.895265408557593e-11
5.997646051652139	-1.892157693221281e-11
6.025222031946689	-1.888886493648454e-11
6.052798012241239	-1.885473510896721e-11
6.080373992535789	-1.881914302216729e-11
6.107949972830339	-1.878229531087875e-11
6.13552595312489	-1.874426863594782e-11
6.16310193341944	-1.870522861364084e-11
6.19067791371399	-1.866523171914461e-11
6.21825389400854	-1.862437447587042e-11
6.24582987430309	-1.85827414536188e-11
6.27340585459764	-1.85404110316822e-11
6.30098183489219	-1.849745615490697e-11
6.32855781518674	-1.845396145307648e-11
6.35613379548129	-1.840994742733215e-11
6.383709775775841	-1.836549687687248e-11
6.411285756070391	-1.832066455506634e-11
6.438861736364941	-1.827550133678824e-11
6.466437716659491	-1.823005437006453e-11
6.494013696954041	-1.818436717417917e-11
6.521589677248591	-1.813847964317039e-11
6.549165657543141	-1.809242788085269e-11
6.576741637837691	-1.804624371377189e-11
6.604317618132241	-1.799916845772085e-11
6.631893598426791	-1.795269907448718e-11
6.659469578721342	-1.790620727699372e-11
6.687045559015892	-1.78597218299927e-11
6.714621539310442	-1.781326912795155e-11
6.742197519604992	-1.77668733711628e-11
6.769773499899542	-1.772055674057173e-11
6.797349480194092	-1.76743395663441e-11
6.824925460488642	-1.762824048688051e-11
6.852501440783192	-1.758227659642762e-11
6.880077421077742	-1.753603454342759e-11
6.907653401372293	-1.749078253084178e-11
6.935229381666843	-1.744536792770594e-11
6.962805361961393	-1.740010324320577e-11
6.990381342255943	-1.735501332274642e-11
7.017957322550493	-1.731008282272763e-11
7.045533302845043	-1.726499154443023e-11
7.073109283139593	-1.722166476290436e-11
7.100685263434143	-1.717720611581321e-11
7.128261243728693	-1.713320434009916e-11
7.155837224023244	-1.708938901257578e-11
7.183413204317794	-1.704596659481405e-11
7.210989184612344	-1.700280068930386e-11
7.238565164906894	-1.695989597720789e-11
7.266141145201444	-1.691725662650403e-11
7.293717125495994	-1.687488632856791e-11
7.321293105790544	-1.683278833190559e-11
7.348869086085094	-1.679096547331503e-11
7.376445066379644	-1.674942020671216e-11
7.404021046674194	-1.670815462982676e-11
7.431597026968745	-1.666758350651246e-11
7.459173007263295	-1.662685103145686e-11
7.486748987557845	-1.658636601063157e-11
7.514324967852395	-1.654613112711244e-11
7.541900948146945	-1.650615062136303e-11
7.569476928441495	-1.646643049956292e-11
7.597052908736045	-1.642697879540342e-11
7.624628889030595	-1.63878058998907e-11
7.652204869325145	-1.634892497855686e-11
7.679780849619696	-1.63103525022332e-11
7.707356829914246	-1.626956357468488e-11
7.734932810208796	-1.623178971502089e-11
7.762508790503346	-1.61946513253933e-11
7.790084770797896	-1.615820031914716e-11
7.817660751092446	-1.612248697254366e-11
7.845236731386996	-1.608755964982107e-11
7.872812711681546	-1.605346457036841e-11
7.900388691976096	-1.602024601874251e-11
7.927964672270646	-1.598794148861737e-11
7.955540652565197	-1.595659489852123e-11
7.983116632859747	-1.592228273484646e-11
8.010692613154298	-1.589351013443351e-11
8.038268593448848	-1.586603594982921e-11
8.065844573743398	-1.58398045313544e-11
8.093420554037948	-1.581476000243201e-11
8.120996534332498	-1.57908458658755e-11
8.148572514627048	-1.576800573354572e-11
8.176148494921598	-1.57461840568734e-11
8.203724475216148	-1.572532669623318e-11
8.231300455510699	-1.570538132660979e-11
8.258876435805249	-1.568651661130225e-11
8.286452416099799	-1.566821284838112e-11
8.314028396394349	-1.565066518501882e-11
8.341604376688899	-1.563383466257126e-11
8.369180356983449	-1.561768442449922e-11
8.396756337277999	-1.560217960258529e-11
8.424332317572549	-1.5587287208197e-11
8.451908297867099	-1.557297602867104e-11
8.47948427816165	-1.555921652882144e-11
8.5070602584562	-1.554598075751866e-11
8.53463623875075	-1.553322567719874e-11
8.5622122190453	-1.552096159386226e-11
8.58978819933985	-1.550914708179145e-11
8.6173641796344	-1.549775946139807e-11
8.64494015992895	-1.548677722458981e-11
8.6725161402235	-1.547617996634072e-11
8.70009212051805	-1.546594832073204e-11
8.7276681008126	-1.545606390094999e-11
8.755244081107151	-1.544650924288535e-11
8.782820061401701	-1.543726775206569e-11
8.810396041696251	-1.542831963510915e-11
8.837972021990801	-1.541965820535995e-11
8.865548002285351	-1.541126532663161e-11
8.893123982579901	-1.540312731538159e-11
8.920699962874451	-1.539523112593951e-11
8.948275943169001	-1.538756431832895e-11
8.975851923463551	-1.538011502693067e-11
9.003427903758102	-1.537287193032375e-11
9.031003884052652	-1.536582422243049e-11
9.058579864347202	-1.535896158500311e-11
9.086155844641752	-1.535226725392298e-11
9.113731824936302	-1.534574659204424e-11
9.141307805230852	-1.533938315332496e-11
9.168883785525402	-1.533316818955093e-11
9.196459765819952	-1.532709331825084e-11
9.224035746114502	-1.532115050703469e-11
9.251611726409052	-1.531533205833585e-11
9.279187706703603	-1.530963059466654e-11
9.306763686998153	-1.530403904448386e-11
9.334339667292703	-1.529855062875666e-11
9.361915647587253	-1.529314442468909e-11
9.389491627881803	-1.528784498267206e-11
9.417067608176353	-1.528263088595526e-11
9.444643588470903	-1.527749618290183e-11
9.472219568765453	-1.527243515997147e-11
9.499795549060003	-1.526744233627212e-11
9.527371529354554	-1.526251245721462e-11
9.554947509649104	-1.525764048762598e-11
9.582523489943654	-1.525282160459524e-11
9.610099470238204	-1.524805119026338e-11
9.637675450532754	-1.524335968136302e-11
9.665251430827304	-1.523867423711341e-11
9.692827411121854	-1.523402169958595e-11
9.720403391416404	-1.522939672608639e-11
9.747979371710954	-1.522479173755991e-11
9.775555352005505	-1.522018802878557e-11
9.803131332300055	-1.521540065637889e-11
9.830707312594605	-1.52113874356192e-11
9.858283292889155	-1.520675607723068e-11
9.885859273183705	-1.52022228204602e-11
9.913435253478255	-1.519765659651232e-11
9.941011233772805	-1.519317323504591e-11
9.968587214067355	-1.518869264281621e-11
9.996163194361905	-1.518421224042156e-11
10.02373917465646	-1.517972956582889e-11
10.05131515495101	-1.517524226854139e-11
10.07889113524556	-1.517074810399178e-11
10.10646711554011	-1.516624492809039e-11
10.13404309583466	-1.51617306918526e-11
10.16161907612921	-1.515720343602306e-11
10.18919505642376	-1.515266836753089e-11
10.21677103671831	-1.514810901578299e-11
10.24434701701286	-1.514353061425173e-11
10.27192299730741	-1.513893152640713e-11
10.29949897760196	-1.513431020522254e-11
10.32707495789651	-1.512966518954634e-11
10.35465093819106	-1.512499510063408e-11
10.38222691848561	-1.512029863881784e-11
10.40980289878016	-1.511557458029124e-11
10.43737887907471	-1.511082177398963e-11
10.46495485936926	-1.510604282270145e-11
10.49253083966381	-1.510122899593809e-11
10.52010681995836	-1.509638307183933e-11
10.54768280025291	-1.509150419524288e-11
10.57525878054746	-1.508659158275801e-11
10.60283476084201	-1.508164451977813e-11
10.63041074113656	-1.507666235762033e-11
10.65798672143111	-1.507164451077958e-11
10.68556270172566	-1.506659045428662e-11
10.71313868202021	-1.506149972115942e-11
10.74071466231476	-1.505637732064408e-11
10.76829064260931	-1.505121147365818e-11
10.79586662290386	-1.504600745388498e-11
10.82344260319841	-1.504076507015011e-11
10.85101858349296	-1.503548419415752e-11
10.87859456378751	-1.503016475685238e-11
10.90617054408206	-1.502480674501881e-11
10.93374652437661	-1.501941019808966e-11
10.96132250467116	-1.501397520514787e-11
10.98889848496571	-1.500850190210184e-11
11.01647446526026	-1.50029950863648e-11
11.04405044555481	-1.499744516999313e-11
11.07162642584936	-1.499185728532901e-11
11.09920240614391	-1.498623180323138e-11
11.12677838643846	-1.498056913709631e-11
11.15435436673301	-1.497486973889629e-11
11.18193034702756	-1.496913409563425e-11
11.20950632732211	-1.496336272615229e-11
11.23708230761666	-1.495755617824568e-11
11.26465828791121	-1.49517150260406e-11
11.29223426820576	-1.49458385636332e-11
11.31981024850031	-1.493993016478314e-11
11.34738622879486	-1.493398911687996e-11
11.37496220908941	-1.492801605977073e-11
11.40253818938396	-1.492201164597132e-11
11.43011416967851	-1.491597653947183e-11
11.45769014997306	-1.490991141459639e-11
11.48526613026761	-1.490381695491491e-11
11.51284211056216	-1.489769385220393e-11
11.54041809085671	-1.489154280545445e-11
11.56799407115126	-1.488536362471909e-11
11.59557005144581	-1.487915889870816e-11
11.62314603174036	-1.487292843232606e-11
11.65072201203491	-1.486667293471039e-11
11.67829799232946	-1.486039311451348e-11
11.70587397262401	-1.485408967932367e-11
11.73344995291856	-1.484776333511667e-11
11.76102593321311	-1.484141478573583e-11
11.78860191350766	-1.483504473240036e-11
11.81617789380221	-1.482865387324071e-11
11.84375387409676	-1.48222419304093e-11
11.87132985439131	-1.481581163832554e-11
11.89890583468586	-1.480936268949544e-11
11.92648181498041	-1.480289575424763e-11
11.95405779527496	-1.479641149445451e-11
11.98163377556951	-1.478991056346263e-11
12.00920975586406	-1.47833936060315e-11
12.03678573615861	-1.477686125828075e-11
12.06436171645316	-1.477031414764542e-11
12.09193769674771	-1.476375289283897e-11
12.11951367704226	-1.47571768732394e-11
12.14708965733681	-1.475058929010689e-11
12.17466563763136	-1.474398945844383e-11
12.20224161792591	-1.473737794481933e-11
12.22981759822046	-1.473075530374191e-11
12.25739357851501	-1.472412207812548e-11
12.28496955880956	-1.471747879971107e-11
12.31254553910411	-1.471082598944968e-11
12.34012151939866	-1.470416415785126e-11
12.36769749969321	-1.469749380530381e-11
12.39527347998776	-1.469081322928058e-11
12.42284946028231	-1.468412760795697e-11
12.45042544057686	-1.46774350419632e-11
12.47800142087141	-1.467073595531824e-11
12.50557740116597	-1.466403076282643e-11
12.53315338146052	-1.465731987077255e-11
12.56072936175507	-1.465060367746852e-11
12.58830534204962	-1.464388257368898e-11
12.61588132234417	-1.463715694302277e-11
12.64345730263872	-1.463042716216023e-11
12.67103328293327	-1.462369450074921e-11
12.69860926322782	-1.461695747080138e-11
12.72618524352237	-1.461021729927038e-11
12.75376122381692	-1.460347433415141e-11
12.78133720411147	-1.459672891912183e-11
12.80891318440602	-1.458998139400636e-11
12.83648916470057	-1.458323209550574e-11
12.86406514499512	-1.457648135838923e-11
12.89164112528967	-1.456972951754711e-11
12.91921710558422	-1.45629769117445e-11
12.94679308587877	-1.455622934375189e-11
12.97436906617332	-1.454947684439984e-11
13.00194504646787	-1.454272430123636e-11
13.02952102676242	-1.453597196561088e-11
13.05709700705697	-1.452922008157313e-11
13.08467298735152	-1.452246888575844e-11
13.11224896764607	-1.451571860726045e-11
13.13982494794062	-1.450896946748959e-11
13.16740092823517	-1.450222168001552e-11
13.19497690852972	-1.449547545039152e-11
13.22255288882427	-1.448873165313527e-11
13.25012886911882	-1.448198907539204e-11
13.27770484941337	-1.447524856008934e-11
13.30528082970792	-1.446851028080461e-11
13.33285681000247	-1.44617744053099e-11
13.36043279029702	-1.445504109560175e-11
13.38800877059157	-1.444831050792978e-11
13.41558475088612	-1.44415827928241e-11
13.44316073118067	-1.44348580951212e-11
13.47073671147522	-1.442813655398826e-11
13.49831269176977	-1.442141863405216e-11
13.52588867206432	-1.441470376933433e-11
13.55346465235887	-1.440799241869598e-11
13.58104063265342	-1.440128470097427e-11
13.60861661294797	-1.43945807308726e-11
13.63619259324252	-1.43878806190035e-11
13.66376857353707	-1.438118447194119e-11
13.69134455383162	-1.437449239227793e-11
13.71892053412617	-1.436780447868162e-11
13.74649651442072	-1.436112082595375e-11
13.77407249471527	-1.435444168010569e-11
13.80164847500982	-1.434776680488096e-11
13.82922445530437	-1.434109643912892e-11
13.85680043559892	-1.433443066394378e-11
13.88437641589347	-1.432776955745543e-11
13.91195239618802	-1.43211131948675e-11
13.93952837648257	-1.431446164847295e-11
13.96710435677712	-1.430781498761406e-11
13.99468033707167	-1.430117327847982e-11
14.02225631736622	-1.42945365833e-11
14.04983229766077	-1.428790508859724e-11
14.07740827795532	-1.428127861930367e-11
14.10498425824987	-1.427465733968929e-11
14.13256023854442	-1.426804130452402e-11
14.16013621883897	-1.426143056646785e-11
14.18771219913352	-1.425482517611775e-11
14.21528817942807	-1.424822518205374e-11
14.24286415972262	-1.424163063088398e-11
14.27044014001717	-1.423504156728922e-11
14.29801612031172	-1.422845803406619e-11
14.32559210060627	-1.422188009855752e-11
14.35316808090082	-1.421530774469839e-11
14.38074406119537	-1.420874103652364e-11
14.40832004148992	-1.42021800099634e-11
14.43589602178447	-1.41956246993767e-11
14.46347200207902	-1.418907513758807e-11
14.49104798237357	-1.418253135592342e-11
14.51862396266812	-1.417599338424522e-11
14.54619994296267	-1.416946125098708e-11
14.57377592325722	-1.416293498318745e-11
14.60135190355177	-1.415641460683006e-11
14.62892788384632	-1.414990014537815e-11
14.65650386414087	-1.41433916224956e-11
14.68407984443542	-1.413688906005322e-11
14.71165582472997	-1.413039247869975e-11
14.73923180502452	-1.412390189789028e-11
14.76680778531907	-1.411741733591333e-11
14.79438376561362	-1.411093880991591e-11
14.82195974590817	-1.410446633592501e-11
14.84953572620272	-1.40979999288624e-11
14.87711170649727	-1.409153981457441e-11
14.90468768679182	-1.408508477699423e-11
14.93226366708637	-1.407863710001949e-11
14.95983964738092	-1.407219514936901e-11
14.98741562767547	-1.406575929161594e-11
15.01499160797002	-1.405932955975187e-11
15.04256758826457	-1.405290596778053e-11
15.07014356855912	-1.404648852512465e-11
15.09771954885368	-1.404007723918952e-11
15.12529552914823	-1.403367211608619e-11
15.15287150944278	-1.40272731558311e-11
15.18044748973733	-1.402088037424172e-11
15.20802347003188	-1.401449376798433e-11
15.23559945032643	-1.400811333951108e-11
15.26317543062098	-1.400173909056975e-11
15.29075141091553	-1.399537102222157e-11
15.31832739121008	-1.398900913485857e-11
15.34590337150463	-1.398265342822075e-11
15.37347935179918	-1.397630390141293e-11
15.40105533209373	-1.396996055292131e-11
15.42863131238828	-1.396362338860057e-11
15.45620729268283	-1.395729238907856e-11
15.48378327297738	-1.395096755911224e-11
15.51135925327193	-1.39446488949467e-11
15.53893523356648	-1.393833639232017e-11
15.56651121386103	-1.393203004647807e-11
15.59408719415558	-1.392572985218692e-11
15.62166317445013	-1.391943580374777e-11
15.64923915474468	-1.391314789500942e-11
15.67681513503923	-1.390686611938124e-11
15.70439111533378	-1.390059047736476e-11
15.73196709562833	-1.389432094535049e-11
15.75954307592288	-1.388805752363513e-11
15.78711905621743	-1.388180020423109e-11
15.81469503651198	-1.387554897884907e-11
15.84227101680653	-1.386930383892583e-11
15.86984699710108	-1.386306477566875e-11
15.89742297739563	-1.385683178014081e-11
15.92499895769018	-1.385060484345538e-11
15.95257493798473	-1.384438395732962e-11
15.98015091827928	-1.383816888140618e-11
16.00772689857383	-1.383196015056855e-11
16.03530287886838	-1.382575736373422e-11
16.06287885916293	-1.381956056650419e-11
16.09045483945748	-1.381336975735407e-11
16.11803081975203	-1.380718492809938e-11
16.14560680004658	-1.380100606866942e-11
16.17318278034113	-1.379483316821461e-11
16.20075876063568	-1.378866621546341e-11
16.22833474093023	-1.378250519886457e-11
16.25591072122478	-1.377635009360059e-11
16.28348670151933	-1.377020091199762e-11
16.31106268181388	-1.376405763107186e-11
16.33863866210843	-1.375792023945443e-11
16.36621464240298	-1.375178872859221e-11
16.39379062269753	-1.374566321793079e-11
16.42136660299208	-1.373954323093579e-11
16.44894258328663	-1.373342927619851e-11
16.47651856358118	-1.372732113970221e-11
16.50409454387573	-1.372121881487057e-11
16.53167052417028	-1.37151223279298e-11
16.55924650446483	-1.370903158653489e-11
16.58682248475938	-1.370294661877014e-11
16.61439846505393	-1.36968674114614e-11
16.64197444534848	-1.369079395083962e-11
16.66955042564303	-1.368472622131267e-11
16.69712640593758	-1.367866419897119e-11
16.72470238623213	-1.367260774817468e-11
16.75227836652668	-1.366655755607858e-11
16.77985434682123	-1.366051255790289e-11
16.80743032711578	-1.365447322649064e-11
16.83500630741033	-1.364843964491504e-11
16.86258228770488	-1.364241166241038e-11
16.89015826799943	-1.363638967165656e-11
16.91773424829398	-1.363037287235916e-11
16.94531022858853	-1.362436180024611e-11
16.97288620888308	-1.361835633821821e-11
17.00046218917763	-1.361235646528256e-11
17.02803816947218	-1.360636216692142e-11
17.05561414976673	-1.360037343003725e-11
17.08319013006128	-1.359439027136798e-11
17.11076611035583	-1.358841261765016e-11
17.13834209065038	-1.358244048632455e-11
17.16591807094493	-1.357647386476619e-11
17.19349405123948	-1.357051273973001e-11
17.22107003153403	-1.356455709587238e-11
17.24864601182858	-1.355860690752582e-11
17.27622199212313	-1.35526619739e-11
17.30379797241768	-1.354672319822406e-11
17.33137395271223	-1.354078931151132e-11
17.35894993300678	-1.353486089962297e-11
17.38652591330133	-1.352893794427157e-11
17.41410189359588	-1.352302039461164e-11
17.44167787389043	-1.351710823912971e-11
17.46925385418498	-1.351120146644793e-11
17.49682983447953	-1.35053000652926e-11
17.52440581477408	-1.349940402448016e-11
17.55198179506863	-1.349351333291023e-11
17.57955777536318	-1.348762797956189e-11
17.60713375565773	-1.348174795349147e-11
17.63470973595228	-1.347587324642696e-11
17.66228571624683	-1.347000384199276e-11
17.68986169654139	-1.346413973231513e-11
17.71743767683594	-1.345828090679289e-11
17.74501365713049	-1.345242735489679e-11
17.77258963742504	-1.344657906616946e-11
17.80016561771959	-1.344073603022542e-11
17.82774159801414	-1.343489823675097e-11
17.85531757830869	-1.342906567550407e-11
17.88289355860324	-1.342323833631425e-11
17.91046953889779	-1.341741621018483e-11
17.93804551919234	-1.341159928482677e-11
17.96562149948689	-1.340578755133675e-11
17.99319747978144	-1.339998099982298e-11
18.02077346007599	-1.339417962046736e-11
18.04834944037054	-1.338838340352622e-11
18.07592542066509	-1.338259233933144e-11
18.10350140095964	-1.337680641829256e-11
18.13107738125419	-1.337102563089995e-11
18.15865336154874	-1.33652499677304e-11
18.18622934184329	-1.335947939281153e-11
18.21380532213784	-1.335371393586493e-11
18.24138130243239	-1.334795355287294e-11
18.26895728272694	-1.334219915512237e-11
18.29653326302149	-1.333644821582161e-11
18.32410924331604	-1.333070307103967e-11
18.35168522361059	-1.332496300225375e-11
18.37926120390514	-1.331922798813366e-11
18.40683718419969	-1.331349801716347e-11
18.43441316449424	-1.330777307960946e-11
18.46198914478879	-1.330205317823047e-11
18.48956512508334	-1.329633827766897e-11
18.51714110537789	-1.329062838351698e-11
18.54471708567244	-1.328492348726241e-11
18.57229306596699	-1.327922358044646e-11
18.59986904626154	-1.327352865466336e-11
18.62744502655609	-1.326783870156016e-11
18.65502100685064	-1.326215371283648e-11
18.68259698714519	-1.325647368024428e-11
18.71017296743974	-1.325079859558757e-11
18.73774894773429	-1.324512847505621e-11
18.76532492802884	-1.323946327166921e-11
18.79290090832339	-1.323380300699201e-11
18.82047688861794	-1.322814724888158e-11
18.84805286891249	-1.322249709668128e-11
18.87562884920704	-1.321685154816076e-11
18.90320482950159	-1.321121088089363e-11
18.93078080979614	-1.32055750944829e-11
18.95835679009069	-1.31999441827201e-11
18.98593277038524	-1.319431813838164e-11
19.01350875067979	-1.318869695321365e-11
19.04108473097434	-1.318308062119227e-11
19.06866071126889	-1.317746913406281e-11
19.09623669156344	-1.317186248425919e-11
19.12381267185799	-1.316626066424243e-11
19.15138865215254	-1.316066366650666e-11
19.17896463244709	-1.315507148358223e-11
19.20654061274164	-1.314948410803743e-11
19.23411659303619	-1.314390153247939e-11
19.26169257333074	-1.313832374955458e-11
19.28926855362529	-1.313275075223263e-11
19.31684453391984	-1.312718253260453e-11
19.34442051421439	-1.312161908378351e-11
19.37199649450894	-1.311606039858275e-11
19.39957247480349	-1.31105064698526e-11
19.42714845509804	-1.310495729048055e-11
19.45472443539259	-1.309941285339117e-11
19.48230041568714	-1.309387315154624e-11
19.50987639598169	-1.308833817794465e-11
19.53745237627624	-1.308280792562253e-11
19.56502835657079	-1.307728238821408e-11
19.59260433686534	-1.307176155777718e-11
19.62018031715989	-1.306624542787343e-11
19.64775629745444	-1.306073399165153e-11
19.67533227774899	-1.305522724229452e-11
19.70290825804354	-1.304972517302134e-11
19.73048423833809	-1.304422777708932e-11
19.75806021863264	-1.303873504779841e-11
19.78563619892719	-1.303324697849844e-11
19.81321217922174	-1.302776356260265e-11
19.84078815951629	-1.302228481661931e-11
19.86836413981084	-1.301681068984902e-11
19.89594012010539	-1.301134119564988e-11
19.92351610039994	-1.300587632733958e-11
19.95109208069449	-1.300041607826996e-11
19.97866806098904	-1.299496044182641e-11
20.00624404128359	-1.298950941142722e-11
20.03382002157814	-1.2984062980523e-11
20.06139600187269	-1.297862114259621e-11
20.08897198216724	-1.297318389116061e-11
20.11654796246179	-1.296775121242129e-11
20.14412394275634	-1.29623231148512e-11
20.17169992305089	-1.295689958521276e-11
20.19927590334544	-1.295148061724379e-11
20.22685188363999	-1.29460662047285e-11
20.25442786393454	-1.294065634151373e-11
20.2820038442291	-1.293525102154098e-11
20.30957982452365	-1.292985023891493e-11
20.3371558048182	-1.292445398806921e-11
20.36473178511275	-1.291906226423918e-11
20.3923077654073	-1.291367498893521e-11
20.41988374570185	-1.290829228161351e-11
20.4474597259964	-1.290291408090402e-11
20.47503570629095	-1.289754038077709e-11
20.5026116865855	-1.289217117521343e-11
20.53018766688005	-1.288680645820578e-11
20.5577636471746	-1.288144622376028e-11
20.58533962746915	-1.287609046589753e-11
20.6129156077637	-1.287073917865343e-11
20.64049158805825	-1.28653923560799e-11
20.6680675683528	-1.286004999437723e-11
20.69564354864735	-1.285471208331379e-11
20.7232195289419	-1.284937861897047e-11
20.75079550923645	-1.284404959543189e-11
20.778371489531	-1.283872500679278e-11
20.80594746982555	-1.283340484715298e-11
20.8335234501201	-1.282808911060786e-11
20.86109943041465	-1.2822777791228e-11
20.8886754107092	-1.281747088301117e-11
20.91625139100375	-1.28121683797498e-11
20.9438273712983	-1.28068702968806e-11
20.97140335159285	-1.280157659273177e-11
20.9989793318874	-1.27962872770507e-11
21.02655531218195	-1.279100234404651e-11
21.0541312924765	-1.278572178794289e-11
21.08170727277105	-1.2780445602978e-11
21.1092832530656	-1.277517378340458e-11
21.13685923336015	-1.276990632348986e-11
21.1644352136547	-1.276464321751559e-11
21.19201119394925	-1.275938445977806e-11
21.2195871742438	-1.275413003922198e-11
21.24716315453835	-1.274887996097666e-11
21.2747391348329	-1.274363421449064e-11
21.30231511512745	-1.27383927942236e-11
21.329891095422	-1.273315569466596e-11
21.35746707571655	-1.272792291035e-11
21.3850430560111	-1.272269443587082e-11
21.41261903630565	-1.271747026592975e-11
21.4401950166002	-1.271225039543369e-11
21.46777099689475	-1.270703481975829e-11
21.4953469771893	-1.270182347232531e-11
21.52292295748385	-1.269661645455382e-11
21.5504989377784	-1.269141371402762e-11
21.57807491807295	-1.268621524542807e-11
21.6056508983675	-1.268102104343855e-11
21.63322687866205	-1.267583110274556e-11
21.6608028589566	-1.267064541803971e-11
21.68837883925115	-1.266546398401663e-11
21.7159548195457	-1.266028679537769e-11
21.74353079984025	-1.265511384683072e-11
21.7711067801348	-1.264994514173363e-11
21.79868276042935	-1.264478065768846e-11
21.8262587407239	-1.263962039705847e-11
21.85383472101845	-1.263446435426584e-11
21.881410701313	-1.262931252350627e-11
21.90898668160755	-1.262416489839494e-11
21.9365626619021	-1.261902147071383e-11
21.96413864219665	-1.261388222364391e-11
21.9917146224912	-1.260874701313655e-11
22.01929060278575	-1.260361656668192e-11
22.0468665830803	-1.259848976357107e-11
22.07444256337485	-1.259336728607741e-11
22.1020185436694	-1.258824897965032e-11
22.12959452396395	-1.258313483899164e-11
22.1571705042585	-1.257802485881708e-11
22.18474648455305	-1.257291903385604e-11
22.2123224648476	-1.256781735885163e-11
22.23989844514215	-1.256271982856054e-11
22.2674744254367	-1.2557626437753e-11
22.29505040573125	-1.255253718121272e-11
22.3226263860258	-1.254745205477411e-11
22.35020236632035	-1.254237105104368e-11
22.3777783466149	-1.253729416593975e-11
22.40535432690945	-1.25322213943159e-11
22.432930307204	-1.252715273104068e-11
22.46050628749855	-1.252208817099703e-11
22.4880822677931	-1.251702770908193e-11
22.51565824808765	-1.251197134020594e-11
22.5432342283822	-1.25069190592929e-11
22.57081020867675	-1.250187086127961e-11
22.5983861889713	-1.249682673876292e-11
22.62596216926585	-1.249178669153618e-11
22.6535381495604	-1.24867507123153e-11
22.68111412985495	-1.248171879609697e-11
22.7086901101495	-1.247669093788442e-11
22.73626609044405	-1.247166713268621e-11
22.7638420707386	-1.246664737551425e-11
22.79141805103315	-1.246163166138061e-11
22.8189940313277	-1.245661998529185e-11
22.84657001162225	-1.245161234223889e-11
22.87414599191681	-1.244660870251934e-11
22.90172197221136	-1.244160911040034e-11
22.92929795250591	-1.243661353766516e-11
22.95687393280046	-1.243162197937847e-11
22.98444991309501	-1.242663443062214e-11
23.01202589338956	-1.242165088649279e-11
23.03960187368411	-1.241667134210029e-11
23.06717785397866	-1.241169579256663e-11
23.09475383427321	-1.240672423302518e-11
23.12232981456776	-1.240175665862023e-11
23.14990579486231	-1.239679306363131e-11
23.17748177515686	-1.239183344506206e-11
23.20505775545141	-1.238687779719261e-11
23.23263373574596	-1.238192611519933e-11
23.26020971604051	-1.237697839426582e-11
23.28778569633506	-1.237203462958265e-11
23.31536167662961	-1.236709481634716e-11
23.34293765692416	-1.236215894976316e-11
23.37051363721871	-1.235722702504049e-11
23.39808961751326	-1.235229903739459e-11
23.42566559780781	-1.234737498380674e-11
23.45324157810236	-1.234245485590123e-11
23.48081755839691	-1.233753865057178e-11
23.50839353869146	-1.23326263630382e-11
23.53596951898601	-1.232771798852826e-11
23.56354549928056	-1.232281352227763e-11
23.59112147957511	-1.231791295952997e-11
23.61869745986966	-1.231301629553696e-11
23.64627344016421	-1.230812352555829e-11
23.67384942045876	-1.230323464486171e-11
23.70142540075331	-1.229834964915938e-11
23.72900138104786	-1.229346853282012e-11
23.75657736134241	-1.228859129157933e-11
23.78415334163696	-1.228371792074187e-11
23.81172932193151	-1.227884841562241e-11
23.83930530222606	-1.227398277154538e-11
23.86688128252061	-1.226912098384498e-11
23.89445726281516	-1.226426304786501e-11
23.92203324310971	-1.225940895895895e-11
23.94960922340426	-1.225455871248986e-11
23.97718520369881	-1.224971230083592e-11
24.00476118399336	-1.224486972546024e-11
24.03233716428791	-1.224003097896399e-11
24.05991314458246	-1.223519605678593e-11
24.08748912487701	-1.223036495437395e-11
24.11506510517156	-1.222553766718593e-11
24.14264108546611	-1.222071419069133e-11
24.17021706576066	-1.221589452037384e-11
24.19779304605521	-1.221107865173696e-11
24.22536902634976	-1.22062665803159e-11
24.25294500664431	-1.220145827612323e-11
24.28052098693886	-1.219665378093279e-11
24.30809696723341	-1.219185306968853e-11
24.33567294752796	-1.218705613800451e-11
24.36324892782251	-1.218226298149979e-11
24.39082490811706	-1.217747359579847e-11
24.41840088841161	-1.217268797652978e-11
24.44597686870616	-1.216790611932814e-11
24.47355284900071	-1.216312801983324e-11
24.50112882929526	-1.215835367369015e-11
24.52870480958981	-1.215358306548797e-11
24.55628078988436	-1.214881621524383e-11
24.58385677017891	-1.214405310555908e-11
24.61143275047346	-1.213929373195575e-11
24.63900873076801	-1.213453808998387e-11
24.66658471106256	-1.212978617521298e-11
24.69416069135711	-1.212503798322754e-11
24.72173667165166	-1.212029350962421e-11
24.74931265194621	-1.211555275001029e-11
24.77688863224076	-1.211081570000267e-11
24.80446461253531	-1.210608235392443e-11
24.83204059282986	-1.210135271019342e-11
24.85961657312441	-1.20966267630528e-11
24.88719255341896	-1.209190450813209e-11
24.91476853371351	-1.208718594106791e-11
24.94234451400806	-1.208247105750401e-11
24.96992049430261	-1.207775985309127e-11
24.99749647459716	-1.207305232348773e-11
25.02507245489171	-1.206834846435861e-11
25.05264843518626	-1.206364827137629e-11
25.08022441548081	-1.205895173945192e-11
25.10780039577536	-1.205425886586177e-11
25.13537637606991	-1.204956964554919e-11
25.16295235636446	-1.204488407421357e-11
25.19052833665901	-1.204020214755789e-11
25.21810431695356	-1.203552386128821e-11
25.24568029724811	-1.203084921111315e-11
25.27325627754266	-1.202617819274308e-11
25.30083225783721	-1.202151080188932e-11
25.32840823813176	-1.2016847034263e-11
25.35598421842631	-1.201218689249519e-11
25.38356019872086	-1.200753035793207e-11
25.41113617901541	-1.200287743310328e-11
25.43871215930996	-1.199822811372314e-11
25.46628813960452	-1.19935823955201e-11
25.49386411989907	-1.198894027423586e-11
25.52144010019362	-1.198430174562475e-11
25.54901608048817	-1.197966680545306e-11
25.57659206078272	-1.197503544949849e-11
25.60416804107727	-1.197040767354975e-11
25.63174402137182	-1.196578345965545e-11
25.65932000166637	-1.19611628265362e-11
25.68689598196092	-1.19565457548941e-11
25.71447196225547	-1.195193048934872e-11
25.74204794255002	-1.194732235391565e-11
25.76962392284457	-1.194271596000547e-11
25.79719990313912	-1.193811312356658e-11
25.82477588343367	-1.19335138356887e-11
25.85235186372822	-1.19289180913134e-11
25.87992784402277	-1.192432588602408e-11
25.90750382431732	-1.191973722099174e-11
25.93507980461187	-1.191515208025613e-11
25.96265578490642	-1.1910570465946e-11
25.99023176520097	-1.190599237402304e-11
26.01780774549552	-1.190141780045891e-11
26.04538372579007	-1.189684674123581e-11
26.07295970608462	-1.189227919234725e-11
26.10053568637917	-1.188771514979881e-11
26.12811166667372	-1.188315460960915e-11
26.15568764696827	-1.187859756781123e-11
26.18326362726282	-1.187404400966011e-11
26.21083960755737	-1.186949395398257e-11
26.23841558785192	-1.186494738569408e-11
26.26599156814647	-1.186040430079349e-11
26.29356754844102	-1.18558646952826e-11
26.32114352873557	-1.185132856516698e-11
26.34871950903012	-1.184679590645645e-11
26.37629548932467	-1.184226671516553e-11
26.40387146961922	-1.183774098731378e-11
26.43144744991377	-1.1833218718926e-11
26.45902343020832	-1.182869990676463e-11
26.48659941050287	-1.182418454535011e-11
26.51417539079742	-1.181967263144292e-11
26.54175137109197	-1.181516416109091e-11
26.56932735138652	-1.181065913034958e-11
26.59690333168107	-1.180615753528234e-11
26.62447931197562	-1.180165937196094e-11
26.65205529227017	-1.179716463646621e-11
26.67963127256472	-1.17926733248893e-11
26.70720725285927	-1.178818543333391e-11
26.73478323315382	-1.178370096046303e-11
26.76235921344837	-1.177921989773037e-11
26.78993519374292	-1.177474224326764e-11
26.81751117403747	-1.177026799315796e-11
26.84508715433202	-1.1765797143487e-11
26.87266313462657	-1.176132969034306e-11
26.90023911492112	-1.175686562981705e-11
26.92781509521567	-1.175240495800242e-11
26.95539107551022	-1.174794767099522e-11
26.98296705580477	-1.174349376489402e-11
27.01054303609932	-1.173904323956331e-11
27.03811901639387	-1.173459608309283e-11
27.06569499668842	-1.173015229559446e-11
27.09327097698297	-1.172571187322918e-11
27.12084695727752	-1.172127481216478e-11
27.14842293757207	-1.171684110857622e-11
27.17599891786662	-1.171241075864583e-11
27.20357489816117	-1.170798375856346e-11
27.23115087845572	-1.170356010452658e-11
27.25872685875027	-1.169913979274035e-11
27.28630283904482	-1.169472281883904e-11
27.31387881933937	-1.169030918025444e-11
27.34145479963392	-1.168589887263101e-11
27.36903077992847	-1.168149189219893e-11
27.39660676022302	-1.167708823519356e-11
27.42418274051757	-1.167268789785549e-11
27.45175872081212	-1.166829087643073e-11
27.47933470110667	-1.166389716717092e-11
27.50691068140122	-1.165950676633356e-11
27.53448666169577	-1.165511967018245e-11
27.56206264199032	-1.165073587627152e-11
27.58963862228487	-1.164635537834453e-11
27.61721460257942	-1.16419781738026e-11
27.64479058287397	-1.16376042589007e-11
27.67236656316852	-1.163323362989707e-11
27.69994254346307	-1.16288662830532e-11
27.72751852375762	-1.162450221463379e-11
27.75509450405217	-1.162014142090671e-11
27.78267048434672	-1.161578389814294e-11
27.81024646464127	-1.161142964261655e-11
27.83782244493582	-1.160707864953325e-11
27.86539842523037	-1.160273091720897e-11
27.89297440552492	-1.159838644109717e-11
27.92055038581947	-1.159404521755093e-11
27.94812636611402	-1.158970724294375e-11
27.97570234640857	-1.158537251367779e-11
28.00327832670312	-1.158104102620008e-11
28.03085430699767	-1.157671277703807e-11
28.05843028729223	-1.157238776288756e-11
28.08600626758678	-1.156806598087188e-11
28.11358224788133	-1.156374739382978e-11
28.14115822817588	-1.155943205604092e-11
28.16873420847043	-1.155511993853854e-11
28.19631018876498	-1.155081103776458e-11
28.22388616905953	-1.154650535015846e-11
28.25146214935408	-1.154220287215778e-11
28.27903812964863	-1.153790360019893e-11
28.30661410994318	-1.15336075307176e-11
28.33419009023773	-1.152931466014925e-11
28.36176607053228	-1.152502498492942e-11
28.38934205082683	-1.152073849738059e-11
28.41691803112138	-1.151645520310437e-11
28.44449401141593	-1.151217509347972e-11
28.47206999171048	-1.150789816494191e-11
28.49964597200503	-1.150362441391724e-11
28.52722195229958	-1.149935383682717e-11
28.55479793259413	-1.149508643009014e-11
28.58237391288868	-1.149082219012252e-11
28.60994989318323	-1.148656111333915e-11
28.63752587347778	-1.148230319615363e-11
28.66510185377233	-1.147804844409946e-11
28.69267783406688	-1.147379683452013e-11
28.72025381436143	-1.146954837300559e-11
28.74782979465598	-1.146530305605088e-11
28.77540577495053	-1.146106088018934e-11
28.80298175524508	-1.145682184199186e-11
28.83055773553963	-1.145258593806613e-11
28.85813371583418	-1.144835316505597e-11
28.88570969612873	-1.144412351964059e-11
28.91328567642328	-1.143989699853397e-11
28.94086165671783	-1.14356735861522e-11
28.96843763701238	-1.143145330506624e-11
28.99601361730693	-1.142723613966615e-11
29.02358959760148	-1.142302208668533e-11
29.05116557789603	-1.141881114283737e-11
29.07874155819058	-1.141460330481604e-11
29.10631753848513	-1.141039856929533e-11
29.13389351877968	-1.140619693292945e-11
29.16146949907423	-1.140199839235272e-11
29.18904547936878	-1.13978029441796e-11
29.21662145966333	-1.139361058917208e-11
29.24419743995788	-1.13894213152623e-11
29.27177342025243	-1.138523512310731e-11
29.29934940054698	-1.138105200925347e-11
29.32692538084153	-1.137687197024123e-11
29.35450136113608	-1.137269500260522e-11
29.38207734143063	-1.136852110287434e-11
29.40965332172518	-1.136435026757177e-11
29.43722930201973	-1.13601824932151e-11
29.46480528231428	-1.135601777631638e-11
29.49238126260883	-1.1351856119277e-11
29.51995724290338	-1.134769750626009e-11
29.54753322319793	-1.134354193971527e-11
29.57510920349248	-1.133938941618931e-11
29.60268518378703	-1.133523993224762e-11
29.63026116408158	-1.13310934844739e-11
29.65783714437613	-1.132695006946986e-11
29.68541312467068	-1.132280968385494e-11
29.71298910496523	-1.131867232426602e-11
29.74056508525978	-1.131453798735713e-11
29.76814106555433	-1.131040666686434e-11
29.79571704584888	-1.130627836560982e-11
29.82329302614343	-1.130215307734503e-11
29.85086900643798	-1.129803079876476e-11
29.87844498673253	-1.129391152656775e-11
29.90602096702708	-1.128979525745645e-11
29.93359694732163	-1.128568198813682e-11
29.96117292761618	-1.1281571715318e-11
29.98874890791073	-1.127746443571194e-11
30.01632488820528	-1.127336014603284e-11
30.04390086849983	-1.126925884694667e-11
30.07147684879438	-1.126516052707886e-11
30.09905282908893	-1.126106518690715e-11
30.12662880938348	-1.125697282312394e-11
30.15420478967803	-1.125288343242904e-11
30.18178076997258	-1.124879701152955e-11
30.20935675026713	-1.12447135571397e-11
30.23693273056168	-1.124063306598073e-11
30.26450871085623	-1.123655553478074e-11
30.29208469115078	-1.123248096027463e-11
30.31966067144533	-1.122840933559784e-11
30.34723665173988	-1.122434066477131e-11
30.37481263203443	-1.12202749412441e-11
30.40238861232898	-1.121621216184553e-11
30.42996459262353	-1.121215232342605e-11
30.45754057291808	-1.120809542286922e-11
30.48511655321263	-1.120404145711583e-11
30.51269253350718	-1.119999042321757e-11
30.54026851380173	-1.119594231847335e-11
30.56784449409628	-1.119189714084768e-11
30.59542047439083	-1.11878548472523e-11
30.62299645468539	-1.118381550094274e-11
30.65057243497994	-1.11797790702457e-11
30.67814841527449	-1.117574555208894e-11
30.70572439556904	-1.117171494340327e-11
30.73330037586359	-1.116768724112265e-11
30.76087635615814	-1.116366244218413e-11
30.78845233645269	-1.115964054352793e-11
30.81602831674724	-1.115562154209745e-11
30.84360429704179	-1.115160543483929e-11
30.87118027733634	-1.114759220733201e-11
30.89875625763089	-1.114358188178404e-11
30.92633223792544	-1.113957444135698e-11
30.95390821821999	-1.113556988290848e-11
30.98148419851454	-1.113156820331194e-11
31.00906017880909	-1.112756939945139e-11
31.03663615910364	-1.112357346821894e-11
31.06421213939819	-1.111958040651344e-11
31.09178811969274	-1.11155902112396e-11
31.11936409998729	-1.111160287930758e-11
31.14694008028184	-1.110761840697971e-11
31.17451606057639	-1.110363679259195e-11
31.20209204087094	-1.109965803233669e-11
31.22966802116549	-1.109568212313126e-11
31.25724400146004	-1.109170906189893e-11
31.28481998175459	-1.10877388455687e-11
31.31239596204914	-1.108377147107512e-11
31.33997194234369	-1.107980693535813e-11
31.36754792263824	-1.107584523536292e-11
31.39512390293279	-1.107188636803985e-11
31.42269988322734	-1.106793033448684e-11
31.45027586352189	-1.106397712135264e-11
31.47785184381644	-1.106002673285273e-11
31.50542782411099	-1.105607916523173e-11
31.53300380440554	-1.105213441528296e-11
31.56057978470009	-1.104819247992057e-11
31.58815576499464	-1.104425335610043e-11
31.61573174528919	-1.104031704079771e-11
31.64330772558374	-1.103638353099893e-11
31.67088370587829	-1.103245282369851e-11
31.69845968617284	-1.102852491589722e-11
31.72603566646739	-1.102459980460134e-11
31.75361164676194	-1.102067748682221e-11
31.78118762705649	-1.101675795957597e-11
31.80876360735104	-1.101284121988338e-11
31.83633958764559	-1.100892726476974e-11
31.86391556794014	-1.100501609126478e-11
31.89149154823469	-1.100110769640269e-11
31.91906752852924	-1.0997202077222e-11
31.94664350882379	-1.099329923076562e-11
31.97421948911834	-1.098939915408078e-11
32.00179546941289	-1.098550184421904e-11
32.02937144970744	-1.098160729823628e-11
32.05694743000199	-1.097771551319267e-11
32.08452341029654	-1.097382648615269e-11
32.11209939059109	-1.09699402141851e-11
32.13967537088564	-1.096605669436295e-11
32.16725135118019	-1.096217592376355e-11
32.19482733147474	-1.095829789946853e-11
32.22240331176929	-1.095442261856373e-11
