0
1000	1776.86	100000000000000.1
5	0	0	1
5	0	0	0
7.494979834713454	4.259964695309968e-10
7.519733422974787	8.860671484674625e-10
7.544487011236121	1.352621200284674e-09
7.569240599497454	1.863718887422505e-09
7.593994187758788	2.426566911639596e-09
7.618747776020121	3.042253236713916e-09
7.643501364281454	3.709984475281337e-09
7.668254952542788	4.428367332040302e-09
7.693008540804121	5.195891625443415e-09
7.717762129065455	6.011128193296503e-09
7.742515717326788	6.872808467162421e-09
7.767269305588122	7.779850874578084e-09
7.792022893849455	8.73136262747878e-09
7.816776482110789	9.726630338242167e-09
7.841530070372122	1.07651060502507e-08
7.866283658633455	1.184639195630251e-08
7.891037246894789	1.29702254065723e-08
7.915790835156122	1.413646496410642e-08
7.940544423417456	1.534507777904932e-08
7.965298011678789	1.659612835311584e-08
7.990051599940123	1.788976863706866e-08
8.014805188201457	1.922622935264518e-08
8.03955877646279	2.060581241004412e-08
8.064312364724124	2.202888429232701e-08
8.089065952985457	2.349587028185468e-08
8.113819541246791	2.500724941886381e-08
8.138573129508124	2.656355009021382e-08
8.163326717769458	2.816534616218133e-08
8.188080306030791	2.981325357712492e-08
8.212833894292125	3.150792734708702e-08
8.237587482553458	3.325016321366497e-08
8.262341070814792	3.504075016444502e-08
8.287094659076125	3.688014818456819e-08
8.311848247337458	3.876922980357496e-08
8.336601835598792	4.070891763008249e-08
8.361355423860125	4.26998554409157e-08
8.386109012121459	4.474280593117381e-08
8.410862600382792	4.6839001167966e-08
8.435616188644126	4.898914568333032e-08
8.460369776905459	5.11941514028587e-08
8.485123365166793	5.345532990237721e-08
8.509876953428126	5.577344679837909e-08
8.534630541689459	5.81495945749497e-08
8.559384129950793	6.058469165069266e-08
8.584137718212126	6.307953416229974e-08
8.60889130647346	6.563599537422871e-08
8.633644894734793	6.825427936781415e-08
8.658398482996127	7.093635138742777e-08
8.68315207125746	7.368283400313608e-08
8.707905659518794	7.649544286893971e-08
8.732659247780127	7.937500645263138e-08
8.75741283604146	8.232316879878153e-08
8.782166424302794	8.534109490115808e-08
8.806920012564127	8.843030643347885e-08
8.831673600825461	9.159229110921513e-08
8.856427189086794	9.482836564908525e-08
8.881180777348128	9.814011794876489e-08
8.905934365609461	1.015291579122572e-07
8.930687953870795	1.049967491123163e-07
8.955441542132128	1.085450896058675e-07
8.980195130393462	1.121752600528761e-07
9.004948718654795	1.158893866612253e-07
9.029702306916128	1.19689256884014e-07
9.054455895177462	1.235766773139662e-07
9.079209483438795	1.275531627381555e-07
9.103963071700129	1.316208937263957e-07
9.128716659961462	1.357814781529985e-07
9.153470248222796	1.400377099703893e-07
9.178223836484129	1.443911629218031e-07
9.202977424745463	1.488434272867303e-07
9.227731013006796	1.53397490169315e-07
9.252484601268129	1.580552335072996e-07
9.277238189529463	1.628186067365937e-07
9.301991777790796	1.676908171571711e-07
9.32674536605213	1.726733006713542e-07
9.351498954313463	1.77768966488799e-07
9.376252542574797	1.829802865912024e-07
9.40100613083613	1.883095831799421e-07
9.425759719097464	1.937598463694997e-07
9.450513307358797	1.993332067127538e-07
9.47526689562013	2.050331965636438e-07
9.500020483881464	2.10861796391737e-07
9.524774072142797	2.168228876365031e-07
9.549527660404131	2.229182030277461e-07
9.574281248665464	2.291517331742241e-07
9.599034836926798	2.293235825318094e-07
9.623788425188131	2.420444321452682e-07
9.648542013449465	2.487101017927963e-07
9.673295601710798	2.555268224125628e-07
9.698049189972132	2.624976655624247e-07
9.722802778233465	2.69624693555157e-07
9.747556366494798	2.769152148739381e-07
9.772309954756132	2.843696137219734e-07
9.797063543017465	2.919922125617784e-07
9.821817131278799	2.997873052919264e-07
9.846570719540132	3.077587417115079e-07
9.871324307801466	3.159103592344434e-07
9.896077896062799	3.24246582965951e-07
9.920831484324133	3.327711917687492e-07
9.945585072585466	3.414890895551144e-07
9.970338660846799	3.50404185953717e-07
9.995092249108133	3.595208835872321e-07
10.01984583736947	3.688438180423386e-07
10.0445994256308	3.783787723816111e-07
10.06935301389213	3.832842133337584e-07
10.09410660215347	3.981001713944027e-07
10.1188601904148	4.082979734782418e-07
10.14361377867613	4.1872631626798e-07
10.16836736693747	4.293916129042281e-07
10.1931209551988	4.402984649409371e-07
10.21787454346013	4.514534338545375e-07
10.24262813172147	4.628613121315717e-07
10.2673817199828	4.745283204555828e-07
10.29213530824413	4.864602630015916e-07
10.31688889650547	4.986636652287412e-07
10.3416424847668	5.111438831947013e-07
10.36639607302813	5.239078824676721e-07
10.39114966128947	5.369615141884918e-07
10.4159032495508	5.503128377663087e-07
10.44065683781213	5.639679034693362e-07
10.46541042607347	5.779333890459983e-07
10.4901640143348	5.922121060954291e-07
10.51491760259614	6.068183746975001e-07
10.53967119085747	6.160352489355278e-07
10.5644247791188	6.370400832439113e-07
10.58917836738014	6.526698761291921e-07
10.61393195564147	6.68662904436987e-07
10.6386855439028	6.850208038249942e-07
10.66343913216414	7.01758779366393e-07
10.68819272042547	7.188786801071285e-07
10.7129463086868	7.363953441686263e-07
10.73769989694814	7.543173570405357e-07
10.76245348520947	7.726568572918831e-07
10.7872070734708	7.914321382981265e-07
10.81196066173214	8.106361453028415e-07
10.83671424999347	8.30303556792869e-07
10.8614678382548	8.504229864201841e-07
10.88622142651614	8.7103070946076e-07
10.91097501477747	8.921196155650557e-07
10.9357286030388	9.137100642631257e-07
10.96048219130014	9.358173127163279e-07
10.98523577956147	9.584493081509323e-07
11.0099893678228	9.816245000602761e-07
11.03474295608414	1.005356483408704e-06
11.05949654434547	1.02965993773804e-06
11.0842501326068	1.054542517053405e-06
11.10900372086814	1.080026889759356e-06
11.13375730912947	1.106124100493078e-06
11.1585108973908	1.132854365766474e-06
11.18326448565214	1.160227465713781e-06
11.20801807391347	1.188274625084724e-06
11.23277166217481	1.21699444217423e-06
11.25752525043614	1.246411485473163e-06
11.28227883869747	1.276538623185039e-06
11.30703242695881	1.307403525591208e-06
11.33178601522014	1.339022391905517e-06
11.35653960348147	1.371406424791922e-06
11.38129319174281	1.404588039679356e-06
11.40604678000414	1.438572598336935e-06
11.43080036826547	1.473394934975665e-06
11.45555395652681	1.509073524513206e-06
11.48030754478814	1.545606973246234e-06
11.50506113304947	1.583054472650652e-06
11.52981472131081	1.621406605759165e-06
11.55456830957214	1.660713756941453e-06
11.57932189783347	1.700971834589748e-06
11.60407548609481	1.74223171196196e-06
11.62882907435614	1.784510803587609e-06
11.65358266261747	1.827812273836063e-06
11.67833625087881	1.872187627033946e-06
11.70308983914014	1.917659269991419e-06
11.72784342740147	1.964249306503623e-06
11.75259701566281	2.011999227074389e-06
11.77735060392414	2.060903785181235e-06
11.80210419218547	2.111021827371254e-06
11.82685778044681	2.162377988768762e-06
11.85161136870814	2.215011301275947e-06
11.87636495696947	2.268936227830735e-06
11.90111854523081	2.324188806764676e-06
11.92587213349214	2.380819037088157e-06
11.95062572175348	2.438834468707677e-06
11.97537931001481	2.498305034208065e-06
12.00013289827614	2.559234507723144e-06
12.02488648653748	2.621661594610908e-06
12.04964007479881	2.685651321665836e-06
12.07439366306014	2.75122097444065e-06
12.09914725132148	2.81840218910277e-06
12.12390083958281	2.887262593568466e-06
12.14865442784414	2.957829668495785e-06
12.17340801610548	3.030128544411612e-06
12.19816160436681	3.104227175732776e-06
12.22291519262814	3.180170068272914e-06
12.24766878088948	3.257979993854539e-06
12.27242236915081	3.337720624290895e-06
12.29717595741214	3.419450850963532e-06
12.32192954567348	3.503201587535653e-06
12.34668313393481	3.589029240261785e-06
12.37143672219614	3.676979535223272e-06
12.39619031045748	3.767113571195961e-06
12.42094389871881	3.859493454335214e-06
12.44569748698014	3.954154533578413e-06
12.47045107524148	4.051183469294939e-06
12.49520466350281	4.150584684794173e-06
12.51995825176414	4.252471454467623e-06
12.54471184002548	4.356882210063859e-06
12.56946542828681	4.463877977846736e-06
12.59421901654814	4.573539982967632e-06
12.61897260480948	4.685925123360689e-06
12.64372619307081	4.801114042107602e-06
12.66847978133215	4.919107938690416e-06
12.69323336959348	5.040068050920538e-06
12.71798695785481	5.164030128069513e-06
12.74274054611615	5.29105690930654e-06
12.76749413437748	5.421242423106116e-06
12.79224772263881	5.544926059627081e-06
12.81700131090015	5.691381563633086e-06
12.84175489916148	5.831497732949724e-06
12.86650848742281	5.975084283612213e-06
12.89126207568415	6.122234889944449e-06
12.91601566394548	6.273044621691062e-06
12.94076925220681	6.42759164946977e-06
12.96552284046815	6.585978161163766e-06
12.99027642872948	6.748280986509457e-06
13.01503001699081	6.914618339501221e-06
13.03978360525215	7.085075168755314e-06
13.06453719351348	7.259772647805359e-06
13.08929078177481	7.438791019352929e-06
13.11404437003615	7.622257320313567e-06
13.13879795829748	7.81025129755343e-06
13.16355154655881	8.00293556054501e-06
13.18830513482015	8.200388516281387e-06
13.21305872308148	8.402725321325831e-06
13.23781231134281	8.610091498467918e-06
13.26256589960415	8.822586619996851e-06
13.28731948786548	9.040351142350748e-06
13.31207307612681	9.263517721014157e-06
13.33682666438815	9.492216001354024e-06
13.36158025264948	9.726437677180651e-06
13.38633384091082	9.966735497134424e-06
13.41108742917215	1.021285683315687e-05
13.43584101743348	1.046507068437611e-05
13.46059460569482	1.072353725724061e-05
13.48534819395615	1.098839328185556e-05
13.51010178221748	1.12598190519697e-05
13.53485537047882	1.153796813449744e-05
13.55960895874015	1.182300365114303e-05
13.58436254700148	1.211508605878091e-05
13.60911613526282	1.241439632064493e-05
13.63386972352415	1.272112238083697e-05
13.65862331178548	1.303544823899414e-05
13.68337690004682	1.335754988014868e-05
13.70813048830815	1.368762562851088e-05
13.73288407656948	1.402571849014739e-05
13.75763766483082	1.437245985081612e-05
13.78239125309215	1.472763009339517e-05
13.80714484135348	1.509160045159421e-05
13.83189842961482	1.546457534221525e-05
13.85665201787615	1.584677325353249e-05
13.88140560613748	1.623841535266369e-05
13.90615919439882	1.663974263743305e-05
13.93091278266015	1.705098801768366e-05
13.95566637092148	1.747241283115764e-05
13.98041995918282	1.79042523285636e-05
14.00517354744415	1.834678794127956e-05
14.02992713570548	1.880020985745203e-05
14.05468072396682	1.926486537645042e-05
14.07943431222815	1.974099565477376e-05
14.10418790048949	2.022888560478672e-05
14.12894148875082	2.072884449572638e-05
14.15369507701215	2.123945241596594e-05
14.17844866527349	2.176610958622817e-05
14.20320225353482	2.230403878378483e-05
14.22795584179615	2.285525941069448e-05
14.25270943005749	2.342009002889963e-05
14.27746301831882	2.399884362312886e-05
14.30221660658015	2.459191821554383e-05
14.32697019484149	2.51996217807424e-05
14.35172378310282	2.582233885756034e-05
14.37647737136415	2.646042815756077e-05
14.40123095962549	2.711426982205188e-05
14.42598454788682	2.778425099454241e-05
14.45073813614815	2.84707603543016e-05
14.47549172440949	2.91742025239828e-05
14.50024531267082	2.989503022843774e-05
14.52499890093215	3.063363998591766e-05
14.54975248919349	3.139047375423645e-05
14.57450607745482	3.216598410653476e-05
14.59925966571615	3.296063442021512e-05
14.62401325397749	3.377486313880007e-05
14.64876684223882	3.460918551341883e-05
14.67352043050015	3.546409370634875e-05
14.69827401876149	3.634009889812574e-05
14.72302760702282	3.723771134872687e-05
14.74778119528415	3.815745167230763e-05
14.77253478354549	3.909989820822873e-05
14.79728837180682	4.00655785529301e-05
14.82204196006816	4.105506326854208e-05
14.84679554832949	4.206894386856751e-05
14.87154913659082	4.310784020770439e-05
14.89630272485216	4.41723399298203e-05
14.92105631311349	4.526310010689077e-05
14.94580990137482	4.638075345966669e-05
14.97056348963616	4.752596414071595e-05
14.99531707789749	4.86994273339581e-05
15.02007066615882	4.990177090218074e-05
15.04482425442016	5.113377505319613e-05
15.06957784268149	5.239616221086976e-05
15.09433143094282	5.368966149450136e-05
15.11908501920416	5.501504860158734e-05
15.14383860746549	5.637309800494769e-05
15.16859219572682	5.776462827153137e-05
15.19334578398816	5.918849095243959e-05
15.21809937224949	6.065141840432947e-05
15.24285296051082	6.213418347852767e-05
15.26760654877216	6.368225186836857e-05
15.29236013703349	6.525392460302071e-05
15.31711372529482	6.686433079739958e-05
15.34186731355616	6.851442296374378e-05
15.36662090181749	7.020518017499803e-05
15.39137449007882	7.193759542902771e-05
15.41612807834016	7.37126791605911e-05
15.44088166660149	7.553155278876267e-05
15.46563525486282	7.73952306111897e-05
15.49038884312416	7.93048299191229e-05
15.51514243138549	8.12615307064812e-05
15.53989601964683	8.326631000716717e-05
15.56464960790816	8.532057888231382e-05
15.58940319616949	8.742546100023944e-05
15.61415678443083	8.958226101010753e-05
15.63891037269216	9.179205002230041e-05
15.66366396095349	9.405638832830965e-05
15.68841754921483	9.637650645017001e-05
15.71317113747616	9.875379930325272e-05
15.73792472573749	0.0001011896127745968
15.76267831399883	0.0001036854753193057
15.78743190226016	0.0001062428316031737
15.81218549052149	0.0001088631996240837
15.83693907878283	0.0001115480839046134
15.86169266704416	0.0001142991475841103
15.88644625530549	0.0001171179958277953
15.91119984356683	0.0001200062827455412
15.93595343182816	0.0001229657774294123
15.96070702008949	0.0001259980497029645
15.98546060835083	0.0001291051071497431
16.01021419661216	0.0001322887059441672
16.03496778487349	0.0001355507187327955
16.05972137313483	0.0001388930666561179
16.08447496139616	0.0001423178247025602
16.10922854965749	0.0001458269052413775
16.13398213791883	0.0001494224539917544
16.15873572618016	0.0001531066011739659
16.18348931444149	0.0001568814293746875
16.20824290270283	0.0001607493058768229
16.23299649096416	0.0001647124533769609
16.2577500792255	0.0001687732403652693
16.28250366748683	0.0001729343171802614
16.30725725574816	0.0001771973749483746
16.3320108440095	0.0001815657145766405
16.35676443227083	0.000186041668967267
16.38151802053216	0.0001906279076675635
16.4062716087935	0.0001953269749935109
16.43102519705483	0.0002001420707354805
16.45577878531616	0.0002050756657880252
16.4805323735775	0.0002101308019013076
16.50528596183883	0.0002153104677946828
16.53003955010016	0.0002206174087792886
16.5547931383615	0.0002260557163488068
16.57954672662283	0.0002316276786776435
16.60430031488416	0.0002373369260018912
16.6290539031455	0.0002431867809442445
16.65380749140683	0.0002491640231689163
16.67856107966816	0.0002553224353830305
16.7033146679295	0.0002616154066436963
16.72806825619083	0.0002680634080747824
16.75282184445216	0.0002746702562591679
16.7775754327135	0.0002814398795084098
16.80232902097483	0.0002883762188646875
16.82708260923616	0.0002954834973740862
16.8518361974975	0.0003027658644673782
16.87658978575883	0.0003102276351357008
16.90134337402016	0.0003178732473210039
16.9260969622815	0.0003257067539602181
16.95085055054283	0.000333734114649721
16.97560413880417	0.0003419588094334014
17.0003577270655	0.0003503861544572527
17.02511131532683	0.0003590211160762438
17.04986490358817	0.0003678688239197027
17.0746184918495	0.0003769344718951398
17.09937208011083	0.0003862235159261142
17.12412566837217	0.0003957414033477673
17.1488792566335	0.0004054937876340157
17.17363284489483	0.0004154864520434772
17.19838643315617	0.0004257253247387857
17.2231400214175	0.000436216367920127
17.24789360967883	0.0004469659886362023
17.27264719794017	0.0004579804331330642
17.2974007862015	0.0004692662583761364
17.32215437446283	0.0004808301092502974
17.34690796272417	0.0004926789286286144
17.3716615509855	0.0005048196170885025
17.39641513924683	0.000517259501754401
17.42116872750817	0.0005300058893047333
17.4459223157695	0.0005430663213209128
17.47067590403083	0.0005564485613940471
17.49542949229217	0.0005701605391675678
17.5201830805535	0.0005842103330018015
17.54493666881483	0.0005986064261145624
17.56969025707617	0.0006133570789697821
17.5944438453375	0.0006284712764821648
17.61919743359883	0.0006439578880347821
17.64395102186017	0.0006598261009461918
17.6687046101215	0.0006760864822471556
17.69345819838284	0.0006927451347963294
17.71821178664417	0.0007098154917000474
17.7429653749055	0.0007273064781980835
17.76771896316684	0.0007452284855600933
17.79247255142817	0.0007635921175349608
17.8172261396895	0.0007824082700911026
17.84197972795084	0.0008016880218079491
17.86673331621217	0.0008214429458131262
17.8914869044735	0.0008416846665826466
17.91624049273484	0.0008624251665878748
17.94099408099617	0.0008836767818753075
17.9657476692575	0.0009054520964390258
17.99050125751884	0.0009277640368825983
18.01525484578017	0.0009506257634480836
18.0400084340415	0.0009740509251103497
18.06476202230284	0.000998053359688107
18.08951561056417	0.001022647308028717
18.1142691988255	0.001047847347644932
18.13902278708684	0.00107366839760638
18.16377637534817	0.001100125835444243
18.1885299636095	0.001127235226043483
18.21328355187084	0.001155012778455611
18.23803714013217	0.001183474908593354
18.2627907283935	0.001212638493724594
18.28754431665484	0.001242520796193572
18.31229790491617	0.001273139599606266
18.3370514931775	0.001304513024945338
18.36180508143884	0.001336659593499085
18.38655866970017	0.001369598550648247
18.41131225796151	0.001403349300504392
18.43606584622284	0.00143793188182995
18.46081943448417	0.001473366839449855
18.48557302274551	0.001509675102928239
18.51032661100684	0.001546878286093681
18.53508019926817	0.001584998461735561
18.55983378752951	0.001624058092247289
18.58458737579084	0.001664080498716695
18.60934096405217	0.001705089388019658
18.63409455231351	0.001747109064219734
18.65884814057484	0.001790164460560023
18.68360172883617	0.001834281139729261
18.70835531709751	0.001879485114301656
18.73310890535884	0.001925803052509927
18.75786249362017	0.001973263322340846
18.78261608188151	0.002021893141702217
18.80736967014284	0.002071721649711254
18.83212325840417	0.002122778407605076
18.85687684666551	0.002175093704490137
18.88163043492684	0.002228698563504574
18.90638402318817	0.002283624796224567
18.93113761144951	0.002339902088976224
18.95589119971084	0.0023975724423954
18.98064478797217	0.002456661498067393
19.00539837623351	0.002517207141152869
19.03015196449484	0.002579245300900127
19.05490555275617	0.002642812785573447
19.07965914101751	0.002707947273222995
19.10441272927884	0.002774687455697954
19.12916631754018	0.002843072889668863
19.15391990580151	0.002913144156715782
19.17867349406284	0.002984942839104271
19.20342708232418	0.003058511541341116
19.22818067058551	0.003133893880982026
19.25293425884684	0.003211134617825177
19.27768784710818	0.003290279572300736
19.30244143536951	0.003371375692805711
19.32719502363084	0.003454471102973685
19.35194861189218	0.003539614560389653
19.37670220015351	0.003626858167824084
19.40145578841484	0.003716252162105944
19.42620937667618	0.003807850139062357
19.45096296493751	0.003901706268544802
19.47571655319884	0.003997876412426162
19.50047014146018	0.004096417598106249
19.52522372972151	0.004197388295020411
19.54997731798284	0.004300848431042835
19.57473090624418	0.004406859121721354
19.59948449450551	0.004515480924272654
19.62423808276684	0.004626786859056159
19.64899167102818	0.004740833983489856
19.67374525928951	0.00485769303255642
19.69849884755084	0.004977433482121626
19.72325243581218	0.005100126052335526
19.74800602407351	0.005225843876266588
19.77275961233484	0.005354661482800428
19.79751320059618	0.00548665534188456
19.82226678885751	0.005621903649222547
19.84702037711885	0.005760486854025706
19.87177396538018	0.005902487178137927
19.89652755364151	0.006047988800267076
19.92128114190285	0.006197078220512407
19.94603473016418	0.006349843854119468
19.97078831842551	0.006506376358038106
19.99554190668685	0.006666768664127678
20.02029549494818	0.006831115993590865
20.04504908320951	0.006999515652186494
20.06980267147085	0.007172068207707376
20.09455625973218	0.007348875559836055
20.11930984799351	0.007530042710859958
20.14406343625485	0.007715677423738722
20.16881702451618	0.00790588963775272
20.19357061277751	0.008100792584493734
20.21832420103885	0.008300503029888148
20.24307778930018	0.008505135546935884
20.26783137756151	0.008714815744078046
20.29258496582285	0.008929666298846067
20.31733855408418	0.009149815887604955
20.34209214234551	0.009375394158309489
20.36684573060685	0.009606535331809132
20.39159931886818	0.009843376848487189
20.41635290712951	0.01008605875013156
20.44110649539085	0.01033472666186832
20.46586008365218	0.01058952509307677
20.49061367191351	0.01085060824268397
20.51536726017485	0.01111813019461932
20.54012084843618	0.01139224974118958
20.56487443669752	0.01167313069992028
20.58962802495885	0.01196093660432163
20.61438161322018	0.01225584164149292
20.63913520148152	0.01255802014062974
20.66388878974285	0.01286765047137038
20.68864237800418	0.01318491759383962
20.71339596626552	0.0135100095210883
20.73814955452685	0.01384311911593634
20.76290314278818	0.0141844444403749
20.78765673104952	0.014534188065225
20.81241031931085	0.01489255765560127
20.83716390757218	0.01525976596286218
20.86191749583352	0.01563603130249888
20.88667108409485	0.01602157760715692
20.91142467235618	0.01641663148386848
20.93617826061752	0.01682143008330189
20.96093184887885	0.0172362129668314
20.98568543714018	0.01766122629738878
21.01043902540152	0.0180967227330311
21.03519261366285	0.01854296074852551
21.05994620192418	0.01900020510729588
21.08469979018552	0.0194687281407496
21.10945337844685	0.01994880725751542
21.13420696670818	0.02044072809645344
21.15896055496952	0.02094478249744386
21.18371414323085	0.02146127011344356
21.20846773149218	0.02199049758304395
21.23322131975352	0.02253277677296966
21.25797490801485	0.02308843697724236
21.28272849627619	0.02365780117131981
21.30748208453752	0.02424120983733254
21.33223567279885	0.02483900930620121
21.35698926106019	0.02545155514210311
21.38174284932152	0.02607921083557715
21.40649643758285	0.02672234923719904
21.43125002584419	0.02738135241305746
21.45600361410552	0.02805661174754638
21.48075720236685	0.02874852849806063
21.50551079062819	0.02945751349772835
21.53026437888952	0.03018398813568361
21.55501796715085	0.03092838382150635
21.57977155541219	0.03169114276715572
21.60452514367352	0.03247271794673263
21.62927873193485	0.0332735738881732
21.65403232019619	0.03409418642936065
21.67878590845752	0.03493504281564855
21.70353949671885	0.0357966422621236
21.72829308498019	0.03667949758217095
21.75304667324152	0.03758413278394017
21.77780026150285	0.03851108512677787
21.80255384976419	0.03946090527498397
21.82730743802552	0.04043415786027581
21.85206102628685	0.04143142097443961
21.87681461454819	0.04245328708769213
21.90156820280952	0.04350036329081969
21.92632179107085	0.04457327187046712
21.95107537933219	0.04567265014227873
21.97582896759352	0.04679915134295084
22.00058255585486	0.04795344473384543
22.02533614411619	0.04913621617219109
22.05008973237752	0.05034816978032539
22.07484332063886	0.05159002216071367
22.09959690890019	0.05286251440023117
22.12435049716152	0.05416640185167546
22.14910408542286	0.05550245909385854
22.17385767368419	0.05687148001638899
22.19861126194552	0.05827427798789271
22.22336485020686	0.05971168688564151
22.24811843846819	0.06118456071746853
22.27287202672952	0.06269377475734618
22.29762561499086	0.06424022365606058
22.32237920325219	0.06582483281357231
22.34713279151352	0.06744853767873242
22.37188637977486	0.06911230495632789
22.39663996803619	0.07081712351931602
22.42139355629752	0.07256400679398003
22.44614714455886	0.07435399266797693
22.47090073282019	0.07618814499528904
22.49565432108152	0.07806755398894584
22.52040790934286	0.07999333594729044
22.54516149760419	0.08196663616836385
22.56991508586552	0.08398862699701289
22.59466867412686	0.08606051086684502
22.61942226238819	0.08818351781515499
22.64417585064952	0.09035891074283908
22.66892943891086	0.09258798234412127
22.69368302717219	0.09487205747647176
22.71843661543353	0.09721249357516731
22.74319020369486	0.09961068182359718
22.76794379195619	0.1020680477245204
22.79269738021753	0.1045860521419065
22.81745096847886	0.1071661907711767
22.84220455674019	0.1098099988450094
22.86695814500153	0.1125190468707361
22.89171173326286	0.1152949446724667
22.91646532152419	0.118139343196565
22.94121890978553	0.1210539330334702
22.96597249804686	0.1240404460286499
22.99072608630819	0.1271006589854406
23.01547967456953	0.1302363896562219
23.04023326283086	0.133449501410464
23.06498685109219	0.1367419078493121
23.08974043935353	0.1401155624503609
23.11449402761486	0.143572472399215
23.13924761587619	0.1471146924667609
23.16400120413753	0.1507443284283516
23.18875479239886	0.1544635385270343
23.21350838066019	0.1582745331308533
23.23826196892153	0.1621795785682935
23.26301555718286	0.1661809960868735
23.28776914544419	0.170281164532836
23.31252273370553	0.1744825219287337
23.33727632196686	0.1787875659943077
23.36202991022819	0.1831988561623689
23.38678349848953	0.1877190154807671
23.41153708675086	0.1923506819427398
23.4362906750122	0.1970967565951564
23.46104426327353	0.2019599144068435
23.48579785153486	0.2069430960594383
23.5105514397962	0.2120492638958975
23.53530502805753	0.21728145484605
23.56005861631886	0.2226427793005232
23.5848122045802	0.2281364248542611
23.60956579284153	0.2337656596035926
23.63431938110286	0.2395338290511775
23.6590729693642	0.2454443635865821
23.68382655762553	0.2515007782928464
23.70858014588686	0.2577066742158187
23.7333337341482	0.2640657415787559
23.75808732240953	0.2705817618782726
23.78284091067086	0.2772586100757666
23.8075944989322	0.28410025718214
23.83234808719353	0.2911107697289731
23.85710167545486	0.2982943193557311
23.8818552637162	0.3056551751740803
23.90660885197753	0.3131977166024268
23.93136244023886	0.3209264293521192
23.9561160285002	0.3288459088459649
23.98086961676153	0.3369608650843335
24.00562320502286	0.3452761236507303
24.0303767932842	0.353796631751279
24.05513038154553	0.3625274542200487
24.07988396980686	0.3714737851091691
24.1046375580682	0.3806409448955648
24.12939114632953	0.3900343857612569
24.15414473459087	0.399659694570695
24.1788983228522	0.4095225958333203
24.20365191111353	0.4196289561385881
24.22840549937487	0.4299847860915094
24.2531590876362	0.4405962444028672
24.27791267589753	0.4514696457886399
24.30266626415887	0.4626114541340595
24.3274198524202	0.4740282982457514
24.35217344068153	0.4857269687149493
24.37692702894287	0.4977144240490582
24.4016806172042	0.5099977948006434
24.42643420546553	0.5225843870259563
24.45118779372687	0.5354816879270532
24.4759413819882	0.5486973697900484
24.50069497024953	0.5622392942315851
24.52544855851087	0.5761155151412526
24.5502021467722	0.5903342880978468
24.57495573503353	0.6049040713733583
24.59970932329487	0.6198335320031008
24.6244629115562	0.635131551267529
24.64921649981753	0.6508072293685884
24.67397008807887	0.6668698924017409
24.6987236763402	0.6833290956184515
24.72347726460153	0.7001946304784656
24.74823085286287	0.7174765312057042
24.7729844411242	0.7351850785527723
24.79773802938553	0.7533308079530707
24.82249161764687	0.7719245145188526
24.8472452059082	0.7909772647097579
24.87199879416954	0.8105003834824936
24.89675238243087	0.8305054953409221
24.9215059706922	0.851004499472925
24.94625955895354	0.8720095926666968
24.97101314721487	0.8935332718925413
24.9957667354762	0.9155883437218664
25.02052032373754	0.9381879300560416
25.04527391199887	0.9613454773247543
25.0700275002602	0.9850747661750446
25.09478108852154	1.009389911574052
25.11953467678287	1.034305383832448
25.1442882650442	1.059836008039835
25.16904185330554	1.085996975465803
25.19379544156687	1.112803852301963
25.2185490298282	1.140272589475754
25.24330261808954	1.16841953276656
25.26805620635087	1.197261429468426
25.2928097946122	1.226815445814279
25.31756338287354	1.257099161507585
25.34231697113487	1.288130602636786
25.3670705593962	1.319928233653555
25.39182414765754	1.352510978062407
25.41657773591887	1.385898221854595
25.4413313241802	1.420109836873703
25.46608491244154	1.455166181181623
25.49083850070287	1.49108811676487
25.5155920889642	1.527897041383745
25.54034567722554	1.565614803297603
25.56509926548687	1.604263904325251
25.58985285374821	1.643867324259571
25.61460644200954	1.684448642152298
25.63936003027087	1.726032001963474
25.66411361853221	1.768642153532758
25.68886720679354	1.812304457012584
25.71362079505487	1.857044897508501
25.73837438331621	1.902890103760324
25.76312797157754	1.949867363096519
25.78788155983887	1.998004632769875
25.81263514810021	2.047330562858316
25.83738873636154	2.09787451596075
25.86214232462287	2.149666574918379
25.88689591288421	2.202737560485221
25.91164950114554	2.257119067895099
25.93640308940687	2.312843462515707
25.96115667766821	2.369943915348021
25.98591026592954	2.428454411425291
26.01066385419087	2.488409784538441
26.03541744245221	2.549845716865606
26.06017103071354	2.612798772490861
26.08492461897487	2.677306435260191
26.10967820723621	2.743407100024744
26.13443179549754	2.81114011429241
26.15918538375887	2.880545796291285
26.18393897202021	2.951665464394731
26.20869256028154	3.024541453574872
26.23344614854287	3.099217144513419
26.25819973680421	3.175736999283094
26.28295332506554	3.254146556635683
26.30770691332688	3.334492508829392
26.33246050158821	3.416822678228629
26.35721408984954	3.501186081541046
26.38196767811088	3.587632941528719
26.40672126637221	3.676214721191551
26.43147485463354	3.766984160972783
26.45622844289488	3.859995297532161
26.48098203115621	3.955303505641317
26.50573561941754	4.052965530109462
26.53048920767888	4.153039508943422
26.55524279594021	4.255585031111787
26.57999638420154	4.360663145979116
26.60474997246288	4.468336415980167
26.62950356072421	4.578668946082674
26.65425714898554	4.691726435083509
26.67901073724688	4.807576191583275
26.70376432550821	4.926287194423446
26.72851791376954	5.047930126348424
26.75327150203088	5.17257741383755
26.77802509029221	5.300303274003763
26.80277867855354	5.431183774778032
26.82753226681488	5.565296827410066
26.85228585507621	5.702722296210101
26.87703944333754	5.843542011487737
26.90179303159888	5.987839823801597
26.92654661986021	6.135701658556572
26.95130020812154	6.287215563716612
26.97605379638288	6.442471760380547
27.00080738464421	6.601562700999075
27.02556097290555	6.764583117767533
27.05031456116688	6.931630101302096
27.07506814942821	7.102803115361874
27.09982173768955	7.278204098195542
27.12457532595088	7.457937502637868
27.14932891421221	7.642110365266856
27.17408250247355	7.830832349009625
27.19883609073488	8.024215867888325
27.22358967899621	8.222376077902835
27.24834326725755	8.425430991420805
27.27309685551888	8.633501538056924
27.29785044378021	8.846711634947104
27.32260403204155	9.065188257787012
27.34735762030288	9.289061529295296
27.37211120856421	9.518464776312596
27.39686479682555	9.753534630958754
27.42161838508688	9.994411081104388
27.44637197334821	10.24123761451867
27.47112556160955	10.4941612283711
27.49587914987088	10.75333256425392
27.52063273813221	11.01890598638058
27.54538632639355	11.29103967368962
27.57013991465488	11.5698957163763
27.59489350291621	11.85564020390648
27.61964709117755	12.14844333284469
27.64440067943888	12.44847951494395
27.66915426770021	12.75592744396744
27.69390785596155	13.07097027702606
27.71866144422288	13.39379566168821
27.74341503248422	13.72459589051751
27.76816862074555	14.06356801028346
27.79292220900688	14.41091393724584
27.81767579726822	14.76684060920042
27.84242938552955	15.13155994353368
27.86718297379088	15.50528930562933
27.89193656205222	15.88825129601335
27.91669015031355	16.2806740345795
27.94144373857488	16.68279127709372
27.96619732683622	17.09484259787593
27.99095091509755	17.51707345378152
28.01570450335888	17.94973537786846
28.04045809162022	18.39308611823869
28.06521167988155	18.84738979865711
28.08996526814288	19.31291705492353
28.11471885640422	19.78994524196551
28.13947244466555	20.27875854316334
28.16422603292688	20.77964817483815
28.18897962118822	21.292912541141
28.21373320944955	21.81885743557628
28.23848679771088	22.35779620769243
28.26324038597222	22.91004994945858
28.28799397423355	23.4759476845984
28.31274756249488	24.05582657127659
28.33750115075622	24.65003282559807
28.36225473901755	25.25891830106762
28.38700832727888	25.88284796508652
28.41176191554022	26.52219283501884
28.43651550380155	27.17733385466099
28.46126909206289	27.84866135907891
28.48602268032422	28.5365753411893
28.51077626858555	29.24148572488973
28.53552985684689	29.96381250428334
28.56028344510822	30.70398608783103
28.58503703336955	31.46244750820975
28.60979062163089	32.23964868836629
28.63454420989222	33.03605280053369
28.65929779815355	33.85213433914057
28.68405138641489	34.6883796210188
28.70880497467622	35.54528694459166
28.73355856293755	36.42336693584812
28.75831215119889	37.32314282398217
28.78306573946022	38.24515082309481
28.80781932772155	39.18994035014258
28.83257291598289	40.15807442377564
28.85732650424422	41.15012997519757
28.88208009250555	42.16669825282943
28.90683368076689	43.20838486085462
28.93158726902822	44.27581080527759
28.95634085728955	45.36961213874672
28.98109444555089	46.49044070364825
29.00584803381222	47.63896446808209
29.03060162207355	48.81586790335544
29.05535521033489	50.02185239972619
29.08010879859622	51.25763670703021
29.10486238685755	52.52395732275623
29.12961597511889	53.8215689512709
29.15436956338022	55.15124495360178
29.17912315164156	56.51377778500962
29.20387673990289	57.90997957305749
29.22863032816422	59.34068243651912
29.25338391642556	60.80673909363392
29.27813750468689	62.30902333918081
29.30289109294822	63.84843056776889
29.32764468120956	65.42587831868377
29.35239826947089	67.04230678182095
29.37715185773222	68.69867945080973
29.40190544599356	70.3959835824465
29.42665903425489	72.13523086203494
29.45141262251622	73.91745796604769
29.47616621077756	75.74372721924973
29.50091979903889	77.6151272431201
29.52567338730022	79.53277350031144
29.55042697556156	81.49780906274226
29.57518056382289	83.51140526511563
29.59993415208422	85.57476239110471
29.62468774034556	87.68911040600334
29.64944132860689	89.85570966162327
29.67419491686822	92.07585171236411
29.69894850512956	94.35086000693794
29.72370209339089	96.68209070384337
29.74845568165222	99.07093352019939
29.77320926991356	101.5188125258855
29.79796285817489	104.0271869989893
29.82271644643622	106.5975522787971
29.84747003469756	109.2314406809677
29.87222362295889	111.9304223951559
29.89697721122023	114.6961064519506
29.92173079948156	117.5301416548439
29.94648438774289	120.434217567766
29.97123797600423	123.4100655141908
29.99599156426556	126.4594596526279
30.02074515252689	129.5842180015091
30.04549874078823	132.786203476904
30.07025232904956	136.0673251166797
30.09500591731089	139.4295391751214
30.11975950557223	142.8748501853585
30.14451309383356	146.4053123025832
30.16926668209489	150.0230304574864
30.19402027035623	153.7301616236677
30.21877385861756	157.5289161060877
30.24352744687889	161.4215588564788
30.26828103514023	165.410410838436
30.29303462340156	169.4978503629893
30.31778821166289	173.686314625696
30.34254179992423	177.9783009639779
30.36729538818556	182.3763686095767
30.39204897644689	186.8831399461756
30.41680256470823	191.5013022864575
30.44155615296956	196.2336093097058
30.46630974123089	201.0828828372277
30.49106332949223	206.0520144485062
30.51581691775356	211.1439672111743
30.54057050601489	216.3617774703977
30.56532409427623	221.7085566432567
30.59007768253756	227.1874930852332
30.61483127079889	232.8018539765301
30.63958485906023	238.5549872785266
30.66433844732156	244.4503238036501
30.6890920355829	250.4913791214979
30.71384562384423	256.6817557400012
30.73859921210556	263.0251452844671
30.7633528003669	269.5253305618314
30.78810638862823	276.1861882262561
30.81285997688956	283.0116902895488
30.8376135651509	290.0059073855064
30.86236715341223	297.1730106518988
30.88712074167356	304.5172743995978
30.9118743299349	312.0430786098665
30.93662791819623	319.7549116172952
30.96138150645756	327.6573726570108
30.9861350947189	335.7551748346206
31.01088868298023	344.0531476658674
31.03564227124156	352.5562401928868
31.0603958595029	361.2695237003749
31.08514944776423	370.1981950781479
31.10990303602556	379.3475795853035
31.1346566242869	388.7231342022418
31.15941021254823	398.3304505896594
31.18416380080956	408.1752594765872
31.2089173890709	418.2634325448029
31.23367097733223	428.6009869142018
31.25842456559356	439.1940885275347
31.2831781538549	450.0490557385888
31.30793174211623	461.1723632628755
31.33268533037756	472.5706458563315
31.3574389186389	484.2507023685402
31.38219250690023	496.2194986533635
31.40694609516157	508.4841774259284
31.4316996834229	521.0520510232489
31.45645327168423	533.9306172189325
31.48120685994557	547.1275584971921
31.5059604482069	560.6507468421561
31.53071403646823	574.5082490723486
31.55546762472957	588.7083314987343
31.5802212129909	603.2594648807103
31.60497480125223	618.1703294265427
31.62972838951357	633.449820093564
31.6544819777749	649.1070517673461
31.67923556603623	665.151364708385
31.70398915429757	681.5923303095334
31.7287427425589	698.4397565078801
31.75349633082023	715.7036936388758
31.77824991908157	733.394441408688
31.8030035073429	751.5225534359884
31.82775709560423	770.0988446065002
31.85251068386557	789.1343972897356
31.8772642721269	808.6405679339504
31.90201786038823	828.6289938534447
31.92677144864957	849.1116002129294
31.9515250369109	870.100607047199
31.97627862517223	891.6085366639247
32.00103221343357	913.6482257596498
32.0257858016949	936.2328100696118
32.05053938995623	959.3757775432946
32.07529297821757	983.0909314657493
32.1000465664789	1007.392421842274
32.12480015474024	1032.294747438161
32.14955374300157	1057.812766547648
32.1743073312629	1083.961704492114
32.19906091952424	1110.757163297962
32.22381450778557	1138.215130890532
0
1000	1776.86	100000000000000.1
5	0	0	1
5	0	0	0
7.494979834713454	-1.165709125536874e-11
7.519733422974787	-1.002816423102047e-11
7.544487011236121	-1.051547699027957e-11
7.569240599497454	-1.128035459442992e-11
7.593994187758788	-1.206730513299576e-11
7.618747776020121	-1.28084294368611e-11
7.643501364281454	-1.348441451617867e-11
7.668254952542788	-1.409250338081782e-11
7.693008540804121	-1.463613034629252e-11
7.717762129065455	-1.512092666318046e-11
7.742515717326788	-1.555304314619516e-11
7.767269305588122	-1.593843128730517e-11
7.792022893849455	-1.628255210898654e-11
7.816776482110789	-1.659028313942006e-11
7.841530070372122	-1.686591728619898e-11
7.866283658633455	-1.711320235903761e-11
7.891037246894789	-1.73353962661352e-11
7.915790835156122	-1.753532544438818e-11
7.940544423417456	-1.771544056237331e-11
7.965298011678789	-1.787786732715244e-11
7.990051599940123	-1.802445140015747e-11
8.014805188201457	-1.815679750248086e-11
8.03955877646279	-1.82763031348198e-11
8.064312364724124	-1.838418748868299e-11
8.089065952985457	-1.848151615567239e-11
8.113819541246791	-1.856922221238366e-11
8.138573129508124	-1.864812420267834e-11
8.163326717769458	-1.871894147381536e-11
8.188080306030791	-1.878230725606429e-11
8.212833894292125	-1.883877980874267e-11
8.237587482553458	-1.889141749786546e-11
8.262341070814792	-1.893518020737993e-11
8.287094659076125	-1.897318859504042e-11
8.311848247337458	-1.900582830490387e-11
8.336601835598792	-1.903345029643471e-11
8.361355423860125	-1.905637448842427e-11
8.386109012121459	-1.907489298914545e-11
8.410862600382792	-1.908927296177719e-11
8.435616188644126	-1.909975916858891e-11
8.460369776905459	-1.910657623241336e-11
8.485123365166793	-1.911229531425536e-11
8.509876953428126	-1.911207281830327e-11
8.534630541689459	-1.910859231845802e-11
8.559384129950793	-1.910205560542038e-11
8.584137718212126	-1.909265555846734e-11
8.60889130647346	-1.908057618729519e-11
8.633644894734793	-1.906599271839567e-11
8.658398482996127	-1.90490717369014e-11
8.68315207125746	-1.902997137612909e-11
8.707905659518794	-1.900884154462876e-11
8.732659247780127	-1.898559507516067e-11
8.75741283604146	-1.896085270452026e-11
8.782166424302794	-1.893449879437954e-11
8.806920012564127	-1.890664918995667e-11
8.831673600825461	-1.887741267377358e-11
8.856427189086794	-1.884689139521429e-11
8.881180777348128	-1.881518127785943e-11
8.905934365609461	-1.878237240517487e-11
8.930687953870795	-1.874854938521342e-11
8.955441542132128	-1.871379169502839e-11
8.980195130393462	-1.867817213448754e-11
9.004948718654795	-1.8641763788836e-11
9.029702306916128	-1.860463214895322e-11
9.054455895177462	-1.856683942408487e-11
9.079209483438795	-1.852844404608636e-11
9.103963071700129	-1.848950088943778e-11
9.128716659961462	-1.845006147898838e-11
9.153470248222796	-1.841017418614646e-11
9.178223836484129	-1.836988441417741e-11
9.202977424745463	-1.83292347732182e-11
9.227731013006796	-1.828830809925306e-11
9.252484601268129	-1.824706409052628e-11
9.277238189529463	-1.820557100584749e-11
9.301991777790796	-1.816385940037256e-11
9.32674536605213	-1.812194891309716e-11
9.351498954313463	-1.80804426076331e-11
9.376252542574797	-1.80378037019075e-11
9.40100613083613	-1.79955084786733e-11
9.425759719097464	-1.795314378936504e-11
9.450513307358797	-1.791072373806528e-11
9.47526689562013	-1.786821567393071e-11
9.500020483881464	-1.78257533558143e-11
9.524774072142797	-1.778329153040438e-11
9.549527660404131	-1.774084693603654e-11
9.574281248665464	-1.769843518257337e-11
9.599034836926798	-1.765607082623354e-11
9.623788425188131	-1.76137674389648e-11
9.648542013449465	-1.757153767279068e-11
9.673295601710798	-1.752939331952606e-11
9.698049189972132	-1.748734536622436e-11
9.722802778233465	-1.744538444476355e-11
9.747556366494798	-1.740356162335557e-11
9.772309954756132	-1.736186524607229e-11
9.797063543017465	-1.732030326466756e-11
9.821817131278799	-1.727888300763997e-11
9.846570719540132	-1.723761122505212e-11
9.871324307801466	-1.719649412975693e-11
9.896077896062799	-1.715553743534581e-11
9.920831484324133	-1.71147463911032e-11
9.945585072585466	-1.707412581422502e-11
9.970338660846799	-1.703366417322116e-11
9.995092249108133	-1.699339929901702e-11
10.01984583736947	-1.695331818919282e-11
10.0445994256308	-1.691342396626698e-11
10.06935301389213	-1.687371941296423e-11
10.09410660215347	-1.683420699945973e-11
10.1188601904148	-1.679488890823737e-11
10.14361377867613	-1.675576705678846e-11
10.16836736693747	-1.671684311835385e-11
10.1931209551988	-1.66781185408922e-11
10.21787454346013	-1.663990677176534e-11
10.24262813172147	-1.660156193579302e-11
10.2673817199828	-1.65633915783422e-11
10.29213530824413	-1.652539739546864e-11
10.31688889650547	-1.648758229983539e-11
10.3416424847668	-1.64499506085931e-11
10.36639607302813	-1.641250828281814e-11
10.39114966128947	-1.637526323424417e-11
10.4159032495508	-1.633822572086923e-11
10.44065683781213	-1.630140886142141e-11
10.46541042607347	-1.62616706596902e-11
10.4901640143348	-1.622548269909895e-11
10.51491760259614	-1.618989160395206e-11
10.53967119085747	-1.61549519921982e-11
10.5644247791188	-1.612071584753276e-11
10.58917836738014	-1.608723223095089e-11
10.61393195564147	-1.605454702481702e-11
10.6386855439028	-1.602270271170135e-11
10.66343913216414	-1.599173818960366e-11
10.68819272042547	-1.596168862454283e-11
10.7129463086868	-1.59293525170525e-11
10.73769989694814	-1.590169603546157e-11
10.76245348520947	-1.587522880830351e-11
10.7872070734708	-1.584990772023171e-11
10.81196066173214	-1.582568640507047e-11
10.83671424999347	-1.580251676948037e-11
10.8614678382548	-1.578035013056894e-11
10.88622142651614	-1.575913805363537e-11
10.91097501477747	-1.573883295791954e-11
10.9357286030388	-1.571938854357291e-11
10.96048219130014	-1.570095507934162e-11
10.98523577956147	-1.568306606605352e-11
11.0099893678228	-1.566589857671735e-11
11.03474295608414	-1.564941866550298e-11
11.05949654434547	-1.563359525293875e-11
11.0842501326068	-1.561840216442356e-11
11.10900372086814	-1.5603828338312e-11
11.13375730912947	-1.558999733334643e-11
11.1585108973908	-1.557563709512334e-11
11.18326448565214	-1.556294755654356e-11
11.20801807391347	-1.555055457999304e-11
11.23277166217481	-1.553847716644079e-11
11.25752525043614	-1.552684145237486e-11
11.28227883869747	-1.551562649470063e-11
11.30703242695881	-1.550481238195691e-11
11.33178601522014	-1.549438017862716e-11
11.35653960348147	-1.548431187279679e-11
11.38129319174281	-1.54745903267658e-11
11.40604678000414	-1.546519923035327e-11
11.43080036826547	-1.545612305670126e-11
11.45555395652681	-1.544734078506185e-11
11.48030754478814	-1.543885161977631e-11
11.50506113304947	-1.543063550484016e-11
11.52981472131081	-1.54226795433265e-11
11.55456830957214	-1.541497142630772e-11
11.57932189783347	-1.540749940403342e-11
11.60407548609481	-1.540025225825987e-11
11.62882907435614	-1.539321927573372e-11
11.65358266261747	-1.538639022282332e-11
11.67833625087881	-1.537975532128185e-11
11.70308983914014	-1.537329289681899e-11
11.72784342740147	-1.536700930061373e-11
11.75259701566281	-1.536094420574399e-11
11.77735060392414	-1.535497846042198e-11
11.80210419218547	-1.534918005659054e-11
11.82685778044681	-1.534352735512632e-11
11.85161136870814	-1.533801188892515e-11
11.87636495696947	-1.533262638738713e-11
11.90111854523081	-1.53273640592023e-11
11.92587213349214	-1.532221844770968e-11
11.95062572175348	-1.531717897030279e-11
11.97537931001481	-1.531224911950405e-11
12.00013289827614	-1.530741852917291e-11
12.02488648653748	-1.530268166190517e-11
12.04964007479881	-1.529803319097528e-11
12.07439366306014	-1.529346799324915e-11
12.09914725132148	-1.528898114201771e-11
12.12390083958281	-1.528456789985958e-11
12.14865442784414	-1.528022371162486e-11
12.17340801610548	-1.527594419762005e-11
12.19816160436681	-1.527171244546509e-11
12.22291519262814	-1.526755175430895e-11
12.24766878088948	-1.526344427847971e-11
12.27242236915081	-1.525938604604877e-11
12.29717595741214	-1.525537324625654e-11
12.32192954567348	-1.525140222518692e-11
12.34668313393481	-1.524746948071848e-11
12.37143672219614	-1.524357165709582e-11
12.39619031045748	-1.523970553936245e-11
12.42094389871881	-1.52358680478242e-11
12.44569748698014	-1.523206008193627e-11
12.47045107524148	-1.522827077026405e-11
12.49520466350281	-1.522450129552201e-11
12.51995825176414	-1.522074908833884e-11
12.54471184002548	-1.521701169627095e-11
12.56946542828681	-1.521328678045209e-11
12.59421901654814	-1.520957211371387e-11
12.61897260480948	-1.520586558080723e-11
12.64372619307081	-1.520216518191491e-11
12.66847978133215	-1.519846904178618e-11
12.69323336959348	-1.519479625559336e-11
12.71798695785481	-1.519110460225816e-11
12.74274054611615	-1.518741065242713e-11
12.76749413437748	-1.518371259521713e-11
12.79224772263881	-1.518000869260973e-11
12.81700131090015	-1.517629727604152e-11
12.84175489916148	-1.517257674314395e-11
12.86650848742281	-1.5168845554602e-11
12.89126207568415	-1.516510223110039e-11
12.91601566394548	-1.516134535032492e-11
12.94076925220681	-1.515757721932022e-11
12.96552284046815	-1.515378887800492e-11
12.99027642872948	-1.514998270327308e-11
13.01503001699081	-1.514615749052461e-11
13.03978360525215	-1.51423120925602e-11
13.06453719351348	-1.513844541747033e-11
13.08929078177481	-1.513455642662377e-11
13.11404437003615	-1.513064413274326e-11
13.13879795829748	-1.512670759805623e-11
13.16355154655881	-1.51227459325095e-11
13.18830513482015	-1.511876032467002e-11
13.21305872308148	-1.511474571620714e-11
13.23781231134281	-1.511070340947857e-11
13.26256589960415	-1.510663270806234e-11
13.28731948786548	-1.510253296255188e-11
13.31207307612681	-1.509840356885982e-11
13.33682666438815	-1.509424396658972e-11
13.36158025264948	-1.509005363746935e-11
13.38633384091082	-1.508583210383941e-11
13.41108742917215	-1.508157892719194e-11
13.43584101743348	-1.507729586217323e-11
13.46059460569482	-1.507297801336087e-11
13.48534819395615	-1.506862725612253e-11
13.51010178221748	-1.506424331954991e-11
13.53485537047882	-1.505982597243971e-11
13.55960895874015	-1.505537502158062e-11
13.58436254700148	-1.505089031012085e-11
13.60911613526282	-1.50463717160094e-11
13.63386972352415	-1.504181915050536e-11
13.65862331178548	-1.503723255674992e-11
13.68337690004682	-1.503261656410489e-11
13.70813048830815	-1.502796132617336e-11
13.73288407656948	-1.502327172526918e-11
13.75763766483082	-1.501854788463232e-11
13.78239125309215	-1.501378996404078e-11
13.80714484135348	-1.500899815700012e-11
13.83189842961482	-1.500417268819885e-11
13.85665201787615	-1.499931381119612e-11
13.88140560613748	-1.499442180631263e-11
13.90615919439882	-1.498949697869956e-11
13.93091278266015	-1.498454133292468e-11
13.95566637092148	-1.49795516421146e-11
13.98041995918282	-1.497453006652769e-11
14.00517354744415	-1.496947702295459e-11
14.02992713570548	-1.496439294690015e-11
14.05468072396682	-1.495927829068013e-11
14.07943431222815	-1.495413352173693e-11
14.10418790048949	-1.494895912113887e-11
14.12894148875082	-1.494375558223368e-11
14.15369507701215	-1.493852340943316e-11
14.17844866527349	-1.493326241301085e-11
14.20320225353482	-1.492797460238565e-11
14.22795584179615	-1.492265978011291e-11
14.25270943005749	-1.491731847546719e-11
14.27746301831882	-1.491195122216692e-11
14.30221660658015	-1.490655855783879e-11
14.32697019484149	-1.490114102350439e-11
14.35172378310282	-1.489569916308838e-11
14.37647737136415	-1.489023352294793e-11
14.40123095962549	-1.488474465142357e-11
14.42598454788682	-1.487923265365995e-11
14.45073813614815	-1.487369900900591e-11
14.47549172440949	-1.486814382135185e-11
14.50024531267082	-1.48625676386939e-11
14.52499890093215	-1.485697100971825e-11
14.54975248919349	-1.485135444526172e-11
14.57450607745482	-1.48457185529584e-11
14.59925966571615	-1.484006382373781e-11
14.62401325397749	-1.483439080311079e-11
14.64876684223882	-1.482870002451361e-11
14.67352043050015	-1.482299149069637e-11
14.69827401876149	-1.481726683558501e-11
14.72302760702282	-1.48115260441347e-11
14.74778119528415	-1.480576962735065e-11
14.77253478354549	-1.479999808719167e-11
14.79728837180682	-1.479421183248164e-11
14.82204196006816	-1.478841170567664e-11
14.84679554832949	-1.47825977783439e-11
14.87154913659082	-1.477677070428294e-11
14.89630272485216	-1.477093095045012e-11
14.92105631311349	-1.476507826812347e-11
14.94580990137482	-1.475921463178505e-11
14.97056348963616	-1.475333975403818e-11
14.99531707789749	-1.474745407562178e-11
15.02007066615882	-1.474155802900557e-11
15.04482425442016	-1.473565203863968e-11
15.06957784268149	-1.472973652118573e-11
15.09433143094282	-1.472381188573118e-11
15.11908501920416	-1.471787853398897e-11
15.14383860746549	-1.471193686048367e-11
15.16859219572682	-1.470598620742212e-11
15.19334578398816	-1.470002917759144e-11
15.21809937224949	-1.469406503986333e-11
15.24285296051082	-1.468809414520802e-11
15.26760654877216	-1.468211683669927e-11
15.29236013703349	-1.467613345009571e-11
15.31711372529482	-1.467014431442254e-11
15.34186731355616	-1.466414975273059e-11
15.36662090181749	-1.465815008375593e-11
15.39137449007882	-1.465214562934204e-11
15.41612807834016	-1.464614584281426e-11
15.44088166660149	-1.464013914123664e-11
15.46563525486282	-1.46342387660175e-11
15.49038884312416	-1.462807559295839e-11
15.51514243138549	-1.462205985479574e-11
15.53989601964683	-1.461603551306242e-11
15.56464960790816	-1.461000700616685e-11
15.58940319616949	-1.460397535652312e-11
15.61415678443083	-1.459794106434209e-11
15.63891037269216	-1.459190448360594e-11
15.66366396095349	-1.458586374873677e-11
15.68841754921483	-1.457982383606556e-11
15.71317113747616	-1.45737825423499e-11
15.73792472573749	-1.456774008695509e-11
15.76267831399883	-1.456169668419676e-11
15.78743190226016	-1.455565254320864e-11
15.81218549052149	-1.454960786778886e-11
15.83693907878283	-1.454356285622125e-11
15.86169266704416	-1.453751770106729e-11
15.88644625530549	-1.45314725889234e-11
15.91119984356683	-1.452542835870822e-11
15.93595343182816	-1.451938382805693e-11
15.96070702008949	-1.451333979883395e-11
15.98546060835083	-1.450729643041858e-11
16.01021419661216	-1.450125387780035e-11
16.03496778487349	-1.449521229175606e-11
16.05972137313483	-1.448917181940304e-11
16.08447496139616	-1.448313260647634e-11
16.10922854965749	-1.447709481387551e-11
16.13398213791883	-1.447105592066963e-11
16.15873572618016	-1.446502402603983e-11
16.18348931444149	-1.445899111836712e-11
16.20824290270283	-1.445296016806174e-11
16.23299649096416	-1.444693083507039e-11
16.2577500792255	-1.444090390021101e-11
16.28250366748683	-1.443487911750903e-11
16.30725725574816	-1.442885662862769e-11
16.3320108440095	-1.442283653945661e-11
16.35676443227083	-1.441681894896894e-11
16.38151802053216	-1.441080395194229e-11
16.4062716087935	-1.440479174640026e-11
16.43102519705483	-1.439878219243466e-11
16.45577878531616	-1.439277548261917e-11
16.4805323735775	-1.438677169345982e-11
16.50528596183883	-1.438077104937857e-11
16.53003955010016	-1.437477326991124e-11
16.5547931383615	-1.436877873665086e-11
16.57954672662283	-1.436278743929658e-11
16.60430031488416	-1.435679944461568e-11
16.6290539031455	-1.435081481935376e-11
16.65380749140683	-1.434483368347161e-11
16.67856107966816	-1.433885599035851e-11
16.7033146679295	-1.433288184543762e-11
16.72806825619083	-1.432691130924043e-11
16.75282184445216	-1.432094443940671e-11
16.7775754327135	-1.431498129139478e-11
16.80232902097483	-1.430902191871291e-11
16.82708260923616	-1.430306637302561e-11
16.8518361974975	-1.429711470421784e-11
16.87658978575883	-1.429116696044277e-11
16.90134337402016	-1.428522321900521e-11
16.9260969622815	-1.427928346039895e-11
16.95085055054283	-1.427334775859892e-11
16.97560413880417	-1.42674161554599e-11
17.0003577270655	-1.426148869142265e-11
17.02511131532683	-1.425556540554205e-11
17.04986490358817	-1.42496463355149e-11
17.0746184918495	-1.424373151770697e-11
17.09937208011083	-1.423782098717936e-11
17.12412566837217	-1.423191477771431e-11
17.1488792566335	-1.422601296341903e-11
17.17363284489483	-1.422011548454137e-11
17.19838643315617	-1.421422241981179e-11
17.2231400214175	-1.420833379815521e-11
17.24789360967883	-1.420244964750957e-11
17.27264719794017	-1.419656999479377e-11
17.2974007862015	-1.419069486590716e-11
17.32215437446283	-1.418482428574096e-11
17.34690796272417	-1.417895827819441e-11
17.3716615509855	-1.417309686619338e-11
17.39641513924683	-1.416724007747607e-11
17.42116872750817	-1.41613879208553e-11
17.4459223157695	-1.415554042250866e-11
17.47067590403083	-1.414969760173798e-11
17.49542949229217	-1.41438594769801e-11
17.5201830805535	-1.413802606582603e-11
17.54493666881483	-1.413219738503967e-11
17.56969025707617	-1.412637345057638e-11
17.5944438453375	-1.412055427760092e-11
17.61919743359883	-1.411473988050532e-11
17.64395102186017	-1.410893027077954e-11
17.6687046101215	-1.410312546581962e-11
17.69345819838284	-1.409732547562698e-11
17.71821178664417	-1.409153031165199e-11
17.7429653749055	-1.408573998464782e-11
17.76771896316684	-1.407995450468634e-11
17.79247255142817	-1.407417388117378e-11
17.8172261396895	-1.406839812286596e-11
17.84197972795084	-1.406262723788324e-11
17.86673331621217	-1.405686123372516e-11
17.8914869044735	-1.40511001225862e-11
17.91624049273484	-1.404534390005377e-11
17.94099408099617	-1.403959257675743e-11
17.9657476692575	-1.40338461577506e-11
17.99050125751884	-1.40281046474754e-11
18.01525484578017	-1.402236804969767e-11
18.0400084340415	-1.401663636729963e-11
18.06476202230284	-1.401090960149605e-11
18.08951561056417	-1.400518774733685e-11
18.1142691988255	-1.399947069471121e-11
18.13902278708684	-1.399375889334934e-11
18.16377637534817	-1.398805183625107e-11
18.1885299636095	-1.398234970658214e-11
18.21328355187084	-1.397665250455781e-11
18.23803714013217	-1.397096022997843e-11
18.2627907283935	-1.396527288223915e-11
18.28754431665484	-1.395959046033956e-11
18.31229790491617	-1.395391296289301e-11
18.3370514931775	-1.394824038813568e-11
18.36180508143884	-1.394257273393552e-11
18.38655866970017	-1.393690998461702e-11
18.41131225796151	-1.393125215950524e-11
18.43606584622284	-1.392559924620114e-11
18.46081943448417	-1.391995124156204e-11
18.48557302274551	-1.391430814363128e-11
18.51032661100684	-1.390866993460989e-11
18.53508019926817	-1.390303663509771e-11
18.55983378752951	-1.389740822465685e-11
18.58458737579084	-1.389178470117301e-11
18.60934096405217	-1.388616605990408e-11
18.63409455231351	-1.388055231805377e-11
18.65884814057484	-1.387494342091363e-11
18.68360172883617	-1.386933938922372e-11
18.70835531709751	-1.386374021716393e-11
18.73310890535884	-1.385814589871414e-11
18.75786249362017	-1.385255642766079e-11
18.78261608188151	-1.384697179760323e-11
18.80736967014284	-1.384139200195969e-11
18.83212325840417	-1.383581703397331e-11
18.85687684666551	-1.383024688671771e-11
18.88163043492684	-1.382468156504669e-11
18.90638402318817	-1.381912103728109e-11
18.93113761144951	-1.381356530744644e-11
18.95589119971084	-1.380801436787083e-11
18.98064478797217	-1.380246821060911e-11
19.00539837623351	-1.379692682717636e-11
19.03015196449484	-1.37913902074569e-11
19.05490555275617	-1.378585833183313e-11
19.07965914101751	-1.378033268495942e-11
19.10441272927884	-1.377480896045487e-11
19.12916631754018	-1.376929129382381e-11
19.15391990580151	-1.37637783995129e-11
19.17867349406284	-1.375827022365971e-11
19.20342708232418	-1.375276675799777e-11
19.22818067058551	-1.374726799432389e-11
19.25293425884684	-1.374177392464247e-11
19.27768784710818	-1.373628454158705e-11
19.30244143536951	-1.373079984005741e-11
19.32719502363084	-1.372531982804603e-11
19.35194861189218	-1.37198455021385e-11
19.37670220015351	-1.371437364734936e-11
19.40145578841484	-1.370890754703301e-11
19.42620937667618	-1.370344607748836e-11
19.45096296493751	-1.369798922916082e-11
19.47571655319884	-1.369253699051861e-11
19.50047014146018	-1.36870893311588e-11
19.52522372972151	-1.368164642762407e-11
19.54997731798284	-1.367620793350451e-11
19.57473090624418	-1.367077406095017e-11
19.59948449450551	-1.366534476350368e-11
19.62423808276684	-1.365992098258529e-11
19.64899167102818	-1.365449990637843e-11
19.67374525928951	-1.364908423164502e-11
19.69849884755084	-1.364367311555491e-11
19.72325243581218	-1.363826653165365e-11
19.74800602407351	-1.363286446742589e-11
19.77275961233484	-1.362746691286168e-11
19.79751320059618	-1.36220738587038e-11
19.82226678885751	-1.361668529599611e-11
19.84702037711885	-1.361130121593063e-11
19.87177396538018	-1.360592160742839e-11
19.89652755364151	-1.360054646769382e-11
19.92128114190285	-1.359517578419644e-11
19.94603473016418	-1.358980954841064e-11
19.97078831842551	-1.358444775184346e-11
19.99554190668685	-1.357909038603589e-11
20.02029549494818	-1.357373744256381e-11
20.04504908320951	-1.356838891303855e-11
20.06980267147085	-1.356304478910737e-11
20.09455625973218	-1.35577050624539e-11
20.11930984799351	-1.355236972433472e-11
20.14406343625485	-1.35470387675204e-11
20.16881702451618	-1.35417121832718e-11
20.19357061277751	-1.353638996341343e-11
20.21832420103885	-1.353107209981001e-11
20.24307778930018	-1.352575858436617e-11
20.26783137756151	-1.352044940902593e-11
20.29258496582285	-1.351514456577219e-11
20.31733855408418	-1.35098440466259e-11
20.34209214234551	-1.350454784364515e-11
20.36684573060685	-1.349925594115311e-11
20.39159931886818	-1.349396834601543e-11
20.41635290712951	-1.348868504420215e-11
20.44110649539085	-1.348340602847797e-11
20.46586008365218	-1.347813129216364e-11
20.49061367191351	-1.347286083004942e-11
20.51536726017485	-1.346759464236074e-11
20.54012084843618	-1.346233276863187e-11
20.56487443669752	-1.345707432727144e-11
20.58962802495885	-1.345182133973294e-11
20.61438161322018	-1.344657234336503e-11
20.63913520148152	-1.344131753126737e-11
20.66388878974285	-1.343608628706369e-11
20.68864237800418	-1.343084976045085e-11
20.71339596626552	-1.342561739659443e-11
20.73814955452685	-1.342038921820024e-11
20.76290314278818	-1.341516522416978e-11
20.78765673104952	-1.340994540943192e-11
20.81241031931085	-1.34047297678066e-11
20.83716390757218	-1.339951829272411e-11
20.86191749583352	-1.339431096765472e-11
20.88667108409485	-1.338910780726554e-11
20.91142467235618	-1.338390879347628e-11
20.93617826061752	-1.337871391936108e-11
20.96093184887885	-1.337352317803929e-11
20.98568543714018	-1.33683365626752e-11
21.01043902540152	-1.336315406647764e-11
21.03519261366285	-1.335797568269973e-11
21.05994620192418	-1.335280140463851e-11
21.08469979018552	-1.334763122563469e-11
21.10945337844685	-1.334246513270115e-11
21.13420696670818	-1.333730313214642e-11
21.15896055496952	-1.333214521156314e-11
21.18371414323085	-1.332699136457103e-11
21.20846773149218	-1.332184158485153e-11
21.23322131975352	-1.331669586616434e-11
21.25797490801485	-1.331155420238012e-11
21.28272849627619	-1.330641658755154e-11
21.30748208453752	-1.330128301608719e-11
21.33223567279885	-1.329615348325711e-11
21.35698926106019	-1.329102791111536e-11
21.38174284932152	-1.328590641835229e-11
21.40649643758285	-1.328078894374197e-11
21.43125002584419	-1.327567548124323e-11
21.45600361410552	-1.327056602484442e-11
21.48075720236685	-1.326546056856413e-11
21.50551079062819	-1.326035910645192e-11
21.53026437888952	-1.325526163258856e-11
21.55501796715085	-1.325016814108637e-11
21.57977155541219	-1.324507862608936e-11
21.60452514367352	-1.323999308193372e-11
21.62927873193485	-1.323491150251159e-11
21.65403232019619	-1.322983388219992e-11
21.67878590845752	-1.322476021526346e-11
21.70353949671885	-1.321969049599781e-11
21.72829308498019	-1.321462471872978e-11
21.75304667324152	-1.320956287781794e-11
21.77780026150285	-1.320450496765353e-11
21.80255384976419	-1.319945098266216e-11
21.82730743802552	-1.31944009173068e-11
21.85206102628685	-1.318935477059508e-11
21.87681461454819	-1.318431252843062e-11
21.90156820280952	-1.317927418918938e-11
21.92632179107085	-1.317423974738608e-11
21.95107537933219	-1.316920919756254e-11
21.97582896759352	-1.316418253428747e-11
22.00058255585486	-1.315915975215648e-11
22.02533614411619	-1.315414084579184e-11
22.05008973237752	-1.314912580984244e-11
22.07484332063886	-1.31441146389836e-11
22.09959690890019	-1.313910732552133e-11
22.12435049716152	-1.31341038690887e-11
22.14910408542286	-1.312910426215882e-11
22.17385767368419	-1.312410849952618e-11
22.19861126194552	-1.311911657600589e-11
22.22336485020686	-1.311412848643255e-11
22.24811843846819	-1.310914422565861e-11
22.27287202672952	-1.310416378855143e-11
22.29762561499086	-1.309918716998834e-11
22.32237920325219	-1.309421436484722e-11
22.34713279151352	-1.308924536687172e-11
22.37188637977486	-1.308428017294858e-11
22.39663996803619	-1.307931877674213e-11
22.42139355629752	-1.307436117238578e-11
22.44614714455886	-1.306940735222771e-11
22.47090073282019	-1.306445729749266e-11
22.49565432108152	-1.305951264195455e-11
22.52040790934286	-1.305456867703903e-11
22.54516149760419	-1.30496299466085e-11
22.56991508586552	-1.304469499651303e-11
22.59466867412686	-1.303976378329634e-11
22.61942226238819	-1.303483636003428e-11
22.64417585064952	-1.302991268641375e-11
22.66892943891086	-1.30249927575377e-11
22.69368302717219	-1.302007656852907e-11
22.71843661543353	-1.301516411453065e-11
22.74319020369486	-1.301025539070505e-11
22.76794379195619	-1.300535039223453e-11
22.79269738021753	-1.300044911432099e-11
22.81745096847886	-1.29955515521858e-11
22.84220455674019	-1.299065771674853e-11
22.86695814500153	-1.298576756810386e-11
22.89171173326286	-1.298088112114873e-11
22.91646532152419	-1.297599837124444e-11
22.94121890978553	-1.297111931377729e-11
22.96597249804686	-1.296624394415377e-11
22.99072608630819	-1.296137225779843e-11
23.01547967456953	-1.295650425015267e-11
23.04023326283086	-1.295163991667412e-11
23.06498685109219	-1.294677925283624e-11
23.08974043935353	-1.294192225650715e-11
23.11449402761486	-1.293706891813319e-11
23.13924761587619	-1.293221923575712e-11
23.16400120413753	-1.292737320494424e-11
23.18875479239886	-1.29225308212773e-11
23.21350838066019	-1.291769208035712e-11
23.23826196892153	-1.291285697780335e-11
23.26301555718286	-1.29080255092554e-11
23.28776914544419	-1.290319767037353e-11
23.31252273370553	-1.289837345684019e-11
23.33727632196686	-1.289355284217052e-11
23.36202991022819	-1.288873587007025e-11
23.38678349848953	-1.288392251146898e-11
23.41153708675086	-1.287911276193396e-11
23.4362906750122	-1.28743066170766e-11
23.46104426327353	-1.286950407253981e-11
23.48579785153486	-1.286470512399088e-11
23.5105514397962	-1.285990976711721e-11
23.53530502805753	-1.285511799762378e-11
23.56005861631886	-1.285032981123145e-11
23.5848122045802	-1.284554520151917e-11
23.60956579284153	-1.284076416883059e-11
23.63431938110286	-1.283598670663333e-11
23.6590729693642	-1.283121281067103e-11
23.68382655762553	-1.282644247669784e-11
23.70858014588686	-1.282167570047844e-11
23.7333337341482	-1.281691247778802e-11
23.75808732240953	-1.281215280441232e-11
23.78284091067086	-1.28073966761476e-11
23.8075944989322	-1.280264408880072e-11
23.83234808719353	-1.279789503749981e-11
23.85710167545486	-1.279314951950711e-11
23.8818552637162	-1.278840752997636e-11
23.90660885197753	-1.278366906475224e-11
23.93136244023886	-1.277893411968676e-11
23.9561160285002	-1.277420269063916e-11
23.98086961676153	-1.276947477347566e-11
24.00562320502286	-1.276475036406932e-11
24.0303767932842	-1.276002945829976e-11
24.05513038154553	-1.275531205205295e-11
24.07988396980686	-1.275059813683935e-11
24.1046375580682	-1.274588771731035e-11
24.12939114632953	-1.27411807854556e-11
24.15414473459087	-1.273647733729719e-11
24.1788983228522	-1.27317773688861e-11
24.20365191111353	-1.27270808763159e-11
24.22840549937487	-1.272238785574917e-11
24.2531590876362	-1.271769830347329e-11
24.27791267589753	-1.271301221603271e-11
24.30266626415887	-1.270832959059554e-11
24.3274198524202	-1.270365035940747e-11
24.35217344068153	-1.269897462907935e-11
24.37692702894287	-1.269430234722539e-11
24.4016806172042	-1.268963351001339e-11
24.42643420546553	-1.268496811360855e-11
24.45118779372687	-1.268030615417482e-11
24.4759413819882	-1.267564762787606e-11
24.50069497024953	-1.267099253087704e-11
24.52544855851087	-1.266634085934429e-11
24.5502021467722	-1.26616926094469e-11
24.57495573503353	-1.265704778577121e-11
24.59970932329487	-1.265240636813604e-11
24.6244629115562	-1.264776835993494e-11
24.64921649981753	-1.26431337569187e-11
24.67397008807887	-1.26385025542134e-11
24.6987236763402	-1.263387474420408e-11
24.72347726460153	-1.262925028870663e-11
24.74823085286287	-1.262462942101281e-11
24.7729844411242	-1.262001174469824e-11
24.79773802938553	-1.261539748997312e-11
24.82249161764687	-1.261078660282044e-11
24.8472452059082	-1.260617911521034e-11
24.87199879416954	-1.260157499927949e-11
24.89675238243087	-1.259697425118228e-11
24.9215059706922	-1.259237686707944e-11
24.94625955895354	-1.258778284313806e-11
24.97101314721487	-1.25831921755316e-11
24.9957667354762	-1.257860486043987e-11
25.02052032373754	-1.257402089404909e-11
25.04527391199887	-1.256944027255186e-11
25.0700275002602	-1.256486299351423e-11
25.09478108852154	-1.256028905026394e-11
25.11953467678287	-1.255571844041667e-11
25.1442882650442	-1.25511511602072e-11
25.16904185330554	-1.254658720588104e-11
25.19379544156687	-1.254202657369417e-11
25.2185490298282	-1.253746925991266e-11
25.24330261808954	-1.253291526081246e-11
25.26805620635087	-1.252836457267911e-11
25.2928097946122	-1.252381719180753e-11
25.31756338287354	-1.251927310853237e-11
25.34231697113487	-1.251473233068023e-11
25.3670705593962	-1.251019484950916e-11
25.39182414765754	-1.250566066167682e-11
25.41657773591887	-1.250112976444621e-11
25.4413313241802	-1.249660215866726e-11
25.46608491244154	-1.24920817131105e-11
25.49083850070287	-1.248755673487859e-11
25.5155920889642	-1.248303896392221e-11
25.54034567722554	-1.247852445789733e-11
25.56509926548687	-1.247401322721507e-11
25.58985285374821	-1.246950524778241e-11
25.61460644200954	-1.246500052858488e-11
25.63936003027087	-1.246049906608399e-11
25.66411361853221	-1.245600085674858e-11
25.68886720679354	-1.245150589705496e-11
25.71362079505487	-1.244701418348693e-11
25.73837438331621	-1.244252571253594e-11
25.76312797157754	-1.24380404807011e-11
25.78788155983887	-1.243355848448939e-11
25.81263514810021	-1.242907968519008e-11
25.83738873636154	-1.242460416535234e-11
25.86214232462287	-1.242013186324942e-11
25.88689591288421	-1.241566278028095e-11
25.91164950114554	-1.241119691429615e-11
25.93640308940687	-1.24067342623142e-11
25.96115667766821	-1.240227482107877e-11
25.98591026592954	-1.239781858722273e-11
26.01066385419087	-1.239336555732933e-11
26.03541744245221	-1.238891572795846e-11
26.06017103071354	-1.238446909305226e-11
26.08492461897487	-1.238002565478183e-11
26.10967820723621	-1.237558540680349e-11
26.13443179549754	-1.237114834562084e-11
26.15918538375887	-1.236671446774281e-11
26.18393897202021	-1.236228376968359e-11
26.20869256028154	-1.235785624796271e-11
26.23344614854287	-1.235343189910506e-11
26.25819973680421	-1.234901071964089e-11
26.28295332506554	-1.234459270610577e-11
26.30770691332688	-1.234017785493661e-11
26.33246050158821	-1.233576616289741e-11
26.35721408984954	-1.233135762643523e-11
26.38196767811088	-1.232695224210636e-11
26.40672126637221	-1.232255000647209e-11
26.43147485463354	-1.231815091609871e-11
26.45622844289488	-1.231375496755756e-11
26.48098203115621	-1.230936215742498e-11
26.50573561941754	-1.23049724822824e-11
26.53048920767888	-1.230058593871628e-11
26.55524279594021	-1.229620252299215e-11
26.57999638420154	-1.229182223238511e-11
26.60474997246288	-1.228744506317294e-11
26.62950356072421	-1.228307101196036e-11
26.65425714898554	-1.227870007535563e-11
26.67901073724688	-1.227433224997057e-11
26.70376432550821	-1.226996753242043e-11
26.72851791376954	-1.226560591932385e-11
26.75327150203088	-1.226124740730275e-11
26.77802509029221	-1.225689199298227e-11
26.80277867855354	-1.225253966859056e-11
26.82753226681488	-1.224819043948844e-11
26.85228585507621	-1.224384429844016e-11
26.87703944333754	-1.22395012422274e-11
26.90179303159888	-1.223516126769068e-11
26.92654661986021	-1.223082437177852e-11
26.95130020812154	-1.222649055166259e-11
26.97605379638288	-1.22221598050515e-11
27.00080738464421	-1.221783213126462e-11
27.02556097290555	-1.221350753666842e-11
27.05031456116688	-1.220918590934801e-11
27.07506814942821	-1.220486740549255e-11
27.09982173768955	-1.220055195691238e-11
27.12457532595088	-1.219623956044282e-11
27.14932891421221	-1.21919302129203e-11
27.17408250247355	-1.218762391118262e-11
27.19883609073488	-1.2183320652069e-11
27.22358967899621	-1.217902043242034e-11
27.24834326725755	-1.217472324907933e-11
27.27309685551888	-1.217042909889063e-11
27.29785044378021	-1.216613797120646e-11
27.32260403204155	-1.216184987933518e-11
27.34735762030288	-1.215756481136164e-11
27.37211120856421	-1.21532827640289e-11
27.39686479682555	-1.21490037341001e-11
27.42161838508688	-1.214472771835261e-11
27.44637197334821	-1.214045471357462e-11
27.47112556160955	-1.213618471656314e-11
27.49587914987088	-1.213191772412273e-11
27.52063273813221	-1.212765373306469e-11
27.54538632639355	-1.212339273690621e-11
27.57013991465488	-1.211913473896213e-11
27.59489350291621	-1.211487973312107e-11
27.61964709117755	-1.211062771635665e-11
27.64440067943888	-1.210637868592195e-11
27.66915426770021	-1.210213264072355e-11
27.69390785596155	-1.209790735391745e-11
27.71866144422288	-1.209364946043892e-11
27.74341503248422	-1.20894123438262e-11
27.76816862074555	-1.208517819437448e-11
27.79292220900688	-1.208094701623083e-11
27.81767579726822	-1.207671879508149e-11
27.84242938552955	-1.207249353437162e-11
27.86718297379088	-1.206827123098847e-11
27.89193656205222	-1.206405188182545e-11
27.91669015031355	-1.205983548378295e-11
27.94144373857488	-1.205562203376954e-11
27.96619732683622	-1.205141152870399e-11
27.99095091509755	-1.204720396551888e-11
28.01570450335888	-1.204299934116696e-11
28.04045809162022	-1.203879766283001e-11
28.06521167988155	-1.203459890807155e-11
28.08996526814288	-1.203040308250507e-11
28.11471885640422	-1.202621018298871e-11
28.13947244466555	-1.20220202063848e-11
28.16422603292688	-1.201783314955991e-11
28.18897962118822	-1.20136490093848e-11
28.21373320944955	-1.200946778273448e-11
28.23848679771088	-1.200528946648817e-11
28.26324038597222	-1.200111405752935e-11
28.28799397423355	-1.199694155414724e-11
28.31274756249488	-1.199277195028051e-11
28.33750115075622	-1.198860524426907e-11
28.36225473901755	-1.198444143303102e-11
28.38700832727888	-1.198028051349298e-11
28.41176191554022	-1.197612248258974e-11
28.43651550380155	-1.197196733726384e-11
28.46126909206289	-1.196781507446532e-11
28.48602268032422	-1.196366569115142e-11
28.51077626858555	-1.195951918428636e-11
28.53552985684689	-1.19553755476242e-11
28.56028344510822	-1.195123478463436e-11
28.58503703336955	-1.194709688934333e-11
28.60979062163089	-1.194296185880292e-11
28.63454420989222	-1.193882969008929e-11
28.65929779815355	-1.193470038031914e-11
28.68405138641489	-1.193057392668463e-11
28.70880497467622	-1.192645032653781e-11
28.73355856293755	-1.192232957763263e-11
28.75831215119889	-1.19182116790218e-11
28.78306573946022	-1.191409658764109e-11
28.80781932772155	-1.190998436376687e-11
28.83257291598289	-1.1905874977935e-11
28.85732650424422	-1.190176842727005e-11
28.88208009250555	-1.189766470890264e-11
28.90683368076689	-1.189356381996951e-11
28.93158726902822	-1.188946575761368e-11
28.95634085728955	-1.188537051898449e-11
28.98109444555089	-1.188127810123769e-11
29.00584803381222	-1.18771885015356e-11
29.03060162207355	-1.187310171033913e-11
29.05535521033489	-1.186901773920661e-11
29.08010879859622	-1.186493657803434e-11
29.10486238685755	-1.186085822390527e-11
29.12961597511889	-1.185678267390923e-11
29.15436956338022	-1.185270992514219e-11
29.17912315164156	-1.184863997470575e-11
29.20387673990289	-1.184457281970671e-11
29.22863032816422	-1.184050845725689e-11
29.25338391642556	-1.183644688447284e-11
29.27813750468689	-1.183238809824085e-11
29.30289109294822	-1.182833209618301e-11
29.32764468120956	-1.182427887518528e-11
29.35239826947089	-1.182022843237915e-11
29.37715185773222	-1.181618076489985e-11
29.40190544599356	-1.181213586988635e-11
29.42665903425489	-1.180809374448139e-11
29.45141262251622	-1.18040543858314e-11
29.47616621077756	-1.180001779108658e-11
29.50091979903889	-1.179598395740082e-11
29.52567338730022	-1.179195288182213e-11
29.55042697556156	-1.178792456173805e-11
29.57518056382289	-1.178389899420703e-11
29.59993415208422	-1.177987617639756e-11
29.62468774034556	-1.177585610548123e-11
29.64944132860689	-1.17718387786326e-11
29.67419491686822	-1.176782419302915e-11
29.69894850512956	-1.176381234585105e-11
29.72370209339089	-1.175980323428103e-11
29.74845568165222	-1.175579685550415e-11
29.77320926991356	-1.175179320800953e-11
29.79796285817489	-1.17477922862778e-11
29.82271644643622	-1.174379408879267e-11
29.84747003469756	-1.173979861275174e-11
29.87222362295889	-1.173580585535797e-11
29.89697721122023	-1.173181581381952e-11
29.92173079948156	-1.172782848534965e-11
29.94648438774289	-1.172384386716651e-11
29.97123797600423	-1.171986195649311e-11
29.99599156426556	-1.171588275055716e-11
30.02074515252689	-1.171190624625875e-11
30.04549874078823	-1.170793244153027e-11
30.07025232904956	-1.170396133327744e-11
30.09500591731089	-1.16999929187431e-11
30.11975950557223	-1.169602719517316e-11
30.14451309383356	-1.169206415981658e-11
30.16926668209489	-1.168810380992535e-11
30.19402027035623	-1.168414614275434e-11
30.21877385861756	-1.168019115556135e-11
30.24352744687889	-1.167623884560691e-11
30.26828103514023	-1.167228921141973e-11
30.29303462340156	-1.166834224757953e-11
30.31778821166289	-1.166439795268863e-11
30.34254179992423	-1.166045632403482e-11
30.36729538818556	-1.16565173589101e-11
30.39204897644689	-1.165258105461048e-11
30.41680256470823	-1.164864740843595e-11
30.44155615296956	-1.164471641769043e-11
30.46630974123089	-1.164078807968167e-11
30.49106332949223	-1.163686239172132e-11
30.51581691775356	-1.163293935103949e-11
30.54057050601489	-1.162901895513342e-11
30.56532409427623	-1.162510120124055e-11
30.59007768253756	-1.16211860866871e-11
30.61483127079889	-1.161727360880272e-11
30.63958485906023	-1.161336376492052e-11
30.66433844732156	-1.160945655237698e-11
30.6890920355829	-1.16055519685119e-11
30.71384562384423	-1.160165001066831e-11
30.73859921210556	-1.159775067619236e-11
30.7633528003669	-1.159385396219605e-11
30.78810638862823	-1.15899598664979e-11
30.81285997688956	-1.158606838624803e-11
30.8376135651509	-1.158217951881218e-11
30.86236715341223	-1.157829326156067e-11
30.88712074167356	-1.157440961186896e-11
30.9118743299349	-1.157052856711865e-11
30.93662791819623	-1.156665012469929e-11
30.96138150645756	-1.156277428201203e-11
30.9861350947189	-1.155890103647739e-11
31.01088868298023	-1.155503035747021e-11
31.03564227124156	-1.155116229601724e-11
31.0603958595029	-1.15472968244166e-11
31.08514944776423	-1.154343394002314e-11
31.10990303602556	-1.153957364020708e-11
31.1346566242869	-1.153571592235014e-11
31.15941021254823	-1.153186078384306e-11
31.18416380080956	-1.152800822208402e-11
31.2089173890709	-1.152415823447759e-11
31.23367097733223	-1.152031081843394e-11
31.25842456559356	-1.15164659754074e-11
31.2831781538549	-1.151262369322913e-11
31.30793174211623	-1.150878397538231e-11
31.33268533037756	-1.15049468190539e-11
31.3574389186389	-1.150111222158275e-11
31.38219250690023	-1.149728018036197e-11
31.40694609516157	-1.14934506928094e-11
31.4316996834229	-1.148962375635653e-11
31.45645327168423	-1.148579936844367e-11
31.48120685994557	-1.148197752651766e-11
31.5059604482069	-1.147815822889407e-11
31.53071403646823	-1.147434147122416e-11
31.55546762472957	-1.147052725184577e-11
31.5802212129909	-1.146671556822452e-11
31.60497480125223	-1.14629064178291e-11
31.62972838951357	-1.145909979813107e-11
31.6544819777749	-1.145529570660449e-11
31.67923556603623	-1.145149414072525e-11
31.70398915429757	-1.14476950979697e-11
31.7287427425589	-1.144389857581164e-11
31.75349633082023	-1.144010457171448e-11
31.77824991908157	-1.143631308310725e-11
31.8030035073429	-1.143252410728333e-11
31.82775709560423	-1.14287376405992e-11
31.85251068386557	-1.142495371409288e-11
31.8772642721269	-1.142117224031206e-11
31.90201786038823	-1.141739329120759e-11
31.92677144864957	-1.141361684366391e-11
31.9515250369109	-1.140984289454002e-11
31.97627862517223	-1.140607144121201e-11
32.00103221343357	-1.140230248115427e-11
32.0257858016949	-1.139853601187291e-11
32.05053938995623	-1.139477203088847e-11
32.07529297821757	-1.13910105357298e-11
32.1000465664789	-1.13872515239317e-11
32.12480015474024	-1.138349499303381e-11
32.14955374300157	-1.137974094057997e-11
32.1743073312629	-1.137598936411797e-11
32.19906091952424	-1.137224026119937e-11
32.22381450778557	-1.136849362937933e-11
