0
1000	105.6583745	100000000000000.1
5	0	0	1
5	0	0	0
4.673998997513734	4.091116181748599e-08
4.701574977808284	8.367279563942862e-08
4.729150958102834	1.260337555259103e-07
4.756726938397384	1.718836302742694e-07
4.784302918691934	2.220711691391309e-07
4.811878898986484	2.768250212832126e-07
4.839454879281035	3.361690700721767e-07
4.867030859575585	4.000498566685857e-07
4.894606839870135	4.683864976486055e-07
4.922182820164685	5.410927297710906e-07
4.949758800459235	6.180871150851405e-07
4.977334780753785	6.992976871778457e-07
5.004910761048335	7.84663832238875e-07
5.032486741342885	8.741367583783156e-07
5.060062721637435	9.676792473323866e-07
5.087638701931986	1.065265057611352e-06
5.115214682226536	1.166878179027831e-06
5.142790662521086	1.272512047143834e-06
5.170366642815636	1.38216877548126e-06
5.197942623110186	1.495858434790699e-06
5.225518603404736	1.613598392511481e-06
5.253094583699286	1.735412716472486e-06
5.280670563993836	1.861331641892495e-06
5.308246544288386	1.991391098132646e-06
5.335822524582936	2.125632290438711e-06
5.363398504877487	2.264101331490078e-06
5.390974485172037	2.406848917604534e-06
5.418550465466587	2.55393004471787e-06
5.446126445761137	2.705403759644596e-06
5.473702426055687	2.861332942556871e-06
5.501278406350237	3.021796511975592e-06
5.528854386644787	3.186871952243934e-06
5.556430366939337	3.356597239899934e-06
5.584006347233887	3.53105911276354e-06
5.611582327528438	3.710350024021442e-06
5.639158307822988	3.894529109312442e-06
5.666734288117538	4.083669526591896e-06
5.694310268412088	4.277900216078277e-06
5.721886248706638	4.477287394974833e-06
5.749462229001188	4.681921988352347e-06
5.777038209295738	4.891926772313274e-06
5.804614189590288	5.107382054876455e-06
5.832190169884838	5.328412437874959e-06
5.859766150179389	5.555106247116123e-06
5.887342130473939	5.787573253548759e-06
5.914918110768489	6.025973370030291e-06
5.942494091063039	6.270364282362435e-06
5.970070071357589	6.520914345138306e-06
5.997646051652139	6.777732412595526e-06
6.025222031946689	7.040954945204244e-06
6.052798012241239	7.310714998138422e-06
6.080373992535789	7.587199405908336e-06
6.107949972830339	7.87049374700822e-06
6.13552595312489	8.16074947850651e-06
6.16310193341944	8.457332559296508e-06
6.19067791371399	8.762770811508077e-06
6.21825389400854	9.074849213381244e-06
6.24582987430309	9.257777119417272e-06
6.27340585459764	9.721962611032184e-06
6.30098183489219	1.005739352497008e-05
6.32855781518674	1.040089055506707e-05
6.35613379548129	1.075271327362904e-05
6.383709775775841	1.111306703120301e-05
6.411285756070391	1.148213253062312e-05
6.438861736364941	1.186009192726395e-05
6.466437716659491	1.224722082327613e-05
6.494013696954041	1.264368835070253e-05
6.521589677248591	1.304977516295e-05
6.549165657543141	1.346567977850579e-05
6.576741637837691	1.389159205684747e-05
6.604317618132241	1.405956632727577e-05
6.631893598426791	1.477461606487414e-05
6.659469578721342	1.52322165775353e-05
6.687045559015892	1.5700910562772e-05
6.714621539310442	1.617984651600307e-05
6.742197519604992	1.667259924316978e-05
6.769773499899542	1.717620262846409e-05
6.797349480194092	1.769198776084293e-05
6.824925460488642	1.822026745618669e-05
6.852501440783192	1.876139996794558e-05
6.880077421077742	1.931566628969621e-05
6.907653401372293	1.988344429995555e-05
6.935229381666843	2.046501481102451e-05
6.962805361961393	2.106068371576704e-05
6.990381342255943	2.167091509291759e-05
7.017957322550493	2.229550954775041e-05
7.045533302845043	2.293625169800989e-05
7.073109283139593	2.359216205248382e-05
7.100685263434143	2.426408723275596e-05
7.128261243728693	2.495239443767923e-05
7.155837224023244	2.565751965511097e-05
7.183413204317794	2.637987132838082e-05
7.210989184612344	2.711993072184207e-05
7.238565164906894	2.787804455815638e-05
7.266141145201444	2.865470944442794e-05
7.293717125495994	2.944091244395063e-05
7.321293105790544	3.026566869598386e-05
7.348869086085094	3.110088975630892e-05
7.376445066379644	3.19566159023568e-05
7.404021046674194	3.283337709008423e-05
7.431597026968745	3.373162841269773e-05
7.459173007263295	3.465197798980958e-05
7.486748987557845	3.559491914686152e-05
7.514324967852395	3.656119733137934e-05
7.541900948146945	3.755117811769654e-05
7.569476928441495	3.856517361857733e-05
7.597052908736045	3.960494925319181e-05
7.624628889030595	4.066992625759512e-05
7.652204869325145	4.176126575327141e-05
7.679780849619696	4.287945233228373e-05
7.707356829914246	4.402534868457552e-05
7.734932810208796	4.519956851767262e-05
7.762508790503346	4.640277370398036e-05
7.790084770797896	4.763581779727371e-05
7.817660751092446	4.889927565257671e-05
7.845236731386996	5.01941519337197e-05
7.872812711681546	5.15210497891984e-05
7.900388691976096	5.260132347656967e-05
7.927964672270646	5.427434536915384e-05
7.955540652565197	5.570248870740414e-05
7.983116632859747	5.716600849448525e-05
8.010692613154298	5.866593998949179e-05
8.038268593448848	6.020312438401014e-05
8.065844573743398	6.177845933759314e-05
8.093420554037948	6.339301184284042e-05
8.120996534332498	6.504780405289285e-05
8.148572514627048	6.674367633156048e-05
8.176148494921598	6.848181583666325e-05
8.203724475216148	7.026325688209371e-05
8.231300455510699	7.208911375071407e-05
8.258876435805249	7.396042032007823e-05
8.286452416099799	7.587848184570661e-05
8.314028396394349	7.784434940174976e-05
8.341604376688899	7.985927131720827e-05
8.369180356983449	8.192449148477505e-05
8.396756337277999	8.404131370748396e-05
8.424332317572549	8.62109919835552e-05
8.451908297867099	8.795246193543572e-05
8.47948427816165	9.071446056722298e-05
8.5070602584562	9.305105971420038e-05
8.53463623875075	9.544605513947165e-05
8.5622122190453	9.78787498977818e-05
8.58978819933985	0.0001004051391146628
8.6173641796344	0.0001029778580739042
8.64494015992895	0.0001055851803771312
8.6725161402235	0.0001083288259112296
8.70009212051805	0.0001110813422902919
8.7276681008126	0.0001134414687893698
8.755244081107151	0.0001168705317987862
8.782820061401701	0.0001198861460261305
8.810396041696251	0.0001229350139869895
8.837972021990801	0.0001261099388725327
8.865548002285351	0.0001293184785772824
8.893123982579901	0.0001326587358808733
8.920699962874451	0.0001360465951913674
8.948275943169001	0.0001395542604393346
8.975851923463551	0.0001430953894690425
9.003427903758102	0.0001467977660131666
9.031003884052652	0.0001505741336247664
9.058579864347202	0.0001544204592231417
9.086155844641752	0.0001583956036479973
9.113731824936302	0.000162449682568287
9.141307805230852	0.0001666309555941511
9.168883785525402	0.000170877531643577
9.196459765819952	0.0001752871993146571
9.224035746114502	0.0001791668517948682
9.251611726409052	0.0001843968378881226
9.279187706703603	0.0001891461653385352
9.306763686998153	0.0001939912798186146
9.334339667292703	0.0001989905356302523
9.361915647587253	0.0002041111670404582
9.389491627881803	0.0002093390384061324
9.417067608176353	0.0002140774226217639
9.444643588470903	0.0002202256657410612
9.472219568765453	0.0002259143751453594
9.499795549060003	0.000231736730074335
9.527371529354554	0.0002376884890279959
9.554947509649104	0.0002438189550462435
9.582523489943654	0.0002501038981013036
9.610099470238204	0.0002565238384769863
9.637675450532754	0.0002631452723267129
9.665251430827304	0.0002698785845911259
9.692827411121854	0.0002768727740064757
9.720403391416404	0.0002840237761517846
9.747979371710954	0.000291322804356923
9.775555352005505	0.0002988611973393385
9.803131332300055	0.0003065829672193128
9.830707312594605	0.0003144440004603604
9.858283292889155	0.000321882436277826
9.885859273183705	0.0003309437451088867
9.913435253478255	0.0003394998315416123
9.941011233772805	0.0003482475385302928
9.968587214067355	0.0003572636044515319
9.996163194361905	0.0003665085385869907
10.02373917465646	0.0003759688345350321
10.05131515495101	0.0003857076700392348
10.07889113524556	0.0003956950682893684
10.10646711554011	0.0004058921331023175
10.13404309583466	0.0004164270318169053
10.16161907612921	0.0004272213494807142
10.18919505642376	0.0004382930769366778
10.21677103671831	0.000449617806945105
10.24434701701286	0.0004612857605291215
10.27192299730741	0.0004732506220350034
10.29949897760196	0.0004854896140035634
10.32707495789651	0.0004981012178607456
10.35465093819106	0.0005110293517490322
10.38222691848561	0.0005242921052447932
10.40980289878016	0.0005378532471859328
10.43737887907471	0.0005518356369863846
10.46495485936926	0.0005661706458342447
10.49253083966381	0.0005808750842015674
10.52010681995836	0.0005959192404494025
10.54768280025291	0.0006114182628240233
10.57525878054746	0.0006273104371417489
10.60283476084201	0.0006436128689402402
10.63041074113656	0.0006603117353738215
10.65798672143111	0.0006774866958516821
10.68556270172566	0.0006951019940949048
10.71313868202021	0.0007131720001574132
10.74071466231476	0.0007316618121385233
10.76829064260931	0.000750711837880913
10.79586662290386	0.0007702415664028024
10.82344260319841	0.0007902757423107745
10.85101858349296	0.0008108301153882799
10.87859456378751	0.0008318820733496898
10.90617054408206	0.0008535318021035852
10.93374652437661	0.0008757368131707603
10.96132250467116	0.0008985175271530436
10.98889848496571	0.0009218548239654027
11.01647446526026	0.0009458477651170209
11.04405044555481	0.0009704532167564221
11.07162642584936	0.00099569469445307
11.09920240614391	0.00102158976276956
11.12677838643846	0.001048110062989101
11.15435436673301	0.001075380164562171
11.18193034702756	0.001103345339201939
11.20950632732211	0.001132031572917675
11.23708230761666	0.001161457679811791
11.26465828791121	0.001191598502624722
11.29223426820576	0.001222578223026461
11.31981024850031	0.001254347067906815
11.34738622879486	0.00128693187490003
11.37496220908941	0.00132035367524577
11.40253818938396	0.001354602965840335
11.43011416967851	0.001389774846667787
11.45769014997306	0.001425842714522979
11.48526613026761	0.001462832817321634
11.51284211056216	0.00150076878372917
11.54041809085671	0.001539609002228495
11.56799407115126	0.001579537078942889
11.59557005144581	0.00162046451973607
11.62314603174036	0.001662430688866056
11.65072201203491	0.001705461930833953
11.67829799232946	0.001749587143432053
11.70587397262401	0.001794779373957846
11.73344995291856	0.001841187247991287
11.76102593321311	0.001888759761617966
11.78860191350766	0.00193753071471479
11.81617789380221	0.001987529892937883
11.84375387409676	0.002038787197098099
11.87132985439131	0.00209030637392776
11.89890583468586	0.002145175635584142
11.92648181498041	0.002200394187032959
11.95405779527496	0.002256990928059063
11.98163377556951	0.002314998997056456
12.00920975586406	0.002374451164644183
12.03678573615861	0.002435324318827612
12.06436171645316	0.002497786025064412
12.09193769674771	0.002561781628412901
12.11951367704226	0.002627353658999995
12.14708965733681	0.00269453936090094
12.17466563763136	0.002763374593607001
12.20224161792591	0.002833823713541902
12.22981759822046	0.002906103561445323
12.25739357851501	0.002980126883309254
12.28496955880956	0.003055945338607085
12.31254553910411	0.003133600752248935
12.34012151939866	0.003213134423776272
12.36769749969321	0.003293522208037842
12.39527347998776	0.00337795497189102
12.42284946028231	0.003463381738600461
12.45042544057686	0.003550841878007048
12.47800142087141	0.003640383798262425
12.50557740116597	0.003732051152912528
12.53315338146052	0.003825888111038409
12.56072936175507	0.003921937505947096
12.58830534204962	0.00402017542026681
12.61588132234417	0.004120813714256787
12.64345730263872	0.004223785810254736
12.67103328293327	0.004329146034592708
12.69860926322782	0.004436943890284139
12.72618524352237	0.00454722678285762
12.75376122381692	0.004660040941682276
12.78133720411147	0.004775435843419488
12.80891318440602	0.004893405465829017
12.83648916470057	0.005014121914048752
12.86406514499512	0.005137554465891922
12.89164112528967	0.005263756630861859
12.91921710558422	0.005392778707687226
12.94679308587877	0.005524169429742633
12.97436906617332	0.005659481395106752
13.00194504646787	0.00579720323011892
13.02952102676242	0.005938027632135259
13.05709700705697	0.006081904926716418
13.08467298735152	0.006228896007124157
13.11224896764607	0.006379052892423275
13.13982494794062	0.00653242723354662
13.16740092823517	0.006689066878926254
13.19497690852972	0.006849024635431951
13.22255288882427	0.007012348801414929
13.25012886911882	0.007179026270917366
13.27770484941337	0.007349251863916189
13.30528082970792	0.007522981051177277
13.33285681000247	0.007700270293768457
13.36043279029702	0.007881168100019537
13.38800877059157	0.008065722489583416
13.41558475088612	0.008253983955714582
13.44316073118067	0.008445998376297024
13.47073671147522	0.008641710281183594
13.49831269176977	0.008841414095159364
13.52588867206432	0.009044982065696499
13.55346465235887	0.009252477919533528
13.58104063265342	0.009463950014884226
13.60861661294797	0.009678303865379143
13.63619259324252	0.009898999524416429
13.66376857353707	0.01012266239008012
13.69134455383162	0.01035047115517716
13.71892053412617	0.01058246773824305
13.74649651442072	0.01081864558516417
13.77407249471527	0.01105914178699855
13.80164847500982	0.01130393017071839
13.82922445530437	0.01155304982468654
13.85680043559892	0.01180653470372518
13.88437641589347	0.01206442070985595
13.91195239618802	0.01232673843277066
13.93952837648257	0.01259351779541749
13.96710435677712	0.01286478781170717
13.99468033707167	0.01314057555564631
14.02225631736622	0.01342084174420499
14.04983229766077	0.01370576048725451
14.07740827795532	0.01399526131537963
14.10498425824987	0.01428936895495845
14.13256023854442	0.01458810837536732
14.16013621883897	0.01489149583975708
14.18771219913352	0.01519954843555819
14.21528817942807	0.01551228130095457
14.24286415972262	0.0158297071362968
14.27044014001717	0.01615183741094793
14.29801612031172	0.01647859922056059
14.32559210060627	0.01681019260538732
14.35316808090082	0.01714650047721514
14.38074406119537	0.01748619257569374
14.40832004148992	0.01783329971657545
14.43589602178447	0.01818379918624738
14.46347200207902	0.01853903152500787
14.49104798237357	0.01889899386615546
14.51862396266812	0.01926368186286668
14.54619994296267	0.0196330888961503
14.57377592325722	0.02000720670163068
14.60135190355177	0.02038596886587783
14.62892788384632	0.02076949650394575
14.65650386414087	0.02115768946539695
14.68407984443542	0.02155053790707189
14.71165582472997	0.02194802962862738
14.73923180502452	0.02235014546398037
14.76680778531907	0.02275686541849622
14.79438376561362	0.02316816743524476
14.82195974590817	0.02358402860638233
14.84953572620272	0.02400442470622043
14.87711170649727	0.02442932842862944
14.90468768679182	0.02485871193224202
14.93226366708637	0.02529246135642259
14.95983964738092	0.02573074186631865
14.98741562767547	0.0261733963122889
15.01499160797002	0.02662040185036049
15.04256758826457	0.02707172403416066
15.07014356855912	0.02752732837444307
15.09771954885368	0.02798717818879565
15.12529552914823	0.02845123735943761
15.15287150944278	0.02891946442392935
15.18044748973733	0.02939181993448075
15.20802347003188	0.02986826169397523
15.23559945032643	0.03034874921434982
15.26317543062098	0.03083311717457601
15.29075141091553	0.03132161107461712
15.31832739121008	0.03181393660708536
15.34590337150463	0.03231023056216796
15.37347935179918	0.03281028799562902
15.40105533209373	0.03331411863027434
15.42863131238828	0.03382167494358502
15.45620729268283	0.03433290980831606
15.48378327297738	0.03484777363177732
15.51135925327193	0.03536622038982224
15.53893523356648	0.03588819966327931
15.56651121386103	0.0364136619649066
15.59408719415558	0.03694255737121216
15.62166317445013	0.03747483441577023
15.64923915474468	0.03801038335905376
15.67681513503923	0.03854929569697502
15.70439111533378	0.03909143017323
15.73196709562833	0.03963674175815343
15.75954307592288	0.04018517949658385
15.78711905621743	0.04073669727721568
15.81469503651198	0.04129124292684926
15.84227101680653	0.04184876596042379
15.86984699710108	0.04240921590379797
15.89742297739563	0.04297254236703456
15.92499895769018	0.04353869341491198
15.95257493798473	0.04410762246782727
15.98015091827928	0.0446792774333899
16.00772689857383	0.04525361118717725
16.03530287886838	0.04583044223770805
16.06287885916293	0.04641002461729422
16.09045483945748	0.04699211551093199
16.11803081975203	0.04757667950921817
16.14560680004658	0.04816367351862984
16.17318278034113	0.04875305187189872
16.20075876063568	0.04934476656185805
16.22833474093023	0.04993877456484905
16.25591072122478	0.05053502957883323
16.28348670151933	0.05113348536953791
16.31106268181388	0.05173409643575013
16.33863866210843	0.05233681818039855
16.36621464240298	0.05294160718879579
16.39379062269753	0.05354842038093108
16.42136660299208	0.05415559189743871
16.44894258328663	0.05476794441625246
16.47651856358118	0.05538046831461575
16.50409454387573	0.05599498320906583
16.53167052417028	0.0566112977746106
16.55924650446483	0.05722938070291423
16.58682248475938	0.05784919506156661
16.61439846505393	0.05847070131010979
16.64197444534848	0.05909386467794133
16.66955042564303	0.05971864705651533
16.69712640593758	0.0603450106651272
16.72470238623213	0.06097291978209891
16.75227836652668	0.06160233700641385
16.77985434682123	0.06223322864727916
16.80743032711578	0.06286555963203755
16.83500630741033	0.06349929598910035
16.86258228770488	0.06413440189824152
16.89015826799943	0.06477084689623776
16.91773424829398	0.06540859855116025
16.94531022858853	0.06604756098382705
16.97288620888308	0.06668784897203879
17.00046218917763	0.06732934157696002
17.02803816947218	0.06797201191879126
17.05561414976673	0.06861583560738864
17.08319013006128	0.06926078273366779
17.11076611035583	0.06990682372332117
17.13834209065038	0.07055393315376873
17.16591807094493	0.07120208185776074
17.19349405123948	0.07185124589071896
17.22107003153403	0.07250139789617513
17.24864601182858	0.0731525134976044
17.27622199212313	0.0738045659577467
17.30379797241768	0.07445752846805756
17.33137395271223	0.0751113841203119
17.35894993300678	0.07576610392486538
17.38652591330133	0.07642166660575446
17.41410189359588	0.0770780509018109
17.44167787389043	0.07773511702104642
17.46925385418498	0.07839310716876721
17.49682983447953	0.07905184064788384
17.52440581477408	0.07971130160413849
17.55198179506863	0.08037147572664245
17.57955777536318	0.08103234191694526
17.60713375565773	0.08169388303793977
17.63470973595228	0.08235608042073451
17.66228571624683	0.08301891791405304
17.68986169654139	0.08368237470967715
17.71743767683594	0.08434643413820657
17.74501365713049	0.0850110813847421
17.77258963742504	0.08567629702559042
17.80016561771959	0.08634206546419641
17.82774159801414	0.08700832566572503
17.85531757830869	0.0876752025275444
17.88289355860324	0.08834253909089314
17.91046953889779	0.08901036614171781
17.93804551919234	0.08967867118621865
17.96562149948689	0.09034744000069338
17.99319747978144	0.09101654735623312
18.02077346007599	0.09168623052218541
18.04834944037054	0.0923563213035114
18.07592542066509	0.09302682077079909
18.10350140095964	0.09369771156201326
18.13107738125419	0.094368989246315
18.15865336154874	0.09504063548170923
18.18622934184329	0.09571264548833054
18.21380532213784	0.09638500451726909
18.24138130243239	0.09705770153495351
18.26895728272694	0.09773072779315904
18.29653326302149	0.09840407204062866
18.32410924331604	0.09907772275598335
18.35168522361059	0.09975167142441202
18.37926120390514	0.1004259093422253
18.40683718419969	0.1011004249727228
18.43441316449424	0.101775210411672
18.46198914478879	0.1024502562669889
18.48956512508334	0.1031255543424911
18.51714110537789	0.103801094555242
18.54471708567244	0.1044768678174707
18.57229306596699	0.1051527818979118
18.59986904626154	0.1058290276160233
18.62744502655609	0.1065054709383598
18.65502100685064	0.1071821131147893
18.68259698714519	0.1078589485326777
18.71017296743974	0.1085359715716643
18.73774894773429	0.1092131746411277
18.76532492802884	0.109890552045677
18.79290090832339	0.1105680972183877
18.82047688861794	0.1112458027014576
18.84805286891249	0.1119236648031261
18.87562884920704	0.1126016759405417
18.90320482950159	0.1132798296460809
18.93078080979614	0.1139581202540339
18.95835679009069	0.1146365445427229
18.98593277038524	0.1153150945422391
19.01350875067979	0.1159937654279335
19.04108473097434	0.1166725521276592
19.06866071126889	0.1173514487883308
19.09623669156344	0.1180304484091216
19.12381267185799	0.1187095511104028
19.15138865215254	0.1193887508862474
19.17896463244709	0.1200680396722234
19.20654061274164	0.1207472464490589
19.23411659303619	0.1214267634535684
19.26169257333074	0.1221063289661981
19.28926855362529	0.1227859608996037
19.31684453391984	0.1234656563716411
19.34442051421439	0.1241454118285423
19.37199649450894	0.1248252261529133
19.39957247480349	0.1255051043582751
19.42714845509804	0.1261850359129912
19.45472443539259	0.1268650095846137
19.48230041568714	0.1275450383457133
19.50987639598169	0.1282251139076437
19.53745237627624	0.1289052306796071
19.56502835657079	0.1295840901142861
19.59260433686534	0.1302655636614423
19.62018031715989	0.130945787237203
19.64775629745444	0.1316260332678958
19.67533227774899	0.1323063011471238
19.70290825804354	0.1329865995195999
19.73048423833809	0.1336669205288368
19.75806021863264	0.1343472530356642
19.78563619892719	0.1350276040219072
19.81321217922174	0.1357079681507613
19.84078815951629	0.1363883458548951
19.86836413981084	0.1370687286767788
19.89594012010539	0.137749120156133
19.92351610039994	0.1384293510203097
19.95109208069449	0.1391097890351342
19.97866806098904	0.139790208204646
20.00624404128359	0.1404706147284888
20.03382002157814	0.1411510113222574
20.06139600187269	0.1418313986743037
20.08897198216724	0.142511773863444
20.11654796246179	0.1431921383975857
20.14412394275634	0.1438724907253903
20.17169992305089	0.1445528281764671
20.19927590334544	0.1452331469561885
20.22685188363999	0.1459134487822861
20.25442786393454	0.1465937281365508
20.2820038442291	0.1472739893711223
20.30957982452365	0.1479542312161374
20.3371558048182	0.1486344435970698
20.36473178511275	0.1493146305355508
20.3923077654073	0.1499947911393719
20.41988374570185	0.1506749225450251
20.4474597259964	0.1513550244444212
20.47503570629095	0.1520350969600679
20.5026116865855	0.1527151332225355
20.53018766688005	0.1533951381514926
20.5577636471746	0.1540751060491207
20.58533962746915	0.1547550423996714
20.6129156077637	0.1554349341890088
20.64049158805825	0.1561147898823873
20.6680675683528	0.1567946085715697
20.69564354864735	0.1574743819881083
20.7232195289419	0.1581540305399802
20.75079550923645	0.1588337406448859
20.778371489531	0.1595133982064083
20.80594746982555	0.1601930058153462
20.8335234501201	0.160872569078048
20.86109943041465	0.1615520812925315
20.8886754107092	0.1622315436924083
20.91625139100375	0.1629109574678978
20.9438273712983	0.1635903204798097
20.97140335159285	0.1642696331739278
20.9989793318874	0.1649488941777236
21.02655531218195	0.165628100459609
21.0541312924765	0.166307250547778
21.08170727277105	0.1669863539372524
21.1092832530656	0.1676653994007472
21.13685923336015	0.1683443905848053
21.1644352136547	0.1690233218419659
21.19201119394925	0.1697022012191017
21.2195871742438	0.1703810184580622
21.24716315453835	0.1710597784487508
21.2747391348329	0.1717384803399422
21.30231511512745	0.1724171200689945
21.329891095422	0.1730957010098814
21.35746707571655	0.1737742255336683
21.3850430560111	0.1744526754399881
21.41261903630565	0.1751310763113387
21.4401950166002	0.1758094143583771
21.46777099689475	0.1764876747874022
21.4953469771893	0.1771658849512915
21.52292295748385	0.1778440291321325
21.5504989377784	0.1785221007791561
21.57807491807295	0.1791999437995491
21.6056508983675	0.1798779275110037
21.63322687866205	0.1805558312950509
21.6608028589566	0.1812336600505848
21.68837883925115	0.1819114147975379
21.7159548195457	0.1825890983197756
21.74353079984025	0.1832667125478494
21.7711067801348	0.1839442555292085
21.79868276042935	0.1846217298319869
21.8262587407239	0.1852991296943216
21.85383472101845	0.1859740893008656
21.881410701313	0.1866536901164022
21.90898668160755	0.1873309101214616
21.9365626619021	0.1880080268172055
21.96413864219665	0.1886850709424237
21.9917146224912	0.1893620441668925
22.01929060278575	0.1900389396554842
22.0468665830803	0.1907157708894739
22.07444256337485	0.1913925206275008
22.1020185436694	0.19206919929792
22.12959452396395	0.1927458022639474
22.1571705042585	0.1934223288068034
22.18474648455305	0.1940987834138408
22.2123224648476	0.1947751647220464
22.23989844514215	0.1954514696966442
22.2674744254367	0.1961276961745927
22.29505040573125	0.1968038463057884
22.3226263860258	0.1974799190198264
22.35020236632035	0.1981559154615145
22.3777783466149	0.1988318365353297
22.40535432690945	0.1995076775636748
22.432930307204	0.2001834410440274
22.46050628749855	0.2008591277024957
22.4880822677931	0.2015347333893756
22.51565824808765	0.2022102678232612
22.5432342283822	0.2028855283957363
22.57081020867675	0.2035609495162531
22.5983861889713	0.2042362649928695
22.62596216926585	0.204911493276694
22.6535381495604	0.2055866382286115
22.68111412985495	0.206261697707304
22.7086901101495	0.2069366729359416
22.73626609044405	0.2076115688027821
22.7638420707386	0.2082863838521469
22.79141805103315	0.2089611142647768
22.8189940313277	0.2096357620509119
22.84657001162225	0.210310327500611
22.87414599191681	0.2109848125977054
22.90172197221136	0.211659214125312
22.92929795250591	0.2123335310757345
22.95687393280046	0.2130077657871378
22.98444991309501	0.2136819178373993
23.01202589338956	0.2143559872665682
23.03960187368411	0.2150299733065833
23.06717785397866	0.2157038768783202
23.09475383427321	0.2163776933162245
23.12232981456776	0.2170514243965725
23.14990579486231	0.2177250725860505
23.17748177515686	0.2183986367058522
23.20505775545141	0.2190721137555229
23.23263373574596	0.219745512897761
23.26020971604051	0.2204188102974846
23.28778569633506	0.2210920390257093
23.31536167662961	0.2217651674805798
23.34293765692416	0.2224382241354763
23.37051363721871	0.2231111887332699
23.39808961751326	0.2237840678208783
23.42566559780781	0.2244568594587898
23.45324157810236	0.2251295619640254
23.48081755839691	0.2258021782171892
23.50839353869146	0.2264747080985214
23.53596951898601	0.2271471492545104
23.56354549928056	0.2278195042198773
23.59112147957511	0.2284917729924018
23.61869745986966	0.2291638184692669
23.64627344016421	0.2298359418871672
23.67384942045876	0.2305079654371888
23.70142540075331	0.2311798909212244
23.72900138104786	0.2318517227376869
23.75657736134241	0.2325234677128708
23.78415334163696	0.2331951175315633
23.81172932193151	0.2338666688042389
23.83930530222606	0.2345381470468826
23.86688128252061	0.2352095242689846
23.89445726281516	0.2358808176491749
23.92203324310971	0.2365520196374378
23.94960922340426	0.2372231264622239
23.97718520369881	0.2378941454560708
24.00476118399336	0.2385650747663585
24.03233716428791	0.2392359048947003
24.05991314458246	0.2399066519388336
24.08748912487701	0.2405773008717352
24.11506510517156	0.2412478637062896
24.14264108546611	0.2419183339088572
24.17021706576066	0.2425887156004164
24.19779304605521	0.2432589971571827
24.22536902634976	0.2439291918648076
24.25294500664431	0.2445992939430492
24.28052098693886	0.2452693010292727
24.30809696723341	0.2459392133548712
24.33567294752796	0.2466090341531166
24.36324892782251	0.2472787580794045
24.39082490811706	0.2479483954072974
24.41840088841161	0.2486179384101593
24.44597686870616	0.2492873875340115
24.47355284900071	0.2499567405558768
24.50112882929526	0.2506259999944028
24.52870480958981	0.2512951639706169
24.55628078988436	0.2519642337462834
24.58385677017891	0.2526332060903633
24.61143275047346	0.253302081817472
24.63900873076801	0.2539708646252814
24.66658471106256	0.2546395563139904
24.69416069135711	0.2553081501110787
24.72173667165166	0.2559766476569261
24.74931265194621	0.2566450476017967
24.77688863224076	0.2573133612721248
24.80446461253531	0.2579815676901434
24.83204059282986	0.2586496790625304
24.85961657312441	0.259317507641254
24.88719255341896	0.2599854604156968
24.91476853371351	0.2606533070022668
24.94234451400806	0.2613210453209162
24.96992049430261	0.2619886843274588
24.99749647459716	0.2626536408303467
25.02507245489171	0.2633236667239421
25.05264843518626	0.2639910079825031
25.08022441548081	0.2646582492261719
25.10780039577536	0.2653253926298337
25.13537637606991	0.2659924313302014
25.16295235636446	0.2666593701124281
25.19052833665901	0.2673262145705549
25.21810431695356	0.2679929544744998
25.24568029724811	0.2686596017135889
25.27325627754266	0.2693261482459266
25.30083225783721	0.2699925947203649
25.32840823813176	0.2706589362954535
25.35598421842631	0.2713251787920416
25.38356019872086	0.2719913237891354
25.41113617901541	0.2726573656981849
25.43871215930996	0.2733232988042857
25.46628813960452	0.273989138205634
25.49386411989907	0.2746548747443763
25.52144010019362	0.2753205173892341
25.54901608048817	0.2759860551037128
25.57659206078272	0.2766514887207338
25.60416804107727	0.2773168229178667
25.63174402137182	0.2779820507119092
25.65932000166637	0.2786471776861084
25.68689598196092	0.27931219635254
25.71447196225547	0.2799771171905839
25.74204794255002	0.2806419325051309
25.76962392284457	0.2813066424907782
25.79719990313912	0.2819712599557633
25.82477588343367	0.2826357676262355
25.85235186372822	0.2833001765386455
25.87992784402277	0.2839644764046376
25.90750382431732	0.2846286719803098
25.93507980461187	0.2852927605578466
25.96265578490642	0.28595674390186
25.99023176520097	0.2866206236532484
26.01780774549552	0.2872843960754487
26.04538372579007	0.2879480664133506
26.07295970608462	0.2886116392375547
26.10053568637917	0.2892751046979422
26.12811166667372	0.2899384610083935
26.15568764696827	0.2906017122758856
26.18326362726282	0.2912648524908328
26.21083960755737	0.2919278873973943
26.23841558785192	0.2925905821554496
26.26599156814647	0.2932534498158734
26.29356754844102	0.2939161849460144
26.32114352873557	0.2945788111909884
26.34871950903012	0.2952413315925205
26.37629548932467	0.2959037413382872
26.40387146961922	0.2965660392861638
26.43144744991377	0.297228228521653
26.45902343020832	0.2978903035598035
26.48659941050287	0.2985522636826931
26.51417539079742	0.2992141168325108
26.54175137109197	0.2998758518926342
26.56932735138652	0.3005374788744483
26.59690333168107	0.3011990014561911
26.62447931197562	0.3018604295248604
26.65205529227017	0.3025217485261691
26.67963127256472	0.303182957664254
26.70720725285927	0.3038440544956502
26.73478323315382	0.3045050353600812
26.76235921344837	0.3051658987810477
26.78993519374292	0.305826642972395
26.81751117403747	0.306487264933041
26.84508715433202	0.3071477530448845
26.87266313462657	0.3078081442862412
26.90023911492112	0.3084684591764997
26.92781509521567	0.3091286645121609
26.95539107551022	0.3097887594201865
26.98296705580477	0.3104487429613289
27.01054303609932	0.3111086141521802
27.03811901639387	0.3117683719875188
27.06569499668842	0.312428015462997
27.09327097698297	0.3130875435982164
27.12084695727752	0.3137469554602381
27.14842293757207	0.3144062167125143
27.17599891786662	0.3150653481685108
27.20357489816117	0.3157243879960602
27.23115087845572	0.3163833243054796
27.25872685875027	0.3170421537476599
27.28630283904482	0.317700874729659
27.31387881933937	0.3183594849536372
27.34145479963392	0.3190179836464773
27.36903077992847	0.3196763658177446
27.39660676022302	0.3203346308369329
27.42418274051757	0.3209927628448352
27.45175872081212	0.3216507722980462
27.47933470110667	0.3223086631447328
27.50691068140122	0.3229664462692969
27.53448666169577	0.3236241092564703
27.56206264199032	0.3242816605995106
27.58963862228487	0.3249390991132361
27.61721460257942	0.3255964160512173
27.64479058287397	0.3262536212235542
27.67236656316852	0.3269107047593036
27.69994254346307	0.3275676605618169
27.72751852375762	0.328224491645939
27.75509450405217	0.3288812065998584
27.78267048434672	0.3295378000603669
27.81024646464127	0.3301942805295633
27.83782244493582	0.3308504841252458
27.86539842523037	0.3315067615390717
27.89297440552492	0.3321629053640248
27.92055038581947	0.3328189255298999
27.94812636611402	0.3334748236353531
27.97570234640857	0.3341305889092331
28.00327832670312	0.3347862281047168
28.03085430699767	0.3354417464746745
28.05843028729223	0.3360971401792037
28.08600626758678	0.3367524114878864
28.11358224788133	0.3374075628560283
28.14115822817588	0.3380625915434194
28.16873420847043	0.3387175012115262
28.19631018876498	0.3393722820955039
28.22388616905953	0.3400269467932133
28.25146214935408	0.3406814730127847
28.27903812964863	0.3413358770646629
28.30661410994318	0.3419901598134568
28.33419009023773	0.3426443106493506
28.36176607053228	0.3432983435209697
28.38934205082683	0.3439522491652761
28.41691803112138	0.344606034107787
28.44449401141593	0.3452596920823987
28.47206999171048	0.3459132222377416
28.49964597200503	0.3465666316978532
28.52722195229958	0.347219904697595
28.55479793259413	0.3478730535892074
28.58237391288868	0.3485260637659182
28.60994989318323	0.3491789579620324
28.63752587347778	0.3498317272463578
28.66510185377233	0.3504843635236451
28.69267783406688	0.3511368700739033
28.72025381436143	0.351789252899594
28.74782979465598	0.3524415125717168
28.77540577495053	0.3530936357757667
28.80298175524508	0.353745620325552
28.83055773553963	0.3543974849813051
28.85813371583418	0.3550492103957666
28.88570969612873	0.3557008056000041
28.91328567642328	0.3563522794106636
28.94086165671783	0.3570036196287146
28.96843763701238	0.3576548275172314
28.99601361730693	0.3583059074664888
29.02358959760148	0.3589568648635961
29.05116557789603	0.3596076920926811
29.07874155819058	0.3602581835069786
29.10631753848513	0.3609087535311427
29.13389351877968	0.3615591694506154
29.16146949907423	0.3622094519248328
29.18904547936878	0.3628595974234596
29.21662145966333	0.3635096024665881
29.24419743995788	0.3641594915827452
29.27177342025243	0.3648092280787508
29.29934940054698	0.3654588346266876
29.32692538084153	0.3661083074472585
29.35450136113608	0.3667576517512923
29.38207734143063	0.3674068602060453
29.40965332172518	0.3680557961934946
29.43722930201973	0.3687047170976151
29.46480528231428	0.3693535069282905
29.49238126260883	0.3699999629033301
29.51995724290338	0.3706491636145964
29.54753322319793	0.3712990274662025
29.57510920349248	0.3719472674124507
29.60268518378703	0.3725953652847546
29.63026116408158	0.3732433253344368
29.65783714437613	0.3738911404835686
29.68541312467068	0.3745385522277914
29.71298910496523	0.3751859523445336
29.74056508525978	0.3758333957483332
29.76814106555433	0.3764806802943042
29.79571704584888	0.3771278176946513
29.82329302614343	0.3777747942920732
29.85086900643798	0.3784216381831144
29.87844498673253	0.3790683323049099
29.90602096702708	0.3797148821111782
29.93359694732163	0.3803612788749759
29.96117292761618	0.3810075450276684
29.98874890791073	0.3816536584699399
30.01632488820528	0.3822996583611987
30.04390086849983	0.3829452433132882
30.07147684879438	0.3835909742008408
30.09905282908893	0.3842365148628904
30.12662880938348	0.384881906782897
30.15420478967803	0.3855271404694181
30.18178076997258	0.3861722464485918
30.20935675026713	0.386817171732136
30.23693273056168	0.3874619651859794
30.26450871085623	0.388106617299882
30.29208469115078	0.3887511150319324
30.31966067144533	0.3893954696609227
30.34723665173988	0.390039692408661
30.37481263203443	0.3906836178000315
30.40238861232898	0.3913275250563635
30.42996459262353	0.3919712823363825
30.45754057291808	0.3926148839224345
30.48511655321263	0.3932583297558056
30.51269253350718	0.3939016244628084
30.54026851380173	0.3945447683401704
30.56784449409628	0.3951877589569309
30.59542047439083	0.395830601538867
30.62299645468539	0.3964733019843541
30.65057243497994	0.39711584810507
30.67814841527449	0.3977582677060098
30.70572439556904	0.3984002969057245
30.73330037586359	0.3990424302112519
30.76087635615814	0.3996841554661772
30.78845233645269	0.4003259374958698
30.81602831674724	0.4009675471003627
30.84360429704179	0.4016090002208011
30.87118027733634	0.402250291759654
30.89875625763089	0.4028914239207264
30.92633223792544	0.4035324006565971
30.95390821821999	0.4041732246650533
30.98148419851454	0.4048138928974252
31.00906017880909	0.4054544083836116
31.03663615910364	0.4060947553753469
31.06421213939819	0.4067347530271629
31.09178811969274	0.4073746689856099
31.11936409998729	0.4080145386269839
31.14694008028184	0.4086542425127497
31.17451606057639	0.4092937804956702
31.20209204087094	0.4099331551193031
31.22966802116549	0.4105723752524803
31.25724400146004	0.4112114305502745
31.28481998175459	0.4118503203661428
31.31239596204914	0.412489068995378
31.33997194234369	0.4131276345705361
31.36754792263824	0.4137660251212365
31.39512390293279	0.414404291054241
31.42269988322734	0.4150420459003771
31.45027586352189	0.4156799778783581
31.47785184381644	0.4163176776971517
31.50542782411099	0.4169552564888328
31.53300380440554	0.4175926464748946
31.56057978470009	0.4182298626321164
31.58815576499464	0.4188670934450278
31.61573174528919	0.4195039596888177
31.64330772558374	0.4201406920459174
31.67088370587829	0.420777240249738
31.69845968617284	0.421413598753444
31.72603566646739	0.422049825641619
31.75361164676194	0.4226857064402086
31.78118762705649	0.4233213877515393
31.80876360735104	0.4239571132693813
31.83633958764559	0.424592644092288
31.86391556794014	0.4252276992055364
31.89149154823469	0.4258629205248676
31.91906752852924	0.4264980811441677
31.94664350882379	0.427132902568161
31.97421948911834	0.4277675828467481
32.00179546941289	0.4284020783157936
32.02937144970744	0.4290363927479008
32.05694743000199	0.429670498595423
32.08452341029654	0.4303044571514476
32.11209939059109	0.4309381259874456
32.13967537088564	0.4315717593273081
32.16725135118019	0.4322049693181766
32.19482733147474	0.432838216249588
32.22240331176929	0.4334712768496872
0
1000	105.6583745	100000000000000.1
5	0	0	1
5	0	0	0
4.673998997513734	-1.662265354418933e-08
4.701574977808284	-1.382514637847829e-08
4.729150958102834	-1.422007277581817e-08
4.756726938397384	-1.508073993910847e-08
4.784302918691934	-1.602018585916068e-08
4.811878898986484	-1.692936966061876e-08
4.839454879281035	-1.777210145761003e-08
4.867030859575585	-1.853790771669131e-08
4.894606839870135	-1.922667869218435e-08
4.922182820164685	-1.984261542697274e-08
4.949758800459235	-2.03915698619911e-08
4.977334780753785	-2.087981042617971e-08
5.004910761048335	-2.131344366757257e-08
5.032486741342885	-2.169815543215883e-08
5.060062721637435	-2.20391124222911e-08
5.087638701931986	-2.234094464927016e-08
5.115214682226536	-2.260776764982364e-08
5.142790662521086	-2.284322275844019e-08
5.170366642815636	-2.305052392947669e-08
5.197942623110186	-2.323250509792198e-08
5.225518603404736	-2.339166507154724e-08
5.253094583699286	-2.35302085965607e-08
5.280670563993836	-2.365008313752225e-08
5.308246544288386	-2.375301138973285e-08
5.335822524582936	-2.384051978234752e-08
5.363398504877487	-2.391396333715089e-08
5.390974485172037	-2.397454728084155e-08
5.418550465466587	-2.402334580205998e-08
5.446126445761137	-2.406131831795371e-08
5.473702426055687	-2.408932358001411e-08
5.501278406350237	-2.411235059924974e-08
5.528854386644787	-2.412206177987475e-08
5.556430366939337	-2.412361498275932e-08
5.584006347233887	-2.411765174603211e-08
5.611582327528438	-2.410476204003929e-08
5.639158307822988	-2.408548889018009e-08
5.666734288117538	-2.406033244030212e-08
5.694310268412088	-2.402975361817637e-08
5.721886248706638	-2.399417746710426e-08
5.749462229001188	-2.395399618073502e-08
5.777038209295738	-2.391028888331878e-08
5.804614189590288	-2.386185967031637e-08
5.832190169884838	-2.380978443435264e-08
5.859766150179389	-2.375436192498927e-08
5.887342130473939	-2.369587025793506e-08
5.914918110768489	-2.363456830169698e-08
5.942494091063039	-2.357069698166665e-08
5.970070071357589	-2.350448050285962e-08
5.997646051652139	-2.343612749296105e-08
6.025222031946689	-2.336583206723024e-08
6.052798012241239	-2.329609982796608e-08
6.080373992535789	-2.322219112407852e-08
6.107949972830339	-2.314663461219361e-08
6.13552595312489	-2.306966349913938e-08
6.16310193341944	-2.299145964702779e-08
6.19067791371399	-2.291219568289956e-08
6.21825389400854	-2.28320358419385e-08
6.24582987430309	-2.275113586346204e-08
6.27340585459764	-2.266964286751321e-08
6.30098183489219	-2.258769530879363e-08
6.32855781518674	-2.250375539888084e-08
6.35613379548129	-2.2421503645819e-08
6.383709775775841	-2.233927021134244e-08
6.411285756070391	-2.225713046736902e-08
6.438861736364941	-2.217515046485641e-08
6.466437716659491	-2.209338806477039e-08
6.494013696954041	-2.201189392230181e-08
6.521589677248591	-2.193071234492556e-08
6.549165657543141	-2.184988204176332e-08
6.576741637837691	-2.176943677909626e-08
6.604317618132241	-2.168920887336401e-08
6.631893598426791	-2.160964437654604e-08
6.659469578721342	-2.153055490240065e-08
6.687045559015892	-2.145195679560797e-08
6.714621539310442	-2.137386023123434e-08
6.742197519604992	-2.129627864728929e-08
6.769773499899542	-2.121921891385385e-08
6.797349480194092	-2.114268740873661e-08
6.824925460488642	-2.10666888592695e-08
6.852501440783192	-2.09912266027516e-08
6.880077421077742	-2.091633200705198e-08
6.907653401372293	-2.084194399780647e-08
6.935229381666843	-2.076809376155138e-08
6.962805361961393	-2.069478123812197e-08
6.990381342255943	-2.062200575198442e-08
7.017957322550493	-2.054976609222842e-08
7.045533302845043	-2.047806058276587e-08
7.073109283139593	-2.040688714395513e-08
7.100685263434143	-2.033624334671182e-08
7.128261243728693	-2.026612646003022e-08
7.155837224023244	-2.019649105498721e-08
7.183413204317794	-2.012742411109645e-08
7.210989184612344	-2.005887740569842e-08
7.238565164906894	-1.999084668663724e-08
7.266141145201444	-1.992332749433138e-08
7.293717125495994	-1.985631520290222e-08
7.321293105790544	-1.978980505546547e-08
7.348869086085094	-1.972379219437891e-08
7.376445066379644	-1.96582716871302e-08
7.404021046674194	-1.959323854845359e-08
7.431597026968745	-1.95286565124809e-08
7.459173007263295	-1.946458703207175e-08
7.486748987557845	-1.940099194844053e-08
7.514324967852395	-1.933786571338852e-08
7.541900948146945	-1.927520275175498e-08
7.569476928441495	-1.921299748336402e-08
7.597052908736045	-1.91512443411101e-08
7.624628889030595	-1.908993778577958e-08
7.652204869325145	-1.902907231811399e-08
7.679780849619696	-1.89686424885396e-08
7.707356829914246	-1.890861597230801e-08
7.734932810208796	-1.884904490161473e-08
7.762508790503346	-1.878989523861519e-08
7.790084770797896	-1.87311613399785e-08
7.817660751092446	-1.867283761498879e-08
7.845236731386996	-1.861491853646154e-08
7.872812711681546	-1.855739864834005e-08
7.900388691976096	-1.850027257051355e-08
7.927964672270646	-1.844353500126138e-08
7.955540652565197	-1.838718071760817e-08
7.983116632859747	-1.833113467293451e-08
8.010692613154298	-1.827551426579895e-08
8.038268593448848	-1.822025954535537e-08
8.065844573743398	-1.816536413518823e-08
8.093420554037948	-1.811082190682254e-08
8.120996534332498	-1.805662690681368e-08
8.148572514627048	-1.800277332597062e-08
8.176148494921598	-1.79492554917604e-08
8.203724475216148	-1.789606787857292e-08
8.231300455510699	-1.784320513518371e-08
8.258876435805249	-1.77905917706732e-08
8.286452416099799	-1.773836820114346e-08
8.314028396394349	-1.76864616760708e-08
8.341604376688899	-1.763486800421711e-08
8.369180356983449	-1.758358305319375e-08
8.396756337277999	-1.753260274740183e-08
8.424332317572549	-1.748192306469095e-08
8.451908297867099	-1.743154003159574e-08
8.47948427816165	-1.73814497168172e-08
8.5070602584562	-1.733164822234917e-08
8.53463623875075	-1.719319570468467e-08
8.5622122190453	-1.718952104555074e-08
8.58978819933985	-1.715886054673736e-08
8.6173641796344	-1.712185476526863e-08
8.64494015992895	-1.708266765629703e-08
8.6725161402235	-1.704268405657846e-08
8.70009212051805	-1.700249089857601e-08
8.7276681008126	-1.69623752211764e-08
8.755244081107151	-1.692249070567575e-08
8.782820061401701	-1.688292442908448e-08
8.810396041696251	-1.684223024006024e-08
8.837972021990801	-1.680375851924174e-08
8.865548002285351	-1.676572565415351e-08
8.893123982579901	-1.672811461452645e-08
8.920699962874451	-1.66909102383139e-08
8.948275943169001	-1.665409883419365e-08
8.975851923463551	-1.661766789458251e-08
9.003427903758102	-1.658160587682402e-08
9.031003884052652	-1.654590203374099e-08
9.058579864347202	-1.651054628075753e-08
9.086155844641752	-1.647560812347816e-08
9.113731824936302	-1.644090579760331e-08
9.141307805230852	-1.640652144104537e-08
9.168883785525402	-1.637244831120793e-08
9.196459765819952	-1.633867970778514e-08
9.224035746114502	-1.63052089799741e-08
9.251611726409052	-1.627202953035866e-08
9.279187706703603	-1.623913481657124e-08
9.306763686998153	-1.620651835144574e-08
9.334339667292703	-1.617417370213085e-08
9.361915647587253	-1.614210198139128e-08
9.389491627881803	-1.611028162238105e-08
9.417067608176353	-1.607871340971464e-08
9.444643588470903	-1.604739098386828e-08
9.472219568765453	-1.60163079505494e-08
9.499795549060003	-1.598545778826499e-08
9.527371529354554	-1.595483360786036e-08
9.554947509649104	-1.592442736451106e-08
9.582523489943654	-1.589422611836476e-08
9.610099470238204	-1.586417060037574e-08
9.637675450532754	-1.583453468856338e-08
9.665251430827304	-1.58049665390714e-08
9.692827411121854	-1.577558994511326e-08
9.720403391416404	-1.574639888279229e-08
9.747979371710954	-1.57173873358821e-08
9.775555352005505	-1.568854929194607e-08
9.803131332300055	-1.565987873840546e-08
9.830707312594605	-1.563136965854098e-08
9.858283292889155	-1.560301602740948e-08
9.885859273183705	-1.55748118076545e-08
9.913435253478255	-1.554675356260427e-08
9.941011233772805	-1.551882981939202e-08
9.968587214067355	-1.549103701221524e-08
9.996163194361905	-1.546336901062835e-08
10.02373917465646	-1.543581966099195e-08
10.05131515495101	-1.540838278304491e-08
10.07889113524556	-1.538105216647082e-08
10.10646711554011	-1.535382156745596e-08
10.13404309583466	-1.532668470523608e-08
10.16161907612921	-1.529963525862889e-08
10.18919505642376	-1.527266827456156e-08
10.21677103671831	-1.524577440742774e-08
10.24434701701286	-1.521894858950924e-08
10.27192299730741	-1.5192184310435e-08
10.29949897760196	-1.516547500849462e-08
10.32707495789651	-1.51388140675006e-08
10.35465093819106	-1.511219481366305e-08
10.38222691848561	-1.508561051247715e-08
10.40980289878016	-1.505905436562473e-08
10.43737887907471	-1.503251950788963e-08
10.46495485936926	-1.500599988207936e-08
10.49253083966381	-1.497948665027031e-08
10.52010681995836	-1.495297360403711e-08
10.54768280025291	-1.492645358641399e-08
10.57525878054746	-1.489991936234213e-08
10.60283476084201	-1.487336361582537e-08
10.63041074113656	-1.484677894712204e-08
10.65798672143111	-1.482015786997607e-08
10.68556270172566	-1.479349280889004e-08
10.71313868202021	-1.476677609644407e-08
10.74071466231476	-1.474000059665822e-08
10.76829064260931	-1.471315714291896e-08
10.79586662290386	-1.46862384049233e-08
10.82344260319841	-1.465923632712781e-08
10.85101858349296	-1.463214275218261e-08
10.87859456378751	-1.460494941862034e-08
10.90617054408206	-1.457764795862438e-08
10.93374652437661	-1.455022989588221e-08
10.96132250467116	-1.452268664352985e-08
10.98889848496571	-1.449500950219401e-08
11.01647446526026	-1.446719008204168e-08
11.04405044555481	-1.443921856465955e-08
11.07162642584936	-1.44110863323823e-08
11.09920240614391	-1.438278422287426e-08
11.12677838643846	-1.435430295489196e-08
11.15435436673301	-1.432563312698846e-08
11.18193034702756	-1.429676521636666e-08
11.20950632732211	-1.426768957789147e-08
11.23708230761666	-1.423839644327011e-08
11.26465828791121	-1.42088759204108e-08
11.29223426820576	-1.417911819248693e-08
11.31981024850031	-1.414911269477529e-08
11.34738622879486	-1.411884937193861e-08
11.37496220908941	-1.408831783782388e-08
11.40253818938396	-1.405750758284661e-08
11.43011416967851	-1.402640797446062e-08
11.45769014997306	-1.399500825787726e-08
11.48526613026761	-1.396329755704575e-08
11.51284211056216	-1.393126487590829e-08
11.54041809085671	-1.389889909994313e-08
11.56799407115126	-1.386618923876169e-08
11.59557005144581	-1.383312343766494e-08
11.62314603174036	-1.379969048931215e-08
11.65072201203491	-1.376587883072018e-08
11.67829799232946	-1.373167679370847e-08
11.70587397262401	-1.369707260830435e-08
11.73344995291856	-1.366205440652995e-08
11.76102593321311	-1.362661022658625e-08
11.78860191350766	-1.359072801744944e-08
11.81617789380221	-1.355439564389547e-08
11.84375387409676	-1.351760088541019e-08
11.87132985439131	-1.348033145865756e-08
11.89890583468586	-1.34425750179119e-08
11.92648181498041	-1.340431915317909e-08
11.95405779527496	-1.336555140182951e-08
11.98163377556951	-1.332625925623613e-08
12.00920975586406	-1.328643017193183e-08
12.03678573615861	-1.32460515762992e-08
12.06436171645316	-1.320511087780657e-08
12.09193769674771	-1.316359547580285e-08
12.11951367704226	-1.312149311132582e-08
12.14708965733681	-1.307879048304837e-08
12.17466563763136	-1.303547537344395e-08
12.20224161792591	-1.29915352586204e-08
12.22981759822046	-1.29469576646398e-08
12.25739357851501	-1.290173018082028e-08
12.28496955880956	-1.285584047366113e-08
12.31254553910411	-1.280927630139659e-08
12.34012151939866	-1.276202552918189e-08
12.36769749969321	-1.271407614491297e-08
12.39527347998776	-1.266541620011684e-08
12.42284946028231	-1.261603412652699e-08
12.45042544057686	-1.256591831861392e-08
12.47800142087141	-1.251505742792957e-08
12.50557740116597	-1.246344031651565e-08
12.53315338146052	-1.241105607621065e-08
12.56072936175507	-1.235789404853684e-08
12.58830534204962	-1.230394384515153e-08
12.61588132234417	-1.224919536884364e-08
12.64345730263872	-1.219363883505408e-08
12.67103328293327	-1.213726541847724e-08
12.69860926322782	-1.208006472429835e-08
12.72618524352237	-1.202202866354856e-08
12.75376122381692	-1.196314893170306e-08
12.78133720411147	-1.190341765419856e-08
12.80891318440602	-1.184282741054344e-08
12.83648916470057	-1.178137125871466e-08
12.86406514499512	-1.171904275979281e-08
12.89164112528967	-1.165583600278316e-08
12.91921710558422	-1.159174562956672e-08
12.94679308587877	-1.152676674359154e-08
12.97436906617332	-1.146089540066297e-08
13.00194504646787	-1.139412794815673e-08
13.02952102676242	-1.132646149098767e-08
13.05709700705697	-1.125789381043285e-08
13.08467298735152	-1.118842338823653e-08
13.11224896764607	-1.111804943034837e-08
13.13982494794062	-1.104677189021207e-08
13.16740092823517	-1.097459149151923e-08
13.19497690852972	-1.090150975034103e-08
13.22255288882427	-1.082752940144415e-08
13.25012886911882	-1.075265275973234e-08
13.27770484941337	-1.067688425516471e-08
13.30528082970792	-1.060022878343856e-08
13.33285681000247	-1.052269213232366e-08
13.36043279029702	-1.044428099804016e-08
13.38800877059157	-1.036500300035931e-08
13.41558475088612	-1.028486669633287e-08
13.44316073118067	-1.020388159255809e-08
13.47073671147522	-1.012205815588687e-08
13.49831269176977	-1.003940787062443e-08
13.52588867206432	-9.955943038767394e-09
13.55346465235887	-9.871677117847937e-09
13.58104063265342	-9.786624491650723e-09
13.60861661294797	-9.700800531042015e-09
13.63619259324252	-9.614221593349798e-09
13.66376857353707	-9.526905019644579e-09
13.69134455383162	-9.438869129864278e-09
13.71892053412617	-9.350133215732835e-09
13.74649651442072	-9.260717531429977e-09
13.77407249471527	-9.170643147803193e-09
13.80164847500982	-9.079932471255124e-09
13.82922445530437	-8.988608451641525e-09
13.85680043559892	-8.896695056292833e-09
13.88437641589347	-8.804217132128307e-09
13.91195239618802	-8.711200382062322e-09
13.93952837648257	-8.617671339118944e-09
13.96710435677712	-8.523657338286067e-09
13.99468033707167	-8.429186486150294e-09
14.02225631736622	-8.334287628364042e-09
14.04983229766077	-8.238990744466863e-09
14.07740827795532	-8.14332512048174e-09
14.10498425824987	-8.047322083446694e-09
14.13256023854442	-7.951013080456449e-09
14.16013621883897	-7.854430104480259e-09
14.18771219913352	-7.757605649862759e-09
14.21528817942807	-7.660572666356281e-09
14.24286415972262	-7.563364511807967e-09
14.27044014001717	-7.46601490363263e-09
14.29801612031172	-7.368557869208973e-09
14.32559210060627	-7.27102869319331e-09
14.35316808090082	-7.173459672585893e-09
14.38074406119537	-7.075886624479864e-09
14.40832004148992	-6.978344332948529e-09
14.43589602178447	-6.8808676284532e-09
14.46347200207902	-6.783491334200516e-09
14.49104798237357	-6.686250212741399e-09
14.51862396266812	-6.589178912931738e-09
14.54619994296267	-6.492311917383948e-09
14.57377592325722	-6.395683490544655e-09
14.60135190355177	-6.299326889589405e-09
14.62892788384632	-6.203277318847328e-09
14.65650386414087	-6.107567362806524e-09
14.68407984443542	-6.01222990692217e-09
14.71165582472997	-5.917297368810606e-09
14.73923180502452	-5.822801652987263e-09
14.76680778531907	-5.728774107195215e-09
14.79438376561362	-5.635245480433649e-09
14.82195974590817	-5.542245882789921e-09
14.84953572620272	-5.449804747171466e-09
14.87711170649727	-5.357949980677504e-09
14.90468768679182	-5.266711257362317e-09
14.93226366708637	-5.176114946033982e-09
14.95983964738092	-5.086187420852218e-09
14.98741562767547	-4.996954215555246e-09
15.01499160797002	-4.908439998240801e-09
15.04256758826457	-4.820668548473121e-09
15.07014356855912	-4.73366273673819e-09
15.09771954885368	-4.647444506259558e-09
15.12529552914823	-4.562034857177174e-09
15.15287150944278	-4.477453024443984e-09
15.18044748973733	-4.39371977810429e-09
15.20802347003188	-4.310852398767621e-09
15.23559945032643	-4.228867994572717e-09
15.26317543062098	-4.147782683107296e-09
15.29075141091553	-4.067611589436681e-09
15.31832739121008	-3.988368846268744e-09
15.34590337150463	-3.910067596191479e-09
15.37347935179918	-3.832719995913809e-09
15.40105533209373	-3.756337222434691e-09
15.42863131238828	-3.680928721203523e-09
15.45620729268283	-3.606505329680735e-09
15.48378327297738	-3.533074568401182e-09
15.51135925327193	-3.460643784653309e-09
15.53893523356648	-3.389219399969194e-09
15.56651121386103	-3.318806926232237e-09
15.59408719415558	-3.249410983088339e-09
15.62166317445013	-3.18103531656324e-09
15.64923915474468	-3.113682818788398e-09
15.67681513503923	-3.04735554873805e-09
15.70439111533378	-2.982054084536441e-09
15.73196709562833	-2.917780290408448e-09
15.75954307592288	-2.854533176267487e-09
15.78711905621743	-2.792311685058438e-09
15.81469503651198	-2.73111403964165e-09
15.84227101680653	-2.670937767787711e-09
15.86984699710108	-2.611779727536827e-09
15.89742297739563	-2.553636132840312e-09
15.92499895769018	-2.496502579404797e-09
15.95257493798473	-2.440374070663225e-09
15.98015091827928	-2.385244446758367e-09
16.00772689857383	-2.3311088598984e-09
16.03530287886838	-2.277960081915423e-09
16.06287885916293	-2.225790999837206e-09
16.09045483945748	-2.174594035685143e-09
16.11803081975203	-2.124361171985997e-09
16.14560680004658	-2.075083976973716e-09
16.17318278034113	-2.026753629435037e-09
16.20075876063568	-1.97936094315626e-09
16.22833474093023	-1.93289639093231e-09
16.25591072122478	-1.887349606489504e-09
16.28348670151933	-1.84271154842708e-09
16.31106268181388	-1.798971270665256e-09
16.33863866210843	-1.756118105799094e-09
16.36621464240298	-1.714141156057812e-09
16.39379062269753	-1.673029314233275e-09
16.42136660299208	-1.632771283985507e-09
16.44894258328663	-1.593355599512449e-09
16.47651856358118	-1.55477064457388e-09
16.50409454387573	-1.517004670861898e-09
16.53167052417028	-1.480045380759584e-09
16.55924650446483	-1.443881730296573e-09
16.58682248475938	-1.408501231440666e-09
16.61439846505393	-1.373891772630131e-09
16.64197444534848	-1.340041190781745e-09
16.66955042564303	-1.306937285853464e-09
16.69712640593758	-1.274567834750588e-09
16.72470238623213	-1.242920604583305e-09
16.75227836652668	-1.211983365284892e-09
16.77985434682123	-1.181743901600918e-09
16.80743032711578	-1.152189655199137e-09
16.83500630741033	-1.123309252097828e-09
16.86258228770488	-1.095090206997468e-09
16.89015826799943	-1.067520466868531e-09
16.91773424829398	-1.040588043283531e-09
16.94531022858853	-1.014281021031788e-09
16.97288620888308	-9.885875661918091e-10
17.00046218917763	-9.634959336775299e-10
17.02803816947218	-9.389944742749008e-10
17.05561414976673	-9.150716411855144e-10
17.08319013006128	-8.917156963270366e-10
17.11076611035583	-8.689159474873708e-10
17.13834209065038	-8.466608805128768e-10
17.16591807094493	-8.249394105097874e-10
17.19349405123948	-8.037405800025292e-10
17.22107003153403	-7.830535629822828e-10
17.24864601182858	-7.628676685712202e-10
17.27622199212313	-7.431723443190342e-10
17.30379797241768	-7.239571791481349e-10
17.33137395271223	-7.052119059635742e-10
17.35894993300678	-6.869261635786334e-10
17.38652591330133	-6.690904863934334e-10
17.41410189359588	-6.516948036099716e-10
17.44167787389043	-6.347294408172788e-10
17.46925385418498	-6.181848754312379e-10
17.49682983447953	-6.020517377006503e-10
17.52440581477408	-5.863208114731587e-10
17.55198179506863	-5.709830347344978e-10
17.57955777536318	-5.560294999341322e-10
17.60713375565773	-5.414514541098703e-10
17.63470973595228	-5.272401064998568e-10
17.66228571624683	-5.133874187160254e-10
17.68986169654139	-4.998849017058892e-10
17.71743767683594	-4.867244159295965e-10
17.74501365713049	-4.738979738917141e-10
17.77258963742504	-4.61397739372834e-10
17.80016561771959	-4.492160265298901e-10
17.82774159801414	-4.373452988747608e-10
17.85531757830869	-4.257781681402912e-10
17.88289355860324	-4.145073930424714e-10
17.91046953889779	-4.035257235284022e-10
17.93804551919234	-3.928265340644978e-10
17.96562149948689	-3.824028562661526e-10
17.99319747978144	-3.722480205291207e-10
18.02077346007599	-3.623554963183357e-10
18.04834944037054	-3.527188905278982e-10
18.07592542066509	-3.433319457823932e-10
18.10350140095964	-3.341885386857052e-10
18.13107738125419	-3.252826780231614e-10
18.15865336154874	-3.166085029225138e-10
18.18622934184329	-3.081601615415133e-10
18.21380532213784	-2.999323001345412e-10
18.24138130243239	-2.919193138910154e-10
18.26895728272694	-2.841158426520174e-10
18.29653326302149	-2.765166466197743e-10
18.32410924331604	-2.691166044171625e-10
18.35168522361059	-2.619107111323867e-10
18.37926120390514	-2.548940763524763e-10
18.40683718419969	-2.480619221890132e-10
18.43441316449424	-2.414095812992732e-10
18.46198914478879	-2.349324000950601e-10
18.48956512508334	-2.286261265307029e-10
18.51714110537789	-2.224863148725432e-10
18.54471708567244	-2.16508718889561e-10
18.57229306596699	-2.106891927621085e-10
18.59986904626154	-2.05023689168014e-10
18.62744502655609	-1.995082573774618e-10
18.65502100685064	-1.941390413586249e-10
18.68259698714519	-1.889122778958607e-10
18.71017296743974	-1.838242947221352e-10
18.73774894773429	-1.7887143460691e-10
18.76532492802884	-1.740503580034537e-10
18.79290090832339	-1.693575777506636e-10
18.82047688861794	-1.64789766023579e-10
18.84805286891249	-1.603436766623399e-10
18.87562884920704	-1.560161434466587e-10
18.90320482950159	-1.518040783899018e-10
18.93078080979614	-1.477044700537162e-10
18.95835679009069	-1.437143818840403e-10
18.98593277038524	-1.398309505692392e-10
19.01350875067979	-1.360513270495077e-10
19.04108473097434	-1.323729108003237e-10
19.06866071126889	-1.287929891879038e-10
19.09623669156344	-1.25308975129898e-10
19.12381267185799	-1.21918346768811e-10
19.15138865215254	-1.186186459965505e-10
19.17896463244709	-1.15407477001985e-10
19.20654061274164	-1.122825048418477e-10
19.23411659303619	-1.092414540352681e-10
19.26169257333074	-1.062821071821481e-10
19.28926855362529	-1.034022587082293e-10
19.31684453391984	-1.005998981310543e-10
19.34442051421439	-9.787292772637317e-11
19.37199649450894	-9.521934846671736e-11
19.39957247480349	-9.263721273437901e-11
19.42714845509804	-9.012462310258357e-11
19.45472443539259	-8.767973113908139e-11
19.48230041568714	-8.530073623218064e-11
19.50987639598169	-8.298588443920917e-11
19.53745237627624	-8.073346735735653e-11
19.56502835657079	-7.854178627269396e-11
19.59260433686534	-7.640929393305391e-11
19.62018031715989	-7.433437599926291e-11
19.64775629745444	-7.231549490320847e-11
19.67533227774899	-7.035115320659734e-11
19.70290825804354	-6.843989261733209e-11
19.73048423833809	-6.658029302588698e-11
19.75806021863264	-6.477097156155584e-11
19.78563619892719	-6.301058166842294e-11
19.81321217922174	-6.129781220088797e-11
19.84078815951629	-5.963135954083111e-11
19.86836413981084	-5.801003774066831e-11
19.89594012010539	-5.643260867189811e-11
19.92351610039994	-5.489789379824326e-11
19.95109208069449	-5.340474568303732e-11
19.97866806098904	-5.195204720842586e-11
20.00624404128359	-5.053871081151406e-11
20.03382002157814	-4.91636777372775e-11
20.06139600187269	-4.782591730804222e-11
20.08897198216724	-4.652442620933579e-11
20.11654796246179	-4.52582068939859e-11
20.14412394275634	-4.402635282806234e-11
20.17169992305089	-4.282791700233895e-11
20.19927590334544	-4.166199844487827e-11
20.22685188363999	-4.052772015593955e-11
20.25442786393454	-3.942422849547964e-11
20.2820038442291	-3.835069258455159e-11
20.30957982452365	-3.730630372040912e-11
20.3371558048182	-3.629027480511848e-11
20.36473178511275	-3.530183978747296e-11
20.3923077654073	-3.434023694234311e-11
20.41988374570185	-3.340477485148992e-11
20.4474597259964	-3.249473061836459e-11
20.47503570629095	-3.160941683351602e-11
20.5026116865855	-3.07481644913227e-11
20.53018766688005	-2.991032251366218e-11
20.5577636471746	-2.909525728472961e-11
20.58533962746915	-2.830235219682999e-11
20.6129156077637	-2.753100720696422e-11
20.64049158805825	-2.678063840402645e-11
20.6680675683528	-2.605066505471639e-11
20.69564354864735	-2.534056072138402e-11
20.7232195289419	-2.464977440443013e-11
20.75079550923645	-2.397778242515639e-11
20.778371489531	-2.332407519091339e-11
20.80594746982555	-2.268815682703714e-11
20.8335234501201	-2.206954481759226e-11
20.86109943041465	-2.146776965477105e-11
20.8886754107092	-2.088237449679556e-11
20.91625139100375	-2.031291483416833e-11
20.9438273712983	-1.975894849214489e-11
20.97140335159285	-1.922007508424602e-11
20.9989793318874	-1.869587514997021e-11
21.02655531218195	-1.818595019952519e-11
21.0541312924765	-1.768991249983942e-11
21.08170727277105	-1.720738479149324e-11
21.1092832530656	-1.673800001253158e-11
21.13685923336015	-1.628140102903343e-11
21.1644352136547	-1.583724037231289e-11
21.19201119394925	-1.540517998262552e-11
21.2195871742438	-1.498488347200081e-11
21.24716315453835	-1.457604666840815e-11
21.2747391348329	-1.417835050213794e-11
21.30231511512745	-1.379149200858113e-11
21.329891095422	-1.34151764231977e-11
21.35746707571655	-1.304911696459677e-11
21.3850430560111	-1.269303462294973e-11
21.41261903630565	-1.234665795363648e-11
21.4401950166002	-1.200972287602421e-11
21.46777099689475	-1.1681972477278e-11
21.4953469771893	-1.136315103981347e-11
21.52292295748385	-1.105302762775606e-11
21.5504989377784	-1.0751359709707e-11
21.57807491807295	-1.045791709941941e-11
21.6056508983675	-1.017247585358705e-11
21.63322687866205	-9.894818106052956e-12
21.6608028589566	-9.624731906127391e-12
21.68837883925115	-9.36201106093614e-12
21.7159548195457	-9.106454981720065e-12
21.74353079984025	-8.857868534006621e-12
21.7711067801348	-8.616057423337423e-12
21.79868276042935	-8.38084642663941e-12
21.8262587407239	-8.152051278330046e-12
21.85383472101845	-7.929497175754644e-12
21.881410701313	-7.713014064468365e-12
21.90898668160755	-7.502436511778869e-12
21.9365626619021	-7.297603583441154e-12
21.96413864219665	-7.098358723443099e-12
21.9917146224912	-6.904549636820175e-12
22.01929060278575	-6.716028175437562e-12
22.0468665830803	-6.532646774182314e-12
22.07444256337485	-6.354272539425657e-12
22.1020185436694	-6.180765527481388e-12
22.12959452396395	-6.011993044865355e-12
22.1571705042585	-5.847826006739195e-12
22.18474648455305	-5.688138840600747e-12
22.2123224648476	-5.532809392384645e-12
22.23989844514215	-5.381718834925566e-12
22.2674744254367	-5.234751578736639e-12
22.29505040573125	-5.09179518505549e-12
22.3226263860258	-4.952737618009126e-12
22.35020236632035	-4.817478112972053e-12
22.3777783466149	-4.685910422482634e-12
22.40535432690945	-4.557933848039032e-12
22.432930307204	-4.433450432160703e-12
22.46050628749855	-4.312364885121989e-12
22.4880822677931	-4.194584513524069e-12
22.51565824808765	-4.080019150668869e-12
22.5432342283822	-3.968581088698454e-12
22.57081020867675	-3.860185012463499e-12
22.5983861889713	-3.754745877275383e-12
22.62596216926585	-3.652187308035111e-12
22.6535381495604	-3.552428654116259e-12
22.68111412985495	-3.455393514767336e-12
22.7086901101495	-3.361007570321092e-12
22.73626609044405	-3.26919852650715e-12
22.7638420707386	-3.179896060164192e-12
22.79141805103315	-3.093031766323935e-12
22.8189940313277	-3.00853910663904e-12
22.84657001162225	-2.926353359127193e-12
22.87414599191681	-2.846409978296383e-12
22.90172197221136	-2.768651089424004e-12
22.92929795250591	-2.693015481333186e-12
22.95687393280046	-2.619445198310863e-12
22.98444991309501	-2.547883864149468e-12
23.01202589338956	-2.478276639849714e-12
23.03960187368411	-2.41057018238729e-12
23.06717785397866	-2.344712604522316e-12
23.09475383427321	-2.280653435630428e-12
23.12232981456776	-2.218343583534358e-12
23.14990579486231	-2.157734070728008e-12
23.17748177515686	-2.098781042009936e-12
23.20505775545141	-2.041438049455521e-12
23.23263373574596	-1.985661135313056e-12
23.26020971604051	-1.931407540350267e-12
23.28778569633506	-1.878635671742585e-12
23.31536167662961	-1.827305071769368e-12
23.34293765692416	-1.777376387302114e-12
23.37051363721871	-1.728811340068576e-12
23.39808961751326	-1.681572697676762e-12
23.42566559780781	-1.635623298188431e-12
23.45324157810236	-1.590929917591455e-12
23.48081755839691	-1.547457312545782e-12
23.50839353869146	-1.505172145967551e-12
23.53596951898601	-1.464041990021067e-12
23.56354549928056	-1.424035301749458e-12
23.59112147957511	-1.385121399318427e-12
23.61869745986966	-1.347270438860968e-12
23.64627344016421	-1.31045339191093e-12
23.67384942045876	-1.274642023413268e-12
23.70142540075331	-1.239808138707778e-12
23.72900138104786	-1.205926571049667e-12
23.75657736134241	-1.172970580714323e-12
23.78415334163696	-1.140914887391896e-12
23.81172932193151	-1.109734900460622e-12
23.83930530222606	-1.07940670049877e-12
23.86688128252061	-1.049907021261479e-12
23.89445726281516	-1.021213232113355e-12
23.92203324310971	-9.93303320907645e-13
23.94960922340426	-9.661558773028236e-13
23.97718520369881	-9.397495119503395e-13
24.00476118399336	-9.140651621882298e-13
24.03233716428791	-8.890825418648297e-13
24.05991314458246	-8.647824816496777e-13
24.08748912487701	-8.411463352970253e-13
24.11506510517156	-8.181559656227408e-13
24.14264108546611	-7.957937308335785e-13
24.17021706576066	-7.740424712019213e-13
24.19779304605521	-7.528854960790796e-13
24.22536902634976	-7.323065712402159e-13
24.25294500664431	-7.122894703985079e-13
24.28052098693886	-6.928197567204151e-13
24.30809696723341	-6.738820403036357e-13
24.33567294752796	-6.554617864294962e-13
24.36324892782251	-6.375448570672822e-13
24.39082490811706	-6.201175002398538e-13
24.41840088841161	-6.031663396562167e-13
24.44597686870616	-5.866783646058649e-13
24.47355284900071	-5.706409201096693e-13
24.50112882929526	-5.550416973220999e-13
24.52870480958981	-5.398683877458304e-13
24.55628078988436	-5.251100575799142e-13
24.58385677017891	-5.107550323942748e-13
24.61143275047346	-4.967922920934071e-13
24.63900873076801	-4.832111173935901e-13
24.66658471106256	-4.700010817592866e-13
24.69416069135711	-4.571520435417555e-13
24.72173667165166	-4.446541383159552e-13
24.74931265194621	-4.324977714118194e-13
24.77688863224076	-4.2067361063597e-13
24.80446461253531	-4.091723190517175e-13
24.83204059282986	-3.979856177513163e-13
24.85961657312441	-3.87104650430309e-13
24.88719255341896	-3.765210620942494e-13
24.91476853371351	-3.662267258412151e-13
24.94234451400806	-3.562137367484093e-13
24.96992049430261	-3.464744059118723e-13
24.99749647459716	-3.370012546363518e-13
25.02507245489171	-3.277870087723891e-13
25.05264843518626	-3.188245931976489e-13
25.08022441548081	-3.101069260312232e-13
25.10780039577536	-3.016277374997436e-13
25.13537637606991	-2.933803100530442e-13
25.16295235636446	-2.853583095014997e-13
25.19052833665901	-2.775555746010064e-13
25.21810431695356	-2.699661124183248e-13
25.24568029724811	-2.62584093812339e-13
25.27325627754266	-2.554038490290302e-13
25.30083225783721	-2.484198634079435e-13
25.32840823813176	-2.416267731979125e-13
25.35598421842631	-2.350192063109782e-13
25.38356019872086	-2.285924164244129e-13
25.41113617901541	-2.223413075802071e-13
25.43871215930996	-2.162610777837038e-13
25.46628813960452	-2.103470561643973e-13
25.49386411989907	-2.045946994628125e-13
25.52144010019362	-1.989995886051217e-13
25.54901608048817	-1.935574253638377e-13
25.57659206078272	-1.882640291029132e-13
25.60416804107727	-1.831153336055751e-13
25.63174402137182	-1.781072641118381e-13
25.65932000166637	-1.732362272340013e-13
25.68689598196092	-1.684983574917344e-13
25.71447196225547	-1.63890014562313e-13
25.74204794255002	-1.594076575356548e-13
25.76962392284457	-1.550478422514981e-13
25.79719990313912	-1.508072187029723e-13
25.82477588343367	-1.466825285053152e-13
25.85235186372822	-1.426706024284889e-13
25.87992784402277	-1.387683579924296e-13
25.90750382431732	-1.349727048870313e-13
25.93507980461187	-1.312809219779025e-13
25.96265578490642	-1.27690077577457e-13
25.99023176520097	-1.241974120914916e-13
26.01780774549552	-1.208002412949357e-13
26.04538372579007	-1.174959543134533e-13
26.07295970608462	-1.142820116552965e-13
26.10053568637917	-1.111559432924721e-13
26.12811166667372	-1.081153467902874e-13
26.15568764696827	-1.051578854843216e-13
26.18326362726282	-1.022812154927859e-13
26.21083960755737	-9.948327681237456e-14
26.23841558785192	-9.676184577891155e-14
26.26599156814647	-9.411483051014304e-14
26.29356754844102	-9.154019626202094e-14
26.32114352873557	-8.903596389886014e-14
26.34871950903012	-8.660020840152675e-14
26.37629548932467	-8.42310574129595e-14
26.40387146961922	-8.19266898203167e-14
26.43144744991377	-7.968533437303453e-14
26.45902343020832	-7.750521304624068e-14
26.48659941050287	-7.538476708775632e-14
26.51417539079742	-7.33223095624777e-14
26.54175137109197	-7.13162547783817e-14
26.56932735138652	-6.936506035834612e-14
26.59690333168107	-6.746722608084966e-14
26.62447931197562	-6.562129274943184e-14
26.65205529227017	-6.382584109038939e-14
26.67963127256472	-6.207949067818031e-14
26.70720725285927	-6.038089888800222e-14
26.73478323315382	-5.872871753656295e-14
26.76235921344837	-5.71217659849868e-14
26.78993519374292	-5.55587650960345e-14
26.81751117403747	-5.403851291368382e-14
26.84508715433202	-5.255984031816549e-14
26.87266313462657	-5.112161014726358e-14
26.90023911492112	-4.972271633939139e-14
26.92781509521567	-4.836208309804788e-14
26.95539107551022	-4.703866407725668e-14
26.98296705580477	-4.575144158758405e-14
27.01054303609932	-4.449939308302981e-14
27.03811901639387	-4.328162502059565e-14
27.06569499668842	-4.209716719264045e-14
27.09327097698297	-4.094510854213594e-14
27.12084695727752	-3.982456290240018e-14
27.14842293757207	-3.873466833139166e-14
27.17599891786662	-3.767458646243865e-14
27.20357489816117	-3.664350187111927e-14
27.23115087845572	-3.56406214579977e-14
27.25872685875027	-3.466517384691946e-14
27.28630283904482	-3.371638341297618e-14
27.31387881933937	-3.279357409933405e-14
27.34145479963392	-3.189600992000908e-14
27.36903077992847	-3.102300032469616e-14
27.39660676022302	-3.017387363112283e-14
27.42418274051757	-2.934797652052371e-14
27.45175872081212	-2.854467354556331e-14
27.47933470110667	-2.776334665048881e-14
27.50691068140122	-2.700339470329068e-14
27.53448666169577	-2.626423303964668e-14
27.56206264199032	-2.554527381550199e-14
27.58963862228487	-2.484600455724218e-14
27.61721460257942	-2.41658674480489e-14
27.64479058287397	-2.350433908943111e-14
27.67236656316852	-2.286091038543383e-14
27.69994254346307	-2.223508616024799e-14
27.72751852375762	-2.162638478524746e-14
27.75509450405217	-2.103433781528765e-14
27.78267048434672	-2.045848963409604e-14
27.81024646464127	-1.98983971085845e-14
27.83782244493582	-1.935361388067296e-14
27.86539842523037	-1.882375321902866e-14
27.89297440552492	-1.83083915443548e-14
27.92055038581947	-1.78071321701259e-14
27.94812636611402	-1.731958926541771e-14
27.97570234640857	-1.684538763072735e-14
28.00327832670312	-1.638416558070553e-14
28.03085430699767	-1.593555608457071e-14
28.05843028729223	-1.549922743897929e-14
28.08600626758678	-1.507483845122122e-14
28.11358224788133	-1.466205124002416e-14
28.14115822817588	-1.426057221057451e-14
28.16873420847043	-1.38700806326711e-14
28.19631018876498	-1.34902758491851e-14
28.22388616905953	-1.312086541902302e-14
28.25146214935408	-1.276156489655071e-14
28.27903812964863	-1.241209761471662e-14
28.30661410994318	-1.207219446765565e-14
28.33419009023773	-1.17415936707461e-14
28.36176607053228	-1.142004027062878e-14
28.38934205082683	-1.110728035646423e-14
28.41691803112138	-1.080308875356189e-14
28.44449401141593	-1.050722326908818e-14
28.47206999171048	-1.021945604069923e-14
28.49964597200503	-9.939565434144577e-15
28.52722195229958	-9.667335876934262e-15
28.55479793259413	-9.402557696065913e-15
28.58237391288868	-9.145026959740255e-15
28.60994989318323	-8.894545322990806e-15
28.63752587347778	-8.650919877149058e-15
28.66510185377233	-8.413953788893454e-15
28.69267783406688	-8.183483702576267e-15
28.72025381436143	-7.959323008128248e-15
28.74782979465598	-7.741299116931512e-15
28.77540577495053	-7.529244212828047e-15
28.80298175524508	-7.322995169542982e-15
28.83055773553963	-7.122393523009773e-15
28.85813371583418	-6.92728558868102e-15
28.88570969612873	-6.737523052280356e-15
28.91328567642328	-6.552965660267059e-15
28.94086165671783	-6.373297970637023e-15
28.96843763701238	-6.198707143259954e-15
28.99601361730693	-6.028888916074349e-15
29.02358959760148	-5.863717087617696e-15
29.05116557789603	-5.703066048864774e-15
29.07874155819058	-5.546812742951906e-15
29.10631753848513	-5.39483713505493e-15
29.13389351877968	-5.247022319894783e-15
29.16146949907423	-5.103254515529443e-15
29.18904547936878	-4.963423015457821e-15
29.21662145966333	-4.827415027733335e-15
29.24419743995788	-4.695136666301208e-15
29.27177342025243	-4.566480590429554e-15
29.29934940054698	-4.441347627781078e-15
29.32692538084153	-4.319641317622007e-15
29.35450136113608	-4.201267838483367e-15
29.38207734143063	-4.086135937584822e-15
29.40965332172518	-3.974156861991291e-15
29.43722930201973	-3.865244291472216e-15
29.46480528231428	-3.759314273032932e-15
29.49238126260883	-3.656281909335605e-15
29.51995724290338	-3.556074651200404e-15
29.54753322319793	-3.458611904005831e-15
29.57510920349248	-3.363818516558617e-15
29.60268518378703	-3.27162139263958e-15
29.63026116408158	-3.181949436220339e-15
29.65783714437613	-3.094733498007195e-15
29.68541312467068	-3.009906323291455e-15
29.71298910496523	-2.927402501084797e-15
29.74056508525978	-2.847158414517561e-15
29.76814106555433	-2.769109678212363e-15
29.79571704584888	-2.69320142990047e-15
29.82329302614343	-2.619372543127074e-15
29.85086900643798	-2.547566071239435e-15
29.87844498673253	-2.477726624945562e-15
29.90602096702708	-2.409800330814077e-15
29.93359694732163	-2.343734790777225e-15
29.96117292761618	-2.279479042621326e-15
29.98874890791073	-2.216983521448834e-15
30.01632488820528	-2.156200022095429e-15
30.04390086849983	-2.097079719005191e-15
30.07147684879438	-2.039581122494289e-15
30.09905282908893	-1.983657875130002e-15
30.12662880938348	-1.929266826422032e-15
30.15420478967803	-1.876366006077126e-15
30.18178076997258	-1.824914592561086e-15
30.20935675026713	-1.774872882417824e-15
30.23693273056168	-1.726202260333594e-15
30.26450871085623	-1.678865169934083e-15
30.29208469115078	-1.63282508530144e-15
30.31966067144533	-1.588044591084376e-15
30.34723665173988	-1.544493075525091e-15
30.37481263203443	-1.502135050310774e-15
30.40238861232898	-1.460937837787188e-15
30.42996459262353	-1.420869663896188e-15
30.45754057291808	-1.381899641963316e-15
30.48511655321263	-1.343997765943784e-15
30.51269253350718	-1.307134928186293e-15
30.54026851380173	-1.271283015308901e-15
30.56784449409628	-1.236415337280526e-15
30.59542047439083	-1.202474907471309e-15
30.62299645468539	-1.169491339897335e-15
30.65057243497994	-1.137410972152173e-15
30.67814841527449	-1.106209512013117e-15
30.70572439556904	-1.075863059281691e-15
30.73330037586359	-1.046348272059775e-15
30.76087635615814	-1.017642407118484e-15
30.78845233645269	-9.897233250278689e-16
30.81602831674724	-9.625694832575949e-16
30.84360429704179	-9.361599246558476e-16
30.87118027733634	-9.104705245920304e-16
30.89875625763089	-8.854888776581972e-16
30.92633223792544	-8.611921643511644e-16
30.95390821821999	-8.375616107108598e-16
30.98148419851454	-8.145789648803951e-16
31.00906017880909	-7.922264006302522e-16
31.03663615910364	-7.704867531739306e-16
31.06421213939819	-7.493431564947056e-16
31.09178811969274	-7.287792809742751e-16
31.11936409998729	-7.087792372981599e-16
31.14694008028184	-6.89328780007492e-16
31.17451606057639	-6.704101988389411e-16
31.20209204087094	-6.520103616028049e-16
31.22966802116549	-6.34115043207107e-16
31.25724400146004	-6.167104050800226e-16
31.28481998175459	-5.997829828425279e-16
31.31239596204914	-5.83319672127113e-16
31.33997194234369	-5.673077093835713e-16
31.36754792263824	-5.517346376141562e-16
31.39512390293279	-5.365882167355624e-16
31.42269988322734	-5.218679277151351e-16
31.45027586352189	-5.075399276484665e-16
31.47785184381644	-4.936057017536997e-16
31.50542782411099	-4.800539638680263e-16
31.53300380440554	-4.668740630661753e-16
31.56057978470009	-4.540557342413551e-16
31.58815576499464	-4.415890290268849e-16
31.61573174528919	-4.29464287648e-16
31.64330772558374	-4.176721233090316e-16
31.67088370587829	-4.062034112838825e-16
31.69845968617284	-3.950492800772352e-16
31.72603566646739	-3.842011036364253e-16
31.75361164676194	-3.736504941731274e-16
31.78118762705649	-3.633892953867571e-16
31.80876360735104	-3.534095759836445e-16
31.83633958764559	-3.437036234342641e-16
31.86391556794014	-3.34263937934958e-16
31.89149154823469	-3.250832265533385e-16
31.91906752852924	-3.161543975435504e-16
31.94664350882379	-3.074705548216418e-16
31.97421948911834	-2.990249925936202e-16
32.00179546941289	-2.908111901302788e-16
32.02937144970744	-2.828228066837703e-16
32.05694743000199	-2.750536765415221e-16
32.08452341029654	-2.67497804213487e-16
32.11209939059109	-2.601493597489901e-16
32.13967537088564	-2.530026741796657e-16
32.16725135118019	-2.46052235085093e-16
32.19482733147474	-2.392926822778857e-16
32.22240331176929	-2.327188036050742e-16
