0
1000	105.6583745	100000000000000.1
5	0	0	1
5	0	0	0
4.673998997513734	1.387659596583611e-11
4.701574977808284	2.816414172384672e-11
4.729150958102834	4.214066778163422e-11
4.756726938397384	5.714675562621472e-11
4.784302918691934	7.348364172278569e-11
4.811878898986484	9.124054982928086e-11
4.839454879281035	1.104361929526541e-10
4.867030859575585	1.310620314001886e-10
4.894606839870135	1.530992154463979e-10
4.922182820164685	1.765261136549508e-10
4.949758800459235	2.013218551143382e-10
4.977334780753785	2.274679995423427e-10
5.004910761048335	2.549492712864123e-10
5.032486741342885	2.837538097227717e-10
5.060062721637435	3.138731683475884e-10
5.087638701931986	3.453021866419618e-10
5.115214682226536	3.780388025633166e-10
5.142790662521086	4.120838430847255e-10
5.170366642815636	4.474408132537555e-10
5.197942623110186	4.84115694622954e-10
5.225518603404736	5.221167583923563e-10
5.253094583699286	5.614543954489995e-10
5.280670563993836	6.021409637044179e-10
5.308246544288386	6.441906521538982e-10
5.335822524582936	6.876193605814506e-10
5.363398504877487	7.324445936127498e-10
5.390974485172037	7.786853677600369e-10
5.418550465466587	8.263621301348541e-10
5.446126445761137	8.754966875850312e-10
5.473702426055687	9.261121451154304e-10
5.501278406350237	9.782369018387733e-10
5.528854386644787	1.031898962862745e-09
5.556430366939337	1.08711351188787e-09
5.584006347233887	1.14391173646027e-09
5.611582327528438	1.202326771172827e-09
5.639158307822988	1.262380953476627e-09
5.666734288117538	1.324101293159891e-09
5.694310268412088	1.387533120638124e-09
5.721886248706638	1.452701379002319e-09
5.749462229001188	1.519639188683594e-09
5.777038209295738	1.58838939833211e-09
5.804614189590288	1.658981994778764e-09
5.832190169884838	1.731461879122759e-09
5.859766150179389	1.805861548203183e-09
5.887342130473939	1.882222294332149e-09
5.914918110768489	1.960598267954391e-09
5.942494091063039	2.041014931163668e-09
5.970070071357589	2.123529324046429e-09
5.997646051652139	2.208184006554068e-09
6.025222031946689	2.295025824978117e-09
6.052798012241239	2.384107620591052e-09
6.080373992535789	2.475478184970751e-09
6.107949972830339	2.569187460676131e-09
6.13552595312489	2.665293202493471e-09
6.16310193341944	2.763842849594583e-09
6.19067791371399	2.864905028334133e-09
6.21825389400854	2.968530106769088e-09
6.24582987430309	3.074783841088897e-09
6.27340585459764	3.183716702835683e-09
6.30098183489219	3.295408774339197e-09
6.32855781518674	3.409913893733197e-09
6.35613379548129	3.527298538692267e-09
6.383709775775841	3.647644392540902e-09
6.411285756070391	3.771014816696441e-09
6.438861736364941	3.897474332603495e-09
6.466437716659491	4.027111484040214e-09
6.494013696954041	4.159992205759506e-09
6.521589677248591	4.296211888796078e-09
6.549165657543141	4.435842308348142e-09
6.576741637837691	4.578956646767423e-09
6.604317618132241	4.725652699349853e-09
6.631893598426791	4.876011640646496e-09
6.659469578721342	5.030126458710695e-09
6.687045559015892	5.188102521120485e-09
6.714621539310442	5.350017202504417e-09
6.742197519604992	5.515983825220349e-09
6.769773499899542	5.686087223338036e-09
6.797349480194092	5.860447409562799e-09
6.824925460488642	6.039155035186669e-09
6.852501440783192	6.222326805971525e-09
6.880077421077742	6.41008856877083e-09
6.907653401372293	6.602533891985919e-09
6.935229381666843	6.799795751380991e-09
6.962805361961393	7.001976159761702e-09
6.990381342255943	7.209215923495035e-09
7.017957322550493	7.421643503331349e-09
7.045533302845043	7.639384467662084e-09
7.073109283139593	7.862568238282099e-09
7.100685263434143	8.091353816719128e-09
7.128261243728693	8.325856592573505e-09
7.155837224023244	8.566239041245381e-09
7.183413204317794	8.812641586754707e-09
7.210989184612344	9.0652355585808e-09
7.238565164906894	9.324157788864859e-09
7.266141145201444	9.589571361089878e-09
7.293717125495994	9.861656593572678e-09
7.321293105790544	1.014057387657452e-08
7.348869086085094	1.042649686886285e-08
7.376445066379644	1.071961287281133e-08
7.404021046674194	1.102010698845648e-08
7.431597026968745	1.132815161231906e-08
7.459173007263295	1.164395706742665e-08
7.486748987557845	1.196771376857017e-08
7.514324967852395	1.229965018217636e-08
7.541900948146945	1.263993364596186e-08
7.569476928441495	1.298881011407357e-08
7.597052908736045	1.334648574403254e-08
7.624628889030595	1.371320062474694e-08
7.652204869325145	1.40891868209807e-08
7.679780849619696	1.447467308694278e-08
7.707356829914246	1.486990320261134e-08
7.734932810208796	1.527514252688004e-08
7.762508790503346	1.569063418167783e-08
7.790084770797896	1.6116674110089e-08
7.817660751092446	1.65534993093844e-08
7.845236731386996	1.700139449423728e-08
7.872812711681546	1.746065959439866e-08
7.900388691976096	1.793157522700651e-08
7.927964672270646	1.841446012421859e-08
7.955540652565197	1.890962187874432e-08
7.983116632859747	1.941736405994694e-08
8.010692613154298	1.993802370589214e-08
8.038268593448848	2.047192791460744e-08
8.065844573743398	2.101942894790236e-08
8.093420554037948	2.158087820278105e-08
8.120996534332498	2.215663834665651e-08
8.148572514627048	2.274707473018965e-08
8.176148494921598	2.335256583725089e-08
8.203724475216148	2.397351610569873e-08
8.231300455510699	2.461032354291925e-08
8.258876435805249	2.526339174622677e-08
8.286452416099799	2.593317144826066e-08
8.314028396394349	2.662005985210764e-08
8.341604376688899	2.732450671960165e-08
8.369180356983449	2.804698860682004e-08
8.396756337277999	2.87879643686784e-08
8.424332317572549	2.954791827662842e-08
8.451908297867099	3.032733196292135e-08
8.47948427816165	3.11267336700221e-08
8.5070602584562	3.194664879652716e-08
8.53463623875075	3.278757084937451e-08
8.5622122190453	3.36500545989088e-08
8.58978819933985	3.453471557207688e-08
8.6173641796344	3.544207076183807e-08
8.64494015992895	3.637287986161517e-08
8.6725161402235	3.732731251236403e-08
8.70009212051805	3.830623592582018e-08
8.7276681008126	3.931073678916028e-08
8.755244081107151	4.034082129296653e-08
8.782820061401701	4.139750539248542e-08
8.810396041696251	4.248126953347742e-08
8.837972021990801	4.359305608842994e-08
8.865548002285351	4.473334218356295e-08
8.893123982579901	4.590314746660179e-08
8.920699962874451	4.71029312077714e-08
8.948275943169001	4.833379964006524e-08
8.975851923463551	4.95966210168307e-08
9.003427903758102	5.089139841787638e-08
9.031003884052652	5.221987440124719e-08
9.058579864347202	5.358258820878311e-08
9.086155844641752	5.498047129113007e-08
9.113731824936302	5.641440821657891e-08
9.141307805230852	5.788537568458125e-08
9.168883785525402	5.939422526073053e-08
9.196459765819952	6.094214745504363e-08
9.224035746114502	6.252998013075184e-08
9.251611726409052	6.415878798065154e-08
9.279187706703603	6.582967635054051e-08
9.306763686998153	6.754369724508451e-08
9.334339667292703	6.930199378682055e-08
9.361915647587253	7.110568726215192e-08
9.389491627881803	7.295593878768103e-08
9.417067608176353	7.485400660189968e-08
9.444643588470903	7.68010083855428e-08
9.472219568765453	7.879840935985741e-08
9.499795549060003	8.084734526191192e-08
9.527371529354554	8.294916331208669e-08
9.554947509649104	8.510527931468482e-08
9.582523489943654	8.731704740504464e-08
9.610099470238204	8.958588329606064e-08
9.637675450532754	9.191331822546438e-08
9.665251430827304	9.430099262653724e-08
9.692827411121854	9.674985185647963e-08
9.720403391416404	9.926210899760035e-08
9.747979371710954	1.01839404606112e-07
9.775555352005505	1.044826066954243e-07
9.803131332300055	1.07194212333726e-07
9.830707312594605	1.099758907855719e-07
9.858283292889155	1.128287992025402e-07
9.885859273183705	1.157554029860211e-07
9.913435253478255	1.187573237274657e-07
9.941011233772805	1.218364879007134e-07
9.968587214067355	1.249948469263723e-07
9.996163194361905	1.282343959846799e-07
10.02373917465646	1.315571994865724e-07
10.05131515495101	1.349653311731581e-07
10.07889113524556	1.38460965890082e-07
10.10646711554011	1.420460568729202e-07
10.13404309583466	1.45723392622465e-07
10.16161907612921	1.494948181744057e-07
10.18919505642376	1.533627744133067e-07
10.21677103671831	1.573296757102147e-07
10.24434701701286	1.613980285714184e-07
10.27192299730741	1.655702904173573e-07
10.29949897760196	1.698468126714091e-07
10.32707495789651	1.742369523044179e-07
10.35465093819106	1.787366308089498e-07
10.38222691848561	1.833508978104391e-07
10.40980289878016	1.880823858247242e-07
10.43737887907471	1.92934278329239e-07
10.46495485936926	1.979092136511328e-07
10.49253083966381	2.030102903603943e-07
10.52010681995836	2.082404728087212e-07
10.54768280025291	2.136030258369679e-07
10.57525878054746	2.191009806169501e-07
10.60283476084201	2.247376811721743e-07
10.63041074113656	2.305163143693971e-07
10.65798672143111	2.364404248433675e-07
10.68556270172566	2.425133511475397e-07
10.71313868202021	2.487386073421143e-07
10.74071466231476	2.551195638312009e-07
10.76829064260931	2.616605355041019e-07
10.79586662290386	2.683645850449314e-07
10.82344260319841	2.752357300642326e-07
10.85101858349296	2.822778057250652e-07
10.87859456378751	2.894947668304824e-07
10.90617054408206	2.968906321600206e-07
10.93374652437661	3.044694420228026e-07
10.96132250467116	3.122353702576406e-07
10.98889848496571	3.201925170171917e-07
11.01647446526026	3.283454369669606e-07
11.04405044555481	3.366983016140424e-07
11.07162642584936	3.45255537488437e-07
11.09920240614391	3.540217018721551e-07
11.12677838643846	3.630012911227844e-07
11.15435436673301	3.721991651113226e-07
11.18193034702756	3.816198444492256e-07
11.20950632732211	3.912681732790193e-07
11.23708230761666	4.011490104414615e-07
11.26465828791121	4.112672596211592e-07
11.29223426820576	4.21628023794787e-07
11.31981024850031	4.32236246894981e-07
11.34738622879486	4.430971386272063e-07
11.37496220908941	4.542158195608295e-07
11.40253818938396	4.655975355790126e-07
11.43011416967851	4.772477374032905e-07
11.45769014997306	4.891717206542672e-07
11.48526613026761	5.013748812293279e-07
11.51284211056216	5.138627469283009e-07
11.54041809085671	5.266403182180779e-07
11.56799407115126	5.397148098648388e-07
11.59557005144581	5.530902932496379e-07
11.62314603174036	5.667729485114421e-07
11.65072201203491	5.8076853946806e-07
11.67829799232946	5.950828971674055e-07
11.70587397262401	6.097216831325477e-07
11.73344995291856	6.246910288554743e-07
11.76102593321311	6.399965831584553e-07
11.78860191350766	6.556443374743829e-07
11.81617789380221	6.716402882088336e-07
11.84375387409676	6.879903100003141e-07
11.87132985439131	7.047003925813292e-07
11.89890583468586	7.217765919122041e-07
11.92648181498041	7.392249213863761e-07
11.95405779527496	7.570513139044451e-07
11.98163377556951	7.752618128508949e-07
12.00920975586406	7.938624343282996e-07
12.03678573615861	8.128590656448185e-07
12.06436171645316	8.322580003011699e-07
12.09193769674771	8.520648650987814e-07
12.11951367704226	8.722856918261322e-07
12.14708965733681	8.929263823179343e-07
12.17466563763136	9.139928458879319e-07
12.20224161792591	9.354887973450782e-07
12.22981759822046	9.574260568000042e-07
12.25739357851501	9.7980436247287e-07
12.28496955880956	1.002631359421203e-06
12.31254553910411	1.025912611736169e-06
12.34012151939866	1.049653617046632e-06
12.36769749969321	1.073859786770596e-06
12.39527347998776	1.098536421458921e-06
12.42284946028231	1.12368901170135e-06
12.45042544057686	1.14932247171437e-06
12.47800142087141	1.175441858929239e-06
12.50557740116597	1.20205214805479e-06
12.53315338146052	1.22915811369323e-06
12.56072936175507	1.256764489061646e-06
12.58830534204962	1.284875486574934e-06
12.61588132234417	1.313496345227905e-06
12.64345730263872	1.34263052580577e-06
12.67103328293327	1.372282368418041e-06
12.69860926322782	1.402455870054056e-06
12.72618524352237	1.433154817928723e-06
12.75376122381692	1.464382810411627e-06
12.78133720411147	1.496143267651133e-06
12.80891318440602	1.528439406617802e-06
12.83648916470057	1.561274476322831e-06
12.86406514499512	1.594651240248673e-06
12.89164112528967	1.628572364401245e-06
12.91921710558422	1.663040414415594e-06
12.94679308587877	1.698057561356151e-06
12.97436906617332	1.733625964194898e-06
13.00194504646787	1.769747709993133e-06
13.02952102676242	1.806423649208298e-06
13.05709700705697	1.84365598318231e-06
13.08467298735152	1.881445726651008e-06
13.11224896764607	1.91979377074376e-06
13.13982494794062	1.958700836541413e-06
13.16740092823517	1.998167509465234e-06
13.19497690852972	2.038194069508082e-06
13.22255288882427	2.078780673889846e-06
13.25012886911882	2.119926930807386e-06
13.27770484941337	2.161631762854906e-06
13.30528082970792	2.203896315058409e-06
13.33285681000247	2.246718985459852e-06
13.36043279029702	2.290098487171431e-06
13.38800877059157	2.33403302587662e-06
13.41558475088612	2.378522292979203e-06
13.44316073118067	2.423564006975823e-06
13.47073671147522	2.469156314109923e-06
13.49831269176977	2.515295254444207e-06
13.52588867206432	2.561981365717062e-06
13.55346465235887	2.609211995062148e-06
13.58104063265342	2.656981482018755e-06
13.60861661294797	2.705287178487821e-06
13.63619259324252	2.754127677555471e-06
13.66376857353707	2.803499508566799e-06
13.69134455383162	2.853397130105379e-06
13.71892053412617	2.903816899557838e-06
13.74649651442072	2.954755951530713e-06
13.77407249471527	3.006211003525384e-06
13.80164847500982	3.058174780887783e-06
13.82922445530437	3.110642076908034e-06
13.85680043559892	3.16361094762011e-06
13.88437641589347	3.217078168762249e-06
13.91195239618802	3.271035085139055e-06
13.93952837648257	3.325476435808048e-06
13.96710435677712	3.380398305359837e-06
13.99468033707167	3.435796341297533e-06
14.02225631736622	3.491664662558187e-06
14.04983229766077	3.547996171257939e-06
14.07740827795532	3.604783772846155e-06
14.10498425824987	3.662025202425012e-06
14.13256023854442	3.719714733898646e-06
14.16013621883897	3.777843125656523e-06
14.18771219913352	3.836403820726715e-06
14.21528817942807	3.895393512825716e-06
14.24286415972262	3.954805766336275e-06
14.27044014001717	4.014634919813696e-06
14.29801612031172	4.074870263023925e-06
14.32559210060627	4.135509899992013e-06
14.35316808090082	4.196544786963973e-06
14.38074406119537	4.257970068130594e-06
14.40832004148992	4.319779443443991e-06
14.43589602178447	4.381962621229972e-06
14.46347200207902	4.444518261555645e-06
14.49104798237357	4.507436382622281e-06
14.51862396266812	4.570712203853737e-06
14.54619994296267	4.63433995609811e-06
14.57377592325722	4.698308140740115e-06
14.60135190355177	4.762615695729773e-06
14.62892788384632	4.827253164983742e-06
14.65650386414087	4.892215603060584e-06
14.68407984443542	4.957497780887382e-06
14.71165582472997	5.023088720403116e-06
14.73923180502452	5.088986427326457e-06
14.76680778531907	5.155182350750339e-06
14.79438376561362	5.221669349730982e-06
14.82195974590817	5.288444772571675e-06
14.84953572620272	5.355497194528926e-06
14.87711170649727	5.422825795391569e-06
14.90468768679182	5.490421525516665e-06
14.93226366708637	5.558278196129072e-06
14.95983964738092	5.626393168014759e-06
14.98741562767547	5.694754292024578e-06
15.01499160797002	5.763361532381944e-06
15.04256758826457	5.83220629036953e-06
15.07014356855912	5.90128393450649e-06
15.09771954885368	5.970588769211826e-06
15.12529552914823	6.0401131758602e-06
15.15287150944278	6.109854977692374e-06
15.18044748973733	6.179806453452923e-06
15.20802347003188	6.249962827022171e-06
15.23559945032643	6.320318210627453e-06
15.26317543062098	6.390870537199221e-06
15.29075141091553	6.461608844371978e-06
15.31832739121008	6.53253342106646e-06
15.34590337150463	6.60363771434359e-06
15.37347935179918	6.674916967785942e-06
15.40105533209373	6.746365594916155e-06
15.42863131238828	6.817979684808555e-06
15.45620729268283	6.889754686889411e-06
15.48378327297738	6.961685408762452e-06
15.51135925327193	7.033768585439237e-06
15.53893523356648	7.105999140703103e-06
15.56651121386103	7.178371805724196e-06
15.59408719415558	7.250885195923745e-06
15.62166317445013	7.323532004666104e-06
15.64923915474468	7.396310275142434e-06
15.67681513503923	7.469215821737864e-06
15.70439111533378	7.542244362932518e-06
15.73196709562833	7.615392017039247e-06
15.75954307592288	7.688652028676007e-06
15.78711905621743	7.762027228379954e-06
15.81469503651198	7.835510956869601e-06
15.84227101680653	7.90909972897869e-06
15.86984699710108	7.982790132355834e-06
15.89742297739563	8.056578827684114e-06
15.92499895769018	8.130460334921539e-06
15.95257493798473	8.204436003595754e-06
15.98015091827928	8.278500642710407e-06
16.00772689857383	8.352651051345734e-06
16.03530287886838	8.426884736889994e-06
16.06287885916293	8.501196087966662e-06
16.09045483945748	8.575585296924442e-06
16.11803081975203	8.65005063013461e-06
16.14560680004658	8.724587121223321e-06
16.17318278034113	8.799192668203247e-06
16.20075876063568	8.873863797914027e-06
16.22833474093023	8.948599645238561e-06
16.25591072122478	9.023397278566249e-06
16.28348670151933	9.098252958836157e-06
16.31106268181388	9.173165531437909e-06
16.33863866210843	9.248133277265037e-06
16.36621464240298	9.323153585440724e-06
16.39379062269753	9.398224546986696e-06
16.42136660299208	9.473343757137678e-06
16.44894258328663	9.548509906295599e-06
16.47651856358118	9.623718711751575e-06
16.50409454387573	9.698970004432765e-06
16.53167052417028	9.774262549314824e-06
16.55924650446483	9.849594084574834e-06
16.58682248475938	9.924962198709042e-06
16.61439846505393	1.000036481218525e-05
16.64197444534848	1.007580192838631e-05
16.66955042564303	1.015126869070394e-05
16.69712640593758	1.022676884759548e-05
16.72470238623213	1.030229464185197e-05
16.75227836652668	1.037784826042376e-05
16.77985434682123	1.045342759594342e-05
16.80743032711578	1.052903115114808e-05
16.83500630741033	1.060465793665722e-05
16.86258228770488	1.068030310360625e-05
16.89015826799943	1.07559712757499e-05
16.91773424829398	1.083165619355551e-05
16.94531022858853	1.090735941246057e-05
16.97288620888308	1.098307983190258e-05
17.00046218917763	1.105881505966056e-05
17.02803816947218	1.113456429938162e-05
17.05561414976673	1.121032349395076e-05
17.08319013006128	1.128609757285039e-05
17.11076611035583	1.136188367402249e-05
17.13834209065038	1.143767679064792e-05
17.16591807094493	1.151347908160697e-05
17.19349405123948	1.158928942549593e-05
17.22107003153403	1.166510672274669e-05
17.24864601182858	1.174092980588586e-05
17.27622199212313	1.181675587359142e-05
17.30379797241768	1.18925873101751e-05
17.33137395271223	1.196842407038686e-05
17.35894993300678	1.204426081961684e-05
17.38652591330133	1.212009767873751e-05
17.41410189359588	1.219593742325967e-05
17.44167787389043	1.22717759043856e-05
17.46925385418498	1.234761439303393e-05
17.49682983447953	1.242344929180681e-05
17.52440581477408	1.249928378105154e-05
17.55198179506863	1.257511693256461e-05
17.57955777536318	1.265094521836954e-05
17.60713375565773	1.272676774130701e-05
17.63470973595228	1.280258705855182e-05
17.66228571624683	1.287840185264678e-05
17.68986169654139	1.295421016263551e-05
17.71743767683594	1.303000898997922e-05
17.74501365713049	1.31058037810992e-05
17.77258963742504	1.31815905388159e-05
17.80016561771959	1.325737154764022e-05
17.82774159801414	1.333314255098494e-05
17.85531757830869	1.340890282792247e-05
17.88289355860324	1.348465555704221e-05
17.91046953889779	1.356039729199296e-05
17.93804551919234	1.363612871508954e-05
17.96562149948689	1.371184714543519e-05
17.99319747978144	1.378755521359629e-05
18.02077346007599	1.386325522251949e-05
18.04834944037054	1.393893937906813e-05
18.07592542066509	1.401461247624057e-05
18.10350140095964	1.409027165560351e-05
18.13107738125419	1.416591679751237e-05
18.15865336154874	1.424154832166649e-05
18.18622934184329	1.431716355368374e-05
18.21380532213784	1.439276728584118e-05
18.24138130243239	1.446835551375905e-05
18.26895728272694	1.454392922822698e-05
18.29653326302149	1.461948859031293e-05
18.32410924331604	1.469503085929796e-05
18.35168522361059	1.477055823010455e-05
18.37926120390514	1.48460668158963e-05
18.40683718419969	1.492156000283979e-05
18.43441316449424	1.499703678917931e-05
18.46198914478879	1.507249371963585e-05
18.48956512508334	1.514793664830083e-05
18.51714110537789	1.522336153840676e-05
18.54471708567244	1.529877055143329e-05
18.57229306596699	1.537415848300388e-05
18.59986904626154	1.544953126362143e-05
18.62744502655609	1.552488330775224e-05
18.65502100685064	1.560021520083246e-05
18.68259698714519	1.567552961518462e-05
18.71017296743974	1.575082319322458e-05
18.73774894773429	1.582609885743161e-05
18.76532492802884	1.590135534567303e-05
18.79290090832339	1.597659137803338e-05
18.82047688861794	1.605180930717398e-05
18.84805286891249	1.612700537326359e-05
18.87562884920704	1.620218162683183e-05
18.90320482950159	1.627733624222953e-05
18.93078080979614	1.635247083205933e-05
18.95835679009069	1.642758275681975e-05
18.98593277038524	1.650267204977166e-05
19.01350875067979	1.65777427984109e-05
19.04108473097434	1.665279250821109e-05
19.06866071126889	1.672782052457819e-05
19.09623669156344	1.680282650938544e-05
19.12381267185799	1.687781252896451e-05
19.15138865215254	1.695277557509902e-05
19.17896463244709	1.702771530844883e-05
19.20654061274164	1.710263419083177e-05
19.23411659303619	1.717752990100389e-05
19.26169257333074	1.725239859726524e-05
19.28926855362529	1.732724981125431e-05
19.31684453391984	1.740207771217917e-05
19.34442051421439	1.747688214873831e-05
19.37199649450894	1.755166273467109e-05
19.39957247480349	1.762642490901898e-05
19.42714845509804	1.770116117756727e-05
19.45472443539259	1.777587079218427e-05
19.48230041568714	1.785056018930216e-05
19.50987639598169	1.792522653843072e-05
19.53745237627624	1.799986917202438e-05
19.56502835657079	1.807448212833684e-05
19.59260433686534	1.814907700096076e-05
19.62018031715989	1.822364789324584e-05
19.64775629745444	1.82981935176605e-05
19.67533227774899	1.837271273577664e-05
19.70290825804354	1.844721003734312e-05
19.73048423833809	1.852168629996879e-05
19.75806021863264	1.859613318690342e-05
19.78563619892719	1.867055686593069e-05
19.81321217922174	1.874495541382158e-05
19.84078815951629	1.881933010537478e-05
19.86836413981084	1.889367619369637e-05
19.89594012010539	1.896799916145853e-05
19.92351610039994	1.90422988045303e-05
19.95109208069449	1.911657026615748e-05
19.97866806098904	1.919081873637455e-05
20.00624404128359	1.926504256946266e-05
20.03382002157814	1.933924199604267e-05
20.06139600187269	1.941341473684719e-05
20.08897198216724	1.948756117670152e-05
20.11654796246179	1.956168233163551e-05
20.14412394275634	1.963577782360661e-05
20.17169992305089	1.970984751962562e-05
20.19927590334544	1.978388789772871e-05
20.22685188363999	1.985790419913404e-05
20.25442786393454	1.993189600902513e-05
20.2820038442291	2.000586148016619e-05
20.30957982452365	2.007980237777041e-05
20.3371558048182	2.015371583696275e-05
20.36473178511275	2.022760237134273e-05
20.3923077654073	2.030146535920658e-05
20.41988374570185	2.037529992385374e-05
20.4474597259964	2.044910768882154e-05
20.47503570629095	2.052288948954716e-05
20.5026116865855	2.059664361212009e-05
20.53018766688005	2.067036956633451e-05
20.5577636471746	2.074407010592144e-05
20.58533962746915	2.081774392001671e-05
20.6129156077637	2.089139013421042e-05
20.64049158805825	2.09650103708778e-05
20.6680675683528	2.103860467005204e-05
20.69564354864735	2.11121706808579e-05
20.7232195289419	2.118571215748717e-05
20.75079550923645	2.12592242788575e-05
20.778371489531	2.133270846999107e-05
20.80594746982555	2.140616492227845e-05
20.8335234501201	2.147959493800514e-05
20.86109943041465	2.155299332299895e-05
20.8886754107092	2.162636669448549e-05
20.91625139100375	2.169971257585897e-05
20.9438273712983	2.177303056758275e-05
20.97140335159285	2.184631963754729e-05
20.9989793318874	2.191958248253853e-05
21.02655531218195	2.199281776411712e-05
21.0541312924765	2.206602291497507e-05
21.08170727277105	2.213920221198935e-05
21.1092832530656	2.221235396465562e-05
21.13685923336015	2.228547656608512e-05
21.1644352136547	2.235856968466255e-05
21.19201119394925	2.243163599104001e-05
21.2195871742438	2.250467278593018e-05
21.24716315453835	2.257767785687759e-05
21.2747391348329	2.265065793119192e-05
21.30231511512745	2.27236089440823e-05
21.329891095422	2.279653194654739e-05
21.35746707571655	2.286942649274849e-05
21.3850430560111	2.294228937883233e-05
21.41261903630565	2.301512776364231e-05
21.4401950166002	2.308793730988017e-05
21.46777099689475	2.316071353751755e-05
21.4953469771893	2.323346720285661e-05
21.52292295748385	2.330618914459162e-05
21.5504989377784	2.337887953863779e-05
21.57807491807295	2.34515312186448e-05
21.6056508983675	2.35241716734352e-05
21.63322687866205	2.359677627652085e-05
21.6608028589566	2.366935091804012e-05
21.68837883925115	2.374189586386162e-05
21.7159548195457	2.381441119334797e-05
21.74353079984025	2.388689786595615e-05
21.7711067801348	2.395935228415847e-05
21.79868276042935	2.403177882295294e-05
21.8262587407239	2.410417467999882e-05
21.85383472101845	2.417654177437467e-05
21.881410701313	2.424887893223421e-05
21.90898668160755	2.432118809844529e-05
21.9365626619021	2.439346413035622e-05
21.96413864219665	2.446570971049557e-05
21.9917146224912	2.453792613918223e-05
22.01929060278575	2.461010724180168e-05
22.0468665830803	2.468226424186492e-05
22.07444256337485	2.475438853830511e-05
22.1020185436694	2.482648350072657e-05
22.12959452396395	2.489854749071679e-05
22.1571705042585	2.497058022618318e-05
22.18474648455305	2.504258248710209e-05
22.2123224648476	2.511455272670793e-05
22.23989844514215	2.518649393495935e-05
22.2674744254367	2.525840372481708e-05
22.29505040573125	2.533028279279982e-05
22.3226263860258	2.540213287187862e-05
22.35020236632035	2.54739487182752e-05
22.3777783466149	2.554573446655881e-05
22.40535432690945	2.561748892865626e-05
22.432930307204	2.568920903716099e-05
22.46050628749855	2.576090096930621e-05
22.4880822677931	2.583256064507927e-05
22.51565824808765	2.590419149071492e-05
22.5432342283822	2.597579312745966e-05
22.57081020867675	2.604735478731104e-05
22.5983861889713	2.611888825008009e-05
22.62596216926585	2.619038994404596e-05
22.6535381495604	2.626185920260684e-05
22.68111412985495	2.633329794787373e-05
22.7086901101495	2.640470384666296e-05
22.73626609044405	2.647607801573295e-05
22.7638420707386	2.654742483260383e-05
22.79141805103315	2.661873590926689e-05
22.8189940313277	2.669001392027934e-05
22.84657001162225	2.676125933926916e-05
22.87414599191681	2.683247238565096e-05
22.90172197221136	2.690365320402694e-05
22.92929795250591	2.697480171370603e-05
22.95687393280046	2.704591799204934e-05
22.98444991309501	2.711700201040448e-05
23.01202589338956	2.718805393565743e-05
23.03960187368411	2.725907187137222e-05
23.06717785397866	2.733005739472566e-05
23.09475383427321	2.740100972271e-05
23.12232981456776	2.74719290454704e-05
23.14990579486231	2.754281342319673e-05
23.17748177515686	2.761366647329382e-05
23.20505775545141	2.76844857790609e-05
23.23263373574596	2.775527689181851e-05
23.26020971604051	2.782602772037544e-05
23.28778569633506	2.789674878211594e-05
23.31536167662961	2.796743130304749e-05
23.34293765692416	2.803808280185304e-05
23.37051363721871	2.81087014179954e-05
23.39808961751326	2.817928631796866e-05
23.42566559780781	2.824983764185402e-05
23.45324157810236	2.832035408663235e-05
23.48081755839691	2.839083684621968e-05
23.50839353869146	2.846128625105685e-05
23.53596951898601	2.853169999559732e-05
23.56354549928056	2.86020834289582e-05
23.59112147957511	2.867242755744912e-05
23.61869745986966	2.874274010967652e-05
23.64627344016421	2.881301447895833e-05
23.67384942045876	2.888325821397531e-05
23.70142540075331	2.895346588163992e-05
23.72900138104786	2.902364061562449e-05
23.75657736134241	2.909377989135552e-05
23.78415334163696	2.916388442101594e-05
23.81172932193151	2.923394798467719e-05
23.83930530222606	2.93039833570604e-05
23.86688128252061	2.937398227149437e-05
23.89445726281516	2.944394788805928e-05
23.92203324310971	2.95138774342925e-05
23.94960922340426	2.958377025590245e-05
23.97718520369881	2.965362893875155e-05
24.00476118399336	2.972345224291266e-05
24.03233716428791	2.979323906328968e-05
24.05991314458246	2.986298913202986e-05
24.08748912487701	2.993270602370475e-05
24.11506510517156	3.000238741484553e-05
24.14264108546611	3.007203227703305e-05
24.17021706576066	3.014164054092858e-05
24.19779304605521	3.021121251470787e-05
24.22536902634976	3.028075014556259e-05
24.25294500664431	3.035025418617945e-05
24.28052098693886	3.041971863421142e-05
24.30809696723341	3.048914696151115e-05
24.33567294752796	3.055853676172943e-05
24.36324892782251	3.062789110790986e-05
24.39082490811706	3.069721253022845e-05
24.41840088841161	3.076649576320295e-05
24.44597686870616	3.083574276545967e-05
24.47355284900071	3.090495168813292e-05
24.50112882929526	3.097412445106065e-05
24.52870480958981	3.104325957058995e-05
24.55628078988436	3.111235820731549e-05
24.58385677017891	3.118141864919388e-05
24.61143275047346	3.125044308910553e-05
24.63900873076801	3.131942902462707e-05
24.66658471106256	3.138838043910095e-05
24.69416069135711	3.145729295226806e-05
24.72173667165166	3.152616745226745e-05
24.74931265194621	3.15950023626272e-05
24.77688863224076	3.166380434366012e-05
24.80446461253531	3.173256805711373e-05
24.83204059282986	3.180129121964902e-05
24.85961657312441	3.186997126220108e-05
24.88719255341896	3.19386207067556e-05
24.91476853371351	3.200723007762561e-05
24.94234451400806	3.207580038874614e-05
24.96992049430261	3.214433345680409e-05
24.99749647459716	3.221282940823341e-05
25.02507245489171	3.228128525320919e-05
25.05264843518626	3.234970241371915e-05
25.08022441548081	3.241808180220992e-05
25.10780039577536	3.248642254205483e-05
25.13537637606991	3.255472224918304e-05
25.16295235636446	3.262298411829405e-05
25.19052833665901	3.269120844586577e-05
25.21810431695356	3.275936933469916e-05
25.24568029724811	3.282751932050672e-05
25.27325627754266	3.289563109529907e-05
25.30083225783721	3.29637043325236e-05
25.32840823813176	3.303173815772303e-05
25.35598421842631	3.309973146781808e-05
25.38356019872086	3.316769054684073e-05
25.41113617901541	3.323560714745762e-05
25.43871215930996	3.330349960858965e-05
25.46628813960452	3.337129542586626e-05
25.49386411989907	3.3439129936342e-05
25.52144010019362	3.350687721527192e-05
25.54901608048817	3.357457710887131e-05
25.57659206078272	3.364222791316248e-05
25.60416804107727	3.3709830900458e-05
25.63174402137182	3.377738198141482e-05
25.65932000166637	3.384488291944799e-05
25.68689598196092	3.391233076712157e-05
25.71447196225547	3.397972800728519e-05
25.74204794255002	3.404707693183733e-05
25.76962392284457	3.411416874499514e-05
25.79719990313912	3.418143435056407e-05
25.82477588343367	3.424866427670293e-05
25.85235186372822	3.431585879716224e-05
25.87992784402277	3.438301513632135e-05
25.90750382431732	3.445013410396132e-05
25.93507980461187	3.451721384848679e-05
25.96265578490642	3.458425350218945e-05
25.99023176520097	3.46512263084234e-05
26.01780774549552	3.471809918337699e-05
26.04538372579007	3.478509840263263e-05
26.07295970608462	3.485194213073328e-05
26.10053568637917	3.491878192470145e-05
26.12811166667372	3.498557732768814e-05
26.15568764696827	3.50523291382012e-05
26.18326362726282	3.511903302784492e-05
26.21083960755737	3.518568841605175e-05
26.23841558785192	3.525229495449691e-05
26.26599156814647	3.53188468541804e-05
26.29356754844102	3.538516577151349e-05
26.32114352873557	3.545162766008432e-05
26.34871950903012	3.551805107048353e-05
26.37629548932467	3.558443589668216e-05
26.40387146961922	3.565077748890689e-05
26.43144744991377	3.571707819614963e-05
26.45902343020832	3.578333376611755e-05
26.48659941050287	3.584954455868593e-05
26.51417539079742	3.591570732073849e-05
26.54175137109197	3.598182011376019e-05
26.56932735138652	3.604767528859475e-05
26.59690333168107	3.611373033672575e-05
26.62447931197562	3.617972602545782e-05
26.65205529227017	3.624568384209871e-05
26.67963127256472	3.631160398168379e-05
26.70720725285927	3.637748504101763e-05
26.73478323315382	3.644332243790007e-05
26.76235921344837	3.650911610377964e-05
26.78993519374292	3.657486338221403e-05
26.81751117403747	3.664056229861586e-05
26.84508715433202	3.670620809183511e-05
26.87266313462657	3.677170966191618e-05
26.90023911492112	3.683728079859087e-05
26.92781509521567	3.690280931230529e-05
26.95539107551022	3.696829347867108e-05
26.98296705580477	3.703373150732389e-05
27.01054303609932	3.709912142244216e-05
27.03811901639387	3.716446279934472e-05
27.06569499668842	3.722975164471486e-05
27.09327097698297	3.729498773408039e-05
27.12084695727752	3.736016939943503e-05
27.14842293757207	3.742511271466239e-05
27.17599891786662	3.749016120689374e-05
27.20357489816117	3.755519116690089e-05
27.23115087845572	3.762018069851752e-05
27.25872685875027	3.768512844190187e-05
27.28630283904482	3.775003279165821e-05
27.31387881933937	3.781489198316691e-05
27.34145479963392	3.787970228072683e-05
27.36903077992847	3.79444656007109e-05
27.39660676022302	3.800918241086141e-05
27.42418274051757	3.807384068813618e-05
27.45175872081212	3.813825274181663e-05
27.47933470110667	3.8202814863573e-05
27.50691068140122	3.826733832108419e-05
27.53448666169577	3.833182159381227e-05
27.56206264199032	3.839626604002833e-05
27.58963862228487	3.846066743989633e-05
27.61721460257942	3.85250250703546e-05
27.64479058287397	3.858933759546967e-05
27.67236656316852	3.865360345500778e-05
27.69994254346307	3.87178179289673e-05
27.72751852375762	3.878197712978229e-05
27.75509450405217	3.884611381780139e-05
27.78267048434672	3.891005739450587e-05
27.81024646464127	3.897407679176772e-05
27.83782244493582	3.903805011614356e-05
27.86539842523037	3.910197393687894e-05
27.89297440552492	3.916584865283051e-05
27.92055038581947	3.922967364946902e-05
27.94812636611402	3.929344891527499e-05
27.97570234640857	3.935716327950885e-05
28.00327832670312	3.942082255250193e-05
28.03085430699767	3.948442669524809e-05
28.05843028729223	3.954794399579064e-05
28.08600626758678	3.961123189676266e-05
28.11358224788133	3.96747084745992e-05
28.14115822817588	3.973810263468834e-05
28.16873420847043	3.980145438322132e-05
28.19631018876498	3.986475687361057e-05
28.22388616905953	3.992801232777359e-05
28.25146214935408	3.999121390143219e-05
28.27903812964863	4.005436502833103e-05
28.30661410994318	4.011746578568881e-05
28.33419009023773	4.018051157472632e-05
28.36176607053228	4.024350308025618e-05
28.38934205082683	4.03064698892796e-05
28.41691803112138	4.036912079540688e-05
28.44449401141593	4.043195904543301e-05
28.47206999171048	4.049475024317942e-05
28.49964597200503	4.055749948938854e-05
28.52722195229958	4.062019749682513e-05
28.55479793259413	4.068285168534433e-05
28.58237391288868	4.074545285286844e-05
28.60994989318323	4.080800930543656e-05
28.63752587347778	4.087051575501466e-05
28.66510185377233	4.09329680248824e-05
28.69267783406688	4.099533935799195e-05
28.72025381436143	4.105773581748528e-05
28.74782979465598	4.111988382901567e-05
28.77540577495053	4.118217265698716e-05
28.80298175524508	4.124433174787384e-05
28.83055773553963	4.130646380580144e-05
28.85813371583418	4.136854544199769e-05
28.88570969612873	4.143057414013938e-05
28.91328567642328	4.149255236874113e-05
28.94086165671783	4.155446930779205e-05
28.96843763701238	4.161632657057609e-05
28.99601361730693	4.167812650587967e-05
29.02358959760148	4.173986851682204e-05
29.05116557789603	4.180151710767713e-05
29.07874155819058	4.186316424612108e-05
29.10631753848513	4.192448563009892e-05
29.13389351877968	4.198604199548645e-05
29.16146949907423	4.204748329904805e-05
29.18904547936878	4.210889033801833e-05
29.21662145966333	4.217024283933832e-05
29.24419743995788	4.223154858015591e-05
29.27177342025243	4.229279346419893e-05
29.29934940054698	4.235398675960577e-05
29.32692538084153	4.24151220914373e-05
29.35450136113608	4.247620156630366e-05
29.38207734143063	4.253720771144024e-05
29.40965332172518	4.259815305249485e-05
29.43722930201973	4.265909542844956e-05
29.46480528231428	4.271969791461118e-05
29.49238126260883	4.278052140705019e-05
29.51995724290338	4.284123424125425e-05
29.54753322319793	4.290192434486301e-05
29.57510920349248	4.296256589053296e-05
29.60268518378703	4.302315384210646e-05
29.63026116408158	4.308368943306881e-05
29.65783714437613	4.314416195178607e-05
29.68541312467068	4.320458925936942e-05
29.71298910496523	4.326498831534995e-05
29.74056508525978	4.332522464669756e-05
29.76814106555433	4.338548104905486e-05
29.79571704584888	4.344572785816405e-05
29.82329302614343	4.350570242569456e-05
29.85086900643798	4.356577813774105e-05
29.87844498673253	4.362585047902963e-05
29.90602096702708	4.368578608725487e-05
29.93359694732163	4.374568957189228e-05
29.96117292761618	4.380553813156892e-05
29.98874890791073	4.386532598197734e-05
30.01632488820528	4.392505933770564e-05
30.04390086849983	4.398468118746365e-05
30.07147684879438	4.404430469730661e-05
30.09905282908893	4.410381310761389e-05
30.12662880938348	4.416328531348669e-05
30.15420478967803	4.422272535822697e-05
30.18178076997258	4.428206972304227e-05
30.20935675026713	4.434109150469834e-05
30.23693273056168	4.440036380343251e-05
30.26450871085623	4.445953251046777e-05
30.29208469115078	4.451862312684661e-05
30.31966067144533	4.457767870444196e-05
30.34723665173988	4.463668359134091e-05
30.37481263203443	4.469558142520593e-05
30.40238861232898	4.475447102813259e-05
30.42996459262353	4.48132893471696e-05
30.45754057291808	4.487204134664102e-05
30.48511655321263	4.493070928301452e-05
30.51269253350718	4.498933791423851e-05
30.54026851380173	4.504794260630826e-05
30.56784449409628	4.510643479487544e-05
30.59542047439083	4.516461080600095e-05
30.62299645468539	4.522298225163224e-05
30.65057243497994	4.528133229061615e-05
30.67814841527449	4.533960249549452e-05
30.70572439556904	4.539773620862018e-05
30.73330037586359	4.545590546366949e-05
30.76087635615814	4.551398647611903e-05
30.78845233645269	4.557201713833657e-05
30.81602831674724	4.562998134705543e-05
30.84360429704179	4.56878884794086e-05
30.87118027733634	4.574569801484086e-05
30.89875625763089	4.580348270634112e-05
30.92633223792544	4.586125598044959e-05
30.95390821821999	4.591891111364739e-05
30.98148419851454	4.597633854350082e-05
31.00906017880909	4.603386724839265e-05
31.03663615910364	4.609135461922376e-05
31.06421213939819	4.614876359165768e-05
31.09178811969274	4.620610546336665e-05
31.11936409998729	4.626334965990183e-05
31.14694008028184	4.632055803246421e-05
31.17451606057639	4.637769864316933e-05
31.20209204087094	4.643477214811499e-05
31.22966802116549	4.649177987193509e-05
31.25724400146004	4.654872058545884e-05
31.28481998175459	4.660555347390376e-05
31.31239596204914	4.666234890776357e-05
31.33997194234369	4.671911156903467e-05
31.36754792263824	4.677577336661749e-05
31.39512390293279	4.68321714585232e-05
31.42269988322734	4.688859485190226e-05
31.45027586352189	4.694506387309976e-05
31.47785184381644	4.700150111756544e-05
31.50542782411099	4.705784208176327e-05
31.53300380440554	4.711411091056443e-05
31.56057978470009	4.717030187383962e-05
31.58815576499464	4.722645414578427e-05
31.61573174528919	4.728252122226674e-05
31.64330772558374	4.733853075796038e-05
31.67088370587829	4.73944669964983e-05
31.69845968617284	4.745031511303542e-05
31.72603566646739	4.750611859524533e-05
31.75361164676194	4.756192091739078e-05
31.78118762705649	4.761755191967258e-05
31.80876360735104	4.767314375058268e-05
31.83633958764559	4.772839180834319e-05
31.86391556794014	4.778384357682269e-05
31.89149154823469	4.783922883124135e-05
31.91906752852924	4.789460081498828e-05
31.94664350882379	4.794985281777943e-05
31.97421948911834	4.800505253599191e-05
32.00179546941289	4.806014308459854e-05
32.02937144970744	4.811521006334119e-05
32.05694743000199	4.81702090980833e-05
32.08452341029654	4.822514475387221e-05
32.11209939059109	4.827998134021479e-05
32.13967537088564	4.833469541487511e-05
32.16725135118019	4.838948939910021e-05
32.19482733147474	4.844421020984156e-05
32.22240331176929	4.849880076541425e-05
0
1000	105.6583745	100000000000000.1
5	0	0	1
5	0	0	0
4.673998997513734	-5.600735393772117e-12
4.701574977808284	-4.587748089068532e-12
4.729150958102834	-4.672576381074963e-12
4.756726938397384	-4.922838226231697e-12
4.784302918691934	-5.205934141601641e-12
4.811878898986484	-5.484127804166058e-12
4.839454879281035	-5.744494807028921e-12
4.867030859575585	-5.982883914913274e-12
4.894606839870135	-6.198714775432497e-12
4.922182820164685	-6.392930654957615e-12
4.949758800459235	-6.567096438199757e-12
4.977334780753785	-6.722976063066779e-12
5.004910761048335	-6.862330468119452e-12
5.032486741342885	-6.986823314919911e-12
5.060062721637435	-7.097981278455205e-12
5.087638701931986	-7.197182321572318e-12
5.115214682226536	-7.285658143658846e-12
5.142790662521086	-7.36450345549192e-12
5.170366642815636	-7.434688130909071e-12
5.197942623110186	-7.497070124191909e-12
5.225518603404736	-7.552408054536371e-12
5.253094583699286	-7.60137292162156e-12
5.280670563993836	-7.644558728523758e-12
5.308246544288386	-7.68249195898797e-12
5.335822524582936	-7.715639946246793e-12
5.363398504877487	-7.744418214795267e-12
5.390974485172037	-7.769196894739095e-12
5.418550465466587	-7.790306312115398e-12
5.446126445761137	-7.808041854683016e-12
5.473702426055687	-7.822668205005145e-12
5.501278406350237	-7.835801438479798e-12
5.528854386644787	-7.844708591389893e-12
5.556430366939337	-7.851063623317907e-12
5.584006347233887	-7.855065447720612e-12
5.611582327528438	-7.856897251332008e-12
5.639158307822988	-7.856727771591306e-12
5.666734288117538	-7.854712480447818e-12
5.694310268412088	-7.850994677394047e-12
5.721886248706638	-7.84570649584558e-12
5.749462229001188	-7.838969827729603e-12
5.777038209295738	-7.830970322219716e-12
5.804614189590288	-7.82161836488161e-12
5.832190169884838	-7.811117422651647e-12
5.859766150179389	-7.799559672679324e-12
5.887342130473939	-7.787030813864857e-12
5.914918110768489	-7.773610499677932e-12
5.942494091063039	-7.759372748831527e-12
5.970070071357589	-7.744386332067352e-12
5.997646051652139	-7.728715134272001e-12
6.025222031946689	-7.712418491489914e-12
6.052798012241239	-7.695595833098568e-12
6.080373992535789	-7.678202995676145e-12
6.107949972830339	-7.660335589488164e-12
6.13552595312489	-7.642038679715037e-12
6.16310193341944	-7.623354250125237e-12
6.19067791371399	-7.604321402510175e-12
6.21825389400854	-7.584976544617902e-12
6.24582987430309	-7.565353566947734e-12
6.27340585459764	-7.545484008825463e-12
6.30098183489219	-7.525397214217564e-12
6.32855781518674	-7.505125722734528e-12
6.35613379548129	-7.484682319449179e-12
6.383709775775841	-7.464097092439937e-12
6.411285756070391	-7.443392010109361e-12
6.438861736364941	-7.422587460243843e-12
6.466437716659491	-7.401702330408966e-12
6.494013696954041	-7.380754069245663e-12
6.521589677248591	-7.35975871847708e-12
6.549165657543141	-7.338730894399548e-12
6.576741637837691	-7.317683671781072e-12
6.604317618132241	-7.296362220720913e-12
6.631893598426791	-7.275274117080162e-12
6.659469578721342	-7.254206182177613e-12
6.687045559015892	-7.233168872117226e-12
6.714621539310442	-7.212171850912757e-12
6.742197519604992	-7.191224043580545e-12
6.769773499899542	-7.17033368546552e-12
6.797349480194092	-7.149508368110954e-12
6.824925460488642	-7.12875508194316e-12
6.852501440783192	-7.108080256012249e-12
6.880077421077742	-7.087486886143755e-12
6.907653401372293	-7.066986574467539e-12
6.935229381666843	-7.046581197612222e-12
6.962805361961393	-7.026275238701991e-12
6.990381342255943	-7.006072776591096e-12
7.017957322550493	-6.985977512997198e-12
7.045533302845043	-6.965992797740278e-12
7.073109283139593	-6.946121652219463e-12
7.100685263434143	-6.926366791252408e-12
7.128261243728693	-6.906730643393598e-12
7.155837224023244	-6.887213917224174e-12
7.183413204317794	-6.867821600640477e-12
7.210989184612344	-6.848553853234831e-12
7.238565164906894	-6.829412113530671e-12
7.266141145201444	-6.810397612936387e-12
7.293717125495994	-6.791511389559271e-12
7.321293105790544	-6.77275430100908e-12
7.348869086085094	-6.754127036258064e-12
7.376445066379644	-6.735630126615099e-12
7.404021046674194	-6.717263955860774e-12
7.431597026968745	-6.699027333325012e-12
7.459173007263295	-6.680923259908513e-12
7.486748987557845	-6.662950427564948e-12
7.514324967852395	-6.645108747111538e-12
7.541900948146945	-6.627398025797201e-12
7.569476928441495	-6.609817974194012e-12
7.597052908736045	-6.592368212616426e-12
7.624628889030595	-6.575048277102863e-12
7.652204869325145	-6.557857624991566e-12
7.679780849619696	-6.540795640120444e-12
7.707356829914246	-6.523861488287543e-12
7.734932810208796	-6.507054698971515e-12
7.762508790503346	-6.490374359051008e-12
7.790084770797896	-6.47381961161272e-12
7.817660751092446	-6.457389545487664e-12
7.845236731386996	-6.441083197810009e-12
7.872812711681546	-6.42489955624189e-12
7.900388691976096	-6.408837560852979e-12
7.927964672270646	-6.392896105636854e-12
7.955540652565197	-6.377074039637765e-12
7.983116632859747	-6.361379783191394e-12
8.010692613154298	-6.345791419252909e-12
8.038268593448848	-6.330318279647604e-12
8.065844573743398	-6.314959094906972e-12
8.093420554037948	-6.299712557588135e-12
8.120996534332498	-6.284577327165312e-12
8.148572514627048	-6.269552033073463e-12
8.176148494921598	-6.254635276815302e-12
8.203724475216148	-6.239825633544166e-12
8.231300455510699	-6.225121653324776e-12
8.258876435805249	-6.210523539911634e-12
8.286452416099799	-6.196026263056303e-12
8.314028396394349	-6.18163003088266e-12
8.341604376688899	-6.167333319841535e-12
8.369180356983449	-6.153134589882521e-12
8.396756337277999	-6.13903228518931e-12
8.424332317572549	-6.125024834899564e-12
8.451908297867099	-6.111110653811917e-12
8.47948427816165	-6.097288143082588e-12
8.5070602584562	-6.083555690913847e-12
8.53463623875075	-6.069810899370174e-12
8.5622122190453	-6.056327984536671e-12
8.58978819933985	-6.042869452766675e-12
8.6173641796344	-6.029487548648455e-12
8.64494015992895	-6.016185270447106e-12
8.6725161402235	-6.002962092334807e-12
8.70009212051805	-5.989816710947052e-12
8.7276681008126	-5.976747559920791e-12
8.755244081107151	-5.963752956075565e-12
8.782820061401701	-5.950831152009589e-12
8.810396041696251	-5.937977106682122e-12
8.837972021990801	-5.925195971763399e-12
8.865548002285351	-5.912482360636916e-12
8.893123982579901	-5.899834355491201e-12
8.920699962874451	-5.887250015188145e-12
8.948275943169001	-5.874727374953584e-12
8.975851923463551	-5.862264446029431e-12
9.003427903758102	-5.849859215289331e-12
9.031003884052652	-5.837509644819683e-12
9.058579864347202	-5.825213671467934e-12
9.086155844641752	-5.812968078688978e-12
9.113731824936302	-5.800773134669215e-12
9.141307805230852	-5.788625526056635e-12
9.168883785525402	-5.776523067830027e-12
9.196459765819952	-5.76446354410028e-12
9.224035746114502	-5.752444707946737e-12
9.251611726409052	-5.740464281182227e-12
9.279187706703603	-5.728519954053321e-12
9.306763686998153	-5.716609384881811e-12
9.334339667292703	-5.704730199652997e-12
9.361915647587253	-5.692876922699471e-12
9.389491627881803	-5.681053659904223e-12
9.417067608176353	-5.669254660501834e-12
9.444643588470903	-5.657477364408051e-12
9.472219568765453	-5.645719173765092e-12
9.499795549060003	-5.633977453390362e-12
9.527371529354554	-5.622249530948822e-12
9.554947509649104	-5.610532696904455e-12
9.582523489943654	-5.598824204294834e-12
9.610099470238204	-5.587121268364197e-12
9.637675450532754	-5.575424319858556e-12
9.665251430827304	-5.563723846250655e-12
9.692827411121854	-5.552020038593007e-12
9.720403391416404	-5.540309924668897e-12
9.747979371710954	-5.528590487446725e-12
9.775555352005505	-5.516858659850967e-12
9.803131332300055	-5.505111315957604e-12
9.830707312594605	-5.493345254282068e-12
9.858283292889155	-5.481557161621832e-12
9.885859273183705	-5.469743521695053e-12
9.913435253478255	-5.457924191522838e-12
9.941011233772805	-5.446056054004701e-12
9.968587214067355	-5.434153073846295e-12
9.996163194361905	-5.422211782684044e-12
10.02373917465646	-5.410228658911517e-12
10.05131515495101	-5.398200126302214e-12
10.07889113524556	-5.386122552609136e-12
10.10646711554011	-5.373992248133062e-12
10.13404309583466	-5.361805464249346e-12
10.16161907612921	-5.349558391880519e-12
10.18919505642376	-5.33724950972856e-12
10.21677103671831	-5.324870035801476e-12
10.24434701701286	-5.312418247472929e-12
10.27192299730741	-5.299890078850691e-12
10.29949897760196	-5.287281406115803e-12
10.32707495789651	-5.274588047069928e-12
10.35465093819106	-5.261805760761447e-12
10.38222691848561	-5.248930247194884e-12
10.40980289878016	-5.235957147128585e-12
10.43737887907471	-5.222882041965481e-12
10.46495485936926	-5.209701758299613e-12
10.49253083966381	-5.196409044435961e-12
10.52010681995836	-5.183000599665093e-12
10.54768280025291	-5.169471777222664e-12
10.57525878054746	-5.1558178781056e-12
10.60283476084201	-5.142034151936868e-12
10.63041074113656	-5.128115797987823e-12
10.65798672143111	-5.114057966365927e-12
10.68556270172566	-5.099855759375929e-12
10.71313868202021	-5.085504233062584e-12
10.74071466231476	-5.070999348489722e-12
10.76829064260931	-5.05633408908202e-12
10.79586662290386	-5.041504339527307e-12
10.82344260319841	-5.026504998904694e-12
10.85101858349296	-5.011330934786338e-12
10.87859456378751	-4.995976985993663e-12
10.90617054408206	-4.980437965589482e-12
10.93374652437661	-4.964708664114257e-12
10.96132250467116	-4.9487838530745e-12
10.98889848496571	-4.932658288691318e-12
11.01647446526026	-4.91632723904677e-12
11.04405044555481	-4.899784337230447e-12
11.07162642584936	-4.883024860711965e-12
11.09920240614391	-4.866043555233869e-12
11.12677838643846	-4.848835175828342e-12
11.15435436673301	-4.831394491959622e-12
11.18193034702756	-4.813716292957942e-12
11.20950632732211	-4.795795393749598e-12
11.23708230761666	-4.777626640886878e-12
11.26465828791121	-4.759204918881028e-12
11.29223426820576	-4.740526151325435e-12
11.31981024850031	-4.721583225746013e-12
11.34738622879486	-4.702372202047665e-12
11.37496220908941	-4.682888198484858e-12
11.40253818938396	-4.66312641091101e-12
11.43011416967851	-4.643082120590438e-12
11.45769014997306	-4.622750702314816e-12
11.48526613026761	-4.602127632819578e-12
11.51284211056216	-4.581208499494452e-12
11.54041809085671	-4.559989009381083e-12
11.56799407115126	-4.538465348324391e-12
11.59557005144581	-4.516632736484033e-12
11.62314603174036	-4.494487680372397e-12
11.65072201203491	-4.47202646981214e-12
11.67829799232946	-4.449245563363768e-12
11.70587397262401	-4.42614159828397e-12
11.73344995291856	-4.402711400684537e-12
11.76102593321311	-4.378951995871487e-12
11.78860191350766	-4.354860618842396e-12
11.81617789380221	-4.330434724918126e-12
11.84375387409676	-4.30567087266165e-12
11.87132985439131	-4.280569343272429e-12
11.89890583468586	-4.255127189112492e-12
11.92648181498041	-4.229342846147817e-12
11.95405779527496	-4.203215019957949e-12
11.98163377556951	-4.176742696445921e-12
12.00920975586406	-4.149925152448993e-12
12.03678573615861	-4.12276196621364e-12
12.06436171645316	-4.095253027696813e-12
12.09193769674771	-4.06739854865419e-12
12.11951367704226	-4.039198513395352e-12
12.14708965733681	-4.010654966158418e-12
12.17466563763136	-3.981768591701636e-12
12.20224161792591	-3.95254098145385e-12
12.22981759822046	-3.922974091579332e-12
12.25739357851501	-3.893070250692237e-12
12.28496955880956	-3.862832167052559e-12
12.31254553910411	-3.832262935199552e-12
12.34012151939866	-3.801366041978865e-12
12.36769749969321	-3.770145371920201e-12
12.39527347998776	-3.738604593230894e-12
12.42284946028231	-3.706749681841306e-12
12.45042544057686	-3.674585132584005e-12
12.47800142087141	-3.642116457124846e-12
12.50557740116597	-3.609349577274921e-12
12.53315338146052	-3.57629082540136e-12
12.56072936175507	-3.542946943929062e-12
12.58830534204962	-3.50932508390535e-12
12.61588132234417	-3.475432802602664e-12
12.64345730263872	-3.441278060137587e-12
12.67103328293327	-3.406869207960373e-12
12.69860926322782	-3.372214992901874e-12
12.72618524352237	-3.3373245738379e-12
12.75376122381692	-3.30220747251768e-12
12.78133720411147	-3.266873580026345e-12
12.80891318440602	-3.231333146938086e-12
12.83648916470057	-3.195596772467221e-12
12.86406514499512	-3.15967539262652e-12
12.89164112528967	-3.123580267407834e-12
12.91921710558422	-3.087322967005422e-12
12.94679308587877	-3.050917109652124e-12
12.97436906617332	-3.014371190802239e-12
13.00194504646787	-2.977699363913489e-12
13.02952102676242	-2.940914297005636e-12
13.05709700705697	-2.904028894647306e-12
13.08467298735152	-2.867056279308874e-12
13.11224896764607	-2.830009771978407e-12
13.13982494794062	-2.792902872088623e-12
13.16740092823517	-2.755749236803865e-12
13.19497690852972	-2.718562659716101e-12
13.22255288882427	-2.681343170759748e-12
13.25012886911882	-2.644133854428531e-12
13.27770484941337	-2.606934720261408e-12
13.30528082970792	-2.569759735751377e-12
13.33285681000247	-2.532622832577569e-12
13.36043279029702	-2.495537885523778e-12
13.38800877059157	-2.458518691547677e-12
13.41558475088612	-2.421578949066087e-12
13.44316073118067	-2.384732237520509e-12
13.47073671147522	-2.34799199728577e-12
13.49831269176977	-2.311385934826104e-12
13.52588867206432	-2.274896993870969e-12
13.55346465235887	-2.238552604163536e-12
13.58104063265342	-2.202365590053646e-12
13.60861661294797	-2.166348604745036e-12
13.63619259324252	-2.130514112559061e-12
13.66376857353707	-2.094874371848991e-12
13.69134455383162	-2.059441418614202e-12
13.71892053412617	-2.02422705085943e-12
13.74649651442072	-1.989242813739645e-12
13.77407249471527	-1.954485598456425e-12
13.80164847500982	-1.919996462179897e-12
13.82922445530437	-1.885771657204779e-12
13.85680043559892	-1.851821458387337e-12
13.88437641589347	-1.818155763514136e-12
13.91195239618802	-1.784784084261772e-12
13.93952837648257	-1.751715538242302e-12
13.96710435677712	-1.718958842133606e-12
13.99468033707167	-1.686522305889194e-12
14.02225631736622	-1.654413828017551e-12
14.04983229766077	-1.6226428853691e-12
14.07740827795532	-1.591212362706151e-12
14.10498425824987	-1.560130931180661e-12
14.13256023854442	-1.529404838632046e-12
14.16013621883897	-1.499039920968148e-12
14.18771219913352	-1.469041602998355e-12
14.21528817942807	-1.439414900156511e-12
14.24286415972262	-1.410164421079148e-12
14.27044014001717	-1.381294371002339e-12
14.29801612031172	-1.352808555938571e-12
14.32559210060627	-1.324710458053028e-12
14.35316808090082	-1.297002934821839e-12
14.38074406119537	-1.269688723753678e-12
14.40832004148992	-1.242770094250728e-12
14.43589602178447	-1.216248946547572e-12
14.46347200207902	-1.190126819460419e-12
14.49104798237357	-1.164404898660019e-12
14.51862396266812	-1.139084025418655e-12
14.54619994296267	-1.114164705782682e-12
14.57377592325722	-1.089647120123211e-12
14.60135190355177	-1.065529896352088e-12
14.62892788384632	-1.041815194385035e-12
14.65650386414087	-1.018501011392526e-12
14.68407984443542	-9.955863117548747e-13
14.71165582472997	-9.730697818427471e-13
14.73923180502452	-9.509498412631112e-13
14.76680778531907	-9.292246541678844e-13
14.79438376561362	-9.07892140590477e-13
14.82195974590817	-8.869499877771426e-13
14.84953572620272	-8.663956614817826e-13
14.87711170649727	-8.4622630528264e-13
14.90468768679182	-8.264392195467169e-13
14.93226366708637	-8.070311459646028e-13
14.95983964738092	-7.879987720599175e-13
14.98741562767547	-7.693386189224797e-13
15.01499160797002	-7.510470519497359e-13
15.04256758826457	-7.331202913806598e-13
15.07014356855912	-7.155544226062779e-13
15.09771954885368	-6.983454062427137e-13
15.12529552914823	-6.814890879542933e-13
15.15287150944278	-6.649807230213243e-13
15.18044748973733	-6.488169768389587e-13
15.20802347003188	-6.329929081510999e-13
15.23559945032643	-6.175039896131247e-13
15.26317543062098	-6.023456223924196e-13
15.29075141091553	-5.87513144478221e-13
15.31832739121008	-5.730018386855653e-13
15.34590337150463	-5.58806940352055e-13
15.37347935179918	-5.449236447271749e-13
15.40105533209373	-5.313471140548668e-13
15.42863131238828	-5.180720393444107e-13
15.45620729268283	-5.050944747666228e-13
15.48378327297738	-4.92409064478035e-13
15.51135925327193	-4.800108976945748e-13
15.53893523356648	-4.678950601433173e-13
15.56651121386103	-4.560566395259757e-13
15.59408719415558	-4.444907306904346e-13
15.62166317445013	-4.331924405167834e-13
15.64923915474468	-4.221568925246831e-13
15.67681513503923	-4.113792312092305e-13
15.70439111533378	-4.008542811695055e-13
15.73196709562833	-3.905779681474733e-13
15.75954307592288	-3.805451670862756e-13
15.78711905621743	-3.707511400415962e-13
15.81469503651198	-3.611911868761635e-13
15.84227101680653	-3.518606482570098e-13
15.86984699710108	-3.427549084267235e-13
15.89742297739563	-3.338693977573943e-13
15.92499895769018	-3.251995950959139e-13
15.95257493798473	-3.167410299092188e-13
15.98015091827928	-3.084890445450719e-13
16.00772689857383	-3.004397806222376e-13
16.03530287886838	-2.925886834088322e-13
16.06287885916293	-2.849314994899192e-13
16.09045483945748	-2.774640333535859e-13
16.11803081975203	-2.701821485946884e-13
16.14560680004658	-2.630817689685212e-13
16.17318278034113	-2.561588793021811e-13
16.20075876063568	-2.494095262711889e-13
16.22833474093023	-2.428298190486882e-13
16.25591072122478	-2.364156819141261e-13
16.28348670151933	-2.301638738549391e-13
16.31106268181388	-2.24070437633337e-13
16.33863866210843	-2.181317332232136e-13
16.36621464240298	-2.12344183967516e-13
16.39379062269753	-2.067042767025032e-13
16.42136660299208	-2.012085617907101e-13
16.44894258328663	-1.958536530686639e-13
16.47651856358118	-1.90636227715158e-13
16.50409454387573	-1.855530260456226e-13
16.53167052417028	-1.806007003439085e-13
16.55924650446483	-1.757764345520123e-13
16.58682248475938	-1.710770007134422e-13
16.61439846505393	-1.664993863444912e-13
16.64197444534848	-1.620406396896075e-13
16.66955042564303	-1.576978692305458e-13
16.69712640593758	-1.534682431491716e-13
16.72470238623213	-1.493489887479645e-13
16.75227836652668	-1.453373918320555e-13
16.77985434682123	-1.414307960564219e-13
16.80743032711578	-1.376264462867153e-13
16.83500630741033	-1.339221291445263e-13
16.86258228770488	-1.303151959901088e-13
16.89015826799943	-1.268032126189897e-13
16.91773424829398	-1.233837985714219e-13
16.94531022858853	-1.200546263990097e-13
16.97288620888308	-1.16813420910794e-13
17.00046218917763	-1.136579584014632e-13
17.02803816947218	-1.105860658641836e-13
17.05561414976673	-1.075956201903845e-13
17.08319013006128	-1.04684464256541e-13
17.11076611035583	-1.018507474946362e-13
17.13834209065038	-9.909240590569406e-14
17.16591807094493	-9.640750670393481e-14
17.19349405123948	-9.379416262334965e-14
17.22107003153403	-9.125053110946185e-14
17.24864601182858	-8.877481350811544e-14
17.27622199212313	-8.636525425274915e-14
17.30379797241768	-8.402014005150117e-14
17.33137395271223	-8.173779907539005e-14
17.35894993300678	-7.951650030366206e-14
17.38652591330133	-7.735486335468708e-14
17.41410189359588	-7.525123233329332e-14
17.44167787389043	-7.320409180938507e-14
17.46925385418498	-7.12119635408206e-14
17.49682983447953	-6.927340573032272e-14
17.52440581477408	-6.738701228570722e-14
17.55198179506863	-6.555141208435182e-14
17.57955777536318	-6.376526824274962e-14
17.60713375565773	-6.202727739191086e-14
17.63470973595228	-6.03361131087541e-14
17.66228571624683	-5.869065475979333e-14
17.68986169654139	-5.708963748803961e-14
17.71743767683594	-5.553188412720963e-14
17.74501365713049	-5.401624735117852e-14
17.77258963742504	-5.254160901779049e-14
17.80016561771959	-5.11068795201875e-14
17.82774159801414	-4.971099714610584e-14
17.85531757830869	-4.835292744554064e-14
17.88289355860324	-4.703166260712935e-14
17.91046953889779	-4.574617106974852e-14
17.93804551919234	-4.449560155259759e-14
17.96562149948689	-4.327897096030874e-14
17.99319747978144	-4.209537130432826e-14
18.02077346007599	-4.094391811743098e-14
18.04834944037054	-3.982374990704875e-14
18.07592542066509	-3.873402761686102e-14
18.10350140095964	-3.767393409686505e-14
18.13107738125419	-3.664267358210904e-14
18.15865336154874	-3.563947118024095e-14
18.18622934184329	-3.466352935885519e-14
18.21380532213784	-3.371420432248969e-14
18.24138130243239	-3.279073619999299e-14
18.26895728272694	-3.189242804772962e-14
18.29653326302149	-3.101860125125619e-14
18.32410924331604	-3.016859508497445e-14
18.35168522361059	-2.934176627926843e-14
18.37926120390514	-2.853748859524014e-14
18.40683718419969	-2.775515240713593e-14
18.43441316449424	-2.699416429253195e-14
18.46198914478879	-2.625391960453897e-14
18.48956512508334	-2.553391316429145e-14
18.51714110537789	-2.483356982362576e-14
18.54471708567244	-2.415235666773525e-14
18.57229306596699	-2.348975497600591e-14
18.59986904626154	-2.284525986945505e-14
18.62744502655609	-2.221837996499321e-14
18.65502100685064	-2.16086370365269e-14
18.68259698714519	-2.101556568290676e-14
18.71017296743974	-2.043871300271176e-14
18.73774894773429	-1.987761138832476e-14
18.76532492802884	-1.933188878944173e-14
18.79290090832339	-1.880110002760775e-14
18.82047688861794	-1.828483871007681e-14
18.84805286891249	-1.77827093463631e-14
18.87562884920704	-1.729432707420831e-14
18.90320482950159	-1.681931739097269e-14
18.93078080979614	-1.635731589046032e-14
18.95835679009069	-1.590796800517656e-14
18.98593277038524	-1.547092875400639e-14
19.01350875067979	-1.504584991404659e-14
19.04108473097434	-1.463243140362587e-14
19.06866071126889	-1.423034265694224e-14
19.09623669156344	-1.383927446831935e-14
19.12381267185799	-1.345892599354725e-14
19.15138865215254	-1.308900453385281e-14
19.17896463244709	-1.272922532478511e-14
19.20654061274164	-1.237931132992991e-14
19.23411659303619	-1.203899303937111e-14
19.26169257333074	-1.170800827282092e-14
19.28926855362529	-1.138608576310298e-14
19.31684453391984	-1.107301170020611e-14
19.34442051421439	-1.076852791202984e-14
19.37199649450894	-1.047239943192501e-14
19.39957247480349	-1.018439766286232e-14
19.42714845509804	-9.904300213571896e-15
19.45472443539259	-9.63189073815303e-15
19.48230041568714	-9.366958779141666e-15
19.50987639598169	-9.109299614017519e-15
19.53745237627624	-8.858714105127545e-15
19.56502835657079	-8.61499926662669e-15
19.59260433686534	-8.377986302145916e-15
19.62018031715989	-8.147482341560962e-15
19.64775629745444	-7.923309025882148e-15
19.67533227774899	-7.705292854845674e-15
19.70290825804354	-7.493265060302802e-15
19.73048423833809	-7.287061482413055e-15
19.75806021863264	-7.086522448619924e-15
19.78563619892719	-6.891492655384031e-15
19.81321217922174	-6.701821052645407e-15
19.84078815951629	-6.517351593232188e-15
19.86836413981084	-6.337960701048352e-15
19.89594012010539	-6.163499941573023e-15
19.92351610039994	-5.993834049891934e-15
19.95109208069449	-5.828831451868697e-15
19.97866806098904	-5.668364167953515e-15
20.00624404128359	-5.5123077190986e-15
20.03382002157814	-5.360541034767944e-15
20.06139600187269	-5.212946363025948e-15
20.08897198216724	-5.069409182686417e-15
20.11654796246179	-4.929813276769276e-15
20.14412394275634	-4.794060488323017e-15
20.17169992305089	-4.66204056061673e-15
20.19927590334544	-4.533650999412003e-15
20.22685188363999	-4.408792113159515e-15
20.25442786393454	-4.28736693922054e-15
20.2820038442291	-4.169281171842061e-15
20.30957982452365	-4.054443091840445e-15
20.3371558048182	-3.942763497955579e-15
20.36473178511275	-3.834155639842285e-15
20.3923077654073	-3.728529806788493e-15
20.41988374570185	-3.625815246747794e-15
20.4474597259964	-3.525926632926806e-15
20.47503570629095	-3.428786306685546e-15
20.5026116865855	-3.334318734269592e-15
20.53018766688005	-3.242450451104647e-15
20.5577636471746	-3.153110007315155e-15
20.58533962746915	-3.066227914456826e-15
20.6129156077637	-2.981736593450348e-15
20.64049158805825	-2.899570323701113e-15
20.6680675683528	-2.819662084877188e-15
20.69564354864735	-2.741956312957862e-15
20.7232195289419	-2.66638931652689e-15
20.75079550923645	-2.592902273824497e-15
20.778371489531	-2.521437976195679e-15
20.80594746982555	-2.451940785599951e-15
20.8335234501201	-2.38435659307981e-15
20.86109943041465	-2.318632778179817e-15
20.8886754107092	-2.254718169307086e-15
20.91625139100375	-2.192563005022908e-15
20.9438273712983	-2.132115937391562e-15
20.97140335159285	-2.073336158508139e-15
20.9989793318874	-2.016174851933902e-15
21.02655531218195	-1.960587487713713e-15
21.0541312924765	-1.906530757636746e-15
21.08170727277105	-1.853962543032094e-15
21.1092832530656	-1.802841883296885e-15
21.13685923336015	-1.753128945149128e-15
21.1644352136547	-1.704784992596872e-15
21.19201119394925	-1.657772357614952e-15
21.2195871742438	-1.612051971032011e-15
21.24716315453835	-1.567593370394765e-15
21.2747391348329	-1.524359391817289e-15
21.30231511512745	-1.48231632598878e-15
21.329891095422	-1.441431388572964e-15
21.35746707571655	-1.40167269589574e-15
21.3850430560111	-1.363009241171445e-15
21.41261903630565	-1.325410871264426e-15
21.4401950166002	-1.288848263981768e-15
21.46777099689475	-1.253292905892313e-15
21.4953469771893	-1.218715306195436e-15
21.52292295748385	-1.185092231983673e-15
21.5504989377784	-1.15239563775294e-15
21.57807491807295	-1.120600009083684e-15
21.6056508983675	-1.089680532309179e-15
21.63322687866205	-1.059613076079572e-15
21.6608028589566	-1.030374173334704e-15
21.68837883925115	-1.001941003683238e-15
21.7159548195457	-9.74291376185104e-16
21.74353079984025	-9.474037125336018e-16
21.7711067801348	-9.212569328596899e-16
21.79868276042935	-8.958303649915783e-16
21.8262587407239	-8.711049642579269e-16
21.85383472101845	-8.470612166324174e-16
21.881410701313	-8.236802900342679e-16
21.90898668160755	-8.009439033735763e-16
21.9365626619021	-7.788342897656541e-16
21.96413864219665	-7.573341764352489e-16
21.9917146224912	-7.364267692107547e-16
22.01929060278575	-7.160957387427209e-16
22.0468665830803	-6.963242322067846e-16
22.07444256337485	-6.770988695791139e-16
22.1020185436694	-6.584036331392835e-16
22.12959452396395	-6.402239143027442e-16
22.1571705042585	-6.225455059503678e-16
22.18474648455305	-6.053545919002504e-16
22.2123224648476	-5.886377366224101e-16
22.23989844514215	-5.723818752046012e-16
22.2674744254367	-5.565743035868862e-16
22.29505040573125	-5.412026691055026e-16
22.3226263860258	-5.262547083276087e-16
22.35020236632035	-5.11719332029218e-16
22.3777783466149	-4.975848881535461e-16
22.40535432690945	-4.838403259885179e-16
22.432930307204	-4.704748981352082e-16
22.46050628749855	-4.574781526993033e-16
22.4880822677931	-4.448399255913993e-16
22.51565824808765	-4.325503329631887e-16
22.5432342283822	-4.205997637935582e-16
22.57081020867675	-4.089788726318717e-16
22.5983861889713	-3.976779832803416e-16
22.62596216926585	-3.866895146845806e-16
22.6535381495604	-3.760042562528939e-16
22.68111412985495	-3.656138440695385e-16
22.7086901101495	-3.555101366817414e-16
22.73626609044405	-3.456850924818654e-16
22.7638420707386	-3.361316756166215e-16
22.79141805103315	-3.268415059116641e-16
22.8189940313277	-3.178077570033558e-16
22.84657001162225	-3.090233204227444e-16
22.87414599191681	-3.004807641037548e-16
22.90172197221136	-2.921745766993029e-16
22.92929795250591	-2.84097673827275e-16
22.95687393280046	-2.762437301185657e-16
22.98444991309501	-2.686065942237947e-16
23.01202589338956	-2.61180284245825e-16
23.03960187368411	-2.539589832713666e-16
23.06717785397866	-2.469370350013445e-16
23.09475383427321	-2.401089394795185e-16
23.12232981456776	-2.334693489186943e-16
23.14990579486231	-2.270126694684163e-16
23.17748177515686	-2.207346780467067e-16
23.20505775545141	-2.146300506157827e-16
23.23263373574596	-2.086940028016189e-16
23.26020971604051	-2.029218818831604e-16
23.28778569633506	-1.973091633408416e-16
23.31536167662961	-1.918514474793776e-16
23.34293765692416	-1.865444561246598e-16
23.37051363721871	-1.81384029394437e-16
23.39808961751326	-1.763661225423462e-16
23.42566559780781	-1.714865048717276e-16
23.45324157810236	-1.667419820322754e-16
23.48081755839691	-1.621285276612911e-16
23.50839353869146	-1.576425233418521e-16
23.53596951898601	-1.532804502651613e-16
23.56354549928056	-1.490388866191423e-16
23.59112147957511	-1.449145050332885e-16
23.61869745986966	-1.409040700795868e-16
23.64627344016421	-1.370044358292537e-16
23.67384942045876	-1.332125434649294e-16
23.70142540075331	-1.295251838965566e-16
23.72900138104786	-1.25939962052975e-16
23.75657736134241	-1.22453822943923e-16
23.78415334163696	-1.190640301627417e-16
23.81172932193151	-1.157679226473693e-16
23.83930530222606	-1.125629127080641e-16
23.86688128252061	-1.094464840970659e-16
23.89445726281516	-1.064161901201541e-16
23.92203324310971	-1.034696517899898e-16
23.94960922340426	-1.006045560210336e-16
23.97718520369881	-9.781847231556509e-17
24.00476118399336	-9.510959759001313e-17
24.03233716428791	-9.247561781505549e-17
24.05991314458246	-8.991446377546879e-17
24.08748912487701	-8.74241232474285e-17
24.11506510517156	-8.50026395078109e-17
24.14264108546611	-8.264810987498053e-17
24.17021706576066	-8.035868428106279e-17
24.19779304605521	-7.813256387563037e-17
24.22536902634976	-7.596799966067043e-17
24.25294500664431	-7.3863153567881e-17
24.28052098693886	-7.181666288882887e-17
24.30809696723341	-6.982677771686423e-17
24.33567294752796	-6.789193353510522e-17
24.36324892782251	-6.601060893388381e-17
24.39082490811706	-6.418132448359172e-17
24.41840088841161	-6.240264163132408e-17
24.44597686870616	-6.06731616213016e-17
24.47355284900071	-5.899152443900918e-17
24.50112882929526	-5.735640777894633e-17
24.52870480958981	-5.576641941762878e-17
24.55628078988436	-5.422053414851959e-17
24.58385677017891	-5.271742719417246e-17
24.61143275047346	-5.125591559315631e-17
24.63900873076801	-4.983484907169627e-17
24.66658471106256	-4.845310913171351e-17
24.69416069135711	-4.710960820056479e-17
24.72173667165166	-4.580328880941247e-17
24.74931265194621	-4.453312279282872e-17
24.77688863224076	-4.329811050742915e-17
24.80446461253531	-4.209719654565252e-17
24.83204059282986	-4.092961245012947e-17
24.85961657312441	-3.979435303318629e-17
24.88719255341896	-3.86905241270243e-17
24.91476853371351	-3.761725621531395e-17
24.94234451400806	-3.657370378965511e-17
24.96992049430261	-3.555904471888757e-17
24.99749647459716	-3.457247963059957e-17
25.02507245489171	-3.36132313026679e-17
25.05264843518626	-3.268054405615383e-17
25.08022441548081	-3.17725995607082e-17
25.10780039577536	-3.089098467899852e-17
25.13537637606991	-3.003386432739446e-17
25.16295235636446	-2.92005463622772e-17
25.19052833665901	-2.839035543314769e-17
25.21810431695356	-2.760263299557623e-17
25.24568029724811	-2.683673725907068e-17
25.27325627754266	-2.609204307885077e-17
25.30083225783721	-2.536794179951052e-17
25.32840823813176	-2.466384105764623e-17
25.35598421842631	-2.398047670714189e-17
25.38356019872086	-2.331453087685436e-17
25.41113617901541	-2.266679991066735e-17
25.43871215930996	-2.203676836988173e-17
25.46628813960452	-2.142393994980249e-17
25.49386411989907	-2.08278369995193e-17
25.52144010019362	-2.024800010855639e-17
25.54901608048817	-1.96839877634496e-17
25.57659206078272	-1.913537607812608e-17
25.60416804107727	-1.860175860294596e-17
25.63174402137182	-1.807766129893507e-17
25.65932000166637	-1.757344428152316e-17
25.68689598196092	-1.708348736053191e-17
25.71447196225547	-1.660739037011766e-17
25.74204794255002	-1.614475853724326e-17
25.76962392284457	-1.569520362566842e-17
25.79719990313912	-1.525834481850143e-17
25.82477588343367	-1.483380938536307e-17
25.85235186372822	-1.442123317222246e-17
25.87992784402277	-1.40202609454077e-17
25.90750382431732	-1.363132194206702e-17
25.93507980461187	-1.325243429314836e-17
25.96265578490642	-1.288408541851718e-17
25.99023176520097	-1.252596893850501e-17
26.01780774549552	-1.217778913623772e-17
26.04538372579007	-1.183926054647555e-17
26.07295970608462	-1.151010756682093e-17
26.10053568637917	-1.119006409006262e-17
26.12811166667372	-1.087887315650369e-17
26.15568764696827	-1.057628662518915e-17
26.18326362726282	-1.02816770039336e-17
26.21083960755737	-9.995627842649121e-18
26.23841558785192	-9.717519447101425e-18
26.26599156814647	-9.44713161526832e-18
26.29356754844102	-9.184250227831583e-18
26.32114352873557	-8.928667090363276e-18
26.34871950903012	-8.680179778618189e-18
26.37629548932467	-8.438591486967527e-18
26.40387146961922	-8.203710879995214e-18
26.43144744991377	-7.975351947267505e-18
26.45902343020832	-7.753315903545366e-18
26.48659941050287	-7.537464895524792e-18
26.51417539079742	-7.327609426829985e-18
26.54175137109197	-7.123583149571062e-18
26.56932735138652	-6.925224313020508e-18
26.59690333168107	-6.732375644420706e-18
26.62447931197562	-6.544884232137582e-18
26.65205529227017	-6.362601411184e-18
26.67963127256472	-6.185382651130444e-18
26.70720725285927	-6.013087446417595e-18
26.73478323315382	-5.845565437616485e-18
26.76235921344837	-5.68271294229123e-18
26.78993519374292	-5.524386612357918e-18
26.81751117403747	-5.370460799944399e-18
26.84508715433202	-5.220813330920098e-18
26.87266313462657	-5.075325414968433e-18
26.90023911492112	-4.933881557392689e-18
26.92781509521567	-4.796369472681921e-18
26.95539107551022	-4.662679999853744e-18
26.98296705580477	-4.532707019583805e-18
27.01054303609932	-4.406336635477178e-18
27.03811901639387	-4.283491250172421e-18
27.06569499668842	-4.164062255430133e-18
27.09327097698297	-4.047954757058635e-18
27.12084695727752	-3.935076485634791e-18
27.14842293757207	-3.825337728600938e-18
27.17599891786662	-3.71865126367231e-18
27.20357489816117	-3.61493229357158e-18
27.23115087845572	-3.514098382102804e-18
27.25872685875027	-3.416069391574664e-18
27.28630283904482	-3.320759110342874e-18
27.31387881933937	-3.228109369432905e-18
27.34145479963392	-3.138037947330317e-18
27.36903077992847	-3.050473187527772e-18
27.39660676022302	-2.965345418360212e-18
27.42418274051757	-2.882586906224971e-18
27.45175872081212	-2.802131834135661e-18
27.47933470110667	-2.723918019610235e-18
27.50691068140122	-2.647876859408482e-18
27.53448666169577	-2.573954867484471e-18
27.56206264199032	-2.502084263082532e-18
27.58963862228487	-2.43222122987182e-18
27.61721460257942	-2.364303707296361e-18
27.64479058287397	-2.298277590842363e-18
27.67236656316852	-2.234090273238266e-18
27.69994254346307	-2.171690604860247e-18
27.72751852375762	-2.111028852699841e-18
27.75509450405217	-2.052056648309888e-18
27.78267048434672	-1.99472678312683e-18
27.81024646464127	-1.938995416094362e-18
27.83782244493582	-1.884809710902695e-18
27.86539842523037	-1.832139489676517e-18
27.89297440552492	-1.780937045110697e-18
27.92055038581947	-1.731161529972193e-18
27.94812636611402	-1.682773230229789e-18
27.97570234640857	-1.635733534764693e-18
28.00327832670312	-1.590004906360608e-18
28.03085430699767	-1.545550853476247e-18
28.05843028729223	-1.502335902663416e-18
28.08600626758678	-1.460325571586364e-18
28.11358224788133	-1.419482482429976e-18
28.14115822817588	-1.379782215257706e-18
28.16873420847043	-1.341189093065421e-18
28.19631018876498	-1.303672287401955e-18
28.22388616905953	-1.267201823844532e-18
28.25146214935408	-1.23174856021931e-18
28.27903812964863	-1.197284165089693e-18
28.30661410994318	-1.163781096611506e-18
28.33419009023773	-1.131212581788816e-18
28.36176607053228	-1.099552596144647e-18
28.38934205082683	-1.068772870930493e-18
28.41691803112138	-1.038855098872765e-18
28.44449401141593	-1.00977230029509e-18
28.47206999171048	-9.815012088709114e-19
28.49964597200503	-9.540192034354296e-19
28.52722195229958	-9.273042913993784e-19
28.55479793259413	-9.01335092469088e-19
28.58237391288868	-8.760908226834719e-19
28.60994989318323	-8.515512787860085e-19
28.63752587347778	-8.276968229787344e-19
28.66510185377233	-8.045060542327655e-19
28.69267783406688	-7.819652984663775e-19
28.72025381436143	-7.600541312509704e-19
28.74782979465598	-7.387549967546259e-19
28.77540577495053	-7.180508262322221e-19
28.80298175524508	-6.979250255176536e-19
28.83055773553963	-6.783614627416052e-19
28.85813371583418	-6.593444562799482e-19
28.88570969612873	-6.408587629368637e-19
28.91328567642328	-6.228895663660478e-19
28.94086165671783	-6.054206676023761e-19
28.96843763701238	-5.884418647438078e-19
28.99601361730693	-5.719376945197506e-19
29.02358959760148	-5.558949135392181e-19
29.05116557789603	-5.40300646671043e-19
29.07874155819058	-5.251423779960482e-19
29.10631753848513	-5.104079422751036e-19
29.13389351877968	-4.960855173740122e-19
29.16146949907423	-4.821636188485478e-19
29.18904547936878	-4.686311005732757e-19
29.21662145966333	-4.554778825330914e-19
29.24419743995788	-4.42703114158794e-19
29.27177342025243	-4.302531199115296e-19
29.29934940054698	-4.181763166649602e-19
29.32692538084153	-4.064346470053101e-19
29.35450136113608	-3.950210238311671e-19
29.38207734143063	-3.839266157753489e-19
29.40965332172518	-3.731426036246245e-19
29.43722930201973	-3.626603561851193e-19
29.46480528231428	-3.52471463873213e-19
29.49238126260883	-3.425667150964995e-19
29.51995724290338	-3.329403233538237e-19
29.54753322319793	-3.235834956017388e-19
29.57510920349248	-3.144886999912319e-19
29.60268518378703	-3.056486132058183e-19
29.63026116408158	-2.970561154504358e-19
29.65783714437613	-2.887042853846037e-19
29.68541312467068	-2.805863950715894e-19
29.71298910496523	-2.7269590498026e-19
29.74056508525978	-2.650264590595933e-19
29.76814106555433	-2.575710562532077e-19
29.79571704584888	-2.50325433376915e-19
29.82329302614343	-2.432829010751667e-19
29.85086900643798	-2.364377782846568e-19
29.87844498673253	-2.297845419599036e-19
29.90602096702708	-2.233178230364597e-19
29.93359694732163	-2.170324024629717e-19
29.96117292761618	-2.109232073040846e-19
29.98874890791073	-2.049853069158575e-19
30.01632488820528	-1.992139091949975e-19
30.04390086849983	-1.936037242553566e-19
30.07147684879438	-1.88151562501142e-19
30.09905282908893	-1.828523695222739e-19
30.12662880938348	-1.777018626073203e-19
30.15420478967803	-1.726958782475049e-19
30.18178076997258	-1.67830369096433e-19
30.20935675026713	-1.631014009806385e-19
30.23693273056168	-1.585051499626055e-19
30.26450871085623	-1.540378994576188e-19
30.29208469115078	-1.49696037405505e-19
30.31966067144533	-1.454755591689261e-19
30.34723665173988	-1.413740975882192e-19
30.37481263203443	-1.373878251468008e-19
30.40238861232898	-1.335135139095853e-19
30.42996459262353	-1.297480258415704e-19
30.45754057291808	-1.260883105198001e-19
30.48511655321263	-1.225314028827363e-19
30.51269253350718	-1.190744210184285e-19
30.54026851380173	-1.15714563992623e-19
30.56784449409628	-1.124491097177326e-19
30.59542047439083	-1.09275037700527e-19
30.62299645468539	-1.061905698375967e-19
30.65057243497994	-1.031928190450571e-19
30.67814841527449	-1.00279352940781e-19
30.70572439556904	-9.744780695005213e-20
30.73330037586359	-9.469588258148995e-20
30.76087635615814	-9.202134573092297e-20
30.78845233645269	-8.942202501429777e-20
30.81602831674724	-8.689581013054226e-20
30.84360429704179	-8.444065025514383e-20
30.87118027733634	-8.205425484068992e-20
30.89875625763089	-7.973531549293968e-20
30.92633223792544	-7.748164243935277e-20
30.95390821821999	-7.529140339324364e-20
30.98148419851454	-7.316281724522226e-20
31.00906017880909	-7.109415281291679e-20
31.03663615910364	-6.908372766222564e-20
31.06421213939819	-6.712990707874692e-20
31.09178811969274	-6.523110344152278e-20
31.11936409998729	-6.338577702941096e-20
31.14694008028184	-6.15919719259143e-20
31.17451606057639	-5.984914707405378e-20
31.20209204087094	-5.815542061204975e-20
31.22966802116549	-5.650941709727996e-20
31.25724400146004	-5.490979681675922e-20
31.28481998175459	-5.335525664305667e-20
31.31239596204914	-5.184452965139406e-20
31.33997194234369	-5.037638440360052e-20
31.36754792263824	-4.894962413152744e-20
31.39512390293279	-4.756308589710326e-20
31.42269988322734	-4.621632159016105e-20
31.45027586352189	-4.49064861161111e-20
31.47785184381644	-4.363381657083984e-20
31.50542782411099	-4.239710805592437e-20
31.53300380440554	-4.119531322647319e-20
31.56057978470009	-4.002743726101449e-20
31.58815576499464	-3.889252022115588e-20
31.61573174528919	-3.778963185965416e-20
31.64330772558374	-3.671786937499742e-20
31.67088370587829	-3.56763560914925e-20
31.69845968617284	-3.466424049260115e-20
31.72603566646739	-3.368069541185095e-20
31.75361164676194	-3.272491730468458e-20
31.78118762705649	-3.179612556795778e-20
31.80876360735104	-3.089356189139176e-20
31.83633958764559	-3.00164896330577e-20
31.86391556794014	-2.916419321464685e-20
31.89149154823469	-2.83359775341197e-20
31.91906752852924	-2.753116739429256e-20
31.94664350882379	-2.674910694643782e-20
31.97421948911834	-2.598915914826683e-20
32.00179546941289	-2.525070523583027e-20
32.02937144970744	-2.453314420896277e-20
32.05694743000199	-2.383589232995531e-20
32.08452341029654	-2.315838263516747e-20
32.11209939059109	-2.250006445930884e-20
32.13967537088564	-2.186040297212653e-20
32.16725135118019	-2.123887872723913e-20
32.19482733147474	-2.063498722285786e-20
32.22240331176929	-2.004823847413391e-20
