0
1000	105.6583745	100000000000000.1
5	0	0	1
5	0	0	0
4.673998997513734	4.091116181748599e-08
4.701574977808284	8.367279563942862e-08
4.729150958102834	1.260337555259103e-07
4.756726938397384	1.718836302742694e-07
4.784302918691934	2.220711691391309e-07
4.811878898986484	2.768250212832126e-07
4.839454879281035	3.361690700721767e-07
4.867030859575585	4.000498566685857e-07
4.894606839870135	4.683864976486055e-07
4.922182820164685	5.410927297710906e-07
4.949758800459235	6.180871150851405e-07
4.977334780753785	6.992976871778457e-07
5.004910761048335	7.84663832238875e-07
5.032486741342885	8.741367583783156e-07
5.060062721637435	9.676792473323866e-07
5.087638701931986	1.065265057611352e-06
5.115214682226536	1.166878179027831e-06
5.142790662521086	1.272512047143834e-06
5.170366642815636	1.38216877548126e-06
5.197942623110186	1.495858434790699e-06
5.225518603404736	1.613598392511481e-06
5.253094583699286	1.735412716472486e-06
5.280670563993836	1.861331641892495e-06
5.308246544288386	1.991391098132646e-06
5.335822524582936	2.125632290438711e-06
5.363398504877487	2.264101331490078e-06
5.390974485172037	2.406848917604534e-06
5.418550465466587	2.55393004471787e-06
5.446126445761137	2.705403759644596e-06
5.473702426055687	2.861332942556871e-06
5.501278406350237	3.021796636806182e-06
5.528854386644787	3.186872335976981e-06
5.556430366939337	3.356597622092053e-06
5.584006347233887	3.531059361386137e-06
5.611582327528438	3.710350149474817e-06
5.639158307822988	3.894528857361887e-06
5.666734288117538	4.083668474745448e-06
5.694310268412088	4.27789837865705e-06
5.721886248706638	4.477284479069217e-06
5.749462229001188	4.681917612971253e-06
5.777038209295738	4.891919405453089e-06
5.804614189590288	5.107370478069156e-06
5.832190169884838	5.328396665590722e-06
5.859766150179389	5.555085642160403e-06
5.887342130473939	5.787549941787094e-06
5.914918110768489	6.025945765305549e-06
5.942494091063039	6.27033444398637e-06
5.970070071357589	6.520880387543509e-06
5.997646051652139	6.777696640799075e-06
6.025222031946689	7.040915000096911e-06
6.052798012241239	7.310678446812803e-06
6.080373992535789	7.587123717844222e-06
6.107949972830339	7.870385298073455e-06
6.13552595312489	8.160624288132999e-06
6.16310193341944	8.457972328870328e-06
6.19067791371399	8.762602875359484e-06
6.21825389400854	9.074694689659562e-06
6.24582987430309	9.394388933885361e-06
6.27340585459764	9.57691553097631e-06
6.30098183489219	1.00572494489138e-05
6.32855781518674	1.04007865603598e-05
6.35613379548129	1.075262350700088e-05
6.383709775775841	1.111298660282075e-05
6.411285756070391	1.148204734787224e-05
6.438861736364941	1.185997704312127e-05
6.466437716659491	1.224702302823886e-05
6.494013696954041	1.264335959524744e-05
6.521589677248591	1.304925345468374e-05
6.549165657543141	1.346489531379145e-05
6.576741637837691	1.389047773756929e-05
6.604317618132241	1.43262705288029e-05
6.631893598426791	1.465930463539808e-05
6.659469578721342	1.522940927234887e-05
6.687045559015892	1.569728902990252e-05
6.714621539310442	1.617633991019239e-05
6.742197519604992	1.66668659010116e-05
6.769773499899542	1.716912342879285e-05
6.797349480194092	1.768340206102912e-05
6.824925460488642	1.820995594817154e-05
6.852501440783192	1.874910208410004e-05
6.880077421077742	1.930117916039631e-05
6.907653401372293	1.986642962059681e-05
6.935229381666843	2.044522566631097e-05
6.962805361961393	2.103781951324818e-05
6.990381342255943	2.151082226023589e-05
7.017957322550493	2.226590905895582e-05
7.045533302845043	2.290207408019364e-05
7.073109283139593	2.355345400786237e-05
7.100685263434143	2.422046271180563e-05
7.128261243728693	2.490340624487159e-05
7.155837224023244	2.560271728817505e-05
7.183413204317794	2.631876791544776e-05
7.210989184612344	2.705201738420268e-05
7.238565164906894	2.780281905230192e-05
7.266141145201444	2.857160706363339e-05
7.293717125495994	2.935886389835498e-05
7.321293105790544	3.016500262860156e-05
7.348869086085094	3.099049363219365e-05
7.376445066379644	3.183546662606392e-05
7.404021046674194	3.270147264506975e-05
7.431597026968745	3.358790198423589e-05
7.459173007263295	3.449566054094871e-05
7.486748987557845	3.542524777421686e-05
7.514324967852395	3.637726330005513e-05
7.541900948146945	3.735215519288775e-05
7.569476928441495	3.835054578453954e-05
7.597052908736045	3.937298587820225e-05
7.624628889030595	4.042010014383154e-05
7.652204869325145	4.149249689369075e-05
7.679780849619696	4.259076145161874e-05
7.707356829914246	4.371553943893564e-05
7.734932810208796	4.459192672773448e-05
7.762508790503346	4.604731116427073e-05
7.790084770797896	4.725571759407313e-05
7.817660751092446	4.849332690177147e-05
7.845236731386996	4.976087950034585e-05
7.872812711681546	5.105915993745784e-05
7.900388691976096	5.238888091248724e-05
7.927964672270646	5.37508785803319e-05
7.955540652565197	5.514594435252743e-05
7.983116632859747	5.657484625611744e-05
8.010692613154298	5.803844858630715e-05
8.038268593448848	5.953762907358621e-05
8.065844573743398	6.107325053702398e-05
8.093420554037948	6.264623400736371e-05
8.120996534332498	6.425750369962666e-05
8.148572514627048	6.590799593843477e-05
8.176148494921598	6.759868153765972e-05
8.203724475216148	6.933059101723669e-05
8.231300455510699	7.110474133341168e-05
8.258876435805249	7.292216446151119e-05
8.286452416099799	7.478403857210025e-05
8.314028396394349	7.669133136394753e-05
8.341604376688899	7.864517367886161e-05
8.369180356983449	8.064682904129251e-05
8.396756337277999	8.269741320655607e-05
8.424332317572549	8.47981939706272e-05
8.451908297867099	8.695033314380321e-05
8.47948427816165	8.91552548998278e-05
8.5070602584562	9.14142443489386e-05
8.53463623875075	9.372851544383858e-05
8.5622122190453	9.608400760660986e-05
8.58978819933985	9.851939039482357e-05
8.6173641796344	0.0001010030255956929
8.64494015992895	0.0001035343682988978
8.6725161402235	0.0001061631072930223
8.70009212051805	0.0001088264580549567
8.7276681008126	0.0001115861054261057
8.755244081107151	0.0001143938154252414
8.782820061401701	0.0001172886412478192
8.810396041696251	0.0001202302081181845
8.837972021990801	0.0001232732165743328
8.865548002285351	0.0001263654383240907
8.893123982579901	0.0001295636579229032
8.920699962874451	0.0001328218021971386
8.948275943169001	0.0001361797639520206
8.975851923463551	0.0001395921190296945
9.003427903758102	0.0001431258458254888
9.031003884052652	0.0001467410041573213
9.058579864347202	0.0001504283650023984
9.086155844641752	0.0001542294832430295
9.113731824936302	0.0001581113394383943
9.141307805230852	0.0001621062432161391
9.168883785525402	0.0001661761003261031
9.196459765819952	0.0001703801484017038
9.224035746114502	0.0001746846346134856
9.251611726409052	0.000179079906835882
9.279187706703603	0.0001836078191452741
9.306763686998153	0.000188233737457759
9.334339667292703	0.0001929949732490887
9.361915647587253	0.0001978738668368593
9.389491627881803	0.0002028567846267084
9.417067608176353	0.0002079897906329706
9.444643588470903	0.0002132261568125824
9.472219568765453	0.0002186287017603478
9.499795549060003	0.0002241616710487432
9.527371529354554	0.0002298222479801087
9.554947509649104	0.000235644563122509
9.582523489943654	0.0002416088448878877
9.610099470238204	0.0002477083130309127
9.637675450532754	0.0002539863631897586
9.665251430827304	0.0002603925213426313
9.692827411121854	0.0002670037718601463
9.720403391416404	0.0002737764695542563
9.747979371710954	0.0002807022032062626
9.775555352005505	0.0002878269672989113
9.803131332300055	0.0002951316672839172
9.830707312594605	0.0003025889183914182
9.858283292889155	0.0003102819814170639
9.885859273183705	0.0003181651668616113
9.913435253478255	0.0003262448989362587
9.941011233772805	0.0003345112776205269
9.968587214067355	0.000343019095157929
9.996163194361905	0.0003517356217499403
10.02373917465646	0.0003598940670476958
10.05131515495101	0.0003698372445894611
10.07889113524556	0.0003792454254395509
10.10646711554011	0.0003888649737966349
10.13404309583466	0.0003987684584813312
10.16161907612921	0.0004089219760541142
10.18919505642376	0.0004193343878472489
10.21677103671831	0.0004299862215273556
10.24434701701286	0.0004409441689442459
10.27192299730741	0.0004521800723690857
10.29949897760196	0.0004636798306517115
10.32707495789651	0.0004755038803771801
10.35465093819106	0.0004876270661645718
10.38222691848561	0.0005000566071575503
10.40980289878016	0.0005127765242839462
10.43737887907471	0.0005258620201516067
10.46495485936926	0.0005392753636168272
10.49253083966381	0.0005530311137856307
10.52010681995836	0.0005671107670311491
10.54768280025291	0.0005815868034219333
10.57525878054746	0.0005960970346360062
10.60283476084201	0.0006116487540886795
10.63041074113656	0.0006272399020101243
10.65798672143111	0.0006432492922746133
10.68556270172566	0.0006596667329749137
10.71313868202021	0.0006765018485324817
10.74071466231476	0.0006937309421325895
10.76829064260931	0.0007114449563423759
10.79586662290386	0.000729604200781598
10.82344260319841	0.0007482233142649871
10.85101858349296	0.0007673130640858038
10.87859456378751	0.000786863226434703
10.90617054408206	0.0008069428255200308
10.93374652437661	0.0008275305358625946
10.96132250467116	0.000848631642478276
10.98889848496571	0.0008702495374830093
11.01647446526026	0.0008924421933553124
11.04405044555481	0.0009151893589379209
11.07162642584936	0.0009385107843167055
11.09920240614391	0.000962419214402562
11.12677838643846	0.0009868994581572605
11.15435436673301	0.001012032505827213
11.18193034702756	0.001037792908733671
11.20950632732211	0.001064198122867975
11.23708230761666	0.001091263589617859
11.26465828791121	0.001118973390087356
11.29223426820576	0.001147414578587822
11.31981024850031	0.001176559922693481
11.34738622879486	0.001206429418924001
11.37496220908941	0.001237041471631641
11.40253818938396	0.001268385466374727
11.43011416967851	0.001300534181763797
11.45769014997306	0.001333474503070472
11.48526613026761	0.001367225500698508
11.51284211056216	0.001401803730335151
11.54041809085671	0.001437192916926048
11.56799407115126	0.001473499867885269
11.59557005144581	0.001510687115242948
11.62314603174036	0.001548780923310454
11.65072201203491	0.001587399873326644
11.67829799232946	0.001627753404543586
11.70587397262401	0.001668647084731506
11.73344995291856	0.001710570318093973
11.76102593321311	0.001753495525680641
11.78860191350766	0.00179745016797774
11.81617789380221	0.001842454846114502
11.84375387409676	0.001888532068984355
11.87132985439131	0.00193568343743228
11.89890583468586	0.001983976317494233
11.92648181498041	0.002033408377864066
11.95405779527496	0.002084002591201247
11.98163377556951	0.00213578261079444
12.00920975586406	0.002188772553890076
12.03678573615861	0.002242956877957813
12.06436171645316	0.002298446106605599
12.09193769674771	0.002355212845992895
12.11951367704226	0.002413283708074583
12.14708965733681	0.002472684380618863
12.17466563763136	0.002533441989859333
12.20224161792591	0.002595527532219801
12.22981759822046	0.002659079527915594
12.25739357851501	0.002724055655451153
12.28496955880956	0.002790485016746064
12.31254553910411	0.002858394354484788
12.34012151939866	0.002927807117718129
12.36769749969321	0.002998752438880907
12.39527347998776	0.003071230329816209
12.42284946028231	0.003145324199111202
12.45042544057686	0.003221024142685595
12.47800142087141	0.003298358925735917
12.50557740116597	0.003377348237977405
12.53315338146052	0.003458026572719452
12.56072936175507	0.003540415799799427
12.58830534204962	0.003624500345632342
12.61588132234417	0.003710177978286269
12.64345730263872	0.003798088431874787
12.67103328293327	0.003887579859467731
12.69860926322782	0.003978911479608153
12.72618524352237	0.004072105342699792
12.75376122381692	0.004167185102704588
12.78133720411147	0.004264176991661549
12.80891318440602	0.004363068475889891
12.83648916470057	0.004463961089859877
12.86406514499512	0.004566834559020148
12.89164112528967	0.004671711528120103
12.91921710558422	0.004778615576382441
12.94679308587877	0.004887568211145978
12.97436906617332	0.004998592929978173
13.00194504646787	0.005111681140288321
13.02952102676242	0.005226914182546847
13.05709700705697	0.005344281618937317
13.08467298735152	0.005463800025568196
13.11224896764607	0.005585489437792803
13.13982494794062	0.005709368372597746
13.16740092823517	0.005835454405702653
13.19497690852972	0.00596376235142955
13.22255288882427	0.00609431392424199
13.25012886911882	0.006227081082374256
13.27770484941337	0.00636216708666023
13.30528082970792	0.006499538143482786
13.33285681000247	0.006639207071533243
13.36043279029702	0.00678118673515495
13.38800877059157	0.006925488771436783
13.41558475088612	0.007072119849365605
13.44316073118067	0.007221099641257128
13.47073671147522	0.007372377346029333
13.49831269176977	0.007526084350487727
13.52588867206432	0.007682156111922933
13.55346465235887	0.007840605201405284
13.58104063265342	0.008001429211972657
13.60861661294797	0.008164627557753412
13.63619259324252	0.008330220107021813
13.66376857353707	0.00849820566725352
13.69134455383162	0.008668579126943982
13.71892053412617	0.008841341777757054
13.74649651442072	0.009016469982984629
13.77407249471527	0.009194026176319505
13.80164847500982	0.009373963664621655
13.82922445530437	0.009556267759599134
13.85680043559892	0.009740956975927089
13.88437641589347	0.009926704466141656
13.91195239618802	0.01011745876215435
13.93952837648257	0.0103092439133633
13.96710435677712	0.0105033797875217
13.99468033707167	0.0106998596705557
14.02225631736622	0.01089863079478773
14.04983229766077	0.01109976639414465
14.07740827795532	0.01130320061781479
14.10498425824987	0.01150893235709496
14.13256023854442	0.01171694969683281
14.16013621883897	0.01192722630125079
14.18771219913352	0.01213974495443591
14.21528817942807	0.01235450060809986
14.24286415972262	0.0125714746274506
14.27044014001717	0.01279065486672184
14.29801612031172	0.01301194208523787
14.32559210060627	0.01323546264946567
14.35316808090082	0.0134611157186213
14.38074406119537	0.01368888653591236
14.40832004148992	0.01391875638893116
14.43589602178447	0.0141506894483467
14.46347200207902	0.01438468288859458
14.49104798237357	0.0146207017342097
14.51862396266812	0.0148587310007031
14.54619994296267	0.01509873497852143
14.57377592325722	0.0153406891115016
14.60135190355177	0.0155845482144995
14.62892788384632	0.01583035140009174
14.65650386414087	0.01607803239419011
14.68407984443542	0.01632613427863338
14.71165582472997	0.01657892733646068
14.73923180502452	0.01683208961094351
14.76680778531907	0.01708702405634735
14.79438376561362	0.0173436958739066
14.82195974590817	0.01760209563939411
14.84953572620272	0.01786217523032639
14.87711170649727	0.01812392672216693
14.90468768679182	0.01838731100544696
14.93226366708637	0.01865224849848875
14.95983964738092	0.01891883700183148
14.98741562767547	0.01918695871317294
15.01499160797002	0.01945661157939001
15.04256758826457	0.01972775594263123
15.07014356855912	0.02000036266752547
15.09771954885368	0.02027441322369384
15.12529552914823	0.02054986749099727
15.15287150944278	0.02082671048157363
15.18044748973733	0.02110490642551827
15.20802347003188	0.0213844286696027
15.23559945032643	0.02166524923701522
15.26317543062098	0.02194728313010483
15.29075141091553	0.02223063516850986
15.31832739121008	0.02251520392986429
15.34590337150463	0.02280096429990121
15.37347935179918	0.02308788107491895
15.40105533209373	0.02337593963975563
15.42863131238828	0.02366511018999528
15.45620729268283	0.02395536961009257
15.48378327297738	0.02424668752493009
15.51135925327193	0.02453904504013898
15.53893523356648	0.02483241417241386
15.56651121386103	0.02512676731703434
15.59408719415558	0.02542208865021258
15.62166317445013	0.02571834370977931
15.64923915474468	0.02601546303597126
15.67681513503923	0.02631354886330754
15.70439111533378	0.02661248682034775
15.73196709562833	0.02691226893046071
15.75954307592288	0.02721286184732517
15.78711905621743	0.02751426751252838
15.81469503651198	0.02781645308684563
15.84227101680653	0.02811939727832504
15.86984699710108	0.02842307910167553
15.89742297739563	0.02872747791060358
15.92499895769018	0.02903256503375548
15.95257493798473	0.02933833824944654
15.98015091827928	0.0296447705349824
16.00772689857383	0.02995183323752239
16.03530287886838	0.03025944959148445
16.06287885916293	0.03056774737180168
16.09045483945748	0.03087662473356509
16.11803081975203	0.0311860704279252
16.14560680004658	0.03149605941981531
16.17318278034113	0.03180657753709504
16.20075876063568	0.03211760327809685
16.22833474093023	0.03242913004987484
16.25591072122478	0.03274113883147554
16.28348670151933	0.03305360774858436
16.31106268181388	0.03336652775844505
16.33863866210843	0.0336798854841488
16.36621464240298	0.0339936515968732
16.39379062269753	0.03430783274189163
16.42136660299208	0.0346224056012102
16.44894258328663	0.03493735897870918
16.47651856358118	0.03525260752889504
16.50409454387573	0.03556828179156838
16.53167052417028	0.03588429399688158
16.55924650446483	0.03620063192370909
16.58682248475938	0.0365172803232498
16.61439846505393	0.03683422590014199
16.64197444534848	0.0371514647080442
16.66955042564303	0.03746897349221183
16.69712640593758	0.03778676152789
16.72470238623213	0.03810479076708192
16.75227836652668	0.03842306993669248
16.77985434682123	0.03874158401383381
16.80743032711578	0.03906031114059186
16.83500630741033	0.03937927791557035
16.86258228770488	0.039698425226045
16.89015826799943	0.04001777919920805
16.91773424829398	0.040337312986071
16.94531022858853	0.04065698764111012
16.97288620888308	0.04097688034319261
17.00046218917763	0.04129692963169718
17.02803816947218	0.04161712939862007
17.05561414976673	0.0419374602375294
17.08319013006128	0.04225794026498733
17.11076611035583	0.04257854636215328
17.13834209065038	0.04289926732604601
17.16591807094493	0.04322010111043827
17.19349405123948	0.04354104397068132
17.22107003153403	0.04386208515753272
17.24864601182858	0.04418321931570388
17.27622199212313	0.04450443155797312
17.30379797241768	0.0448257254498851
17.33137395271223	0.04514710239497156
17.35894993300678	0.04546853686842166
17.38652591330133	0.04579002747937539
17.41410189359588	0.04611158122480788
17.44167787389043	0.04643311106322899
17.46925385418498	0.04675476594954427
17.49682983447953	0.04707645166423732
17.52440581477408	0.04739817626616617
17.55198179506863	0.0477199216905641
17.57955777536318	0.04804169105938653
17.60713375565773	0.04836347430981928
17.63470973595228	0.04868527381941618
17.66228571624683	0.04900708653041565
17.68986169654139	0.04932890205652979
17.71743767683594	0.04965070530694233
17.74501365713049	0.04997251665161124
17.77258963742504	0.05029431845195925
17.80016561771959	0.0506161164532187
17.82774159801414	0.0509378953153217
17.85531757830869	0.05125964793821861
17.88289355860324	0.05158138558748612
17.91046953889779	0.05190309259284654
17.93804551919234	0.05222477121045478
17.96562149948689	0.05254640992184934
17.99319747978144	0.05286794114415689
18.02077346007599	0.05318953115446569
18.04834944037054	0.053511058709203
18.07592542066509	0.05383254707630612
18.10350140095964	0.05415397962157784
18.13107738125419	0.05447536039232517
18.15865336154874	0.05479668186642236
18.18622934184329	0.0551179402578558
18.21380532213784	0.05543914804122351
18.24138130243239	0.0557602878143667
18.26895728272694	0.05608136960250554
18.29653326302149	0.05640238436761318
18.32410924331604	0.05672332440164127
18.35168522361059	0.05704419576370196
18.37926120390514	0.05736498562258596
18.40683718419969	0.05768570168753698
18.43441316449424	0.05800634125289904
18.46198914478879	0.05832689364450441
18.48956512508334	0.05864736113423476
18.51714110537789	0.0589677519840701
18.54471708567244	0.05928806077877728
18.57229306596699	0.05960822569942985
18.59986904626154	0.0599283649287693
18.62744502655609	0.06024840357897184
18.65502100685064	0.06056834240887278
18.68259698714519	0.06088818888374685
18.71017296743974	0.06120793212572852
18.73774894773429	0.06152758104326995
18.76532492802884	0.06184713213571094
18.79290090832339	0.06216657814513277
18.82047688861794	0.06248592722330693
18.84805286891249	0.06280516614285064
18.87562884920704	0.06312430030842563
18.90320482950159	0.06344332239303543
18.93078080979614	0.0637622379270467
18.95835679009069	0.06408103996503393
18.98593277038524	0.06439972807695403
19.01350875067979	0.06471829689077402
19.04108473097434	0.0650367637954673
19.06866071126889	0.06535511302553207
19.09623669156344	0.06567334155394375
19.12381267185799	0.06599146156608136
19.15138865215254	0.0663094612118674
19.17896463244709	0.06662733577097098
19.20654061274164	0.06694500354842793
19.23411659303619	0.06726266118021212
19.26169257333074	0.06758016921062629
19.28926855362529	0.06789757075284832
19.31684453391984	0.06821484222560062
19.34442051421439	0.06853198209763292
19.37199649450894	0.06884899277190441
19.39957247480349	0.06916589591880319
19.42714845509804	0.06948266040228525
19.45472443539259	0.0697992776421389
19.48230041568714	0.07011578073574617
19.50987639598169	0.07043215791912542
19.53745237627624	0.07074840474350798
19.56502835657079	0.07106448428156226
19.59260433686534	0.07138046285822842
19.62018031715989	0.07169630749749198
19.64775629745444	0.07201200871132332
19.67533227774899	0.07232756500114444
19.70290825804354	0.07264299834482391
19.73048423833809	0.07295830837709787
19.75806021863264	0.07327345997355977
19.78563619892719	0.07358847859061796
19.81321217922174	0.07390335652532594
19.84078815951629	0.07421810187208672
19.86836413981084	0.07453268948636742
19.89594012010539	0.07484714748332673
19.92351610039994	0.07516137232056518
19.95109208069449	0.07547556053502007
19.97866806098904	0.0757896043579831
20.00624404128359	0.07610350329631912
20.03382002157814	0.07641588207224202
20.06139600187269	0.07673086632316223
20.08897198216724	0.07704432487637167
20.11654796246179	0.07735764108506483
20.14412394275634	0.0776708145991515
20.17169992305089	0.07798382891733191
20.19927590334544	0.07829668864534742
20.22685188363999	0.07860940959623133
20.25442786393454	0.07892198374073039
20.2820038442291	0.07923441181493573
20.30957982452365	0.07954669918820836
20.3371558048182	0.07985882877644702
20.36473178511275	0.08017080749807083
20.3923077654073	0.08048264626115431
20.41988374570185	0.08079432660227742
20.4474597259964	0.08110585338780982
20.47503570629095	0.08141723221294625
20.5026116865855	0.08172845240449049
20.53018766688005	0.08203951639765192
20.5577636471746	0.08235043093692361
20.58533962746915	0.08266119687230648
20.6129156077637	0.08297180017992767
20.64049158805825	0.08328225482607954
20.6680675683528	0.08359256090238307
20.69564354864735	0.08390270263779756
20.7232195289419	0.08421265096915728
20.75079550923645	0.08452249307717516
20.778371489531	0.08483217541852262
20.80594746982555	0.08514169985960822
20.8335234501201	0.08545105986360851
20.86109943041465	0.08576025373428567
20.8886754107092	0.08606929767242553
20.91625139100375	0.08637818327373931
20.9438273712983	0.08668690926825516
20.97140335159285	0.08699547286977506
20.9989793318874	0.08730388306771952
21.02655531218195	0.08761213230610237
21.0541312924765	0.08792021147787625
21.08170727277105	0.08822814117144347
21.1092832530656	0.08853591093504984
21.13685923336015	0.08884351599097301
21.1644352136547	0.08915095047397985
21.19201119394925	0.08945823303806709
21.2195871742438	0.08976534530270472
21.24716315453835	0.09007228264239497
21.2747391348329	0.09037907018957947
21.30231511512745	0.09068569055520323
21.329891095422	0.09099215058179835
21.35746707571655	0.09129845121600091
21.3850430560111	0.09160456338665222
21.41261903630565	0.09191053729457835
21.4401950166002	0.09221634579058861
21.46777099689475	0.09252196143014005
21.4953469771893	0.09282744562821525
21.52292295748385	0.0931327540835028
21.5504989377784	0.09343787304046207
21.57807491807295	0.09374274151419057
21.6056508983675	0.09404753941942383
21.63322687866205	0.09435218170376097
21.6608028589566	0.09465665214339689
21.68837883925115	0.09496094979921993
21.7159548195457	0.09526507820067655
21.74353079984025	0.09556904000248323
21.7711067801348	0.09587282126406733
21.79868276042935	0.09617643910421235
21.8262587407239	0.09647987919604545
21.85383472101845	0.09678315477978219
21.881410701313	0.09708625446093223
21.90898668160755	0.09738919580317569
21.9365626619021	0.09769195207112069
21.96413864219665	0.09799453571500806
21.9917146224912	0.09829694953587287
22.01929060278575	0.09859916847905319
22.0468665830803	0.09890124339863818
22.07444256337485	0.0992031314802424
22.1020185436694	0.09950484866283295
22.12959452396395	0.09980639017805069
22.1571705042585	0.1001077539515033
22.18474648455305	0.1004089460841339
22.2123224648476	0.1007099612779358
22.23989844514215	0.1010108062067165
22.2674744254367	0.1013114703348966
22.29505040573125	0.1016119589827856
22.3226263860258	0.1019122655068573
22.35020236632035	0.1022123956471959
22.3777783466149	0.1025123530724668
22.40535432690945	0.1028105343465439
22.432930307204	0.1031117137618166
22.46050628749855	0.1034111348663815
22.4880822677931	0.1037103737281912
22.51565824808765	0.1040094474098181
22.5432342283822	0.1043082126891748
22.57081020867675	0.104606943435458
22.5983861889713	0.1049054752916513
22.62596216926585	0.1052038238252817
22.6535381495604	0.1055019894773418
22.68111412985495	0.105799974303862
22.7086901101495	0.1060977745975608
22.73626609044405	0.106395394798325
22.7638420707386	0.1066928465251901
22.79141805103315	0.1069901045082962
22.8189940313277	0.1072871758519787
22.84657001162225	0.1075840641025997
22.87414599191681	0.107880763317869
22.90172197221136	0.1081772845752314
22.92929795250591	0.1084736189527769
22.95687393280046	0.1087697695600697
22.98444991309501	0.1090657394425215
23.01202589338956	0.1093615213003651
23.03960187368411	0.1096571198154757
23.06717785397866	0.1099525353005378
23.09475383427321	0.1102477576378767
23.12232981456776	0.1105427920907484
23.14990579486231	0.110837638956334
23.17748177515686	0.1111323085595109
23.20505775545141	0.1114267671518357
23.23263373574596	0.1117210746667992
23.26020971604051	0.1120151523459615
23.28778569633506	0.1123090725907024
23.31536167662961	0.1126027758846802
23.34293765692416	0.1128963036615298
23.37051363721871	0.1131896409312383
23.39808961751326	0.1134827917179642
23.42566559780781	0.1137757518033295
23.45324157810236	0.114068514835992
23.48081755839691	0.1143610876457288
23.50839353869146	0.1146534713030341
23.53596951898601	0.1149456595253922
23.56354549928056	0.115237658721851
23.59112147957511	0.1155294653095227
23.61869745986966	0.1158210035961007
23.64627344016421	0.1161124257035997
23.67384942045876	0.1164036624662429
23.70142540075331	0.1166946959054938
23.72900138104786	0.1169855391152266
23.75657736134241	0.1172761862629595
23.78415334163696	0.1175666314154349
23.81172932193151	0.1178568555033089
23.83930530222606	0.1181469235561699
23.86688128252061	0.1184367751221956
23.89445726281516	0.118726445399318
23.92203324310971	0.1190159142988321
23.94960922340426	0.119305176827646
23.97718520369881	0.1195942485864196
24.00476118399336	0.1198831224897075
24.03233716428791	0.1201717839860083
24.05991314458246	0.1204602614534514
24.08748912487701	0.1207485297823091
24.11506510517156	0.1210366104490214
24.14264108546611	0.1213244786764823
24.17021706576066	0.1216121545728369
24.19779304605521	0.1218996195420896
24.22536902634976	0.1221868956584509
24.25294500664431	0.1224739792936742
24.28052098693886	0.1227608456881366
24.30809696723341	0.1230475082554084
24.33567294752796	0.123333961336192
24.36324892782251	0.1236202151969435
24.39082490811706	0.12390628001763
24.41840088841161	0.124192137482976
24.44597686870616	0.124477790863541
24.47355284900071	0.1247632359563076
24.50112882929526	0.1250484782478535
24.52870480958981	0.1253335114682519
24.55628078988436	0.1256183435596998
24.58385677017891	0.1259029637908773
24.61143275047346	0.1261873738711271
24.63900873076801	0.126471580742203
24.66658471106256	0.1267555897905788
24.69416069135711	0.1270393871582463
24.72173667165166	0.1273229753892545
24.74931265194621	0.1276063469272587
24.77688863224076	0.1278895333613688
24.80446461253531	0.1281725008421061
24.83204059282986	0.1284552544700785
24.85961657312441	0.1287376771162385
24.88719255341896	0.1290200663575957
24.91476853371351	0.1293021129838248
24.94234451400806	0.1295840420357704
24.96992049430261	0.1298657493098461
24.99749647459716	0.130147251895203
25.02507245489171	0.1304285326611121
25.05264843518626	0.1307095978011664
25.08022441548081	0.1309904559646433
25.10780039577536	0.1312711013928523
25.13537637606991	0.1315515356013144
25.16295235636446	0.1318316990534907
25.19052833665901	0.1321117038130801
25.21810431695356	0.1323913569997459
25.24568029724811	0.1326709444466521
25.27325627754266	0.1329503270727338
25.30083225783721	0.1332294974351027
25.32840823813176	0.1335084507796552
25.35598421842631	0.1337871900102837
25.38356019872086	0.134065736904386
25.41113617901541	0.134343709872525
25.43871215930996	0.1346220719825228
25.46628813960452	0.1348998484723351
25.49386411989907	0.1351776977500838
25.52144010019362	0.1354550846589755
25.54901608048817	0.1357322057494038
25.57659206078272	0.1360090639129765
25.60416804107727	0.1362856600212416
25.63174402137182	0.1365600933939601
25.65932000166637	0.136838030998757
25.68689598196092	0.1371137001749071
25.71447196225547	0.1373892202016302
25.74204794255002	0.1376644241791692
25.76962392284457	0.1379382520257795
25.79719990313912	0.1382130120402499
25.82477588343367	0.1384875700273983
25.85235186372822	0.1387619418603892
25.87992784402277	0.1390361079506577
25.90750382431732	0.1393100715184216
25.93507980461187	0.1395838319882255
25.96265578490642	0.1398573134480179
25.99023176520097	0.1401305155041077
26.01780774549552	0.1404032772984165
26.04538372579007	0.1406757318434058
26.07295970608462	0.1409488829478134
26.10053568637917	0.1412213350080756
26.12811166667372	0.1414935439150048
26.15568764696827	0.1417655115375014
26.18326362726282	0.142037221680815
26.21083960755737	0.1423086813078315
26.23841558785192	0.1425795889880029
26.26599156814647	0.1428506236469702
26.29356754844102	0.1431201887522255
26.32114352873557	0.1433906343650512
26.34871950903012	0.1436608722218598
26.37629548932467	0.1439308504764535
26.40387146961922	0.1442006127259501
26.43144744991377	0.1444701517450586
26.45902343020832	0.1447394477078365
26.48659941050287	0.1450084968215894
26.51417539079742	0.1452773392084925
26.54175137109197	0.1455457916489725
26.56932735138652	0.1458128300259265
26.59690333168107	0.1460810935308866
26.62447931197562	0.1463490404548368
26.65205529227017	0.1466167464806487
26.67963127256472	0.1468842468716341
26.70720725285927	0.1471515317049328
26.73478323315382	0.147418586102602
26.76235921344837	0.1476854042791724
26.78993519374292	0.1479519782883265
26.81751117403747	0.1482183732195018
26.84508715433202	0.1484844700106317
26.87266313462657	0.1487482804459074
26.90023911492112	0.1490151399663449
26.92781509521567	0.1492805496393177
26.95539107551022	0.1495457174226658
26.98296705580477	0.1498106381369285
27.01054303609932	0.1500753032945839
27.03811901639387	0.1503397041563598
27.06569499668842	0.1506038328111542
27.09327097698297	0.1508676851004136
27.12084695727752	0.1511313259223712
27.14842293757207	0.1513934809315485
27.17599891786662	0.151656292466381
27.20357489816117	0.1519190454129736
27.23115087845572	0.1521815780780978
27.25872685875027	0.1524438894822217
27.28630283904482	0.1527059718912002
27.31387881933937	0.1529678186341886
27.34145479963392	0.1532294121693571
27.36903077992847	0.1534907614533657
27.39660676022302	0.1537518515733024
27.42418274051757	0.1540126837385689
27.45175872081212	0.1542720619139042
27.47933470110667	0.1545322967902407
27.50691068140122	0.1547924692251567
27.53448666169577	0.1550522434683476
27.56206264199032	0.1553118895952864
27.58963862228487	0.1555713205113245
27.61721460257942	0.155830515931316
27.64479058287397	0.1560894817466479
27.67236656316852	0.1563482041768751
27.69994254346307	0.1566066432507988
27.72751852375762	0.1568648464203835
27.75509450405217	0.1571228990661684
27.78267048434672	0.1573797631354085
27.81024646464127	0.157637225530551
27.83782244493582	0.1578943171381622
27.86539842523037	0.1581512578511481
27.89297440552492	0.1584079311298675
27.92055038581947	0.1586643401521465
27.94812636611402	0.1589204783680819
27.97570234640857	0.1591763147907746
28.00327832670312	0.1594318571855524
28.03085430699767	0.1596871159618228
28.05843028729223	0.1599418032347156
28.08600626758678	0.160195413901071
28.11358224788133	0.1604499845856009
28.14115822817588	0.1607041750715059
28.16873420847043	0.1609581114332259
28.19631018876498	0.161211789994932
28.22388616905953	0.16146522575675
28.25146214935408	0.1617183784800954
28.27903812964863	0.1619712696351017
28.30661410994318	0.1622238942665046
28.33419009023773	0.1624762333310121
28.36176607053228	0.1627283180243688
28.38934205082683	0.1629802097045728
28.41691803112138	0.1632304519776781
28.44449401141593	0.1634816049907804
28.47206999171048	0.1637327373190283
28.49964597200503	0.1639835444389381
28.52722195229958	0.1642340949814864
28.55479793259413	0.1644844137274338
28.58237391288868	0.1647344639578104
28.60994989318323	0.1649842800658789
28.63752587347778	0.1652338438880805
28.66510185377233	0.1654831310604877
28.69267783406688	0.1657320001225204
28.72025381436143	0.165981016537473
28.74782979465598	0.1662286061984995
28.77540577495053	0.1664771112048111
28.80298175524508	0.1667248207642744
28.83055773553963	0.1669724980041509
28.85813371583418	0.1672198753607442
28.88570969612873	0.1674669734139185
28.91328567642328	0.1677138157956625
28.94086165671783	0.1679603487499239
28.96843763701238	0.1682065744519317
28.99601361730693	0.1684525030180232
29.02358959760148	0.1686981614264113
29.05116557789603	0.1689427529783424
29.07874155819058	0.1691880837602562
29.10631753848513	0.1694318353345787
29.13389351877968	0.1696765556920539
29.16146949907423	0.1699205075845811
29.18904547936878	0.170164508426605
29.21662145966333	0.1704081546294133
29.24419743995788	0.17065156525074
29.27177342025243	0.1708946659598957
29.29934940054698	0.1711374948693551
29.32692538084153	0.1713800366770925
29.35450136113608	0.1716223082064227
29.38207734143063	0.1718641688608536
29.40965332172518	0.1721060877710821
29.43722930201973	0.17234742662498
29.46480528231428	0.1725870378467373
29.49238126260883	0.1728280368575376
29.51995724290338	0.1730685007571375
29.54753322319793	0.173308660187465
29.57510920349248	0.1735487308764541
29.60268518378703	0.1737885058320701
29.63026116408158	0.1740280118407492
29.65783714437613	0.1742672104623527
29.68541312467068	0.1745060266307835
29.71298910496523	0.1747447007159502
29.74056508525978	0.1749829742156525
29.76814106555433	0.1752208496487287
29.79571704584888	0.1754589545249443
29.82329302614343	0.1756956906367296
29.85086900643798	0.1759329143470388
29.87844498673253	0.1761701297224772
29.90602096702708	0.1764066653028898
29.93359694732163	0.1766429193694557
29.96117292761618	0.1768789967242677
29.98874890791073	0.1771147381925279
30.01632488820528	0.1773501864090857
30.04390086849983	0.1775853446247584
30.07147684879438	0.1778203779733627
30.09905282908893	0.1780544139830363
30.12662880938348	0.1782886426544399
30.15420478967803	0.1785226567978017
30.18178076997258	0.1787561236602825
30.20935675026713	0.1789879503894153
30.23693273056168	0.1792211473173258
30.26450871085623	0.1794538088628477
30.29208469115078	0.179684616353537
30.31966067144533	0.1799180471623881
30.34723665173988	0.1801499257978649
30.37481263203443	0.1803814276985208
30.40238861232898	0.1806139444171863
30.42996459262353	0.1808434697225248
30.45754057291808	0.1810740709260278
30.48511655321263	0.1813042470544291
30.51269253350718	0.1815343117143244
30.54026851380173	0.1817641880542809
30.56784449409628	0.1819933501004397
30.59542047439083	0.1822209794961704
30.62299645468539	0.1824496897778412
30.65057243497994	0.1826783038044202
30.67814841527449	0.1829064985119445
30.70572439556904	0.1831342165339704
30.73330037586359	0.183361805320925
30.76087635615814	0.1835890060019232
30.78845233645269	0.1838160535504792
30.81602831674724	0.1840427773156509
30.84360429704179	0.1842692202549868
30.87118027733634	0.1844951549183948
30.89875625763089	0.1847210017019505
30.92633223792544	0.1849467957039959
30.95390821821999	0.1851718924039396
30.98148419851454	0.1853959243406222
31.00906017880909	0.1856204884850945
31.03663615910364	0.1858447440158807
31.06421213939819	0.186069013000713
31.09178811969274	0.1862924388163272
31.11936409998729	0.1865157058869912
31.14694008028184	0.1867384573584239
31.17451606057639	0.1869614155082025
31.20209204087094	0.1871837687821892
31.22966802116549	0.1874058013601928
31.25724400146004	0.1876274904552695
31.28481998175459	0.1878486630221483
31.31239596204914	0.1880697147377245
31.33997194234369	0.1882905459052116
31.36754792263824	0.1885108085317658
31.39512390293279	0.1887292829961073
31.42269988322734	0.1889489931728004
31.45027586352189	0.1891682089532333
31.47785184381644	0.1893875563022926
31.50542782411099	0.1896063276974043
31.53300380440554	0.1898248090406039
31.56057978470009	0.1900428553858756
31.58815576499464	0.1902604701906614
31.61573174528919	0.19047811509252
31.64330772558374	0.1906953153488218
31.67088370587829	0.1909121636879759
31.69845968617284	0.1911285791699287
31.72603566646739	0.1913446979495162
31.75361164676194	0.191560915183845
31.78118762705649	0.1917763329212452
31.80876360735104	0.1919913402353294
31.83633958764559	0.1922048304853873
31.86391556794014	0.1924191673820901
31.89149154823469	0.1926333772240147
31.91906752852924	0.1928474879861351
31.94664350882379	0.1930610761101991
31.97421948911834	0.1932744039225698
32.00179546941289	0.1934872043715565
32.02937144970744	0.193700004208382
32.05694743000199	0.1939122317206859
32.08452341029654	0.1941242079787828
32.11209939059109	0.1943357809160489
32.13967537088564	0.194547220810464
32.16725135118019	0.19475848803723
32.19482733147474	0.1949693183903866
32.22240331176929	0.1951796474861799
0
1000	105.6583745	100000000000000.1
5	0	0	1
5	0	0	0
4.673998997513734	-1.662265354418933e-08
4.701574977808284	-1.382514637847829e-08
4.729150958102834	-1.422007277581817e-08
4.756726938397384	-1.508073993910847e-08
4.784302918691934	-1.602018585916068e-08
4.811878898986484	-1.692936966061876e-08
4.839454879281035	-1.777210145761003e-08
4.867030859575585	-1.853790771669131e-08
4.894606839870135	-1.922667869218435e-08
4.922182820164685	-1.984261542697274e-08
4.949758800459235	-2.03915698619911e-08
4.977334780753785	-2.087981042617971e-08
5.004910761048335	-2.131344366757257e-08
5.032486741342885	-2.169815543215883e-08
5.060062721637435	-2.20391124222911e-08
5.087638701931986	-2.234094464927016e-08
5.115214682226536	-2.260776764982364e-08
5.142790662521086	-2.284322275844019e-08
5.170366642815636	-2.305052392947669e-08
5.197942623110186	-2.323250509792198e-08
5.225518603404736	-2.339166507154724e-08
5.253094583699286	-2.35302085965607e-08
5.280670563993836	-2.365008313752225e-08
5.308246544288386	-2.375301138973285e-08
5.335822524582936	-2.384051978234752e-08
5.363398504877487	-2.391396333715089e-08
5.390974485172037	-2.397454728084155e-08
5.418550465466587	-2.402334580205998e-08
5.446126445761137	-2.406131831795371e-08
5.473702426055687	-2.408932358001411e-08
5.501278406350237	-2.411238983319408e-08
5.528854386644787	-2.412208079941469e-08
5.556430366939337	-2.412361400124769e-08
5.584006347233887	-2.411762992511048e-08
5.611582327528438	-2.410471808992281e-08
5.639158307822988	-2.408542133056998e-08
5.666734288117538	-2.406023973592984e-08
5.694310268412088	-2.40296342598274e-08
5.721886248706638	-2.399403002548755e-08
5.749462229001188	-2.39538193449071e-08
5.777038209295738	-2.390981775061368e-08
5.804614189590288	-2.386139347423011e-08
5.832190169884838	-2.380933878469798e-08
5.859766150179389	-2.375394804119092e-08
5.887342130473939	-2.369549479443999e-08
5.914918110768489	-2.363423327856728e-08
5.942494091063039	-2.357039980197983e-08
5.970070071357589	-2.350421403962439e-08
5.997646051652139	-2.343588023033795e-08
6.025222031946689	-2.336558828327801e-08
6.052798012241239	-2.32935594945671e-08
6.080373992535789	-2.32198741868094e-08
6.107949972830339	-2.314467602706728e-08
6.13552595312489	-2.306819916680412e-08
6.16310193341944	-2.299052425850011e-08
6.19067791371399	-2.291178169080854e-08
6.21825389400854	-2.283208806753352e-08
6.24582987430309	-2.275155148324356e-08
6.27340585459764	-2.267027253740273e-08
6.30098183489219	-2.258834494042038e-08
6.32855781518674	-2.250580768180002e-08
6.35613379548129	-2.24228409648946e-08
6.383709775775841	-2.233947205123412e-08
6.411285756070391	-2.225577069485963e-08
6.438861736364941	-2.21718016692608e-08
6.466437716659491	-2.208762505519157e-08
6.494013696954041	-2.200329646791043e-08
6.521589677248591	-2.191886719761479e-08
6.549165657543141	-2.183438420699158e-08
6.576741637837691	-2.174988986019137e-08
6.604317618132241	-2.16646648515029e-08
6.631893598426791	-2.158016755572081e-08
6.659469578721342	-2.149578773770804e-08
6.687045559015892	-2.141155871895375e-08
6.714621539310442	-2.132751132474975e-08
6.742197519604992	-2.124367406383651e-08
6.769773499899542	-2.116007329327863e-08
6.797349480194092	-2.107673337001418e-08
6.824925460488642	-2.099367679033793e-08
6.852501440783192	-2.091092431842765e-08
6.880077421077742	-2.082846797921153e-08
6.907653401372293	-2.074638299406462e-08
6.935229381666843	-2.066465707101725e-08
6.962805361961393	-2.058330472113424e-08
6.990381342255943	-2.050233918151694e-08
7.017957322550493	-2.042177250770673e-08
7.045533302845043	-2.034161565856751e-08
7.073109283139593	-2.026187857432576e-08
7.100685263434143	-2.018257024837979e-08
7.128261243728693	-2.010369879343119e-08
7.155837224023244	-2.002525683417305e-08
7.183413204317794	-1.994728199187328e-08
7.210989184612344	-1.986976471568442e-08
7.238565164906894	-1.979270993680722e-08
7.266141145201444	-1.971612193604459e-08
7.293717125495994	-1.964000439147383e-08
7.321293105790544	-1.956436042218678e-08
7.348869086085094	-1.948919262844809e-08
7.376445066379644	-1.941450312858408e-08
7.404021046674194	-1.934029359288034e-08
7.431597026968745	-1.92665554404359e-08
7.459173007263295	-1.919331000884233e-08
7.486748987557845	-1.912054797778045e-08
7.514324967852395	-1.904826948449206e-08
7.541900948146945	-1.897647434306083e-08
7.569476928441495	-1.890516206884706e-08
7.597052908736045	-1.883433190097934e-08
7.624628889030595	-1.876398282307685e-08
7.652204869325145	-1.869411358236107e-08
7.679780849619696	-1.862472270729948e-08
7.707356829914246	-1.855580471354531e-08
7.734932810208796	-1.848736572734758e-08
7.762508790503346	-1.841939984415032e-08
7.790084770797896	-1.835190483357986e-08
7.817660751092446	-1.828487830451024e-08
7.845236731386996	-1.821831771594513e-08
7.872812711681546	-1.815222038669216e-08
7.900388691976096	-1.808658350384477e-08
7.927964672270646	-1.802140413005978e-08
7.955540652565197	-1.795667920958726e-08
7.983116632859747	-1.789243629892036e-08
8.010692613154298	-1.782860411297414e-08
8.038268593448848	-1.776521654276959e-08
8.065844573743398	-1.77022698349913e-08
8.093420554037948	-1.763976030769863e-08
8.120996534332498	-1.757768427395415e-08
8.148572514627048	-1.751603801381212e-08
8.176148494921598	-1.745481776385359e-08
8.203724475216148	-1.739401971388851e-08
8.231300455510699	-1.733364000681209e-08
8.258876435805249	-1.727378377724143e-08
8.286452416099799	-1.721422136436274e-08
8.314028396394349	-1.715505563807213e-08
8.341604376688899	-1.709628280579784e-08
8.369180356983449	-1.703789948954334e-08
8.396756337277999	-1.697990279856846e-08
8.424332317572549	-1.692229042589378e-08
8.451908297867099	-1.686506077748689e-08
8.47948427816165	-1.680821314702807e-08
8.5070602584562	-1.67517479553873e-08
8.53463623875075	-1.66353574821315e-08
8.5622122190453	-1.660558683840921e-08
8.58978819933985	-1.656367994115795e-08
8.6173641796344	-1.651828474233474e-08
8.64494015992895	-1.647169090792007e-08
8.6725161402235	-1.642475800147651e-08
8.70009212051805	-1.63778753788497e-08
8.7276681008126	-1.633124060526692e-08
8.755244081107151	-1.628496111746575e-08
8.782820061401701	-1.623909751489254e-08
8.810396041696251	-1.619267454977934e-08
8.837972021990801	-1.614795245634555e-08
8.865548002285351	-1.610372274108761e-08
8.893123982579901	-1.605997091777768e-08
8.920699962874451	-1.601668337677854e-08
8.948275943169001	-1.597384721612112e-08
8.975851923463551	-1.593145011563672e-08
9.003427903758102	-1.588948024138633e-08
9.031003884052652	-1.584792617178931e-08
9.058579864347202	-1.580677683954808e-08
9.086155844641752	-1.576590488184602e-08
9.113731824936302	-1.572553688064837e-08
9.141307805230852	-1.568555272820977e-08
9.168883785525402	-1.564594430105094e-08
9.196459765819952	-1.560670481134523e-08
9.224035746114502	-1.556783007941078e-08
9.251611726409052	-1.552932186485203e-08
9.279187706703603	-1.549119853635198e-08
9.306763686998153	-1.545354278994479e-08
9.334339667292703	-1.541694214293565e-08
9.361915647587253	-1.53778229115564e-08
9.389491627881803	-1.534075553376872e-08
9.417067608176353	-1.530397814627959e-08
9.444643588470903	-1.526748301916921e-08
9.472219568765453	-1.523126241255225e-08
9.499795549060003	-1.51953085743073e-08
9.527371529354554	-1.515961373776263e-08
9.554947509649104	-1.512417011934068e-08
9.582523489943654	-1.508896991616371e-08
9.610099470238204	-1.505400530362331e-08
9.637675450532754	-1.501926495940888e-08
9.665251430827304	-1.498474832486177e-08
9.692827411121854	-1.495044392151837e-08
9.720403391416404	-1.491634376918035e-08
9.747979371710954	-1.488243984244586e-08
9.775555352005505	-1.484872406921615e-08
9.803131332300055	-1.481518832908567e-08
9.830707312594605	-1.478182445162532e-08
9.858283292889155	-1.474862421456727e-08
9.885859273183705	-1.471557934190058e-08
9.913435253478255	-1.468267622645783e-08
9.941011233772805	-1.464991764014209e-08
9.968587214067355	-1.461728963582918e-08
9.996163194361905	-1.458478362592872e-08
10.02373917465646	-1.455239094578882e-08
10.05131515495101	-1.452010285360159e-08
10.07889113524556	-1.448791053000364e-08
10.10646711554011	-1.445580507740887e-08
10.13404309583466	-1.442377751910696e-08
10.16161907612921	-1.439181879815932e-08
10.18919505642376	-1.435990791604674e-08
10.21677103671831	-1.432806112192887e-08
10.24434701701286	-1.429625618579331e-08
10.27192299730741	-1.426448349742786e-08
10.29949897760196	-1.423273336291606e-08
10.32707495789651	-1.420099600528048e-08
10.35465093819106	-1.416926156422539e-08
10.38222691848561	-1.413752009522942e-08
10.40980289878016	-1.410576156817467e-08
10.43737887907471	-1.407397586565106e-08
10.46495485936926	-1.404215610302784e-08
10.49253083966381	-1.401028507991421e-08
10.52010681995836	-1.397835570208806e-08
10.54768280025291	-1.394635749118522e-08
10.57525878054746	-1.391427987899771e-08
10.60283476084201	-1.388211220678615e-08
10.63041074113656	-1.384984372577714e-08
10.65798672143111	-1.381746359946616e-08
10.68556270172566	-1.378496090880731e-08
10.71313868202021	-1.375232466226588e-08
10.74071466231476	-1.371956552190832e-08
10.76829064260931	-1.368662984246655e-08
10.79586662290386	-1.365352528051846e-08
10.82344260319841	-1.362024005816083e-08
10.85101858349296	-1.358676227440456e-08
10.87859456378751	-1.355307990358245e-08
10.90617054408206	-1.351918079396224e-08
10.93374652437661	-1.348505266656869e-08
10.96132250467116	-1.345068311421778e-08
10.98889848496571	-1.341605960076389e-08
11.01647446526026	-1.338117332710591e-08
11.04405044555481	-1.334600348158181e-08
11.07162642584936	-1.331054094025008e-08
11.09920240614391	-1.327477266344207e-08
11.12677838643846	-1.323868550041353e-08
11.15435436673301	-1.320226619163032e-08
11.18193034702756	-1.316550137149079e-08
11.20950632732211	-1.312837757150232e-08
11.23708230761666	-1.309088122392904e-08
11.26465828791121	-1.305299866592743e-08
11.29223426820576	-1.301471853547858e-08
11.31981024850031	-1.297602200790607e-08
11.34738622879486	-1.293689755460687e-08
11.37496220908941	-1.289733120137659e-08
11.40253818938396	-1.285730891770491e-08
11.43011416967851	-1.281681662450322e-08
11.45769014997306	-1.277584020250353e-08
11.48526613026761	-1.273436550134941e-08
11.51284211056216	-1.26923783493997e-08
11.54041809085671	-1.264986456426565e-08
11.56799407115126	-1.260681034210522e-08
11.59557005144581	-1.256320069917332e-08
11.62314603174036	-1.251902190522595e-08
11.65072201203491	-1.247425986554498e-08
11.67829799232946	-1.242890053949268e-08
11.70587397262401	-1.238292995516259e-08
11.73344995291856	-1.233633422484567e-08
11.76102593321311	-1.228909956132344e-08
11.78860191350766	-1.224121229499815e-08
11.81617789380221	-1.219265889186793e-08
11.84375387409676	-1.2143425330105e-08
11.87132985439131	-1.209349970704531e-08
11.89890583468586	-1.204286841988889e-08
11.92648181498041	-1.199151867861992e-08
11.95405779527496	-1.193943792684527e-08
11.98163377556951	-1.188661386383078e-08
12.00920975586406	-1.183303446731451e-08
12.03678573615861	-1.177868801708197e-08
12.06436171645316	-1.172356311928478e-08
12.09193769674771	-1.166764873148019e-08
12.11951367704226	-1.161093334740946e-08
12.14708965733681	-1.15534084264685e-08
12.17466563763136	-1.149506334154267e-08
12.20224161792591	-1.143588872177538e-08
12.22981759822046	-1.137587567727691e-08
12.25739357851501	-1.131501582683767e-08
12.28496955880956	-1.125330132604134e-08
12.31254553910411	-1.119072489572012e-08
12.34012151939866	-1.112727985068828e-08
12.36769749969321	-1.106296012868617e-08
12.39527347998776	-1.099775870073111e-08
12.42284946028231	-1.093167418281543e-08
12.45042544057686	-1.086470098049348e-08
12.47800142087141	-1.07968358095307e-08
12.50557740116597	-1.072807614477287e-08
12.53315338146052	-1.065842024772864e-08
12.56072936175507	-1.058786719374187e-08
12.58830534204962	-1.051641689865276e-08
12.61588132234417	-1.044407014484347e-08
12.64345730263872	-1.037082860656074e-08
12.67103328293327	-1.029669716159925e-08
12.69860926322782	-1.022167430240166e-08
12.72618524352237	-1.014576720621888e-08
12.75376122381692	-1.006898140213651e-08
12.78133720411147	-9.991323414108592e-09
12.80891318440602	-9.912800779977495e-09
12.83648916470057	-9.833422068547721e-09
12.86406514499512	-9.753196894754179e-09
12.89164112528967	-9.672135932903958e-09
12.91921710558422	-9.59025092793697e-09
12.94679308587877	-9.507561306068158e-09
12.97436906617332	-9.424067268489726e-09
13.00194504646787	-9.339790340328607e-09
13.02952102676242	-9.254746654414862e-09
13.05709700705697	-9.168953469970772e-09
13.08467298735152	-9.082429172513031e-09
13.11224896764607	-8.995193271393402e-09
13.13982494794062	-8.907266394976829e-09
13.16740092823517	-8.818670283507078e-09
13.19497690852972	-8.729427779792064e-09
13.22255288882427	-8.639521319104015e-09
13.25012886911882	-8.549063020817467e-09
13.27770484941337	-8.458036830486275e-09
13.30528082970792	-8.36646932335187e-09
13.33285681000247	-8.274387846155594e-09
13.36043279029702	-8.181820486027095e-09
13.38800877059157	-8.088796037282046e-09
13.41558475088612	-7.995343966168303e-09
13.44316073118067	-7.901494373613522e-09
13.47073671147522	-7.807277956040291e-09
13.49831269176977	-7.712777201242759e-09
13.52588867206432	-7.61791707412773e-09
13.55346465235887	-7.522780933719207e-09
13.58104063265342	-7.427401817167099e-09
13.60861661294797	-7.331813371443508e-09
13.63619259324252	-7.236049809434187e-09
13.66376857353707	-7.140145864551559e-09
13.69134455383162	-7.044136743996095e-09
13.71892053412617	-6.948058080794841e-09
13.74649651442072	-6.851945884745716e-09
13.77407249471527	-6.75578309375292e-09
13.80164847500982	-6.659717577187247e-09
13.82922445530437	-6.563732956606628e-09
13.85680043559892	-6.467865843041759e-09
13.88437641589347	-6.372152713101675e-09
13.91195239618802	-6.276629850414628e-09
13.93952837648257	-6.181333287782669e-09
13.96710435677712	-6.086298750238301e-09
13.99468033707167	-5.991561599186152e-09
14.02225631736622	-5.89715677780671e-09
14.04983229766077	-5.803126771261681e-09
14.07740827795532	-5.709488756263357e-09
14.10498425824987	-5.616284200932509e-09
14.13256023854442	-5.523545938310496e-09
14.16013621883897	-5.431306167784963e-09
14.18771219913352	-5.339596410440826e-09
14.21528817942807	-5.248447466625092e-09
14.24286415972262	-5.157889375827056e-09
14.27044014001717	-5.067951378964138e-09
14.29801612031172	-4.978661883151391e-09
14.32559210060627	-4.890050961729989e-09
14.35316808090082	-4.802139728760456e-09
14.38074406119537	-4.714956792963832e-09
14.40832004148992	-4.62852699167094e-09
14.43589602178447	-4.542874183715949e-09
14.46347200207902	-4.45802122826529e-09
14.49104798237357	-4.37398996678116e-09
14.51862396266812	-4.290801208018845e-09
14.54619994296267	-4.208474715965073e-09
14.57377592325722	-4.127029200628122e-09
14.60135190355177	-4.046477589027571e-09
14.62892788384632	-3.966846375145384e-09
14.65650386414087	-3.888146275277979e-09
14.68407984443542	-3.810391694850628e-09
14.71165582472997	-3.73359596149211e-09
14.73923180502452	-3.657771331802581e-09
14.76680778531907	-3.582929000221934e-09
14.79438376561362	-3.509079109880241e-09
14.82195974590817	-3.436230765304803e-09
14.84953572620272	-3.364392046850721e-09
14.87711170649727	-3.29357015144959e-09
14.90468768679182	-3.223771008387468e-09
14.93226366708637	-3.154999707031041e-09
14.95983964738092	-3.087260374587882e-09
14.98741562767547	-3.020556210236627e-09
15.01499160797002	-2.954889509406048e-09
15.04256758826457	-2.89026168902481e-09
15.07014356855912	-2.82667331362755e-09
15.09771954885368	-2.764124122205455e-09
15.12529552914823	-2.702613055692125e-09
15.15287150944278	-2.64213569219233e-09
15.18044748973733	-2.582694912686704e-09
15.20802347003188	-2.524284780509487e-09
15.23559945032643	-2.466901297329661e-09
15.26317543062098	-2.41053980111462e-09
15.29075141091553	-2.355194996111622e-09
15.31832739121008	-2.300860982775397e-09
15.34590337150463	-2.247531287564023e-09
15.37347935179918	-2.195198892530043e-09
15.40105533209373	-2.143856264638767e-09
15.42863131238828	-2.093493155249734e-09
15.45620729268283	-2.044105780064503e-09
15.48378327297738	-1.995682945227234e-09
15.51135925327193	-1.948215315400975e-09
15.53893523356648	-1.90169317320189e-09
15.56651121386103	-1.856106446451103e-09
15.59408719415558	-1.81144473477308e-09
15.62166317445013	-1.767697335509778e-09
15.64923915474468	-1.724853268923984e-09
15.67681513503923	-1.682901302669363e-09
15.70439111533378	-1.641828166251691e-09
15.73196709562833	-1.601626003159465e-09
15.75954307592288	-1.562281101888017e-09
15.78711905621743	-1.523781426175921e-09
15.81469503651198	-1.486114792169408e-09
15.84227101680653	-1.449268888844066e-09
15.86984699710108	-1.41323129759271e-09
15.89742297739563	-1.377989510983169e-09
15.92499895769018	-1.343530950692011e-09
15.95257493798473	-1.309842984622416e-09
15.98015091827928	-1.276911408093921e-09
16.00772689857383	-1.244726765164609e-09
16.03530287886838	-1.213274775224686e-09
16.06287885916293	-1.182542726415133e-09
16.09045483945748	-1.152517922117208e-09
16.11803081975203	-1.123187693997318e-09
16.14560680004658	-1.094539414297433e-09
16.17318278034113	-1.066560507391624e-09
16.20075876063568	-1.039238460629875e-09
16.22833474093023	-1.012560834490889e-09
16.25591072122478	-9.865140906008716e-10
16.28348670151933	-9.610884544933888e-10
16.31106268181388	-9.362705417028196e-10
16.33863866210843	-9.120482782271353e-10
16.36621464240298	-8.884097007886513e-10
16.39379062269753	-8.653429637451338e-10
16.42136660299208	-8.428363454340476e-10
16.44894258328663	-8.208782539740064e-10
16.47651856358118	-7.994572325471536e-10
16.50409454387573	-7.785619641858093e-10
16.53167052417028	-7.581802697673656e-10
16.55924650446483	-7.383032475052457e-10
16.58682248475938	-7.189189842582721e-10
16.61439846505393	-7.000167477602069e-10
16.64197444534848	-6.81585959922734e-10
16.66955042564303	-6.636161994960027e-10
16.69712640593758	-6.460972043512691e-10
16.72470238623213	-6.290188734066956e-10
16.75227836652668	-6.123712682166856e-10
16.77985434682123	-5.96144614244398e-10
16.80743032711578	-5.803285299790729e-10
16.83500630741033	-5.649152000196815e-10
16.86258228770488	-5.498945482815121e-10
16.89015826799943	-5.352574525318089e-10
16.91773424829398	-5.20994954455573e-10
16.94531022858853	-5.070982596967088e-10
16.97288620888308	-4.935587376747801e-10
17.00046218917763	-4.803679211932085e-10
17.02803816947218	-4.675175058540149e-10
17.05561414976673	-4.549993492934889e-10
17.08319013006128	-4.428048665514053e-10
17.11076611035583	-4.309275104460429e-10
17.13834209065038	-4.193589940829641e-10
17.16591807094493	-4.080918043299132e-10
17.19349405123948	-3.971185823020591e-10
17.22107003153403	-3.864321220206842e-10
17.24864601182858	-3.760253689545186e-10
17.27622199212313	-3.658914184545596e-10
17.30379797241768	-3.560235140925941e-10
17.33137395271223	-3.464150459130548e-10
17.35894993300678	-3.370590548134227e-10
17.38652591330133	-3.279502607373187e-10
17.41410189359588	-3.190819705890472e-10
17.44167787389043	-3.104481346531056e-10
17.46925385418498	-3.020428385560879e-10
17.49682983447953	-2.938603013657669e-10
17.52440581477408	-2.858948736384742e-10
17.55198179506863	-2.781410354218488e-10
17.57955777536318	-2.705933942195596e-10
17.60713375565773	-2.632466829241521e-10
17.63470973595228	-2.560953887393867e-10
17.66228571624683	-2.4913526798325e-10
17.68986169654139	-2.42361035058294e-10
17.71743767683594	-2.357678982716302e-10
17.74501365713049	-2.293511796513794e-10
17.77258963742504	-2.231063129395926e-10
17.80016561771959	-2.170288415723556e-10
17.82774159801414	-2.111144166514155e-10
17.85531757830869	-2.053587949113235e-10
17.88289355860324	-1.997578366857782e-10
17.91046953889779	-1.943072107603298e-10
17.93804551919234	-1.890035974842431e-10
17.96562149948689	-1.838428521876144e-10
17.99319747978144	-1.788212253462207e-10
18.02077346007599	-1.739350601460733e-10
18.04834944037054	-1.691807906227554e-10
18.07592542066509	-1.645549398074384e-10
18.10350140095964	-1.600541178821716e-10
18.13107738125419	-1.556750203468076e-10
18.15865336154874	-1.51414426199701e-10
18.18622934184329	-1.472689639599362e-10
18.21380532213784	-1.432360645322067e-10
18.24138130243239	-1.393125060428975e-10
18.26895728272694	-1.354953804359911e-10
18.29653326302149	-1.317818536836179e-10
18.32410924331604	-1.281691641764095e-10
18.35168522361059	-1.246546211287405e-10
18.37926120390514	-1.212356030003972e-10
18.40683718419969	-1.179095559360471e-10
18.43441316449424	-1.14673992223728e-10
18.46198914478879	-1.115263123173026e-10
18.48956512508334	-1.084645288801285e-10
18.51714110537789	-1.054861607222102e-10
18.54471708567244	-1.025889672792162e-10
18.57229306596699	-9.977076625323516e-11
18.59986904626154	-9.702943227397242e-11
18.62744502655609	-9.436289557737009e-11
18.65502100685064	-9.176914070252698e-11
18.68259698714519	-8.924620520768065e-11
18.71017296743974	-8.679217840590931e-11
18.73774894773429	-8.44050656636949e-11
18.76532492802884	-8.208334000964348e-11
18.79290090832339	-7.982509933482617e-11
18.82047688861794	-7.762862589549369e-11
18.84805286891249	-7.549224732079897e-11
18.87562884920704	-7.341433552855042e-11
18.90320482950159	-7.139330565820849e-11
18.93078080979614	-6.942761502137776e-11
18.95835679009069	-6.751576207014246e-11
18.98593277038524	-6.565628538355662e-11
19.01350875067979	-6.38476521159669e-11
19.04108473097434	-6.208871166194013e-11
19.06866071126889	-6.037800242783262e-11
19.09623669156344	-5.871421220409058e-11
19.12381267185799	-5.709606381872642e-11
19.15138865215254	-5.552231428091111e-11
19.17896463244709	-5.399175393908173e-11
19.20654061274164	-5.250320565385624e-11
19.23411659303619	-5.105552398598997e-11
19.26169257333074	-4.96475943995564e-11
19.28926855362529	-4.827825148969252e-11
19.31684453391984	-4.694661124270204e-11
19.34442051421439	-4.565156325605056e-11
19.37199649450894	-4.439210783156936e-11
19.39957247480349	-4.316727219897598e-11
19.42714845509804	-4.197610984411267e-11
19.45472443539259	-4.081769984945083e-11
19.48230041568714	-3.969114624701803e-11
19.50987639598169	-3.859557738386319e-11
19.53745237627624	-3.753014530013945e-11
19.56502835657079	-3.64939648525271e-11
19.59260433686534	-3.54863608732487e-11
19.62018031715989	-3.450649049130731e-11
19.64775629745444	-3.355359373366856e-11
19.67533227774899	-3.262693123000346e-11
19.70290825804354	-3.172578369013012e-11
19.73048423833809	-3.084945139169833e-11
19.75806021863264	-2.999725367816037e-11
19.78563619892719	-2.916852846704846e-11
19.81321217922174	-2.836263176855705e-11
19.84078815951629	-2.757888509232306e-11
19.86836413981084	-2.681678934037897e-11
19.89594012010539	-2.607569794150401e-11
19.92351610039994	-2.535503394286301e-11
19.95109208069449	-2.465423608949e-11
19.97866806098904	-2.397275842479362e-11
20.00624404128359	-2.331006989880194e-11
20.03382002157814	-2.2665653984206e-11
20.06139600187269	-2.203900830023917e-11
20.08897198216724	-2.14296442444091e-11
20.11654796246179	-2.083705062174533e-11
20.14412394275634	-2.026084136874131e-11
20.17169992305089	-1.970052975257029e-11
20.19927590334544	-1.915567826072128e-11
20.22685188363999	-1.862586133612685e-11
20.25442786393454	-1.811066506986086e-11
20.2820038442291	-1.76096868999856e-11
20.30957982452365	-1.712253531657727e-11
20.3371558048182	-1.664882957294295e-11
20.36473178511275	-1.618819940302747e-11
20.3923077654073	-1.57402558727824e-11
20.41988374570185	-1.530470982627745e-11
20.4474597259964	-1.488119088330705e-11
20.47503570629095	-1.446936760024152e-11
20.5026116865855	-1.406891761328099e-11
20.53018766688005	-1.367952740384443e-11
20.5577636471746	-1.330089206874043e-11
20.58533962746915	-1.293271509513228e-11
20.6129156077637	-1.257470814029865e-11
20.64049158805825	-1.222659081618131e-11
20.6680675683528	-1.188806741148376e-11
20.69564354864735	-1.155892154819802e-11
20.7232195289419	-1.123887152947929e-11
20.75079550923645	-1.092766640613711e-11
20.778371489531	-1.062506211473525e-11
20.80594746982555	-1.033082129954796e-11
20.8335234501201	-1.004471313811056e-11
20.86109943041465	-9.766513170380817e-12
20.8886754107092	-9.496003131517968e-12
20.91625139100375	-9.232970788277905e-12
20.9438273712983	-8.977192079035636e-12
20.97140335159285	-8.728503743280343e-12
20.9989793318874	-8.486692342676046e-12
21.02655531218195	-8.251567961269455e-12
21.0541312924765	-8.022945902044089e-12
21.08170727277105	-7.80064655171754e-12
21.1092832530656	-7.5844952482738e-12
21.13685923336015	-7.374322151243136e-12
21.1644352136547	-7.169962114735012e-12
21.19201119394925	-6.971254563222856e-12
21.2195871742438	-6.778030352996534e-12
21.24716315453835	-6.590165178315822e-12
21.2747391348329	-6.407497964299929e-12
21.30231511512745	-6.229885050059763e-12
21.329891095422	-6.057186728998216e-12
21.35746707571655	-5.889267145989722e-12
21.3850430560111	-5.725994196668748e-12
21.41261903630565	-5.567239428833496e-12
21.4401950166002	-5.412877945965987e-12
21.46777099689475	-5.262788312865015e-12
21.4953469771893	-5.116842316842863e-12
21.52292295748385	-4.974946589154274e-12
21.5504989377784	-4.836979031126853e-12
21.57807491807295	-4.702831012421605e-12
21.6056508983675	-4.572396894640971e-12
21.63322687866205	-4.445573953499548e-12
21.6608028589566	-4.322262302604961e-12
21.68837883925115	-4.202364818847435e-12
21.7159548195457	-4.085787069394802e-12
21.74353079984025	-3.972437240287463e-12
21.7711067801348	-3.862217935944718e-12
21.79868276042935	-3.755059546441293e-12
21.8262587407239	-3.65086926983226e-12
21.85383472101845	-3.549564972802938e-12
21.881410701313	-3.451066785432145e-12
21.90898668160755	-3.355297042403938e-12
21.9365626619021	-3.262180225398184e-12
21.96413864219665	-3.171642906665541e-12
21.9917146224912	-3.083613693788881e-12
22.01929060278575	-2.998023175629475e-12
22.0468665830803	-2.914798528887616e-12
22.07444256337485	-2.833885414009217e-12
22.1020185436694	-2.755214536755768e-12
22.12959452396395	-2.678723818688326e-12
22.1571705042585	-2.604352893173158e-12
22.18474648455305	-2.532043060962113e-12
22.2123224648476	-2.461737246655795e-12
22.23989844514215	-2.393379956057812e-12
22.2674744254367	-2.326917234424963e-12
22.29505040573125	-2.262296625615365e-12
22.3226263860258	-2.199462351527231e-12
22.35020236632035	-2.138374932376179e-12
22.3777783466149	-2.078981213637955e-12
22.40535432690945	-2.02123427669654e-12
22.432930307204	-1.965088497645203e-12
22.46050628749855	-1.910499513678655e-12
22.4880822677931	-1.85742419015581e-12
22.51565824808765	-1.805820588338269e-12
22.5432342283822	-1.755647933807907e-12
22.57081020867675	-1.706866585565275e-12
22.5983861889713	-1.659434727317204e-12
22.62596216926585	-1.613321822096731e-12
22.6535381495604	-1.568488050599779e-12
22.68111412985495	-1.524897961234151e-12
22.7086901101495	-1.482517081109093e-12
22.73626609044405	-1.441311890662265e-12
22.7638420707386	-1.401249798782424e-12
22.79141805103315	-1.362299118434364e-12
22.8189940313277	-1.324429042790267e-12
22.84657001162225	-1.287609621869644e-12
22.87414599191681	-1.251808899729704e-12
22.90172197221136	-1.217004571011116e-12
22.92929795250591	-1.183166175707599e-12
22.95687393280046	-1.15026692840392e-12
22.98444991309501	-1.118280783609224e-12
23.01202589338956	-1.087182416569072e-12
23.03960187368411	-1.056947204455805e-12
23.06717785397866	-1.027551207941034e-12
23.09475383427321	-9.989711531530334e-13
23.12232981456776	-9.711844140210685e-13
23.14990579486231	-9.441668716546354e-13
23.17748177515686	-9.179016343976699e-13
23.20505775545141	-8.923657089812228e-13
23.23263373574596	-8.675388606561382e-13
23.26020971604051	-8.434014139864133e-13
23.28778569633506	-8.199342383459456e-13
23.31536167662961	-7.971187336991272e-13
23.34293765692416	-7.749368166681168e-13
23.37051363721871	-7.533709068886774e-13
23.39808961751326	-7.324039136556391e-13
23.42566559780781	-7.120175247932495e-13
23.45324157810236	-6.921991769510078e-13
23.48081755839691	-6.729314099329835e-13
23.50839353869146	-6.54198940362766e-13
23.53596951898601	-6.35986907468612e-13
23.56354549928056	-6.182808621371947e-13
23.59112147957511	-6.010667561795623e-13
23.61869745986966	-5.843309318116958e-13
23.64627344016421	-5.680601113513089e-13
23.67384942045876	-5.522413871319088e-13
23.70142540075331	-5.368611470962118e-13
23.72900138104786	-5.219093745378097e-13
23.75657736134241	-5.073732332567742e-13
23.78415334163696	-4.932411599645087e-13
23.81172932193151	-4.795019248733476e-13
23.83930530222606	-4.661446133437414e-13
23.86688128252061	-4.531586152088615e-13
23.89445726281516	-4.405336159648578e-13
23.92203324310971	-4.282595886410203e-13
23.94960922340426	-4.163267860228597e-13
23.97718520369881	-4.047247437675919e-13
24.00476118399336	-3.934463406095263e-13
24.03233716428791	-3.824815996189089e-13
24.05991314458246	-3.718218055404787e-13
24.08748912487701	-3.614584842948475e-13
24.11506510517156	-3.513833967435914e-13
24.14264108546611	-3.415885325731101e-13
24.17021706576066	-3.320661042988701e-13
24.19779304605521	-3.228085413912195e-13
24.22536902634976	-3.138084845235649e-13
24.25294500664431	-3.05058012666942e-13
24.28052098693886	-2.965517932398626e-13
24.30809696723341	-2.882822709739474e-13
24.33567294752796	-2.802428655581721e-13
24.36324892782251	-2.724271788885986e-13
24.39082490811706	-2.648289903663661e-13
24.41840088841161	-2.574422522865111e-13
24.44597686870616	-2.50261085319973e-13
24.47355284900071	-2.432797740914705e-13
24.50112882929526	-2.364927628568571e-13
24.52870480958981	-2.298940406662877e-13
24.55628078988436	-2.234796452647367e-13
24.58385677017891	-2.172438449718626e-13
24.61143275047346	-2.111816745013179e-13
24.63900873076801	-2.052883081474824e-13
24.66658471106256	-1.995590588919588e-13
24.69416069135711	-1.939893834366949e-13
24.72173667165166	-1.885749169972305e-13
24.74931265194621	-1.833118260393437e-13
24.77688863224076	-1.781894967826192e-13
24.80446461253531	-1.732174720929479e-13
24.83204059282986	-1.683813413803408e-13
24.85961657312441	-1.636799071371972e-13
24.88719255341896	-1.591094368371592e-13
24.91476853371351	-1.546662917532023e-13
24.94234451400806	-1.503469307744384e-13
24.96992049430261	-1.461479098364412e-13
24.99749647459716	-1.420658801390729e-13
25.02507245489171	-1.380975859721448e-13
25.05264843518626	-1.342398624127126e-13
25.08022441548081	-1.304837269048729e-13
25.10780039577536	-1.268387291612847e-13
25.13537637606991	-1.232957441750438e-13
25.16295235636446	-1.198518533421865e-13
25.19052833665901	-1.1650420663905e-13
25.21810431695356	-1.132500233167433e-13
25.24568029724811	-1.10086592222088e-13
25.27325627754266	-1.070112717949852e-13
25.30083225783721	-1.040214897866608e-13
25.32840823813176	-1.011147427382597e-13
25.35598421842631	-9.829570390614989e-14
25.38356019872086	-9.554706517694818e-14
25.41113617901541	-9.287379349912757e-14
25.43871215930996	-9.027373000780122e-14
25.46628813960452	-8.774480244420748e-14
25.49386411989907	-8.528502296223397e-14
25.52144010019362	-8.289248628339573e-14
25.54901608048817	-8.05653682146384e-14
25.57659206078272	-7.830192454820337e-14
25.60416804107727	-7.610049036824725e-14
25.63174402137182	-7.393205660400497e-14
25.65932000166637	-7.185300368876004e-14
25.68689598196092	-6.983349273778202e-14
25.71447196225547	-6.787183497140722e-14
25.74204794255002	-6.596635848953643e-14
25.76962392284457	-6.411541526469859e-14
25.79719990313912	-6.231738748124278e-14
25.82477588343367	-6.057069583761391e-14
25.85235186372822	-5.887382669708129e-14
25.87992784402277	-5.722581012694091e-14
25.90750382431732	-5.56286824894351e-14
25.93507980461187	-5.406963044213425e-14
25.96265578490642	-5.255632882707373e-14
25.99023176520097	-5.108523410635646e-14
26.01780774549552	-4.965520691076813e-14
26.04538372579007	-4.826506494887452e-14
26.07295970608462	-4.691365746077629e-14
26.10053568637917	-4.559987262597009e-14
26.12811166667372	-4.432263804413319e-14
26.15568764696827	-4.308091986287291e-14
26.18326362726282	-4.187164569682023e-14
26.21083960755737	-4.069821785539109e-14
26.23841558785192	-3.955758896157254e-14
26.26599156814647	-3.844884343315178e-14
26.29356754844102	-3.737109109926727e-14
26.32114352873557	-3.632346655817611e-14
26.34871950903012	-3.530512854260854e-14
26.37629548932467	-3.43152592945934e-14
26.40387146961922	-3.335306395087142e-14
26.43144744991377	-3.241776993959073e-14
26.45902343020832	-3.15085311054265e-14
26.48659941050287	-3.062481894886154e-14
26.51417539079742	-2.976582547581824e-14
26.54175137109197	-2.893086016508047e-14
26.56932735138652	-2.81192516895649e-14
26.59690333168107	-2.733034742479977e-14
26.62447931197562	-2.65635129658916e-14
26.65205529227017	-2.581813165321918e-14
26.67963127256472	-2.509360410704835e-14
26.70720725285927	-2.43893477712213e-14
26.73478323315382	-2.370472220551245e-14
26.76235921344837	-2.303933405423495e-14
26.78993519374292	-2.239257153491012e-14
26.81751117403747	-2.176391397365691e-14
26.84508715433202	-2.11528551774722e-14
26.87266313462657	-2.055890306394807e-14
26.90023911492112	-1.998157929728123e-14
26.92781509521567	-1.94204189307684e-14
26.95539107551022	-1.887497005594619e-14
26.98296705580477	-1.834479345850235e-14
27.01054303609932	-1.782940564383515e-14
27.03811901639387	-1.732851144283901e-14
27.06569499668842	-1.684164895238456e-14
27.09327097698297	-1.636842564093093e-14
27.12084695727752	-1.590845990182886e-14
27.14842293757207	-1.546138077431738e-14
27.17599891786662	-1.502682766929784e-14
27.20357489816117	-1.460445010008453e-14
27.23115087845572	-1.419390741833993e-14
27.25872685875027	-1.379486855545081e-14
27.28630283904482	-1.340696365032997e-14
27.31387881933937	-1.302997888068761e-14
27.34145479963392	-1.266355893021998e-14
27.36903077992847	-1.230749218941184e-14
27.39660676022302	-1.196127976623687e-14
27.42418274051757	-1.162482559044839e-14
27.45175872081212	-1.129780765231653e-14
27.47933470110667	-1.097996008695361e-14
27.50691068140122	-1.067102577490395e-14
27.53448666169577	-1.037075506661065e-14
27.56206264199032	-1.007887260478623e-14
27.58963862228487	-9.795211896797615e-15
27.61721460257942	-9.519510129722204e-15
27.64479058287397	-9.251544328265299e-15
27.67236656316852	-8.991097730005566e-15
27.69994254346307	-8.737959627045896e-15
27.72751852375762	-8.491925210247377e-15
27.75509450405217	-8.252795416144358e-15
27.78267048434672	-8.020376776621722e-15
27.81024646464127	-7.794481271420117e-15
27.83782244493582	-7.574900246415278e-15
27.86539842523037	-7.361510942176779e-15
27.89297440552492	-7.154113913609637e-15
27.92055038581947	-6.952541153840594e-15
27.94812636611402	-6.756629340286823e-15
27.97570234640857	-6.566219715394608e-15
28.00327832670312	-6.381157969301945e-15
28.03085430699767	-6.201294124500876e-15
28.05843028729223	-6.02648242256326e-15
28.08600626758678	-5.856581212982196e-15
28.11358224788133	-5.691434955213803e-15
28.14115822817588	-5.530947336409295e-15
28.16873420847043	-5.374970434478007e-15
28.19631018876498	-5.223377622742538e-15
28.22388616905953	-5.076045841320649e-15
28.25146214935408	-4.9328554851874e-15
28.27903812964863	-4.793690308297264e-15
28.30661410994318	-4.658437333665705e-15
28.33419009023773	-4.526986766633936e-15
28.36176607053228	-4.399231910403188e-15
28.38934205082683	-4.275053187820095e-15
28.41691803112138	-4.154383596549875e-15
28.44449401141593	-4.037108462636411e-15
28.47206999171048	-3.923132500319055e-15
28.49964597200503	-3.812363060786492e-15
28.52722195229958	-3.704710080654902e-15
28.55479793259413	-3.600086020255102e-15
28.58237391288868	-3.498405800003916e-15
28.60994989318323	-3.399586736898729e-15
28.63752587347778	-3.303548481784691e-15
28.66510185377233	-3.210201082146996e-15
28.69267783406688	-3.119493764713043e-15
28.72025381436143	-3.031340488902414e-15
28.74782979465598	-2.945669469884155e-15
28.77540577495053	-2.862410928240375e-15
28.80298175524508	-2.781497039091183e-15
28.83055773553963	-2.702861881996761e-15
28.85813371583418	-2.626441391672387e-15
28.88570969612873	-2.552173309545736e-15
28.91328567642328	-2.479997136179485e-15
28.94086165671783	-2.409844867658411e-15
28.96843763701238	-2.341678837738771e-15
28.99601361730693	-2.275434006273669e-15
29.02358959760148	-2.211056330730132e-15
29.05116557789603	-2.148493280322116e-15
29.07874155819058	-2.087693798210833e-15
29.10631753848513	-2.028608264643662e-15
29.13389351877968	-1.971188461433794e-15
29.16146949907423	-1.915387538693581e-15
29.18904547936878	-1.861159986215328e-15
29.21662145966333	-1.808458328234885e-15
29.24419743995788	-1.757250453253594e-15
29.27177342025243	-1.707498930963413e-15
29.29934940054698	-1.659051551885138e-15
29.32692538084153	-1.612097618612143e-15
29.35450136113608	-1.566431386063772e-15
29.38207734143063	-1.522050339238344e-15
29.40965332172518	-1.47892068932773e-15
29.43722930201973	-1.437007782196155e-15
29.46480528231428	-1.396277569692956e-15
29.49238126260883	-1.35669129191402e-15
29.51995724290338	-1.318228432274513e-15
29.54753322319793	-1.280851749758417e-15
29.57510920349248	-1.244530649689205e-15
29.60268518378703	-1.209235388070817e-15
29.63026116408158	-1.174937052466437e-15
29.65783714437613	-1.141607542095328e-15
29.68541312467068	-1.109219547682571e-15
29.71298910496523	-1.077746531333179e-15
29.74056508525978	-1.047162706578038e-15
29.76814106555433	-1.017438941318003e-15
29.79571704584888	-9.885595044829389e-16
29.82329302614343	-9.604965204940531e-16
29.85086900643798	-9.332269581966645e-16
29.87844498673253	-9.067284315084743e-16
29.90602096702708	-8.809791832112428e-16
29.93359694732163	-8.559580689582001e-16
29.96117292761618	-8.316445415153421e-16
29.98874890791073	-8.080186352516712e-16
30.01632488820528	-7.85060950890773e-16
30.04390086849983	-7.627494735930964e-16
30.07147684879438	-7.410725837421433e-16
30.09905282908893	-7.200092049628011e-16
30.12662880938348	-6.995420121846547e-16
30.15420478967803	-6.796541662020795e-16
30.18178076997258	-6.603293014413587e-16
30.20935675026713	-6.415515138967547e-16
30.23693273056168	-6.233053492471143e-16
30.26450871085623	-6.055757911629179e-16
30.29208469115078	-5.883482498121194e-16
30.31966067144533	-5.71606120664503e-16
30.34723665173988	-5.553407674875104e-16
30.37481263203443	-5.395362907501808e-16
30.40238861232898	-5.241796618935596e-16
30.42996459262353	-5.092582180748902e-16
30.45754057291808	-4.947596529672544e-16
30.48511655321263	-4.806720076846531e-16
30.51269253350718	-4.669836618413306e-16
30.54026851380173	-4.536833247528873e-16
30.56784449409628	-4.407600267855965e-16
30.59542047439083	-4.282012469023521e-16
30.62299645468539	-4.16000570644474e-16
30.65057243497994	-4.041460063960678e-16
30.67814841527449	-3.926277592904347e-16
30.70572439556904	-3.814363096533183e-16
30.73330037586359	-3.705624060893509e-16
30.76087635615814	-3.599970586606583e-16
30.78845233645269	-3.497315321645041e-16
30.81602831674724	-3.397573395159005e-16
30.84360429704179	-3.30066235240229e-16
30.87118027733634	-3.206487684764008e-16
30.89875625763089	-3.115002004599643e-16
30.92633223792544	-3.026114789387506e-16
30.95390821821999	-2.939752425088022e-16
30.98148419851454	-2.855843369413429e-16
31.00906017880909	-2.774318100817917e-16
31.03663615910364	-2.695109068933014e-16
31.06421213939819	-2.618150647368317e-16
31.09178811969274	-2.54337909111794e-16
31.11936409998729	-2.470732504965992e-16
31.14694008028184	-2.400141654574685e-16
31.17451606057639	-2.331569974743162e-16
31.20209204087094	-2.264958408153797e-16
31.22966802116549	-2.200160278034039e-16
31.25724400146004	-2.137306060080785e-16
31.28481998175459	-2.076210924404168e-16
31.31239596204914	-2.016850977830109e-16
31.33997194234369	-1.959178925732818e-16
31.36754792263824	-1.903147356961304e-16
31.39512390293279	-1.848709908979533e-16
31.42269988322734	-1.79581329836431e-16
31.45027586352189	-1.744430814701403e-16
31.47785184381644	-1.694511455117292e-16
31.50542782411099	-1.646013680383494e-16
31.53300380440554	-1.598897117348896e-16
31.56057978470009	-1.553122531694477e-16
31.58815576499464	-1.508651800074526e-16
31.61573174528919	-1.465447882179919e-16
31.64330772558374	-1.423474792978865e-16
31.67088370587829	-1.382697575270041e-16
31.69845968617284	-1.343082272626003e-16
31.72603566646739	-1.304595902775448e-16
31.75361164676194	-1.267206431456311e-16
31.78118762705649	-1.230882746761741e-16
31.80876360735104	-1.195594633994299e-16
31.83633958764559	-1.161312751039045e-16
31.86391556794014	-1.128008604262719e-16
31.89149154823469	-1.095654524943374e-16
31.91906752852924	-1.064223646232613e-16
31.94664350882379	-1.033689880650665e-16
31.97421948911834	-1.004027898112916e-16
32.00179546941289	-9.752131044851453e-17
32.02937144970744	-9.472216206634659e-17
32.05694743000199	-9.200302621739554e-17
32.08452341029654	-8.936165192860033e-17
32.11209939059109	-8.679585376326234e-17
32.13967537088564	-8.430350993302465e-17
32.16725135118019	-8.188256045899191e-17
32.19482733147474	-7.953100538112847e-17
32.22240331176929	-7.724690301502628e-17
