0
1000	105.6583745	100000000000000.1
5	0	0	1
5	0	0	0
4.673998997513734	3.035129495459647e-11
4.701574977808284	6.542017708913701e-11
4.729150958102834	1.027002116148202e-10
4.756726938397384	1.445691580099289e-10
4.784302918691934	1.91324097644164e-10
4.811878898986484	2.428800857041248e-10
4.839454879281035	2.990586924920202e-10
4.867030859575585	3.596709959482889e-10
4.894606839870135	4.245452103297739e-10
4.922182820164685	4.935352416055235e-10
4.949758800459235	5.665219520692756e-10
4.977334780753785	6.434116133192183e-10
5.004910761048335	7.241333965360116e-10
5.032486741342885	8.086366859564438e-10
5.060062721637435	8.96888541302102e-10
5.087638701931986	9.888714285320053e-10
5.115214682226536	1.084581245407879e-09
5.142790662521086	1.184025627952681e-09
5.170366642815636	1.287222508245806e-09
5.197942623110186	1.394198889819874e-09
5.225518603404736	1.504989808097752e-09
5.253094583699286	1.619637446476025e-09
5.280670563993836	1.738190382435741e-09
5.308246544288386	1.860702941928961e-09
5.335822524582936	1.987234643612233e-09
5.363398504877487	2.117849717504888e-09
5.390974485172037	2.252616685187497e-09
5.418550465466587	2.391607990787864e-09
5.446126445761137	2.534899673983509e-09
5.473702426055687	2.682571078123117e-09
5.501278406350237	2.834744417671907e-09
5.528854386644787	2.991529512667497e-09
5.556430366939337	3.15290081366386e-09
5.584006347233887	3.318980716915318e-09
5.611582327528438	3.489901953005116e-09
5.639158307822988	3.665682521399089e-09
5.666734288117538	3.846377793145331e-09
5.694310268412088	4.032214215880168e-09
5.721886248706638	4.223209631203891e-09
5.749462229001188	4.419453725405111e-09
5.777038209295738	4.62111796518895e-09
5.804614189590288	4.82824852367911e-09
5.832190169884838	5.04103022359676e-09
5.859766150179389	5.259511428792204e-09
5.887342130473939	5.483830615219913e-09
5.914918110768489	5.714216172568875e-09
5.942494091063039	5.950638972418112e-09
5.970070071357589	6.193335535170857e-09
5.997646051652139	6.442426747384793e-09
6.025222031946689	6.698040497666813e-09
6.052798012241239	6.960339085648976e-09
6.080373992535789	7.229522314895964e-09
6.107949972830339	7.505648253887834e-09
6.13552595312489	7.788979189570685e-09
6.16310193341944	8.079552867720124e-09
6.19067791371399	8.37768846280082e-09
6.21825389400854	8.489896568989193e-09
6.24582987430309	8.997184852845944e-09
6.27340585459764	9.318838887219392e-09
6.30098183489219	9.648809666298111e-09
6.32855781518674	9.987188197279753e-09
6.35613379548129	1.033415813364017e-08
6.383709775775841	1.069006098989553e-08
6.411285756070391	1.090590011723917e-08
6.438861736364941	1.142910543471969e-08
6.466437716659491	1.181290537148356e-08
6.494013696954041	1.220630984938557e-08
6.521589677248591	1.236181994459873e-08
6.549165657543141	1.278889777287539e-08
6.576741637837691	1.344775031401459e-08
6.604317618132241	1.388268750055899e-08
6.631893598426791	1.432858126591934e-08
6.659469578721342	1.478575936690008e-08
6.687045559015892	1.525457840610659e-08
6.714621539310442	1.573519245568236e-08
6.742197519604992	1.622805209543778e-08
6.769773499899542	1.673321242479456e-08
6.797349480194092	1.725132514455478e-08
6.824925460488642	1.778241557288253e-08
6.852501440783192	1.832691655307223e-08
6.880077421077742	1.888532421958787e-08
6.907653401372293	1.917327087268736e-08
6.935229381666843	2.004472294542813e-08
6.962805361961393	2.064644314816165e-08
6.990381342255943	2.126337874307401e-08
7.017957322550493	2.189600508848419e-08
7.045533302845043	2.254456214846592e-08
7.073109283139593	2.320954007078357e-08
7.100685263434143	2.389144471363627e-08
7.128261243728693	2.459052983245944e-08
7.155837224023244	2.530731079786713e-08
7.183413204317794	2.604225788249515e-08
7.210989184612344	2.679594106489362e-08
7.238565164906894	2.756863974389129e-08
7.266141145201444	2.836089706017526e-08
7.293717125495994	2.917265726152141e-08
7.321293105790544	3.000634603979767e-08
7.348869086085094	3.086048320801498e-08
7.376445066379644	3.149127198442481e-08
7.404021046674194	3.263456811784917e-08
7.431597026968745	3.352766345195976e-08
7.459173007263295	3.449985420513616e-08
7.486748987557845	3.546822583437582e-08
7.514324967852395	3.646140181096936e-08
7.541900948146945	3.74797080523063e-08
7.569476928441495	3.852396493518649e-08
7.597052908736045	3.959484082345153e-08
7.624628889030595	4.069302206446106e-08
7.652204869325145	4.138730248654656e-08
7.679780849619696	4.297425171713579e-08
7.707356829914246	4.415865547469473e-08
7.734932810208796	4.537332291752766e-08
7.762508790503346	4.661905200063334e-08
7.790084770797896	4.789677252145253e-08
7.817660751092446	4.920701801327596e-08
7.845236731386996	5.051881558673511e-08
7.872812711681546	5.192899048370714e-08
7.900388691976096	5.334210779100016e-08
7.927964672270646	5.479214528795319e-08
7.955540652565197	5.627917450627861e-08
7.983116632859747	5.780417552980543e-08
8.010692613154298	5.936831453298287e-08
8.038268593448848	6.097257147391024e-08
8.065844573743398	6.261808296175773e-08
8.093420554037948	6.430584744802932e-08
8.120996534332498	6.603708111499309e-08
8.148572514627048	6.781271566998795e-08
8.176148494921598	6.963407445777177e-08
8.203724475216148	7.150228227535816e-08
8.231300455510699	7.341860440465503e-08
8.258876435805249	7.538426408988073e-08
8.286452416099799	7.740079052546021e-08
8.314028396394349	7.946909340756686e-08
8.341604376688899	8.159071813150545e-08
8.369180356983449	8.376710491632162e-08
8.396756337277999	8.599962376027885e-08
8.424332317572549	8.828986795950194e-08
8.451908297867099	9.063919194796363e-08
8.47948427816165	9.304924400142039e-08
8.5070602584562	9.552177215629065e-08
8.53463623875075	9.749856508708981e-08
8.5622122190453	1.006599234172169e-07
8.58978819933985	1.033291350004324e-07
8.6173641796344	1.060674261910124e-07
8.64494015992895	1.088765899554165e-07
8.6725161402235	1.117585198997603e-07
8.70009212051805	1.147152124680385e-07
8.7276681008126	1.177485812660664e-07
8.755244081107151	1.208604987797715e-07
8.782820061401701	1.24053123883512e-07
8.810396041696251	1.273284251378556e-07
8.837972021990801	1.306889344959075e-07
8.865548002285351	1.34136674673751e-07
8.893123982579901	1.376738815695979e-07
8.920699962874451	1.41302943814124e-07
8.948275943169001	1.450262612063323e-07
8.975851923463551	1.488463496380054e-07
9.003427903758102	1.527659131918678e-07
9.031003884052652	1.567872556166102e-07
9.058579864347202	1.609130949370906e-07
9.086155844641752	1.651462290423548e-07
9.113731824936302	1.694895141812995e-07
9.141307805230852	1.739458131094581e-07
9.168883785525402	1.785180780619181e-07
9.196459765819952	1.832090401881552e-07
9.224035746114502	1.880227951099066e-07
9.251611726409052	1.929615436649039e-07
9.279187706703603	1.980289143592028e-07
9.306763686998153	2.032284795056564e-07
9.334339667292703	2.0856325533574e-07
9.361915647587253	2.140370254754159e-07
9.389491627881803	2.196533573527606e-07
9.417067608176353	2.254161461801261e-07
9.444643588470903	2.313290292913671e-07
9.472219568765453	2.373960150148849e-07
9.499795549060003	2.436211154373367e-07
9.527371529354554	2.500084963827229e-07
9.554947509649104	2.565623664219955e-07
9.582523489943654	2.632870383480272e-07
9.610099470238204	2.701869570730348e-07
9.637675450532754	2.772669507919055e-07
9.665251430827304	2.845312638571432e-07
9.692827411121854	2.91984372051257e-07
9.720403391416404	2.996328206036982e-07
9.747979371710954	3.074800250452731e-07
9.775555352005505	3.155316807138859e-07
9.803131332300055	3.237931027308461e-07
9.830707312594605	3.322697410931876e-07
9.858283292889155	3.409670418870091e-07
9.885859273183705	3.49891224653688e-07
9.913435253478255	3.586001188196373e-07
9.941011233772805	3.684422487114748e-07
9.968587214067355	3.780814678737793e-07
9.996163194361905	3.879715031858018e-07
10.02373917465646	3.981191223284306e-07
10.05131515495101	4.085303770470609e-07
10.07889113524556	4.192123647445184e-07
10.10646711554011	4.301719672768558e-07
10.13404309583466	4.409833338930826e-07
10.16161907612921	4.529525038344629e-07
10.18919505642376	4.647887856153451e-07
10.21677103671831	4.76931916187258e-07
10.24434701701286	4.893901146627443e-07
10.27192299730741	5.021713565974784e-07
10.29949897760196	5.152838365714262e-07
10.32707495789651	5.287360258506956e-07
10.35465093819106	5.425364625068855e-07
10.38222691848561	5.566939984759167e-07
10.40980289878016	5.712176483493062e-07
10.43737887907471	5.861167843298761e-07
10.46495485936926	6.014006182985215e-07
10.49253083966381	6.170792619732246e-07
10.52010681995836	6.331620083773741e-07
10.54768280025291	6.496592214241315e-07
10.57525878054746	6.665812930701673e-07
10.60283476084201	6.839388513742849e-07
10.63041074113656	7.017426418899624e-07
10.65798672143111	7.200037790956326e-07
10.68556270172566	7.387336113742432e-07
10.71313868202021	7.57943655492896e-07
10.74071466231476	7.776456695494344e-07
10.76829064260931	7.97852044812641e-07
10.79586662290386	8.185747804055247e-07
10.82344260319841	8.398266508404984e-07
10.85101858349296	8.616205098770932e-07
10.87859456378751	8.839695574494475e-07
10.90617054408206	9.068872009876982e-07
10.93374652437661	9.303871984439542e-07
10.96132250467116	9.544834943882405e-07
10.98889848496571	9.791904390426759e-07
11.01647446526026	1.004522624642448e-06
11.04405044555481	1.030495038205531e-06
11.07162642584936	1.057122602526663e-06
11.09920240614391	1.084420951809456e-06
11.12677838643846	1.112365285830242e-06
11.15435436673301	1.141093450512614e-06
11.18193034702756	1.170500101573046e-06
11.20950632732211	1.200642508351399e-06
11.23708230761666	1.23153772551387e-06
11.26465828791121	1.263203052881903e-06
11.29223426820576	1.295656244510581e-06
11.31981024850031	1.328915143649797e-06
11.34738622879486	1.362998212659161e-06
11.37496220908941	1.397923960790688e-06
11.40253818938396	1.433711313188008e-06
11.43011416967851	1.470379587804616e-06
11.45769014997306	1.507948413244076e-06
11.48526613026761	1.546437567006415e-06
11.51284211056216	1.585867261579605e-06
11.54041809085671	1.626256577351245e-06
11.56799407115126	1.667631022811933e-06
11.59557005144581	1.7100069862024e-06
11.62314603174036	1.753407552625015e-06
11.65072201203491	1.79785451009498e-06
11.67829799232946	1.843369984840414e-06
11.70587397262401	1.889976317018287e-06
11.73344995291856	1.937696581908005e-06
11.76102593321311	1.986552954968552e-06
11.78860191350766	2.036569159897233e-06
11.81617789380221	2.087768747264745e-06
11.84375387409676	2.140175467084937e-06
11.87132985439131	2.193813345647709e-06
11.89890583468586	2.248706755097677e-06
11.92648181498041	2.304880360449168e-06
11.95405779527496	2.362358865763096e-06
11.98163377556951	2.421167380213856e-06
12.00920975586406	2.481330980881843e-06
12.03678573615861	2.542875749241476e-06
12.06436171645316	2.605826752031188e-06
12.09193769674771	2.67021000869627e-06
12.11951367704226	2.736051558459217e-06
12.14708965733681	2.803377575632084e-06
12.17466563763136	2.872214368514205e-06
12.20224161792591	2.942588305304487e-06
12.22981759822046	3.014526118535591e-06
12.25739357851501	3.088054282715414e-06
12.28496955880956	3.162098714630253e-06
12.31254553910411	3.239988740136032e-06
12.34012151939866	3.318448546606651e-06
12.36769749969321	3.398605790438446e-06
12.39527347998776	3.480487343632769e-06
12.42284946028231	3.564119992829922e-06
12.45042544057686	3.649530308842304e-06
12.47800142087141	3.736745027077354e-06
12.50557740116597	3.82579066240163e-06
12.53315338146052	3.916693689089505e-06
12.56072936175507	4.009478692384536e-06
12.58830534204962	4.104177152450397e-06
12.61588132234417	4.200809182165043e-06
12.64345730263872	4.299402420215507e-06
12.67103328293327	4.399982336757927e-06
12.69860926322782	4.502574115056085e-06
12.72618524352237	4.607202700454793e-06
12.75376122381692	4.713892223953656e-06
12.78133720411147	4.822666988783805e-06
12.80891318440602	4.932374538662868e-06
12.83648916470057	5.046566761740963e-06
12.86406514499512	5.161737882309312e-06
12.89164112528967	5.279086435754736e-06
12.91921710558422	5.398634513785223e-06
12.94679308587877	5.520402933699101e-06
12.97436906617332	5.644412758418462e-06
13.00194504646787	5.770684446563966e-06
13.02952102676242	5.89923686579167e-06
13.05709700705697	6.030088958730452e-06
13.08467298735152	6.163259143089881e-06
13.11224896764607	6.298764958490241e-06
13.13982494794062	6.436622896527787e-06
13.16740092823517	6.576848942678367e-06
13.19497690852972	6.719437717669835e-06
13.22255288882427	6.864466202290567e-06
13.25012886911882	7.011885053157128e-06
13.27770484941337	7.161724738012321e-06
13.30528082970792	7.314003822488203e-06
13.33285681000247	7.468730702135243e-06
13.36043279029702	7.625914716334252e-06
13.38800877059157	7.785563109021671e-06
13.41558475088612	7.94694275504935e-06
13.44316073118067	8.112296265701357e-06
13.47073671147522	8.279392283766272e-06
13.49831269176977	8.448978960567148e-06
13.52588867206432	8.621067107030759e-06
13.55346465235887	8.795662650430084e-06
13.58104063265342	8.972755801184484e-06
13.60861661294797	9.152350343144838e-06
13.63619259324252	9.334452547347919e-06
13.66376857353707	9.519062388042777e-06
13.69134455383162	9.706169999869848e-06
13.71892053412617	9.895773833984536e-06
13.74649651442072	1.008787429286637e-05
13.77407249471527	1.028246955591989e-05
13.80164847500982	1.047954237314958e-05
13.82922445530437	1.067908264966964e-05
13.85680043559892	1.088109506234164e-05
13.88437641589347	1.108557537750766e-05
13.91195239618802	1.129249931453831e-05
13.93952837648257	1.150130737359918e-05
13.96710435677712	1.171363817382568e-05
13.99468033707167	1.192783735781613e-05
14.02225631736622	1.214443895226598e-05
14.04983229766077	1.236342125145869e-05
14.07740827795532	1.258476347020129e-05
14.10498425824987	1.280846500108636e-05
14.13256023854442	1.30345080787894e-05
14.16013621883897	1.326286162289173e-05
14.18771219913352	1.349350470079228e-05
14.21528817942807	1.372643050749825e-05
14.24286415972262	1.396161646029208e-05
14.27044014001717	1.419904476329619e-05
14.29801612031172	1.443867596307604e-05
14.32559210060627	1.468050417342794e-05
14.35316808090082	1.492449832112263e-05
14.38074406119537	1.517063991102546e-05
14.40832004148992	1.54189049125055e-05
14.43589602178447	1.566925282692288e-05
14.46347200207902	1.592168074975647e-05
14.49104798237357	1.617614857194586e-05
14.51862396266812	1.643263684445178e-05
14.54619994296267	1.66911216593682e-05
14.57377592325722	1.695155582251399e-05
14.60135190355177	1.721393562420004e-05
14.62892788384632	1.747821974930879e-05
14.65650386414087	1.77443856553702e-05
14.68407984443542	1.801241132375915e-05
14.71165582472997	1.82822491036927e-05
14.73923180502452	1.855388865476803e-05
14.76680778531907	1.882729243959314e-05
14.79438376561362	1.910242709083962e-05
14.82195974590817	1.937921395404391e-05
14.84953572620272	1.965779374676826e-05
14.87711170649727	1.993796874300486e-05
14.90468768679182	2.021976068252147e-05
14.93226366708637	2.050314088384775e-05
14.95983964738092	2.078809001282435e-05
14.98741562767547	2.107455554416322e-05
15.01499160797002	2.136253258395787e-05
15.04256758826457	2.165197866408966e-05
15.07014356855912	2.194286981177968e-05
15.09771954885368	2.223517717601915e-05
15.12529552914823	2.252886171112687e-05
15.15287150944278	2.282390946800753e-05
15.18044748973733	2.312028287309209e-05
15.20802347003188	2.341795445866225e-05
15.23559945032643	2.371689466557297e-05
15.26317543062098	2.401708526093054e-05
15.29075141091553	2.431847956689126e-05
15.31832739121008	2.462106762426779e-05
15.34590337150463	2.492481664615272e-05
15.37347935179918	2.522970000122185e-05
15.40105533209373	2.553568803633395e-05
15.42863131238828	2.584275598056513e-05
15.45620729268283	2.615088036896765e-05
15.48378327297738	2.646002961745261e-05
15.51135925327193	2.677018521122334e-05
15.53893523356648	2.708131861946649e-05
15.56651121386103	2.739340163351569e-05
15.59408719415558	2.770641918517636e-05
15.62166317445013	2.802033563976093e-05
15.64923915474468	2.833513531985142e-05
15.67681513503923	2.865079201419551e-05
15.70439111533378	2.896728272162273e-05
15.73196709562833	2.928458419366931e-05
15.75954307592288	2.960266180050993e-05
15.78711905621743	2.992151899622738e-05
15.81469503651198	3.024112186220397e-05
15.84227101680653	3.056144904227567e-05
15.86984699710108	3.088247944908242e-05
15.89742297739563	3.120277053631189e-05
15.92499895769018	3.152655928595767e-05
15.95257493798473	3.184957861197344e-05
15.98015091827928	3.217322133373973e-05
16.00772689857383	3.249746847483539e-05
16.03530287886838	3.282230145659638e-05
16.06287885916293	3.314769479767269e-05
16.09045483945748	3.347364079055289e-05
16.11803081975203	3.380012641193604e-05
16.14560680004658	3.412712389948528e-05
16.17318278034113	3.445461900405233e-05
16.20075876063568	3.47825896382722e-05
16.22833474093023	3.511103041387106e-05
16.25591072122478	3.543992176238553e-05
16.28348670151933	3.576924104160463e-05
16.31106268181388	3.609897985642852e-05
16.33863866210843	3.642912263768106e-05
16.36621464240298	3.675965554333284e-05
16.39379062269753	3.709056585583781e-05
16.42136660299208	3.742183851879843e-05
16.44894258328663	3.775346108473666e-05
16.47651856358118	3.808541289615498e-05
16.50409454387573	3.841768331622459e-05
16.53167052417028	3.875026779008043e-05
16.55924650446483	3.908315242645234e-05
16.58682248475938	3.941631997002283e-05
16.61439846505393	3.974975716861621e-05
16.64197444534848	4.008346039096194e-05
16.66955042564303	4.041740511214974e-05
16.69712640593758	4.07516029277089e-05
16.72470238623213	4.108601827659361e-05
16.75227836652668	4.142065446017965e-05
16.77985434682123	4.175549909928181e-05
16.80743032711578	4.209054174251889e-05
16.83500630741033	4.242577504674847e-05
16.86258228770488	4.276117457575584e-05
16.89015826799943	4.309675556484695e-05
16.91773424829398	4.343249011225393e-05
16.94531022858853	4.376838038293135e-05
16.97288620888308	4.410441682508822e-05
17.00046218917763	4.444058738329801e-05
17.02803816947218	4.477688515426684e-05
17.05561414976673	4.511328850743954e-05
17.08319013006128	4.544981870280119e-05
17.11076611035583	4.578645817273673e-05
17.13834209065038	4.612318450635693e-05
17.16591807094493	4.645999989740672e-05
17.19349405123948	4.679690211909274e-05
17.22107003153403	4.71338799698667e-05
17.24864601182858	4.747092808034534e-05
17.27622199212313	4.78080307194682e-05
17.30379797241768	4.814519492308445e-05
17.33137395271223	4.848241997545414e-05
17.35894993300678	4.881967934057619e-05
17.38652591330133	4.915697222192468e-05
17.41410189359588	4.9494307575081e-05
17.44167787389043	4.983166621088703e-05
17.46925385418498	5.016904530776451e-05
17.49682983447953	5.050643743328416e-05
17.52440581477408	5.084384784921134e-05
17.55198179506863	5.118127277042118e-05
17.57955777536318	5.15186927708381e-05
17.60713375565773	5.18561069433415e-05
17.63470973595228	5.21935171502827e-05
17.66228571624683	5.253092141879256e-05
17.68986169654139	5.286830901356681e-05
17.71743767683594	5.320566215900042e-05
17.74501365713049	5.354300537546793e-05
17.77258963742504	5.388031951070848e-05
17.80016561771959	5.421761226282112e-05
17.82774159801414	5.455486441549308e-05
17.85531757830869	5.489207029171985e-05
17.88289355860324	5.522924259831326e-05
17.91046953889779	5.55663649817715e-05
17.93804551919234	5.590343983600382e-05
17.96562149948689	5.624045325288687e-05
17.99319747978144	5.657741316502802e-05
18.02077346007599	5.691433243082648e-05
18.04834944037054	5.725117204313001e-05
18.07592542066509	5.758795669835067e-05
18.10350140095964	5.792466827725931e-05
18.13107738125419	5.826130972662175e-05
18.15865336154874	5.859787402607974e-05
18.18622934184329	5.893435632482724e-05
18.21380532213784	5.927077173520772e-05
18.24138130243239	5.960710271086841e-05
18.26895728272694	5.994335563107573e-05
18.29653326302149	6.02795252017706e-05
18.32410924331604	6.061560117843061e-05
18.35168522361059	6.095159197665459e-05
18.37926120390514	6.128748108910803e-05
18.40683718419969	6.162327898636597e-05
18.43441316449424	6.195898216329493e-05
18.46198914478879	6.229457546831181e-05
18.48956512508334	6.263008180000819e-05
18.51714110537789	6.296548415188116e-05
18.54471708567244	6.330078761717232e-05
18.57229306596699	6.363597626721483e-05
18.59986904626154	6.397106925713063e-05
18.62744502655609	6.430604399192647e-05
18.65502100685064	6.464090181137886e-05
18.68259698714519	6.49756509635029e-05
18.71017296743974	6.531027919516144e-05
18.73774894773429	6.56447970580922e-05
18.76532492802884	6.59792006541501e-05
18.79290090832339	6.631348304856705e-05
18.82047688861794	6.664765139168752e-05
18.84805286891249	6.698169133889264e-05
18.87562884920704	6.731560770403167e-05
18.90320482950159	6.764939609644892e-05
18.93078080979614	6.798306112586197e-05
18.95835679009069	6.831659264391014e-05
18.98593277038524	6.864998834730913e-05
19.01350875067979	6.898326598716454e-05
19.04108473097434	6.931641412809434e-05
19.06866071126889	6.964942587589431e-05
19.09623669156344	6.998229949368899e-05
19.12381267185799	7.031504843793618e-05
19.15138865215254	7.064765957685772e-05
19.17896463244709	7.098012881305678e-05
19.20654061274164	7.131246557404034e-05
19.23411659303619	7.164466506512865e-05
19.26169257333074	7.197670088916588e-05
19.28926855362529	7.230861980347417e-05
19.31684453391984	7.264039237033191e-05
19.34442051421439	7.297201643562069e-05
19.37199649450894	7.330349625378043e-05
19.39957247480349	7.363485347013738e-05
19.42714845509804	7.396605345901947e-05
19.45472443539259	7.429708767861404e-05
19.48230041568714	7.462799192259452e-05
19.50987639598169	7.495875298581406e-05
19.53745237627624	7.528936507943534e-05
19.56502835657079	7.561979874227449e-05
19.59260433686534	7.595011023839033e-05
19.62018031715989	7.628027045236422e-05
19.64775629745444	7.66102687703017e-05
19.67533227774899	7.694010430507558e-05
19.70290825804354	7.726980065700717e-05
19.73048423833809	7.759935820930908e-05
19.75806021863264	7.792873825930684e-05
19.78563619892719	7.825796668017984e-05
19.81321217922174	7.858703707400239e-05
19.84078815951629	7.891595847774716e-05
19.86836413981084	7.924470169273671e-05
19.89594012010539	7.957329959830976e-05
19.92351610039994	7.990173796295698e-05
19.95109208069449	8.023001406158653e-05
19.97866806098904	8.055813398993853e-05
20.00624404128359	8.088609294124483e-05
20.03382002157814	8.12138940372926e-05
20.06139600187269	8.154152789473297e-05
20.08897198216724	8.186899527965796e-05
20.11654796246179	8.219630503190831e-05
20.14412394275634	8.252345159143112e-05
20.17169992305089	8.285043256356248e-05
20.19927590334544	8.31772308068129e-05
20.22685188363999	8.35038731675389e-05
20.25442786393454	8.383035329926035e-05
20.2820038442291	8.415666758312143e-05
20.30957982452365	8.448282432091033e-05
20.3371558048182	8.480880470320285e-05
20.36473178511275	8.513461622759376e-05
20.3923077654073	8.546027099267292e-05
20.41988374570185	8.578443559930561e-05
20.4474597259964	8.611105268006128e-05
20.47503570629095	8.643619134681251e-05
20.5026116865855	8.676115365294463e-05
20.53018766688005	8.708593918807563e-05
20.5577636471746	8.741055661707122e-05
20.58533962746915	8.773500718813125e-05
20.6129156077637	8.805927547829461e-05
20.64049158805825	8.838337767998254e-05
20.6680675683528	8.870731268364933e-05
20.69564354864735	8.90310651522195e-05
20.7232195289419	8.935465912561402e-05
20.75079550923645	8.967806341666256e-05
20.778371489531	9.000129126260172e-05
20.80594746982555	9.032433956973869e-05
20.8335234501201	9.064722037319813e-05
20.86109943041465	9.096990514594217e-05
20.8886754107092	9.129242577066033e-05
20.91625139100375	9.161476674301265e-05
20.9438273712983	9.193692931346492e-05
20.97140335159285	9.225890912082766e-05
20.9989793318874	9.258071761568366e-05
21.02655531218195	9.290234735871341e-05
21.0541312924765	9.322378644673739e-05
21.08170727277105	9.354297890687328e-05
21.1092832530656	9.386615151797696e-05
21.13685923336015	9.418705919128308e-05
21.1644352136547	9.450777553581555e-05
21.19201119394925	9.482832039752377e-05
21.2195871742438	9.514867420964921e-05
21.24716315453835	9.54688321080891e-05
21.2747391348329	9.578882164058635e-05
21.30231511512745	9.610862367223055e-05
21.329891095422	9.642824882778362e-05
21.35746707571655	9.67476921012154e-05
21.3850430560111	9.706692696894878e-05
21.41261903630565	9.738600356205203e-05
21.4401950166002	9.770489448894359e-05
21.46777099689475	9.80235707571662e-05
21.4953469771893	9.834209800718694e-05
21.52292295748385	9.866042688182849e-05
21.5504989377784	9.897855350636094e-05
21.57807491807295	9.929649910618626e-05
21.6056508983675	9.961424055320466e-05
21.63322687866205	9.993181192317426e-05
21.6608028589566	0.0001002491930087023
21.68837883925115	0.0001005663834783024
21.7159548195457	0.0001008833842153127
21.74353079984025	0.0001012001999230542
21.7711067801348	0.0001015168143792148
21.79868276042935	0.0001018332432572949
21.8262587407239	0.0001021494732517848
21.85383472101845	0.0001024655205367878
21.881410701313	0.0001027813711114995
21.90898668160755	0.0001030970442834815
21.9365626619021	0.000103412507236379
21.96413864219665	0.0001037277780755089
21.9917146224912	0.0001040428574465963
22.01929060278575	0.0001043577160253028
22.0468665830803	0.0001046724128744491
22.07444256337485	0.0001049869016148794
22.1020185436694	0.0001053011985940275
22.12959452396395	0.000105615298510629
22.1571705042585	0.0001059291937545395
22.18474648455305	0.0001062429008096175
22.2123224648476	0.0001065564067242011
22.23989844514215	0.0001068697238038073
22.2674744254367	0.0001071828340745117
22.29505040573125	0.0001074957475698117
22.3226263860258	0.0001078084565400417
22.35020236632035	0.0001081209749756342
22.3777783466149	0.0001084332914898709
22.40535432690945	0.0001087454030594897
22.432930307204	0.0001090573051106901
22.46050628749855	0.0001093690181962216
22.4880822677931	0.0001096805287917207
22.51565824808765	0.0001099918511173952
22.5432342283822	0.0001103029368385671
22.57081020867675	0.0001106138563868619
22.5983861889713	0.0001109245541353974
22.62596216926585	0.0001112350475553139
22.6535381495604	0.0001115453387314815
22.68111412985495	0.0001118554169896954
22.7086901101495	0.0001121653144674981
22.73626609044405	0.0001124749968911743
22.7638420707386	0.0001127844595911022
22.79141805103315	0.0001130937566334739
22.8189940313277	0.0001134028162519895
22.84657001162225	0.0001137110624550575
22.87414599191681	0.0001140203182689026
22.90172197221136	0.0001143287577505086
22.92929795250591	0.0001146369961756903
22.95687393280046	0.0001149450212043614
22.98444991309501	0.0001152528494748273
23.01202589338956	0.0001155604462928987
23.03960187368411	0.0001158678502990172
23.06717785397866	0.000116175044211936
23.09475383427321	0.0001164820210241471
23.12232981456776	0.0001167887826175729
23.14990579486231	0.0001170953170000861
23.17748177515686	0.0001174016903968771
23.20505775545141	0.0001177078204838146
23.23263373574596	0.0001180137994038551
23.26020971604051	0.0001183194501282419
23.28778569633506	0.000118624956285541
23.31536167662961	0.000118930214763398
23.34293765692416	0.0001192352744357545
23.37051363721871	0.0001195401193200335
23.39808961751326	0.0001198447676338269
23.42566559780781	0.0001201491912381176
23.45324157810236	0.0001204533899070738
23.48081755839691	0.0001207572551505925
23.50839353869146	0.0001210611357643717
23.53596951898601	0.0001213646904149692
23.56354549928056	0.0001216680218563858
23.59112147957511	0.0001219711369046142
23.61869745986966	0.0001222740299574673
23.64627344016421	0.0001225767083190251
23.67384942045876	0.0001228791715204097
23.70142540075331	0.000123181407654563
23.72900138104786	0.0001234834491547266
23.75657736134241	0.0001237852205130554
23.78415334163696	0.0001240867970748813
23.81172932193151	0.0001243881213115216
23.83930530222606	0.0001246892647765268
23.86688128252061	0.0001249901636114248
23.89445726281516	0.0001252908711342797
23.92203324310971	0.0001255913408123783
23.94960922340426	0.0001258915765047125
23.97718520369881	0.0001261915950249487
24.00476118399336	0.0001264913786530432
24.03233716428791	0.0001267909094485349
24.05991314458246	0.0001270900961252596
24.08748912487701	0.0001273893880022621
24.11506510517156	0.0001276882793729875
24.14264108546611	0.0001279869442025705
24.17021706576066	0.0001282853927920186
24.19779304605521	0.0001285835900240842
24.22536902634976	0.0001288815744024276
24.25294500664431	0.000129179350188832
24.28052098693886	0.0001294768807531911
24.30809696723341	0.0001297741435461374
24.33567294752796	0.0001300711892251546
24.36324892782251	0.0001303680085422521
24.39082490811706	0.0001306646310968521
24.41840088841161	0.0001309609970988174
24.44597686870616	0.0001312571391513365
24.47355284900071	0.0001315530437587796
24.50112882929526	0.0001318487193955545
24.52870480958981	0.000132144516960253
24.55628078988436	0.0001324393662304619
24.58385677017891	0.0001327343306831908
24.61143275047346	0.00013302906171858
24.63900873076801	0.0001333235836391241
24.66658471106256	0.0001336178290601798
24.69416069135711	0.0001339118766107541
24.72173667165166	0.0001342056738767484
24.74931265194621	0.000134499223357796
24.77688863224076	0.0001347925521809003
24.80446461253531	0.0001350856677248061
24.83204059282986	0.0001353785010796672
24.85961657312441	0.0001356710874585501
24.88719255341896	0.0001359634350800403
24.91476853371351	0.0001362555722756023
24.94234451400806	0.0001365474493414671
24.96992049430261	0.0001368391125893644
24.99749647459716	0.0001371305281369555
25.02507245489171	0.0001374216917508018
25.05264843518626	0.0001377126341836073
25.08022441548081	0.0001380033086261427
25.10780039577536	0.0001382937091277896
25.13537637606991	0.0001385839291177591
25.16295235636446	0.0001388739674995857
25.19052833665901	0.0001391635785899954
25.21810431695356	0.0001394529267142269
25.24568029724811	0.0001397421538634132
25.27325627754266	0.0001400311684089193
25.30083225783721	0.0001403199195932607
25.32840823813176	0.0001406084434968535
25.35598421842631	0.0001408966945376178
25.38356019872086	0.0001411847267227423
25.41113617901541	0.0001414724774652135
25.43871215930996	0.0001417599806248811
25.46628813960452	0.0001420471735575996
25.49386411989907	0.0001423343980966274
25.52144010019362	0.0001426211257798235
25.54901608048817	0.0001429075327814839
25.57659206078272	0.0001431937232704716
25.60416804107727	0.0001434795999011064
25.63174402137182	0.0001437651465050495
25.65932000166637	0.0001440503930031679
25.68689598196092	0.000144335333206696
25.71447196225547	0.0001446199619625967
25.74204794255002	0.000144904344737023
25.76962392284457	0.0001451874947096182
25.79719990313912	0.0001454713325088425
25.82477588343367	0.0001457549255659902
25.85235186372822	0.0001460382751989291
25.87992784402277	0.0001463206834313361
25.90750382431732	0.0001466043530033532
25.93507980461187	0.0001468869998544369
25.96265578490642	0.0001471694036785556
25.99023176520097	0.0001474513182825862
26.01780774549552	0.0001477330106900123
26.04538372579007	0.0001480148562961662
26.07295970608462	0.0001482962810464821
26.10053568637917	0.0001485774367529407
26.12811166667372	0.0001488583190869716
26.15568764696827	0.0001491388283571152
26.18326362726282	0.000149419271854201
26.21083960755737	0.0001496993015744486
26.23841558785192	0.00014997903486819
26.26599156814647	0.0001502584691459703
26.29356754844102	0.0001505368485332216
26.32114352873557	0.0001508158241238151
26.34871950903012	0.0001510944675391293
26.37629548932467	0.0001513727989813282
26.40387146961922	0.0001516508860796456
26.43144744991377	0.0001519287018581838
26.45902343020832	0.0001522062242675905
26.48659941050287	0.0001524834565918155
26.51417539079742	0.0001527604322211445
26.54175137109197	0.0001530370706028301
26.56932735138652	0.000153312520546419
26.59690333168107	0.0001535886678174827
26.62447931197562	0.0001538645499191685
26.65205529227017	0.0001541402032226541
26.67963127256472	0.0001544156237934376
26.70720725285927	0.0001546907802651084
26.73478323315382	0.0001549656869180685
26.76235921344837	0.0001552403224892476
26.78993519374292	0.0001555146943286644
26.81751117403747	0.0001557887481156286
26.84508715433202	0.0001560625381802971
26.87266313462657	0.000156335757754301
26.90023911492112	0.0001566089677512216
26.92781509521567	0.0001568821022993336
26.95539107551022	0.0001571548648839295
26.98296705580477	0.0001574273427381645
27.01054303609932	0.0001576995282543714
27.03811901639387	0.0001579713267276222
27.06569499668842	0.0001582429705657679
27.09327097698297	0.000158514214969574
27.12084695727752	0.000158785166611691
27.14842293757207	0.0001590549624677254
27.17599891786662	0.000159325127353643
27.20357489816117	0.000159595120293199
27.23115087845572	0.0001598649058911444
27.25872685875027	0.0001601343957333911
27.28630283904482	0.0001604036261985102
27.31387881933937	0.0001606725863599976
27.34145479963392	0.0001609412564898935
27.36903077992847	0.0001612096389113987
27.39660676022302	0.000161477678082848
27.42418274051757	0.0001617455513697009
27.45175872081212	0.0001620121025711347
27.47933470110667	0.0001622793135457929
27.50691068140122	0.0001625462547895165
27.53448666169577	0.0001628129548054838
27.56206264199032	0.0001630794298961371
27.58963862228487	0.0001633456275850891
27.61721460257942	0.0001636115567887942
27.64479058287397	0.0001638772209007132
27.67236656316852	0.0001641426023136191
27.69994254346307	0.0001644076825110887
27.72751852375762	0.000164672414111892
27.75509450405217	0.000164937116657459
27.78267048434672	0.0001652008193086117
27.81024646464127	0.0001654647297289498
27.83782244493582	0.0001657283504653996
27.86539842523037	0.0001659916613565043
27.89297440552492	0.000166254737301983
27.92055038581947	0.0001665174406079899
27.94812636611402	0.0001667798560141589
27.97570234640857	0.0001670419281119419
28.00327832670312	0.0001673036698941904
28.03085430699767	0.0001675651209070235
28.05843028729223	0.0001678259916071062
28.08600626758678	0.0001680858759691866
28.11358224788133	0.0001683451848927486
28.14115822817588	0.0001686067469862744
28.16873420847043	0.0001688666264858036
28.19631018876498	0.0001691262435512213
28.22388616905953	0.0001693855570637159
28.25146214935408	0.0001696445740525177
28.27903812964863	0.0001699032880585466
28.30661410994318	0.0001701616966547758
28.33419009023773	0.0001704198526936801
28.36176607053228	0.0001706774413792582
28.38934205082683	0.0001709351389305171
28.41691803112138	0.0001711912711685934
28.44449401141593	0.0001714481769806064
28.47206999171048	0.0001717051880793736
28.49964597200503	0.0001719611310181932
28.52722195229958	0.0001722171816357187
28.55479793259413	0.0001724731001290309
28.58237391288868	0.0001727283859320266
28.60994989318323	0.0001729835979782955
28.63752587347778	0.00017323846163519
28.66510185377233	0.0001734931683970472
28.69267783406688	0.0001737473115428327
28.72025381436143	0.0001740015418580941
28.74782979465598	0.0001742545591602289
28.77540577495053	0.0001745081730028001
28.80298175524508	0.0001747610715420295
28.83055773553963	0.000175013772136735
28.85813371583418	0.0001752661766808918
28.88570969612873	0.0001755182431771767
28.91328567642328	0.0001757698939618021
28.94086165671783	0.0001760214238911387
28.96843763701238	0.0001762724000602273
28.99601361730693	0.0001765232502995753
29.02358959760148	0.0001767734575960657
29.05116557789603	0.0001770234541428165
29.07874155819058	0.0001772733309113949
29.10631753848513	0.0001775216430144584
29.13389351877968	0.0001777709554874895
29.16146949907423	0.0001780196307042196
29.18904547936878	0.0001782680835766872
29.21662145966333	0.0001785161910926227
29.24419743995788	0.0001787640834064902
29.27177342025243	0.0001790115874901982
29.29934940054698	0.0001792587346138413
29.32692538084153	0.0001795057151338864
29.35450136113608	0.0001797521523105275
29.38207734143063	0.0001799982461319506
29.40965332172518	0.0001802443797918136
29.43722930201973	0.0001804900129754127
29.46480528231428	0.0001807339479643733
29.49238126260883	0.0001809790632984581
29.51995724290338	0.0001812235524747997
29.54753322319793	0.0001814678609329674
29.57510920349248	0.0001817118832937363
29.60268518378703	0.0001819555896008477
29.63026116408158	0.0001821989909753832
29.65783714437613	0.0001824421465243756
29.68541312467068	0.0001826848151256273
29.71298910496523	0.0001829272270439393
29.74056508525978	0.0001831693403574296
29.76814106555433	0.0001834110814414329
29.79571704584888	0.0001836528330583064
29.82329302614343	0.0001838932119731307
29.85086900643798	0.0001841339963581369
29.87844498673253	0.0001843747223591828
29.90602096702708	0.0001846146751622393
29.93359694732163	0.0001848544782559453
29.96117292761618	0.000185093912419975
29.98874890791073	0.0001853329543800789
30.01632488820528	0.0001855717353254412
30.04390086849983	0.0001858101507357444
30.07147684879438	0.0001860482270257394
30.09905282908893	0.0001862855172169054
30.12662880938348	0.0001865228456359375
30.15420478967803	0.000186759897542141
30.18178076997258	0.0001869965575753184
30.20935675026713	0.000187231644689392
30.23693273056168	0.0001874678167342789
30.26450871085623	0.0001877033621489587
30.29208469115078	0.0001879385536271688
30.31966067144533	0.0001881734720159983
30.34723665173988	0.0001884080311007746
30.37481263203443	0.0001886424276865889
30.40238861232898	0.0001888802989728447
30.42996459262353	0.0001891096162699192
30.45754057291808	0.0001893428617652321
30.48511655321263	0.0001895757044130539
30.51269253350718	0.0001898081946565862
30.54026851380173	0.0001900406053383221
30.56784449409628	0.0001902723758434959
30.59542047439083	0.0001905027152628073
30.62299645468539	0.0001907338254100208
30.65057243497994	0.0001909648029401763
30.67814841527449	0.0001911953163980111
30.70572439556904	0.0001914252765319176
30.73330037586359	0.0001916551074953983
30.76087635615814	0.0001918846305416309
30.78845233645269	0.0001921138176319919
30.81602831674724	0.0001923424842571115
30.84360429704179	0.0001925710029598974
30.87118027733634	0.0001927990277925374
30.89875625763089	0.0001930269273143205
30.92633223792544	0.0001932523042505197
30.95390821821999	0.0001934817094097537
30.98148419851454	0.0001937077052964461
31.00906017880909	0.0001939340238314818
31.03663615910364	0.0001941600744916892
31.06421213939819	0.000194386041325363
31.09178811969274	0.0001946111023213164
31.11936409998729	0.000194836004202522
31.14694008028184	0.0001950606470570398
31.17451606057639	0.0001952848338510366
31.20209204087094	0.0001955084471123994
31.22966802116549	0.0001957318683410639
31.25724400146004	0.0001959549480990657
31.28481998175459	0.0001961775994122458
31.31239596204914	0.0001963999367872788
31.33997194234369	0.0001966220692333095
31.36754792263824	0.0001968435004673431
31.39512390293279	0.0001970635093348919
31.42269988322734	0.0001972844176515414
31.45027586352189	0.0001975047479242863
31.47785184381644	0.0001977251420014239
31.50542782411099	0.0001979449505493173
31.53300380440554	0.0001981644701338304
31.56057978470009	0.000198383443488649
31.58815576499464	0.0001986021183769385
31.61573174528919	0.0001988202298009429
31.64330772558374	0.0001990382161510318
31.67088370587829	0.0001992558117893313
31.69845968617284	0.0001994730251803345
31.72603566646739	0.000199690199145437
31.75361164676194	0.0001999066255417804
31.78118762705649	0.0002001227001899181
31.80876360735104	0.0002003383474671987
31.83633958764559	0.0002005525994532802
31.86391556794014	0.0002007675911354953
31.89149154823469	0.0002009822006111732
31.91906752852924	0.0002011966819349499
31.94664350882379	0.0002014107519606723
31.97421948911834	0.0002016243786995432
32.00179546941289	0.00020183744699214
32.02937144970744	0.0002020502164098012
32.05694743000199	0.000202262766355551
32.08452341029654	0.0002024748682433848
32.11209939059109	0.0002026866833976024
32.13967537088564	0.0002028981610632957
32.16725135118019	0.0002031093138697178
32.19482733147474	0.000203320138530364
32.22240331176929	0.0002035305006578797
0
1000	105.6583745	100000000000000.1
5	0	0	1
5	0	0	0
4.673998997513734	-1.291950199122811e-11
4.701574977808284	-1.180350712059678e-11
4.729150958102834	-1.276174099603727e-11
4.756726938397384	-1.390735713011055e-11
4.784302918691934	-1.499446470557827e-11
4.811878898986484	-1.596997283725216e-11
4.839454879281035	-1.682839337789528e-11
4.867030859575585	-1.757847169966954e-11
4.894606839870135	-1.823278152657793e-11
4.922182820164685	-1.88040643366653e-11
4.949758800459235	-1.930394935709954e-11
4.977334780753785	-1.974259309288736e-11
5.004910761048335	-2.012868177079194e-11
5.032486741342885	-2.046956863930239e-11
5.060062721637435	-2.077144979938175e-11
5.087638701931986	-2.103953840873497e-11
5.115214682226536	-2.127822185195107e-11
5.142790662521086	-2.149119743787711e-11
5.170366642815636	-2.168158690754496e-11
5.197942623110186	-2.185203188507324e-11
5.225518603404736	-2.200477294072833e-11
5.253094583699286	-2.214171489492419e-11
5.280670563993836	-2.226448072220198e-11
5.308246544288386	-2.237445607749259e-11
5.335822524582936	-2.247282613590917e-11
5.363398504877487	-2.256060614154417e-11
5.390974485172037	-2.263866681005975e-11
5.418550465466587	-2.270775552706371e-11
5.446126445761137	-2.276851413653322e-11
5.473702426055687	-2.282149406154576e-11
5.501278406350237	-2.288075159339523e-11
5.528854386644787	-2.291775226262469e-11
5.556430366939337	-2.294726780842145e-11
5.584006347233887	-2.296981184726605e-11
5.611582327528438	-2.298587038169815e-11
5.639158307822988	-2.299590209083737e-11
5.666734288117538	-2.300033891592663e-11
5.694310268412088	-2.299958685910274e-11
5.721886248706638	-2.299402693192131e-11
5.749462229001188	-2.298401620428082e-11
5.777038209295738	-2.29697068359512e-11
5.804614189590288	-2.295180353115484e-11
5.832190169884838	-2.293039925384422e-11
5.859766150179389	-2.29057621432008e-11
5.887342130473939	-2.287814101480927e-11
5.914918110768489	-2.284776440175481e-11
5.942494091063039	-2.281482868125965e-11
5.970070071357589	-2.277909870012699e-11
5.997646051652139	-2.274250253679438e-11
6.025222031946689	-2.270310240472472e-11
6.052798012241239	-2.266201508678247e-11
6.080373992535789	-2.261923784492593e-11
6.107949972830339	-2.257495095881622e-11
6.13552595312489	-2.252924661327127e-11
6.16310193341944	-2.24823236477663e-11
6.19067791371399	-2.243425015730046e-11
6.21825389400854	-2.238514209923457e-11
6.24582987430309	-2.233510112152197e-11
6.27340585459764	-2.228422143640452e-11
6.30098183489219	-2.22325907265837e-11
6.32855781518674	-2.218030185919647e-11
6.35613379548129	-2.212740339831726e-11
6.383709775775841	-2.207398039043141e-11
6.411285756070391	-2.202009888280672e-11
6.438861736364941	-2.196582030718688e-11
6.466437716659491	-2.191120172014306e-11
6.494013696954041	-2.185629599180943e-11
6.521589677248591	-2.180115191668974e-11
6.549165657543141	-2.174581419165052e-11
6.576741637837691	-2.169032313939765e-11
6.604317618132241	-2.163402803770043e-11
6.631893598426791	-2.157824409767366e-11
6.659469578721342	-2.152242675846106e-11
6.687045559015892	-2.146660820875537e-11
6.714621539310442	-2.141081830175559e-11
6.742197519604992	-2.13550847114557e-11
6.769773499899542	-2.129943307776281e-11
6.797349480194092	-2.12438871413691e-11
6.824925460488642	-2.118846886918854e-11
6.852501440783192	-2.11331985710806e-11
6.880077421077742	-2.107808276176481e-11
6.907653401372293	-2.10231647775194e-11
6.935229381666843	-2.096844765402391e-11
6.962805361961393	-2.091394589369538e-11
6.990381342255943	-2.085967279492736e-11
7.017957322550493	-2.080564053365378e-11
7.045533302845043	-2.075186023903437e-11
7.073109283139593	-2.069834206370489e-11
7.100685263434143	-2.064509524900168e-11
7.128261243728693	-2.059212818553805e-11
7.155837224023244	-2.053944068030188e-11
7.183413204317794	-2.048705609796481e-11
7.210989184612344	-2.043497243749127e-11
7.238565164906894	-2.038319509270969e-11
7.266141145201444	-2.033172883477004e-11
7.293717125495994	-2.028057785476973e-11
7.321293105790544	-2.022974580316482e-11
7.348869086085094	-2.017923582621007e-11
7.376445066379644	-2.012905059964634e-11
7.404021046674194	-2.007919235982795e-11
7.431597026968745	-2.002965616046149e-11
7.459173007263295	-1.998045740159085e-11
7.486748987557845	-1.993159057651266e-11
7.514324967852395	-1.988305645752471e-11
7.541900948146945	-1.98348555023907e-11
7.569476928441495	-1.978698787643275e-11
7.597052908736045	-1.973945347300398e-11
7.624628889030595	-1.969225193247173e-11
7.652204869325145	-1.964538265983126e-11
7.679780849619696	-1.959884484105966e-11
7.707356829914246	-1.955263490364964e-11
7.734932810208796	-1.950675695932119e-11
7.762508790503346	-1.946120707837436e-11
7.790084770797896	-1.941598369861851e-11
7.817660751092446	-1.937108509533851e-11
7.845236731386996	-1.932650939082326e-11
7.872812711681546	-1.928225456276085e-11
7.900388691976096	-1.923831845147748e-11
7.927964672270646	-1.919469876596665e-11
7.955540652565197	-1.915139308861596e-11
7.983116632859747	-1.910844058451791e-11
8.010692613154298	-1.906574554741023e-11
8.038268593448848	-1.902335716730695e-11
8.065844573743398	-1.89812718697054e-11
8.093420554037948	-1.893948637105458e-11
8.120996534332498	-1.889799746199021e-11
8.148572514627048	-1.88568019295442e-11
8.176148494921598	-1.881589652578083e-11
8.203724475216148	-1.877527795449106e-11
8.231300455510699	-1.873494286568982e-11
8.258876435805249	-1.869489375768641e-11
8.286452416099799	-1.865511467197814e-11
8.314028396394349	-1.861560827155901e-11
8.341604376688899	-1.857637105084991e-11
8.369180356983449	-1.853739946283042e-11
8.396756337277999	-1.849868992236653e-11
8.424332317572549	-1.846023880938852e-11
8.451908297867099	-1.842204247193207e-11
8.47948427816165	-1.838409722905459e-11
8.5070602584562	-1.834639937363701e-11
8.53463623875075	-1.830890842481781e-11
8.5622122190453	-1.827170347944773e-11
8.58978819933985	-1.823473369979215e-11
8.6173641796344	-1.819799578190036e-11
8.64494015992895	-1.816148604653043e-11
8.6725161402235	-1.812520063419474e-11
8.70009212051805	-1.808913557895199e-11
8.7276681008126	-1.805328684074169e-11
8.755244081107151	-1.801765032114671e-11
8.782820061401701	-1.798222187170381e-11
8.810396041696251	-1.794699050662721e-11
8.837972021990801	-1.791196643598898e-11
8.865548002285351	-1.787713817952824e-11
8.893123982579901	-1.784250132280986e-11
8.920699962874451	-1.780805140187174e-11
8.948275943169001	-1.77737839033761e-11
8.975851923463551	-1.773969426457363e-11
9.003427903758102	-1.770577787309415e-11
9.031003884052652	-1.767203006657609e-11
9.058579864347202	-1.763844613214665e-11
9.086155844641752	-1.760501647503527e-11
9.113731824936302	-1.757174652915376e-11
9.141307805230852	-1.753862634853296e-11
9.168883785525402	-1.750565093588749e-11
9.196459765819952	-1.747281522972427e-11
9.224035746114502	-1.744011410518115e-11
9.251611726409052	-1.740754237445179e-11
9.279187706703603	-1.737509478684859e-11
9.306763686998153	-1.734276602854864e-11
9.334339667292703	-1.731055072206148e-11
9.361915647587253	-1.727840864872445e-11
9.389491627881803	-1.724641249788314e-11
9.417067608176353	-1.721451287668032e-11
9.444643588470903	-1.718270399139672e-11
9.472219568765453	-1.7150979986422e-11
9.499795549060003	-1.711933494485153e-11
9.527371529354554	-1.70877628871374e-11
9.554947509649104	-1.705625776889638e-11
9.582523489943654	-1.702481347832017e-11
9.610099470238204	-1.699342383338665e-11
9.637675450532754	-1.696207625324077e-11
9.665251430827304	-1.693077783318464e-11
9.692827411121854	-1.689951549043315e-11
9.720403391416404	-1.686828265457055e-11
9.747979371710954	-1.683707266211017e-11
9.775555352005505	-1.680587875202189e-11
9.803131332300055	-1.677469406097809e-11
9.830707312594605	-1.674351161824176e-11
9.858283292889155	-1.671232434009578e-11
9.885859273183705	-1.668112502367787e-11
9.913435253478255	-1.664991590567489e-11
9.941011233772805	-1.661867000383646e-11
9.968587214067355	-1.658738871681027e-11
9.996163194361905	-1.655606421533511e-11
10.02373917465646	-1.652468854031797e-11
10.05131515495101	-1.649325359871723e-11
10.07889113524556	-1.646175115936731e-11
10.10646711554011	-1.64301728487388e-11
10.13404309583466	-1.639851014662761e-11
10.16161907612921	-1.636675438176506e-11
10.18919505642376	-1.633490145338709e-11
10.21677103671831	-1.630293257697271e-11
10.24434701701286	-1.627084324598145e-11
10.27192299730741	-1.623862415862743e-11
10.29949897760196	-1.620626586170546e-11
10.32707495789651	-1.617375874769979e-11
10.35465093819106	-1.61410930519838e-11
10.38222691848561	-1.610825885011935e-11
10.40980289878016	-1.607524605526501e-11
10.43737887907471	-1.604204441570308e-11
10.46495485936926	-1.60086468520163e-11
10.49253083966381	-1.597503581209817e-11
10.52010681995836	-1.594120387300823e-11
10.54768280025291	-1.590714012704431e-11
10.57525878054746	-1.587283350644296e-11
10.60283476084201	-1.58382727821978e-11
10.63041074113656	-1.580344656310082e-11
10.65798672143111	-1.57683432950223e-11
10.68556270172566	-1.573295126044558e-11
10.71313868202021	-1.569725857827344e-11
10.74071466231476	-1.566125716687029e-11
10.76829064260931	-1.562492651748125e-11
10.79586662290386	-1.558825827113762e-11
10.82344260319841	-1.555123993653682e-11
10.85101858349296	-1.551385887846405e-11
10.87859456378751	-1.547610231906943e-11
10.90617054408206	-1.543795733953736e-11
10.93374652437661	-1.539941088216868e-11
10.96132250467116	-1.536044975289683e-11
10.98889848496571	-1.532106062425967e-11
11.01647446526026	-1.5281230694893e-11
11.04405044555481	-1.524094497303984e-11
11.07162642584936	-1.520019046450299e-11
11.09920240614391	-1.515895336349599e-11
11.12677838643846	-1.511721975431452e-11
11.15435436673301	-1.507497561654659e-11
11.18193034702756	-1.503220683085037e-11
11.20950632732211	-1.498889918531806e-11
11.23708230761666	-1.494503838244298e-11
11.26465828791121	-1.490061004670619e-11
11.29223426820576	-1.485559813231648e-11
11.31981024850031	-1.48099914955641e-11
11.34738622879486	-1.476377394635675e-11
11.37496220908941	-1.471693086589884e-11
11.40253818938396	-1.466944759824944e-11
11.43011416967851	-1.462130946243654e-11
11.45769014997306	-1.457250176537382e-11
11.48526613026761	-1.452300981559966e-11
11.51284211056216	-1.447281893785738e-11
11.54041809085671	-1.442191448853549e-11
11.56799407115126	-1.437028097771071e-11
11.59557005144581	-1.431790570833573e-11
11.62314603174036	-1.426477338247451e-11
11.65072201203491	-1.421086965681371e-11
11.67829799232946	-1.415618030481639e-11
11.70587397262401	-1.410069123669491e-11
11.73344995291856	-1.404438852028307e-11
11.76102593321311	-1.39872584028116e-11
11.78860191350766	-1.392928733358824e-11
11.81617789380221	-1.387046198758106e-11
11.84375387409676	-1.381076816422856e-11
11.87132985439131	-1.375019537352885e-11
11.89890583468586	-1.36887300450443e-11
11.92648181498041	-1.362636001141616e-11
11.95405779527496	-1.356307345515824e-11
11.98163377556951	-1.349885893632913e-11
12.00920975586406	-1.343370542095263e-11
12.03678573615861	-1.336760231015435e-11
12.06436171645316	-1.330053946997757e-11
12.09193769674771	-1.323250726183736e-11
12.11951367704226	-1.316349477784354e-11
12.14708965733681	-1.309349716593517e-11
12.17466563763136	-1.302250472579828e-11
12.20224161792591	-1.295051011336144e-11
12.22981759822046	-1.287750662976893e-11
12.25739357851501	-1.280348825320698e-11
12.28496955880956	-1.272844967087635e-11
12.31254553910411	-1.265238631102667e-11
12.34012151939866	-1.257529437496308e-11
12.36769749969321	-1.249717086893029e-11
12.39527347998776	-1.241801175393986e-11
12.42284946028231	-1.233781964115485e-11
12.45042544057686	-1.225659229289497e-11
12.47800142087141	-1.217433023921875e-11
12.50557740116597	-1.209103495899254e-11
12.53315338146052	-1.200670890805035e-11
12.56072936175507	-1.192135554646417e-11
12.58830534204962	-1.183497936480301e-11
12.61588132234417	-1.174758590925694e-11
12.64345730263872	-1.165918180550047e-11
12.67103328293327	-1.156977847982411e-11
12.69860926322782	-1.147937656338463e-11
12.72618524352237	-1.138799051051974e-11
12.75376122381692	-1.129563155135251e-11
12.78133720411147	-1.120231207427417e-11
12.80891318440602	-1.11080456419346e-11
12.83648916470057	-1.101284700381945e-11
12.86406514499512	-1.091673210584707e-11
12.89164112528967	-1.081971809716928e-11
12.91921710558422	-1.072182333423784e-11
12.94679308587877	-1.06230757232007e-11
12.97436906617332	-1.052347870998914e-11
13.00194504646787	-1.042306251604523e-11
13.02952102676242	-1.032185035540066e-11
13.05709700705697	-1.021986666675131e-11
13.08467298735152	-1.011713710332495e-11
13.11224896764607	-1.00136885201064e-11
13.13982494794062	-9.909548958563878e-12
13.16740092823517	-9.804747629154747e-12
13.19497690852972	-9.699314892126397e-12
13.22255288882427	-9.593235037993752e-12
13.25012886911882	-9.486640111720904e-12
13.27770484941337	-9.379515473041924e-12
13.30528082970792	-9.271895122467852e-12
13.33285681000247	-9.163813767447524e-12
13.36043279029702	-9.055306778885022e-12
13.38800877059157	-8.946410145707145e-12
13.41558475088612	-8.83716042755208e-12
13.44316073118067	-8.727594705667864e-12
13.47073671147522	-8.617750532124645e-12
13.49831269176977	-8.507725702529892e-12
13.52588867206432	-8.397433790283951e-12
13.55346465235887	-8.286973226055564e-12
13.58104063265342	-8.176383375536661e-12
13.60861661294797	-8.065704072916442e-12
13.63619259324252	-7.954975566790479e-12
13.66376857353707	-7.844238465007657e-12
13.69134455383162	-7.733533678615644e-12
13.71892053412617	-7.622902365063087e-12
13.74649651442072	-7.512385870810867e-12
13.77407249471527	-7.401964022895601e-12
13.80164847500982	-7.291806926787318e-12
13.82922445530437	-7.181894566861467e-12
13.85680043559892	-7.072267976842512e-12
13.88437641589347	-6.962967799340956e-12
13.91195239618802	-6.854034223792981e-12
13.93952837648257	-6.745506925891043e-12
13.96710435677712	-6.637425008691785e-12
13.99468033707167	-6.529826945579224e-12
14.02225631736622	-6.422750525250743e-12
14.04983229766077	-6.316241445234984e-12
14.07740827795532	-6.21031788243557e-12
14.10498425824987	-6.105023979737618e-12
14.13256023854442	-6.000394364463789e-12
14.16013621883897	-5.896462776036032e-12
14.18771219913352	-5.793262025090116e-12
14.21528817942807	-5.690823955362369e-12
14.24286415972262	-5.589179408421605e-12
14.27044014001717	-5.488358191305454e-12
14.29801612031172	-5.388389047106538e-12
14.32559210060627	-5.28930289243296e-12
14.35316808090082	-5.191119139351034e-12
14.38074406119537	-5.093866918438619e-12
14.40832004148992	-4.997570564444822e-12
14.43589602178447	-4.902253235832472e-12
14.46347200207902	-4.807936901679047e-12
14.49104798237357	-4.714642331913725e-12
14.51862396266812	-4.622389090742462e-12
14.54619994296267	-4.531195533127343e-12
14.57377592325722	-4.441078804194394e-12
14.60135190355177	-4.352049763477662e-12
14.62892788384632	-4.264133803533785e-12
14.65650386414087	-4.177339293688052e-12
14.68407984443542	-4.091678533118704e-12
14.71165582472997	-4.007162629456833e-12
14.73923180502452	-3.923801514104177e-12
14.76680778531907	-3.841603959508595e-12
14.79438376561362	-3.760577598251275e-12
14.82195974590817	-3.68072894379186e-12
14.84953572620272	-3.602063412708321e-12
14.87711170649727	-3.524586282268127e-12
14.90468768679182	-3.448299052062762e-12
14.93226366708637	-3.373204724989815e-12
14.95983964738092	-3.299304536755788e-12
14.98741562767547	-3.226598758974566e-12
15.01499160797002	-3.155086729962808e-12
15.04256758826457	-3.084766886230225e-12
15.07014356855912	-3.015636794545282e-12
15.09771954885368	-2.947693184460841e-12
15.12529552914823	-2.880931981188644e-12
15.15287150944278	-2.815345428131452e-12
15.18044748973733	-2.750934063216983e-12
15.20802347003188	-2.687688616632887e-12
15.23559945032643	-2.625602093138003e-12
15.26317543062098	-2.564666849219637e-12
15.29075141091553	-2.504874626898457e-12
15.31832739121008	-2.446216587204231e-12
15.34590337150463	-2.388683343251376e-12
15.37347935179918	-2.332264992848963e-12
15.40105533209373	-2.276951150585146e-12
15.42863131238828	-2.222728489209147e-12
15.45620729268283	-2.169590993321215e-12
15.48378327297738	-2.117524456646115e-12
15.51135925327193	-2.066516838273418e-12
15.53893523356648	-2.016555756723893e-12
15.56651121386103	-1.967628518750248e-12
15.59408719415558	-1.919722147288167e-12
15.62166317445013	-1.87282340853703e-12
15.64923915474468	-1.826918838153957e-12
15.67681513503923	-1.781994766548637e-12
15.70439111533378	-1.738035420416339e-12
15.73196709562833	-1.695030841954466e-12
15.75954307592288	-1.652964910940541e-12
15.78711905621743	-1.611823347144814e-12
15.81469503651198	-1.571591771731714e-12
15.84227101680653	-1.532255727745674e-12
15.86984699710108	-1.493800699657769e-12
15.89742297739563	-1.456212131985245e-12
15.92499895769018	-1.419475446997992e-12
15.95257493798473	-1.383576061527752e-12
15.98015091827928	-1.348497677198178e-12
16.00772689857383	-1.314229385271595e-12
16.03530287886838	-1.28075489850282e-12
16.06287885916293	-1.248059740124365e-12
16.09045483945748	-1.216129493918693e-12
16.11803081975203	-1.184949816690671e-12
16.14560680004658	-1.154506449939824e-12
16.17318278034113	-1.124785230758278e-12
16.20075876063568	-1.095772101980638e-12
16.22833474093023	-1.067453121612175e-12
16.25591072122478	-1.0398132370631e-12
16.28348670151933	-1.012841364666562e-12
16.31106268181388	-9.865226848049051e-13
16.33863866210843	-9.608437808489718e-13
16.36621464240298	-9.357913848131392e-13
16.39379062269753	-9.113523834516447e-13
16.42136660299208	-8.875138237812331e-13
16.44894258328663	-8.642629180568279e-13
16.47651856358118	-8.415870482263617e-13
16.50409454387573	-8.194737698903005e-13
16.53167052417028	-7.979096867987935e-13
16.55924650446483	-7.768850943027604e-13
16.58682248475938	-7.563869206422115e-13
16.61439846505393	-7.364034313617341e-13
16.64197444534848	-7.169230756079769e-13
16.66955042564303	-6.979344880559164e-13
16.69712640593758	-6.794264904623627e-13
16.72470238623213	-6.613880928690852e-13
16.75227836652668	-6.438084944770761e-13
16.77985434682123	-6.26677084212647e-13
16.80743032711578	-6.09982646866332e-13
16.83500630741033	-5.9371662670949e-13
16.86258228770488	-5.778681619002356e-13
16.89015826799943	-5.624273898542426e-13
16.91773424829398	-5.473846342572639e-13
16.94531022858853	-5.327304044694835e-13
16.97288620888308	-5.184553947183953e-13
17.00046218917763	-5.045504830963341e-13
17.02803816947218	-4.910067303779748e-13
17.05561414976673	-4.778153786723498e-13
17.08319013006128	-4.649671429886823e-13
17.11076611035583	-4.524551159581613e-13
17.13834209065038	-4.402703420990697e-13
17.16591807094493	-4.284047628782764e-13
17.19349405123948	-4.168504903438947e-13
17.22107003153403	-4.055998053299689e-13
17.24864601182858	-3.946451555522765e-13
17.27622199212313	-3.83979153606337e-13
17.30379797241768	-3.735945748780486e-13
17.33137395271223	-3.634843553767387e-13
17.35894993300678	-3.53641110873709e-13
17.38652591330133	-3.440591018389225e-13
17.41410189359588	-3.347312375866309e-13
17.44167787389043	-3.256510672792119e-13
17.46925385418498	-3.168122876230937e-13
17.49682983447953	-3.082087405916701e-13
17.52440581477408	-2.998344111075271e-13
17.55198179506863	-2.916834246908335e-13
17.57955777536318	-2.837500450802731e-13
17.60713375565773	-2.760286718324343e-13
17.63470973595228	-2.685134314070652e-13
17.66228571624683	-2.611998459383527e-13
17.68986169654139	-2.540822869534844e-13
17.71743767683594	-2.471556674805169e-13
17.74501365713049	-2.404150230757205e-13
17.77258963742504	-2.338555095553346e-13
17.80016561771959	-2.274724007216245e-13
17.82774159801414	-2.212610860874554e-13
17.85531757830869	-2.152170686032629e-13
17.88289355860324	-2.093359623899699e-13
17.91046953889779	-2.036131390288129e-13
17.93804551919234	-1.980451705252904e-13
17.96562149948689	-1.926276266254526e-13
17.99319747978144	-1.873565388264972e-13
18.02077346007599	-1.822280376902899e-13
18.04834944037054	-1.772383508133138e-13
18.07592542066509	-1.723838008063875e-13
18.10350140095964	-1.676608032868135e-13
18.13107738125419	-1.630658648853816e-13
18.15865336154874	-1.58595581270408e-13
18.18622934184329	-1.542464323030124e-13
18.21380532213784	-1.500156138363944e-13
18.24138130243239	-1.458997674362484e-13
18.26895728272694	-1.418958228755415e-13
18.29653326302149	-1.380007888039198e-13
18.32410924331604	-1.342117509837283e-13
18.35168522361059	-1.305258705466091e-13
18.37926120390514	-1.269403822719354e-13
18.40683718419969	-1.234525928882024e-13
18.43441316449424	-1.200598793983559e-13
18.46198914478879	-1.167594808684148e-13
18.48956512508334	-1.135493463222147e-13
18.51714110537789	-1.104268394553959e-13
18.54471708567244	-1.073895992505279e-13
18.57229306596699	-1.044353264197246e-13
18.59986904626154	-1.015617819719926e-13
18.62744502655609	-9.876678579995402e-14
18.65502100685064	-9.6048215286837e-14
18.68259698714519	-9.340400393450242e-14
18.71017296743974	-9.083214001317011e-14
18.73774894773429	-8.833052062227906e-14
18.76532492802884	-8.589754496475655e-14
18.79290090832339	-8.353120791191256e-14
18.82047688861794	-8.122970177379207e-14
18.84805286891249	-7.899126681762402e-14
18.87562884920704	-7.681419011351271e-14
18.90320482950159	-7.469680439857867e-14
18.93078080979614	-7.263748696003256e-14
18.95835679009069	-7.063465853758192e-14
18.98593277038524	-6.868678224549704e-14
19.01350875067979	-6.679224520819586e-14
19.04108473097434	-6.494983989855386e-14
19.06866071126889	-6.315802866099322e-14
19.09623669156344	-6.141543210858195e-14
19.12381267185799	-5.972070781983971e-14
19.15138865215254	-5.807254942919264e-14
19.17896463244709	-5.646968573315856e-14
19.20654061274164	-5.491087981255252e-14
19.23411659303619	-5.339492817093987e-14
19.26169257333074	-5.192065988951254e-14
19.28926855362529	-5.048684955053036e-14
19.31684453391984	-4.909257103680609e-14
19.34442051421439	-4.773665690398289e-14
19.37199649450894	-4.641805724261401e-14
19.39957247480349	-4.513575050453555e-14
19.42714845509804	-4.388874279147644e-14
19.45472443539259	-4.267606715691347e-14
19.48230041568714	-4.149678292131337e-14
19.50987639598169	-4.034997500086231e-14
19.53745237627624	-3.92347532497464e-14
19.56502835657079	-3.815017962904392e-14
19.59260433686534	-3.709556447627047e-14
19.62018031715989	-3.607001368527445e-14
19.64775629745444	-3.507272960488935e-14
19.67533227774899	-3.410293619055534e-14
19.70290825804354	-3.315987850750036e-14
19.73048423833809	-3.224282219284367e-14
19.75806021863264	-3.135105292872315e-14
19.78563619892719	-3.048387592601654e-14
19.81321217922174	-2.964061541864892e-14
19.84078815951629	-2.88205650530646e-14
19.86836413981084	-2.802318929839272e-14
19.89594012010539	-2.724781571077094e-14
19.92351610039994	-2.6493839105961e-14
19.95109208069449	-2.576067081237745e-14
19.97866806098904	-2.50477382475751e-14
20.00624404128359	-2.435448450328391e-14
20.03382002157814	-2.368036793900541e-14
20.06139600187269	-2.302486178416867e-14
20.08897198216724	-2.238745374882632e-14
20.11654796246179	-2.176760172438849e-14
20.14412394275634	-2.116491401389247e-14
20.17169992305089	-2.057887397443567e-14
20.19927590334544	-2.000902290768821e-14
20.22685188363999	-1.945491465633128e-14
20.25442786393454	-1.891611528238668e-14
20.2820038442291	-1.839220275186333e-14
20.30957982452365	-1.788276662576231e-14
20.3371558048182	-1.738740775746507e-14
20.36473178511275	-1.690573799651239e-14
20.3923077654073	-1.643736213491913e-14
20.41988374570185	-1.598194978079913e-14
20.4474597259964	-1.553912701949118e-14
20.47503570629095	-1.510854665263029e-14
20.5026116865855	-1.468987097602568e-14
20.53018766688005	-1.428277154168321e-14
20.5577636471746	-1.388692892220717e-14
20.58533962746915	-1.350203247858827e-14
20.6129156077637	-1.312778013195518e-14
20.64049158805825	-1.276387813962798e-14
20.6680675683528	-1.241001754525046e-14
20.69564354864735	-1.206596991349851e-14
20.7232195289419	-1.173144101049237e-14
20.75079550923645	-1.140616795977999e-14
20.778371489531	-1.108989510445722e-14
20.80594746982555	-1.07823738212324e-14
20.8335234501201	-1.048336233845015e-14
20.86109943041465	-1.019262555825636e-14
20.8886754107092	-9.909934883212489e-15
20.91625139100375	-9.635068047939697e-15
20.9438273712983	-9.367795992099188e-15
20.97140335159285	-9.107936841784687e-15
20.9989793318874	-8.855272025557633e-15
21.02655531218195	-8.609602620585431e-15
21.0541312924765	-8.37073517882922e-15
21.08170727277105	-8.138481585138029e-15
21.1092832530656	-7.912658918197903e-15
21.13685923336015	-7.693089314351518e-15
21.1644352136547	-7.47959983429663e-15
21.19201119394925	-7.272022332663982e-15
21.2195871742438	-7.070182762752999e-15
21.24716315453835	-6.873944066032488e-15
21.2747391348329	-6.683141468090956e-15
21.30231511512745	-6.497624607904676e-15
21.329891095422	-6.317247255238555e-15
21.35746707571655	-6.141867207310366e-15
21.3850430560111	-5.971346185875153e-15
21.41261903630565	-5.805549735568536e-15
21.4401950166002	-5.644347123919234e-15
21.46777099689475	-5.487611243241836e-15
21.4953469771893	-5.335207866174572e-15
21.52292295748385	-5.18703934693309e-15
21.5504989377784	-5.042977835735636e-15
21.57807491807295	-4.902909630582708e-15
21.6056508983675	-4.766724163414845e-15
21.63322687866205	-4.634313918957947e-15
21.6608028589566	-4.505574355238104e-15
21.68837883925115	-4.380403825820222e-15
21.7159548195457	-4.258703503869578e-15
21.74353079984025	-4.140377308255033e-15
21.7711067801348	-4.025326054874899e-15
21.79868276042935	-3.913471768679372e-15
21.8262587407239	-3.804719655206565e-15
21.85383472101845	-3.698983762694735e-15
21.881410701313	-3.596180511891865e-15
21.90898668160755	-3.496228634393697e-15
21.9365626619021	-3.399049112221206e-15
21.96413864219665	-3.304565118644944e-15
21.9917146224912	-3.212701960260403e-15
22.01929060278575	-3.123387020315347e-15
22.0468665830803	-3.036541645472993e-15
22.07444256337485	-2.952114000753496e-15
22.1020185436694	-2.87002923934378e-15
22.12959452396395	-2.79022247740645e-15
22.1571705042585	-2.712630768375175e-15
22.18474648455305	-2.637194199906679e-15
22.2123224648476	-2.563838333570728e-15
22.23989844514215	-2.492533481650663e-15
22.2674744254367	-2.423203657904049e-15
22.29505040573125	-2.355797667779854e-15
22.3226263860258	-2.290259139060198e-15
22.35020236632035	-2.226543200724135e-15
22.3777783466149	-2.164596305901075e-15
22.40535432690945	-2.104369378017779e-15
22.432930307204	-2.045814688904393e-15
22.46050628749855	-1.988885816455058e-15
22.4880822677931	-1.933537591477796e-15
22.51565824808765	-1.87972600463991e-15
22.5432342283822	-1.827407912615526e-15
22.57081020867675	-1.776538702917755e-15
22.5983861889713	-1.727094220379266e-15
22.62596216926585	-1.67901712659327e-15
22.6535381495604	-1.632275603114034e-15
22.68111412985495	-1.586832588327193e-15
22.7086901101495	-1.542652044505785e-15
22.73626609044405	-1.499698931388541e-15
22.7638420707386	-1.457939180243048e-15
22.79141805103315	-1.417339668429977e-15
22.8189940313277	-1.377868194478869e-15
22.84657001162225	-1.339493453682004e-15
22.87414599191681	-1.30218191586533e-15
22.90172197221136	-1.265910543056349e-15
22.92929795250591	-1.230647366765159e-15
22.95687393280046	-1.196364392818717e-15
22.98444991309501	-1.163034401141143e-15
23.01202589338956	-1.130630925721475e-15
23.03960187368411	-1.09912823496919e-15
23.06717785397866	-1.068501312462131e-15
23.09475383427321	-1.038725838090035e-15
23.12232981456776	-1.00977816959582e-15
23.14990579486231	-9.816329505586506e-16
23.17748177515686	-9.542728586150467e-16
23.20505775545141	-9.276737118962566e-16
23.23263373574596	-9.018143688585172e-16
23.26020971604051	-8.766742728085102e-16
23.28778569633506	-8.522334367368494e-16
23.31536167662961	-8.284724284107332e-16
23.34293765692416	-8.053723556964151e-16
23.37051363721871	-7.829148520334613e-16
23.39808961751326	-7.610820618398059e-16
23.42566559780781	-7.398556546143205e-16
23.45324157810236	-7.192209263697434e-16
23.48081755839691	-6.991604343340627e-16
23.50839353869146	-6.796582148974944e-16
23.53596951898601	-6.606987466247945e-16
23.56354549928056	-6.422669386849965e-16
23.59112147957511	-6.243481195796233e-16
23.61869745986966	-6.06928026125632e-16
23.64627344016421	-5.899927926768947e-16
23.67384942045876	-5.73528940577667e-16
23.70142540075331	-5.575220303824512e-16
23.72900138104786	-5.419621580491157e-16
23.75657736134241	-5.268355512894858e-16
23.78415334163696	-5.12130157043314e-16
23.81172932193151	-4.978342538971271e-16
23.83930530222606	-4.839364396549407e-16
23.86688128252061	-4.704256060182705e-16
23.89445726281516	-4.57290779001143e-16
23.92203324310971	-4.44524631453264e-16
23.94960922340426	-4.321100589699205e-16
23.97718520369881	-4.200409084265052e-16
24.00476118399336	-4.083092699179046e-16
24.03233716428791	-3.969066811298079e-16
24.05991314458246	-3.858197307412082e-16
24.08748912487701	-3.750421017396418e-16
24.11506510517156	-3.645648519893678e-16
24.14264108546611	-3.543795818190186e-16
24.17021706576066	-3.444781531637661e-16
24.19779304605521	-3.348526614458216e-16
24.22536902634976	-3.254954251185755e-16
24.25294500664431	-3.163984664063224e-16
24.28052098693886	-3.075528268911243e-16
24.30809696723341	-2.989588799414268e-16
24.33567294752796	-2.906023959875346e-16
24.36324892782251	-2.824788444570191e-16
24.39082490811706	-2.745817865989291e-16
24.41840088841161	-2.669049241320354e-16
24.44597686870616	-2.594421274439479e-16
24.47355284900071	-2.521874360544295e-16
24.50112882929526	-2.451350554004032e-16
24.52870480958981	-2.382786847628402e-16
24.55628078988436	-2.316142618171979e-16
24.58385677017891	-2.251357702998217e-16
24.61143275047346	-2.188380291362667e-16
24.63900873076801	-2.127160009775057e-16
24.66658471106256	-2.067647884978412e-16
24.69416069135711	-2.009796307608542e-16
24.72173667165166	-1.953558996546161e-16
24.74931265194621	-1.898890963971321e-16
24.77688863224076	-1.84574848112723e-16
24.80446461253531	-1.794083983739938e-16
24.83204059282986	-1.74386685217752e-16
24.85961657312441	-1.695051687239522e-16
24.88719255341896	-1.64759939817303e-16
24.91476853371351	-1.601471979099201e-16
24.94234451400806	-1.556632481114075e-16
24.96992049430261	-1.513044984893781e-16
24.99749647459716	-1.470674573814733e-16
25.02507245489171	-1.429487307597143e-16
25.05264843518626	-1.389450196478118e-16
25.08022441548081	-1.350480952955489e-16
25.10780039577536	-1.312654914993429e-16
25.13537637606991	-1.275889110107448e-16
25.16295235636446	-1.240153327830317e-16
25.19052833665901	-1.205418083874888e-16
25.21810431695356	-1.171654621462814e-16
25.24568029724811	-1.138834909938132e-16
25.27325627754266	-1.106931641011047e-16
25.30083225783721	-1.075918222942762e-16
25.32840823813176	-1.045768772950423e-16
25.35598421842631	-1.016529297869722e-16
25.38356019872086	-9.880256068796421e-17
25.41113617901541	-9.603067858419655e-17
25.43871215930996	-9.333504957553148e-17
25.46628813960452	-9.071352795812865e-17
25.49386411989907	-8.816405364963939e-17
25.52144010019362	-8.568464989520537e-17
25.54901608048817	-8.327342125476485e-17
25.57659206078272	-8.092855187344104e-17
25.60416804107727	-7.864830403832212e-17
25.63174402137182	-7.64085599426074e-17
25.65932000166637	-7.425515178879072e-17
25.68689598196092	-7.216329370053383e-17
25.71447196225547	-7.013125980917635e-17
25.74204794255002	-6.815734256571334e-17
25.76962392284457	-6.623985828036064e-17
25.79719990313912	-6.437715154958365e-17
25.82477588343367	-6.256759874244859e-17
25.85235186372822	-6.080961069278836e-17
25.87992784402277	-5.910163472205193e-17
25.90750382431732	-5.744605674706838e-17
25.93507980461187	-5.583312059555863e-17
25.96265578490642	-5.42654953071326e-17
25.99023176520097	-5.274184525824441e-17
26.01780774549552	-5.126088166274647e-17
26.04538372579007	-4.982136066043349e-17
26.07295970608462	-4.842208150535078e-17
26.10053568637917	-4.706188484792953e-17
26.12811166667372	-4.573965110541258e-17
26.15568764696827	-4.445429891542643e-17
26.18326362726282	-4.320432540738675e-17
26.21083960755737	-4.198968448714214e-17
26.23841558785192	-4.080893263713034e-17
26.26599156814647	-3.96611221868235e-17
26.29356754844102	-3.854533543515172e-17
26.32114352873557	-3.746068360341798e-17
26.34871950903012	-3.640630583272305e-17
26.37629548932467	-3.538136822351444e-17
26.40387146961922	-3.438506291498696e-17
26.43144744991377	-3.341660720217153e-17
26.45902343020832	-3.247339866369135e-17
26.48659941050287	-3.155859775932076e-17
26.51417539079742	-3.066957948508967e-17
26.54175137109197	-2.980562806444701e-17
26.56932735138652	-2.896604398027999e-17
26.59690333168107	-2.815014403285051e-17
26.62447931197562	-2.735726142390445e-17
26.65205529227017	-2.658674680931876e-17
26.67963127256472	-2.58379540842073e-17
26.70720725285927	-2.511028511955214e-17
26.73478323315382	-2.440372922685864e-17
26.76235921344837	-2.371642074676318e-17
26.78993519374292	-2.304841919211104e-17
26.81751117403747	-2.239917686376712e-17
26.84508715433202	-2.176816251882868e-17
26.87266313462657	-2.115486084752682e-17
26.90023911492112	-2.055877196780755e-17
26.92781509521567	-1.997941093655347e-17
26.95539107551022	-1.941630727575054e-17
26.98296705580477	-1.886900450943008e-17
27.01054303609932	-1.833685035167389e-17
27.03811901639387	-1.781985757933521e-17
27.06569499668842	-1.731739219699907e-17
27.09327097698297	-1.682904670163106e-17
27.12084695727752	-1.635442495541773e-17
27.14842293757207	-1.589314189631799e-17
27.17599891786662	-1.544482325333212e-17
27.20357489816117	-1.500910526664405e-17
27.23115087845572	-1.458563441277862e-17
27.25872685875027	-1.417406713489322e-17
27.28630283904482	-1.377402102697156e-17
27.31387881933937	-1.338527424911344e-17
27.34145479963392	-1.300746120170982e-17
27.36903077992847	-1.264027492731787e-17
27.39660676022302	-1.228341703540167e-17
27.42418274051757	-1.193659748447025e-17
27.45175872081212	-1.15995343676852e-17
27.47933470110667	-1.127195370207858e-17
27.50691068140122	-1.095358922149987e-17
27.53448666169577	-1.064418217339066e-17
27.56206264199032	-1.034344375620577e-17
27.58963862228487	-1.005120858551047e-17
27.61721460257942	-9.767200502059887e-18
27.64479058287397	-9.491188334235491e-18
27.67236656316852	-9.222947366757259e-18
27.69994254346307	-8.96225917673113e-18
27.72751852375762	-8.708911472256309e-18
27.75509450405217	-8.462697933706616e-18
27.78267048434672	-8.223418057781939e-18
27.81024646464127	-7.990877004409129e-18
27.83782244493582	-7.764856795718181e-18
27.86539842523037	-7.545233999549039e-18
27.89297440552492	-7.33180014876105e-18
27.92055038581947	-7.124381184710711e-18
27.94812636611402	-6.922807913584037e-18
27.97570234640857	-6.726915883026131e-18
28.00327832670312	-6.536545260663368e-18
28.03085430699767	-6.351540714608598e-18
28.05843028729223	-6.171751296025689e-18
28.08600626758678	-5.9970303238169e-18
28.11358224788133	-5.827213157265973e-18
28.14115822817588	-5.662208034042087e-18
28.16873420847043	-5.501857459267602e-18
28.19631018876498	-5.346030405611916e-18
28.22388616905953	-5.19459951068932e-18
28.25146214935408	-5.047440984242992e-18
28.27903812964863	-4.904434516726886e-18
28.30661410994318	-4.765463189356849e-18
28.33419009023773	-4.630413385691457e-18
28.36176607053228	-4.499174704793042e-18
28.38934205082683	-4.371622869837734e-18
28.41691803112138	-4.247689586477675e-18
28.44449401141593	-4.127255947894394e-18
28.47206999171048	-4.010223342505188e-18
28.49964597200503	-3.896495919138597e-18
28.52722195229958	-3.785980517203325e-18
28.55479793259413	-3.678586597874626e-18
28.58237391288868	-3.574226176339701e-18
28.60994989318323	-3.472813755114352e-18
28.63752587347778	-3.374266258373461e-18
28.66510185377233	-3.278490116491315e-18
28.69267783406688	-3.185434138649504e-18
28.72025381436143	-3.095008741302675e-18
28.74782979465598	-3.007139726188321e-18
28.77540577495053	-2.921754973723095e-18
28.80298175524508	-2.838784390483957e-18
28.83055773553963	-2.758159857444251e-18
28.85813371583418	-2.67981517900713e-18
28.88570969612873	-2.603686032871391e-18
28.91328567642328	-2.529709920757566e-18
28.94086165671783	-2.457815882226822e-18
28.96843763701238	-2.38796652925832e-18
28.99601361730693	-2.320093953446895e-18
29.02358959760148	-2.254142343412926e-18
29.05116557789603	-2.190057453591914e-18
29.07874155819058	-2.12778656523524e-18
29.10631753848513	-2.067278448333208e-18
29.13389351877968	-2.008483324870652e-18
29.16146949907423	-1.951352834340888e-18
29.18904547936878	-1.895840003943255e-18
29.21662145966333	-1.841895102465527e-18
29.24419743995788	-1.789486370626678e-18
29.27177342025243	-1.738574409526929e-18
29.29934940054698	-1.689009930371856e-18
29.32692538084153	-1.640968048243748e-18
29.35450136113608	-1.594254049159557e-18
29.38207734143063	-1.548860712967734e-18
29.40965332172518	-1.504752973495564e-18
29.43722930201973	-1.461895044969012e-18
29.46480528231428	-1.420251801795327e-18
29.49238126260883	-1.379782975503741e-18
29.51995724290338	-1.340468022157835e-18
29.54753322319793	-1.302268276672949e-18
29.57510920349248	-1.265152199254431e-18
29.60268518378703	-1.229089130250611e-18
29.63026116408158	-1.194049270381346e-18
29.65783714437613	-1.160003660154489e-18
29.68541312467068	-1.126924159026456e-18
29.71298910496523	-1.094783424585569e-18
29.74056508525978	-1.063554891908738e-18
29.76814106555433	-1.033208211879441e-18
29.79571704584888	-1.003727907472388e-18
29.82329302614343	-9.75084913907121e-19
29.85086900643798	-9.472555123136293e-19
29.87844498673253	-9.202166505227055e-19
29.90602096702708	-8.939459263705409e-19
29.93359694732163	-8.68421571211783e-19
29.96117292761618	-8.436224336614517e-19
29.98874890791073	-8.195279635827867e-19
30.01632488820528	-7.961181963351826e-19
30.04390086849983	-7.733702378364762e-19
30.07147684879438	-7.512726424289285e-19
30.09905282908893	-7.298034777019419e-19
30.12662880938348	-7.089449201156602e-19
30.15420478967803	-6.886796477554714e-19
30.18178076997258	-6.689908277563562e-19
30.20935675026713	-6.498621038886169e-19
30.23693273056168	-6.312775843183634e-19
30.26450871085623	-6.132218295543774e-19
30.29208469115078	-5.956798405911941e-19
30.31966067144533	-5.786343654121742e-19
30.34723665173988	-5.620769179845945e-19
30.37481263203443	-5.45990967665739e-19
30.40238861232898	-5.303631254637463e-19
30.42996459262353	-5.151803796124811e-19
30.45754057291808	-5.004300861259761e-19
30.48511655321263	-4.860999594722476e-19
30.51269253350718	-4.721780633772929e-19
30.54026851380173	-4.586528017691145e-19
30.56784449409628	-4.455129098711391e-19
30.59542047439083	-4.327453984023771e-19
30.62299645468539	-4.203439668347027e-19
30.65057243497994	-4.082961649253539e-19
30.67814841527449	-3.965919379638053e-19
30.70572439556904	-3.852215148137835e-19
30.73330037586359	-3.741754008195949e-19
30.76087635615814	-3.634443707986392e-19
30.78845233645269	-3.530194621280119e-19
30.81602831674724	-3.428919679319904e-19
30.84360429704179	-3.330534303760592e-19
30.87118027733634	-3.234940399370691e-19
30.89875625763089	-3.142091839380835e-19
30.92633223792544	-3.051894597465772e-19
30.95390821821999	-2.964273191957195e-19
30.98148419851454	-2.879154272406471e-19
31.00906017880909	-2.796466566375419e-19
31.03663615910364	-2.716140826866479e-19
31.06421213939819	-2.638109780462418e-19
31.09178811969274	-2.56230807624629e-19
31.11936409998729	-2.4886722355874e-19
31.14694008028184	-2.417131673633124e-19
31.17451606057639	-2.347648131034684e-19
31.20209204087094	-2.280157088975154e-19
31.22966802116549	-2.214494638465841e-19
31.25724400146004	-2.150871026232983e-19
31.28481998175459	-2.089004863944517e-19
31.31239596204914	-2.028905536298292e-19
31.33997194234369	-1.97052480320918e-19
31.36754792263824	-1.913814129414016e-19
31.39512390293279	-1.858726060663647e-19
31.42269988322734	-1.805205037422471e-19
31.45027586352189	-1.753226007712532e-19
31.47785184381644	-1.702735592489549e-19
31.50542782411099	-1.653691307842302e-19
31.53300380440554	-1.606051867701911e-19
31.56057978470009	-1.559777155839622e-19
31.58815576499464	-1.514828197333193e-19
31.61573174528919	-1.471167129957974e-19
31.64330772558374	-1.428757175738303e-19
31.67088370587829	-1.387562612792384e-19
31.69845968617284	-1.347548747552041e-19
31.72603566646739	-1.308681887410338e-19
31.75361164676194	-1.270929313833582e-19
31.78118762705649	-1.234259255963541e-19
31.80876360735104	-1.198640864728513e-19
31.83633958764559	-1.164044187476821e-19
31.86391556794014	-1.130440143142201e-19
31.89149154823469	-1.097800497947519e-19
31.91906752852924	-1.066097841650591e-19
31.94664350882379	-1.035305564333775e-19
31.97421948911834	-1.005397833737108e-19
32.00179546941289	-9.763495731331777e-20
32.02937144970744	-9.481364397405682e-20
32.05694743000199	-9.207348036714121e-20
32.08452341029654	-8.941217274076259e-20
32.11209939059109	-8.682749457994157e-20
32.13967537088564	-8.431728465788369e-20
32.16725135118019	-8.187944513804961e-20
32.19482733147474	-7.951193972608482e-20
32.22240331176929	-7.721279187070438e-20
