0
1000	105.6583745	100000000000000.1
5	0	0	1
5	0	0	0
4.673998997513734	3.035129495459647e-11
4.701574977808284	6.542017708913701e-11
4.729150958102834	1.027002116148202e-10
4.756726938397384	1.445691580099289e-10
4.784302918691934	1.91324097644164e-10
4.811878898986484	2.428800857041248e-10
4.839454879281035	2.990586924920202e-10
4.867030859575585	3.596709959482889e-10
4.894606839870135	4.245452103297739e-10
4.922182820164685	4.935352416055235e-10
4.949758800459235	5.665219520692756e-10
4.977334780753785	6.434116133192183e-10
5.004910761048335	7.241333965360116e-10
5.032486741342885	8.086366859564438e-10
5.060062721637435	8.96888541302102e-10
5.087638701931986	9.888714285320053e-10
5.115214682226536	1.084581245407879e-09
5.142790662521086	1.184025627952681e-09
5.170366642815636	1.287222508245806e-09
5.197942623110186	1.394198889819874e-09
5.225518603404736	1.504989808097752e-09
5.253094583699286	1.619637446476025e-09
5.280670563993836	1.738190382435741e-09
5.308246544288386	1.860702941928961e-09
5.335822524582936	1.987234643612233e-09
5.363398504877487	2.117849717504888e-09
5.390974485172037	2.252616685187497e-09
5.418550465466587	2.391607990787864e-09
5.446126445761137	2.534899673983509e-09
5.473702426055687	2.682571078123117e-09
5.501278406350237	2.834744417671907e-09
5.528854386644787	2.991529512667497e-09
5.556430366939337	3.15290081366386e-09
5.584006347233887	3.318980716915318e-09
5.611582327528438	3.489901953005116e-09
5.639158307822988	3.665682521399089e-09
5.666734288117538	3.846377793145331e-09
5.694310268412088	4.032214215880168e-09
5.721886248706638	4.223209631203891e-09
5.749462229001188	4.419453725405111e-09
5.777038209295738	4.621117965211341e-09
5.804614189590288	4.828248523749473e-09
5.832190169884838	5.041030223731704e-09
5.859766150179389	5.259511429011388e-09
5.887342130473939	5.483830615489348e-09
5.914918110768489	5.71421617284125e-09
5.942494091063039	5.950638972168188e-09
5.970070071357589	6.193335526114981e-09
5.997646051652139	6.442426602452475e-09
6.025222031946689	6.698040448426151e-09
6.052798012241239	6.960337518025367e-09
6.080373992535789	7.229522332607893e-09
6.107949972830339	7.505648094348937e-09
6.13552595312489	7.788979371533149e-09
6.16310193341944	8.079553037397592e-09
6.19067791371399	8.377688490935871e-09
6.21825389400854	8.486498644096607e-09
6.24582987430309	8.770793607626238e-09
6.27340585459764	9.318839111101084e-09
6.30098183489219	9.648809687958282e-09
6.32855781518674	9.987188094719599e-09
6.35613379548129	1.033415793911195e-08
6.383709775775841	1.069006073751646e-08
6.411285756070391	1.105485369612769e-08
6.438861736364941	1.14291848697525e-08
6.466437716659491	1.18129300099926e-08
6.494013696954041	1.220636098070817e-08
6.521589677248591	1.260959232399536e-08
6.549165657543141	1.278477807486792e-08
6.576741637837691	1.344775048754462e-08
6.604317618132241	1.388269003857995e-08
6.631893598426791	1.43285863044584e-08
6.659469578721342	1.478578182935653e-08
6.687045559015892	1.525460621498084e-08
6.714621539310442	1.544179247409268e-08
6.742197519604992	1.622802479671394e-08
6.769773499899542	1.673320197045247e-08
6.797349480194092	1.725130516711299e-08
6.824925460488642	1.778234974953786e-08
6.852501440783192	1.832697000918478e-08
6.880077421077742	1.888538689871779e-08
6.907653401372293	1.917333614932496e-08
6.935229381666843	2.004480236140935e-08
6.962805361961393	2.064655025642849e-08
6.990381342255943	2.12635113602592e-08
7.017957322550493	2.189615088341478e-08
7.045533302845043	2.254477807963282e-08
7.073109283139593	2.320982657758499e-08
7.100685263434143	2.389177155969754e-08
7.128261243728693	2.459089885719678e-08
7.155837224023244	2.530777253947514e-08
7.183413204317794	2.6042788414795e-08
7.210989184612344	2.679654841960034e-08
7.238565164906894	2.756946030981219e-08
7.266141145201444	2.83617271307876e-08
7.293717125495994	2.917334966756872e-08
7.321293105790544	3.000746382297675e-08
7.348869086085094	3.086166650980144e-08
7.376445066379644	3.172203453135067e-08
7.404021046674194	3.263617029963202e-08
7.431597026968745	3.349515955403565e-08
7.459173007263295	3.450193670652418e-08
7.486748987557845	3.547054766924125e-08
7.514324967852395	3.646386119731072e-08
7.541900948146945	3.748260495957086e-08
7.569476928441495	3.852716804834749e-08
7.597052908736045	3.959841216976126e-08
7.624628889030595	4.06969208602007e-08
7.652204869325145	4.182230095833664e-08
7.679780849619696	4.297889666868684e-08
7.707356829914246	4.416372740891038e-08
7.734932810208796	4.53785071401697e-08
7.762508790503346	4.662457346361517e-08
7.790084770797896	4.789848686568735e-08
7.817660751092446	4.921350686447474e-08
7.845236731386996	5.048659466070689e-08
7.872812711681546	5.193692414996609e-08
7.900388691976096	5.335169246553006e-08
7.927964672270646	5.480294797679425e-08
7.955540652565197	5.629223494017435e-08
7.983116632859747	5.704062158356831e-08
8.010692613154298	5.938626486158882e-08
8.038268593448848	6.099433982945047e-08
8.065844573743398	6.264468094696325e-08
8.093420554037948	6.433807782800655e-08
8.120996534332498	6.607584795836326e-08
8.148572514627048	6.786028623418856e-08
8.176148494921598	6.969181141453104e-08
8.203724475216148	7.157171223426062e-08
8.231300455510699	7.350205184008155e-08
8.258876435805249	7.54831823319984e-08
8.286452416099799	7.751851708088459e-08
8.314028396394349	7.960760020100251e-08
8.341604376688899	8.175324741525031e-08
8.369180356983449	8.395560720168869e-08
8.396756337277999	8.621827429158351e-08
8.424332317572549	8.854095030778569e-08
8.451908297867099	9.092736527143883e-08
8.47948427816165	9.337753195402129e-08
8.5070602584562	9.589497582626178e-08
8.53463623875075	9.847311392644894e-08
8.5622122190453	1.011348778689435e-07
8.58978819933985	1.038617505611972e-07
8.6173641796344	1.066632947858945e-07
8.64494015992895	1.095407971308931e-07
8.6725161402235	1.124970932983879e-07
8.70009212051805	1.155334439655828e-07
8.7276681008126	1.186532007455122e-07
8.755244081107151	1.218574830072777e-07
8.782820061401701	1.251503691111977e-07
8.810396041696251	1.285327932166276e-07
8.837972021990801	1.320076955086902e-07
8.865548002285351	1.355781685054357e-07
8.893123982579901	1.392457879611329e-07
8.920699962874451	1.430148995008142e-07
8.948275943169001	1.468870179528937e-07
8.975851923463551	1.508649629406662e-07
9.003427903758102	1.549532922007917e-07
9.031003884052652	1.591528708920017e-07
9.058579864347202	1.634687874398919e-07
9.086155844641752	1.679033823384327e-07
9.113731824936302	1.724589559009424e-07
9.141307805230852	1.771410100476452e-07
9.168883785525402	1.819507110799471e-07
9.196459765819952	1.868939402234284e-07
9.224035746114502	1.919740341626129e-07
9.251611726409052	1.971932475107399e-07
9.279187706703603	2.025565512523853e-07
9.306763686998153	2.080684653390623e-07
9.334339667292703	2.137310087852971e-07
9.361915647587253	2.195508031799547e-07
9.389491627881803	2.255314388984859e-07
9.417067608176353	2.316761856900151e-07
9.444643588470903	2.379911035156955e-07
9.472219568765453	2.44479218897101e-07
9.499795549060003	2.51149304261935e-07
9.527371529354554	2.580021084791468e-07
9.554947509649104	2.650447747015405e-07
9.582523489943654	2.722812112018286e-07
9.610099470238204	2.797182081650189e-07
9.637675450532754	2.873608730529339e-07
9.665251430827304	2.952149456401661e-07
9.692827411121854	3.032850985478013e-07
9.720403391416404	3.115795707332327e-07
9.747979371710954	3.201027326800535e-07
9.775555352005505	3.288614084256376e-07
9.803131332300055	3.378629566277755e-07
9.830707312594605	3.471131484546499e-07
9.858283292889155	3.566194955149496e-07
9.885859273183705	3.663874516215768e-07
9.913435253478255	3.764274874957664e-07
9.941011233772805	3.86743908007705e-07
9.968587214067355	3.97344154298681e-07
9.996163194361905	4.082407464654741e-07
10.02373917465646	4.194374370449355e-07
10.05131515495101	4.309453008591778e-07
10.07889113524556	4.42767836696441e-07
10.10646711554011	4.549193108835936e-07
10.13404309583466	4.669746267549873e-07
10.16161907612921	4.802403962125738e-07
10.18919505642376	4.934365890023338e-07
10.21677103671831	5.069798757500982e-07
10.24434701701286	5.209069894302481e-07
10.27192299730741	5.352204550636212e-07
10.29949897760196	5.4992810100142e-07
10.32707495789651	5.650411213215993e-07
10.35465093819106	5.805743314974847e-07
10.38222691848561	5.965359869498718e-07
10.40980289878016	6.129384269872953e-07
10.43737887907471	6.297954846361195e-07
10.46495485936926	6.471171583439412e-07
10.49253083966381	6.649171695189082e-07
10.52010681995836	6.832118207957511e-07
10.54768280025291	7.020099200839652e-07
10.57525878054746	7.213256681522836e-07
10.60283476084201	7.411772796762164e-07
10.63041074113656	7.615768238709248e-07
10.65798672143111	7.825392763416616e-07
10.68556270172566	8.040812050153432e-07
10.71313868202021	8.262179117372395e-07
10.74071466231476	8.489652867718725e-07
10.76829064260931	8.723423748073907e-07
10.79586662290386	8.963637141985976e-07
10.82344260319841	9.210474185058377e-07
10.85101858349296	9.464142243284694e-07
10.87859456378751	9.724794655911315e-07
10.90617054408206	9.992641049969641e-07
10.93374652437661	1.026786137335795e-06
10.96132250467116	1.055072733500893e-06
10.98889848496571	1.084135140771928e-06
11.01647446526026	1.114000640745493e-06
11.04405044555481	1.143769875818095e-06
11.07162642584936	1.17622613084243e-06
11.09920240614391	1.208631492832885e-06
11.12677838643846	1.241837599671331e-06
11.15435436673301	1.276146551140704e-06
11.18193034702756	1.311306851061517e-06
11.20950632732211	1.347436428385698e-06
11.23708230761666	1.384564191426343e-06
11.26465828791121	1.422710593186532e-06
11.29223426820576	1.461909538785644e-06
11.31981024850031	1.502189341524807e-06
11.34738622879486	1.543580752416063e-06
11.37496220908941	1.586110269251523e-06
11.40253818938396	1.629811397303338e-06
11.43011416967851	1.674716894369218e-06
11.45769014997306	1.720858805163628e-06
11.48526613026761	1.768271848002457e-06
11.51284211056216	1.816990998027841e-06
11.54041809085671	1.867049465944346e-06
11.56799407115126	1.918492038515894e-06
11.59557005144581	1.971346085357032e-06
11.62314603174036	2.025655052439855e-06
11.65072201203491	2.081460538923733e-06
11.67829799232946	2.138805965368414e-06
11.70587397262401	2.197723454281734e-06
11.73344995291856	2.258265667437917e-06
11.76102593321311	2.32047382095954e-06
11.78860191350766	2.384392844641816e-06
11.81617789380221	2.45007225891666e-06
11.84375387409676	2.517558654458224e-06
11.87132985439131	2.586901987126876e-06
11.89890583468586	2.658152971820832e-06
11.92648181498041	2.731366484831388e-06
11.95405779527496	2.806591100753467e-06
11.98163377556951	2.883886057178619e-06
12.00920975586406	2.963304965230172e-06
12.03678573615861	3.044910649582072e-06
12.06436171645316	3.128762964114085e-06
12.09193769674771	3.214919719827153e-06
12.11951367704226	3.303446028354022e-06
12.14708965733681	3.394407230101502e-06
12.17466563763136	3.487868840574401e-06
12.20224161792591	3.583903440921016e-06
12.22981759822046	3.682575022875752e-06
12.25739357851501	3.783962227922396e-06
12.28496955880956	3.888134054591842e-06
12.31254553910411	3.995175152778261e-06
12.34012151939866	4.105160300946843e-06
12.36769749969321	4.2181665654876e-06
12.39527347998776	4.334280378206642e-06
12.42284946028231	4.453585998930134e-06
12.45042544057686	4.576169989596158e-06
12.47800142087141	4.702127461699925e-06
12.50557740116597	4.831545835047267e-06
12.53315338146052	4.964522073671525e-06
12.56072936175507	5.101151676384174e-06
12.58830534204962	5.241542293557036e-06
12.61588132234417	5.38579110640419e-06
12.64345730263872	5.534002055015188e-06
12.67103328293327	5.686286426475235e-06
12.69860926322782	5.842758406707585e-06
12.72618524352237	6.003530239450142e-06
12.75376122381692	6.168721634392552e-06
12.78133720411147	6.338456134750949e-06
12.80891318440602	6.512778155146705e-06
12.83648916470057	6.692044523174071e-06
12.86406514499512	6.876160745370563e-06
12.89164112528967	7.06533710552249e-06
12.91921710558422	7.259709512096447e-06
12.94679308587877	7.459430369637582e-06
12.97436906617332	7.664637359818819e-06
13.00194504646787	7.875483832067169e-06
13.02952102676242	8.092125707318178e-06
13.05709700705697	8.314721418462207e-06
13.08467298735152	8.543433711804187e-06
13.11224896764607	8.778434997194479e-06
13.13982494794062	9.019892463505063e-06
13.16740092823517	9.267985945806219e-06
13.19497690852972	9.522859301452164e-06
13.22255288882427	9.784814135075756e-06
13.25012886911882	1.005392894152126e-05
13.27770484941337	1.033044255914924e-05
13.30528082970792	1.061455159162581e-05
13.33285681000247	1.090647037223609e-05
13.36043279029702	1.120641133332815e-05
13.38800877059157	1.15145950416038e-05
13.41558475088612	1.183124708887213e-05
13.44316073118067	1.215660080752751e-05
13.47073671147522	1.249090041335022e-05
13.49831269176977	1.283438434518031e-05
13.52588867206432	1.318730812550866e-05
13.55346465235887	1.354993126300778e-05
13.58104063265342	1.392251972821246e-05
13.60861661294797	1.430534681290483e-05
13.63619259324252	1.469863272852534e-05
13.66376857353707	1.510285596784553e-05
13.69134455383162	1.551812205496889e-05
13.71892053412617	1.594480075260901e-05
13.74649651442072	1.638320376045326e-05
13.77407249471527	1.683365705520124e-05
13.80164847500982	1.729648986471819e-05
13.82922445530437	1.777203938566298e-05
13.85680043559892	1.826066646789624e-05
13.88437641589347	1.876271706887927e-05
13.91195239618802	1.927856619815434e-05
13.93952837648257	1.980764564094977e-05
13.96710435677712	2.035318443881626e-05
13.99468033707167	2.091274422748648e-05
14.02225631736622	2.148768244089165e-05
14.04983229766077	2.207842573125811e-05
14.07740827795532	2.26853990617121e-05
14.10498425824987	2.330905733112002e-05
14.13256023854442	2.394985620321668e-05
14.16013621883897	2.460826676125714e-05
14.18771219913352	2.528477389866814e-05
14.21528817942807	2.597987387392862e-05
14.24286415972262	2.669407811430971e-05
14.27044014001717	2.742791461647662e-05
14.29801612031172	2.818191775794343e-05
14.32559210060627	2.895664616963094e-05
14.35316808090082	2.975266840866181e-05
14.38074406119537	3.057056926249085e-05
14.40832004148992	3.14109494290724e-05
14.43589602178447	3.22744295647339e-05
14.46347200207902	3.316164443292748e-05
14.49104798237357	3.407324791875018e-05
14.51862396266812	3.500990424804308e-05
14.54619994296267	3.597230747003265e-05
14.57377592325722	3.69611644721571e-05
14.60135190355177	3.797720292691932e-05
14.62892788384632	3.902116908928837e-05
14.65650386414087	4.009383126827504e-05
14.68407984443542	4.119597861657433e-05
14.71165582472997	4.232841867350101e-05
14.73923180502452	4.349199598871875e-05
14.76680778531907	4.468755270248349e-05
14.79438376561362	4.591597241729747e-05
14.82195974590817	4.717801991554206e-05
14.84953572620272	4.847504898473378e-05
14.87711170649727	4.980758610828566e-05
14.90468768679182	5.117675489509672e-05
14.93226366708637	5.258209423038345e-05
14.95983964738092	5.402903889784039e-05
14.98741562767547	5.551425868245149e-05
15.01499160797002	5.704030425679678e-05
15.04256758826457	5.86083025192468e-05
15.07014356855912	6.021940658777837e-05
15.09771954885368	6.187480218589228e-05
15.12529552914823	6.357570595816244e-05
15.15287150944278	6.532337124945105e-05
15.18044748973733	6.711908232769061e-05
15.20802347003188	6.89641620408269e-05
15.23559945032643	7.085997277237095e-05
15.26317543062098	7.280789807175746e-05
15.29075141091553	7.480937929115203e-05
15.31832739121008	7.686588774481116e-05
15.34590337150463	7.897893676243246e-05
15.37347935179918	8.115008116859553e-05
15.40105533209373	8.338091942439692e-05
15.42863131238828	8.56730920671198e-05
15.45620729268283	8.802828666479931e-05
15.48378327297738	9.044823608772031e-05
15.51135925327193	9.293472595784363e-05
15.53893523356648	9.548957654075774e-05
15.56651121386103	9.81146759031884e-05
15.59408719415558	0.0001008119530721468
15.62166317445013	0.0001035833929075239
15.64923915474468	0.0001064310385046493
15.67681513503923	0.0001093569841700833
15.70439111533378	0.0001123633830886799
15.73196709562833	0.0001154524484619611
15.75954307592288	0.0001186264548138912
15.78711905621743	0.0001218877332949964
15.81469503651198	0.0001252386984493581
15.84227101680653	0.000128681802213043
15.86984699710108	0.0001322195846688624
15.89742297739563	0.00013585322818172
15.92499895769018	0.0001395896758065574
15.95257493798473	0.0001434274091622686
15.98015091827928	0.00014737067637154
16.00772689857383	0.0001514223812012893
16.03530287886838	0.000155585504735629
16.06287885916293	0.0001598631135808568
16.09045483945748	0.0001642583492614802
16.11803081975203	0.0001687744694008316
16.14560680004658	0.0001734147777160993
16.17318278034113	0.0001781826976934137
16.20075876063568	0.0001830817405587796
16.22833474093023	0.0001881155130444264
16.25591072122478	0.000193287721339911
16.28348670151933	0.0001986021740435031
16.31106268181388	0.00020406278405751
16.33863866210843	0.0002096735733426257
16.36621464240298	0.0002154386717675153
16.39379062269753	0.000221362325246208
16.42136660299208	0.0002274489052184115
16.44894258328663	0.0002337028694469279
16.47651856358118	0.0002401288448989132
16.50409454387573	0.0002467315576810704
16.53167052417028	0.0002535158707606552
16.55924650446483	0.0002604867790297725
16.58682248475938	0.0002676494153811342
16.61439846505393	0.0002750090576991281
16.64197444534848	0.0002825711247085081
16.66955042564303	0.0002903411850000173
16.69712640593758	0.0002983249631975457
16.72470238623213	0.0003065283382080772
16.75227836652668	0.0003149573504611615
16.77985434682123	0.0003236182157922842
16.80743032711578	0.0003325173028846973
16.83500630741033	0.0003416611713808241
16.86258228770488	0.0003510565567024859
16.89015826799943	0.0003607103778882437
16.91773424829398	0.0003706297470451705
16.94531022858853	0.0003808219698695138
16.97288620888308	0.0003912945547751664
17.00046218917763	0.0004020552158123827
17.02803816947218	0.0004131118799393449
17.05561414976673	0.0004244726916842274
17.08319013006128	0.0004361460197888911
17.11076611035583	0.0004481404618535844
17.13834209065038	0.0004604648616312023
17.16591807094493	0.0004731282892868623
17.19349405123948	0.0004861400792586575
17.22107003153403	0.0004995098157828724
17.24864601182858	0.0005132473489425584
17.27622199212313	0.0005273627989320026
17.30379797241768	0.0005418665667695881
17.33137395271223	0.0005567693373884447
17.35894993300678	0.0005720820913552914
17.38652591330133	0.0005878161104385685
17.41410189359588	0.0006039829875565535
17.44167787389043	0.000620594634585409
17.46925385418498	0.0006376632902601202
17.49682983447953	0.0006552015283087299
17.52440581477408	0.0006732222893746733
17.55198179506863	0.0006917388219278013
17.57955777536318	0.0007107647920812638
17.60713375565773	0.0007303142143243765
17.63470973595228	0.0007504014981310581
17.66228571624683	0.0007710414267999174
17.68986169654139	0.0007922492399993114
17.71743767683594	0.0008140405365006459
17.74501365713049	0.000836431392532204
17.77258963742504	0.0008594383085960575
17.80016561771959	0.0008830782414221357
17.82774159801414	0.000907368592923217
17.85531757830869	0.0009323272947796977
17.88289355860324	0.0009579727076716274
17.91046953889779	0.0009843236637621777
17.93804551919234	0.00101139986270826
17.96562149948689	0.001039220973266766
17.99319747978144	0.001067807580427076
18.02077346007599	0.001097180779602988
18.04834944037054	0.001127362199952974
18.07592542066509	0.001158374099477765
18.10350140095964	0.001190239331396179
18.13107738125419	0.001222981385025873
18.15865336154874	0.001256624382973956
18.18622934184329	0.001291193141675073
18.21380532213784	0.001326713129035758
18.24138130243239	0.001363210535247484
18.26895728272694	0.001400712259844022
18.29653326302149	0.001439245948496647
18.32410924331604	0.00147883999730507
18.35168522361059	0.001519523623068223
18.37926120390514	0.001561326786243223
18.40683718419969	0.001604280300444112
18.43441316449424	0.001648415855945997
18.46198914478879	0.001693765978815037
18.48956512508334	0.001740364104768287
18.51714110537789	0.00178824457477382
18.54471708567244	0.001837442707526126
18.57229306596699	0.001887994756937676
18.59986904626154	0.001939938012900069
18.62744502655609	0.00199331075806858
18.65502100685064	0.002048152347186113
18.68259698714519	0.002104503225193538
18.71017296743974	0.00216240490166145
18.73774894773429	0.002221900114864599
18.76532492802884	0.002283032710583588
18.79290090832339	0.002345847772906598
18.82047688861794	0.00241039161977747
18.84805286891249	0.002476711831568946
18.87562884920704	0.002544857343662292
18.90320482950159	0.002614878331669426
18.93078080979614	0.002686826503932845
18.95835679009069	0.00276075488835389
18.98593277038524	0.002836718008718749
19.01350875067979	0.002914771874848974
19.04108473097434	0.002994974050834279
19.06866071126889	0.003077383690840861
19.09623669156344	0.003162061538315679
19.12381267185799	0.00324907007900831
19.15138865215254	0.00333847342072887
19.17896463244709	0.003430337618157855
19.20654061274164	0.003524730313855471
19.23411659303619	0.003621721155847596
19.26169257333074	0.003721381685995176
19.28926855362529	0.003823785391897113
19.31684453391984	0.003929007831318899
19.34442051421439	0.004037126586715948
19.37199649450894	0.004148221407742147
19.39957247480349	0.004262374252728769
19.42714845509804	0.004379669303924137
19.45472443539259	0.00450019297918159
19.48230041568714	0.004624034463362343
19.50987639598169	0.004751284934499043
19.53745237627624	0.004882038195660819
19.56502835657079	0.00501639076986607
19.59260433686534	0.005154441723795328
19.62018031715989	0.005296292954870495
19.64775629745444	0.00544204909018743
19.67533227774899	0.005591817622698232
19.70290825804354	0.005745709059419232
19.73048423833809	0.005903836946945473
19.75806021863264	0.006066317921804874
19.78563619892719	0.006233271789189859
19.81321217922174	0.006404821939170441
19.84078815951629	0.006581094764127498
19.86836413981084	0.006762220286700605
19.89594012010539	0.006948332228228603
19.92351610039994	0.007139567865059669
19.95109208069449	0.007336068319811712
19.97866806098904	0.007537978568433632
20.00624404128359	0.007745447585594261
20.03382002157814	0.007958628473917416
20.06139600187269	0.008177678488575519
20.08897198216724	0.008402759318942351
20.11654796246179	0.008634036998001053
20.14412394275634	0.008871682210875552
20.17169992305089	0.009115870344703106
20.19927590334544	0.00936678156089416
20.22685188363999	0.009624601004065427
20.25442786393454	0.009889519007853786
20.2820038442291	0.01016173099080133
20.30957982452365	0.01044143786897067
20.3371558048182	0.01072884605896779
20.36473178511275	0.01102416767015903
20.3923077654073	0.01132762059231247
20.41988374570185	0.01163942894178254
20.4474597259964	0.01195982270703059
20.47503570629095	0.012289038372938
20.5026116865855	0.01262731890533659
20.53018766688005	0.01297491401801909
20.5577636471746	0.01333208023662678
20.58533962746915	0.01369908118855141
20.6129156077637	0.01407618797464799
20.64049158805825	0.01446367825307518
20.6680675683528	0.01486183876205356
20.69564354864735	0.01527096310602942
20.7232195289419	0.0156913530605311
20.75079550923645	0.01612331967098486
20.778371489531	0.01656718099554565
20.80594746982555	0.01702326501391166
20.8335234501201	0.01749190807209818
20.86109943041465	0.01797345683145138
20.8886754107092	0.01846826626035866
20.91625139100375	0.01897670160131776
20.9438273712983	0.01949913828297138
20.97140335159285	0.02003596196251931
20.9989793318874	0.02058756892778674
21.02655531218195	0.02115436642076196
21.0541312924765	0.02173677283632708
21.08170727277105	0.02233521609750021
21.1092832530656	0.02295014425552757
21.13685923336015	0.02358200497175041
21.1644352136547	0.02423126685456918
21.19201119394925	0.02489840923639366
21.2195871742438	0.02558392466233057
21.24716315453835	0.02628831908783529
21.2747391348329	0.02701211294042056
21.30231511512745	0.02775584024947331
21.329891095422	0.02852005025526791
21.35746707571655	0.02930530711317011
21.3850430560111	0.03011219059822772
21.41261903630565	0.03094129650554236
21.4401950166002	0.03179323697189655
21.46777099689475	0.032668640903252
21.4953469771893	0.03356815482442461
21.52292295748385	0.03449244279700461
21.5504989377784	0.03544218719094944
21.57807491807295	0.03641808939316316
21.6056508983675	0.03742086987034828
21.63322687866205	0.03845126906086912
21.6608028589566	0.03951004777454799
21.68837883925115	0.04059798777020614
21.7159548195457	0.04171589239451877
21.74353079984025	0.04286458706909715
21.7711067801348	0.04404491993519213
21.79868276042935	0.04525776267766224
21.8262587407239	0.04650400959290292
21.85383472101845	0.04778458422461048
21.881410701313	0.04910042891556846
21.90898668160755	0.05045251628662255
21.9365626619021	0.05184184493569083
21.96413864219665	0.05326944065747004
21.9917146224912	0.05473635760356656
22.01929060278575	0.05624367902669163
22.0468665830803	0.05779251807267077
22.07444256337485	0.05938401824029133
22.1020185436694	0.06101935500420762
22.12959452396395	0.062699735922635
22.1571705042585	0.06442640212023228
22.18474648455305	0.06620062807932751
22.2123224648476	0.0680237243352991
22.23989844514215	0.06989703718057946
22.2674744254367	0.07182195080042285
22.29505040573125	0.07379988480747102
22.3226263860258	0.07583230171614701
22.35020236632035	0.07792070189283665
22.3777783466149	0.08006662786510384
22.40535432690945	0.08227166408861863
22.432930307204	0.08453743911426138
22.46050628749855	0.08686562649511673
22.4880822677931	0.08925794536941306
22.51565824808765	0.09171616364615572
22.5432342283822	0.09424209563784001
22.57081020867675	0.09683760756860103
22.5983861889713	0.09950461653901696
22.62596216926585	0.1022450915893787
22.6535381495604	0.1050610573680185
22.68111412985495	0.1079545937135551
22.7086901101495	0.1109278379120951
22.73626609044405	0.1139829860515438
22.7638420707386	0.1171222944832984
22.79141805103315	0.1203480821710853
22.8189940313277	0.1236627324370513
22.84657001162225	0.1270686925573719
22.87414599191681	0.1305684785957709
22.90172197221136	0.1341646763076047
22.92929795250591	0.1378599418200949
22.95687393280046	0.1416570046259504
22.98444991309501	0.1455586701910209
23.01202589338956	0.1495678199280414
23.03960187368411	0.153687415952683
23.06717785397866	0.1579205013765693
23.09475383427321	0.162270202992803
23.12232981456776	0.1667397342282869
23.14990579486231	0.1713323970734028
23.17748177515686	0.1760515843605205
23.20505775545141	0.1809007820986546
23.23263373574596	0.1858835736634096
23.26020971604051	0.1910036385869116
23.28778569633506	0.1962647613714765
23.31536167662961	0.2016708281856105
23.34293765692416	0.2072258324208247
23.37051363721871	0.2129338785762951
23.39808961751326	0.2187991839482328
23.42566559780781	0.2248260820720487
23.45324157810236	0.2310190255635104
23.48081755839691	0.2373825905017621
23.50839353869146	0.2439214776919303
23.53596951898601	0.2506405198234742
23.56354549928056	0.257544680965664
23.59112147957511	0.2646390616808594
23.61869745986966	0.2719289043398788
23.64627344016421	0.2794195956373693
23.67384942045876	0.2871166701684817
23.70142540075331	0.2950258156301312
23.72900138104786	0.303152875971959
23.75657736134241	0.3115038567033754
23.78415334163696	0.3200849292204853
23.81172932193151	0.3289024339014088
23.83930530222606	0.3379628862883443
23.86688128252061	0.3472729818739433
23.89445726281516	0.3568396008367502
23.92203324310971	0.3666698124720259
23.94960922340426	0.3767708811363936
23.97718520369881	0.3871502712283309
24.00476118399336	0.3978156543784029
24.03233716428791	0.4087749106162862
24.05991314458246	0.4200361414485903
24.08748912487701	0.4316076665057093
24.11506510517156	0.4434980393483222
24.14264108546611	0.4557160471654182
24.17021706576066	0.4682707197697042
24.19779304605521	0.4811713356815628
24.22536902634976	0.4944274291432896
24.25294500664431	0.5080487980864743
24.28052098693886	0.5220455083946043
24.30809696723341	0.536427909235628
24.33567294752796	0.5512066248122853
24.36324892782251	0.5663925825576968
24.39082490811706	0.5819970047315146
24.41840088841161	0.5980314257432688
24.44597686870616	0.614507697044522
24.47355284900071	0.6314379970781488
24.50112882929526	0.6488348394546225
24.52870480958981	0.6667110843560002
24.55628078988436	0.6850799454057271
24.58385677017891	0.7039549971371155
24.61143275047346	0.723350196216454
24.63900873076801	0.7432798780032168
24.66658471106256	0.7637587739089886
24.69416069135711	0.7848020228475511
24.72173667165166	0.8064251799677903
24.74931265194621	0.8286442293115375
24.77688863224076	0.8514755974869772
24.80446461253531	0.8749361614241046
24.83204059282986	0.8990432651533184
24.85961657312441	0.9238147265114801
24.88719255341896	0.9492688632553181
24.91476853371351	0.9754244915486556
24.94234451400806	1.002300946534859
24.96992049430261	1.029918098957116
24.99749647459716	1.058296365828409
25.02507245489171	1.087456727253231
25.05264843518626	1.117420742744443
25.08022441548081	1.148210565291975
25.10780039577536	1.179848958043734
25.13537637606991	1.212359352085281
25.16295235636446	1.245765659834173
25.19052833665901	1.280092713577896
25.21810431695356	1.315365845746757
25.24568029724811	1.35161113397514
25.27325627754266	1.388855379950375
25.30083225783721	1.427126121555935
25.32840823813176	1.466451655763117
25.35598421842631	1.506861061620975
25.38356019872086	1.548384217651757
25.41113617901541	1.591051817769122
25.43871215930996	1.634895428124432
25.46628813960452	1.679947462546538
25.49386411989907	1.726241230593438
25.52144010019362	1.773810967390727
25.54901608048817	1.822691847848442
25.57659206078272	1.872920018764079
25.60416804107727	1.924532622174745
25.63174402137182	1.977567827191316
25.65932000166637	2.032064159278024
25.68689598196092	2.088063981463991
25.71447196225547	2.145606656292411
25.74204794255002	2.204735415179477
25.76962392284457	2.265493985264005
25.79719990313912	2.327927300126151
25.82477588343367	2.39208153441612
25.85235186372822	2.458004130946
25.87992784402277	2.525743837873105
25.90750382431732	2.595350776243157
25.93507980461187	2.666876373867175
25.96265578490642	2.740373604823979
25.99023176520097	2.815896773672991
26.01780774549552	2.893501746387826
26.04538372579007	2.973245925792886
26.07295970608462	3.05518828850856
26.10053568637917	3.139389442470939
26.12811166667372	3.225911664896027
26.15568764696827	3.314818954261663
26.18326362726282	3.406177064075683
26.21083960755737	3.500053545212057
26.23841558785192	3.596517904442996
26.26599156814647	3.695641430633098
26.29356754844102	3.797497460296987
26.32114352873557	3.902161336371045
26.34871950903012	4.009710477240122
26.37629548932467	4.120224436213944
26.40387146961922	4.233784962353909
26.43144744991377	4.350476062335124
26.45902343020832	4.47038404671974
26.48659941050287	4.593597631352988
26.51417539079742	4.720207920553477
26.54175137109197	4.850308621393888
26.56932735138652	4.983995959611894
26.59690333168107	5.121368830667913
26.62447931197562	5.262528858123938
26.65205529227017	5.407580470174442
26.67963127256472	5.55663097427405
26.70720725285927	5.709790641841813
26.73478323315382	5.867172766147501
26.76235921344837	6.02889379457896
26.78993519374292	6.195073329281391
26.81751117403747	6.365834412178689
26.84508715433202	6.541303288276569
26.87266313462657	6.721609781900067
26.90023911492112	6.906887351363216
26.92781509521567	7.097273024908824
26.95539107551022	7.292907673527447
26.98296705580477	7.493936041843527
27.01054303609932	7.700506870385926
27.03811901639387	7.912772993262788
27.06569499668842	8.130891468007015
27.09327097698297	8.355023663382044
27.12084695727752	8.585335457121168
27.14842293757207	8.821997205232782
27.17599891786662	9.065184086422047
27.20357489816117	9.315075993788088
27.23115087845572	9.571857843820132
27.25872685875027	9.835719642191842
27.28630283904482	10.10685662034317
27.31387881933937	10.38546945587133
27.34145479963392	10.67176426577719
27.36903077992847	10.96595291912588
27.39660676022302	11.26825335538365
27.42418274051757	11.57888859521925
27.45175872081212	11.89808905311373
27.47933470110667	12.22609091508478
27.50691068140122	12.56313681441709
27.53448666169577	12.90947618121858
27.56206264199032	13.26536531879506
27.58963862228487	13.6310675868634
27.61721460257942	14.00685366132298
27.64479058287397	14.39300163021367
27.67236656316852	14.78979703626567
27.69994254346307	15.19753403551509
27.72751852375762	15.61651392742342
27.75509450405217	16.04704706497743
27.78267048434672	16.4894519432177
27.81024646464127	16.94405601817834
27.83782244493582	17.41119574672141
27.86539842523037	17.89121686873383
27.89297440552492	18.38447465877325
27.92055038581947	18.89133419780441
27.94812636611402	19.41217077985065
27.97570234640857	19.94736934535364
28.00327832670312	20.49732666499268
28.03085430699767	21.06244950379342
28.05843028729223	21.64315621251212
28.08600626758678	22.23987658981514
28.11358224788133	22.8530523168607
28.14115822817588	23.48313725838968
28.16873420847043	24.1305978041422
28.19631018876498	24.79591320468665
28.22388616905953	25.47957618997433
28.25146214935408	26.1820916170923
28.27903812964863	26.90398153031025
28.30661410994318	27.64577882159537
28.33419009023773	28.40803285067161
28.36176607053228	29.19130830569386
28.38934205082683	29.99618457083126
28.41691803112138	30.82325763780273
28.44449401141593	31.67313974084682
28.47206999171048	32.54646002929697
28.49964597200503	33.44386501558321
28.52722195229958	34.36601904326984
28.55479793259413	35.3136040875502
28.58237391288868	36.28732361253446
28.60994989318323	37.28789686828357
28.63752587347778	38.31606444345515
28.66510185377233	39.37258821073112
28.69267783406688	40.45825019135045
28.72025381436143	41.57385412931639
28.74782979465598	42.72022588487058
28.77540577495053	43.89821427851595
28.80298175524508	45.10869142554723
28.83055773553963	46.35255351025416
28.85813371583418	47.6307215529616
28.88570969612873	48.94414156607949
28.91328567642328	50.29378653870138
28.94086165671783	51.68065524690485
28.96843763701238	53.10577481763442
28.99601361730693	54.57020035847786
29.02358959760148	56.07501618885183
29.05116557789603	57.62133650057342
29.07874155819058	59.21030625905882
29.10631753848513	60.8431019629588
29.13389351877968	62.52093268997361
29.16146949907423	64.24504079863766
29.18904547936878	66.01670243257617
29.21662145966333	67.83723025973785
29.24419743995788	69.70797274606362
29.27177342025243	71.63031384412238
29.29934940054698	73.60567764887084
29.32692538084153	75.63552689627032
29.35450136113608	77.72136476063021
29.38207734143063	79.8647357919299
29.40965332172518	82.06722722022388
29.43722930201973	84.33047009801497
29.46480528231428	86.65614037306992
29.49238126260883	89.04596041039474
29.51995724290338	91.50169957703713
29.54753322319793	94.0251775820319
29.57510920349248	96.61826222869435
29.60268518378703	99.28287691808792
29.63026116408158	102.0209858448005
29.65783714437613	104.8346267616804
29.68541312467068	107.7258803096174
29.71298910496523	110.6968870856012
29.74056508525978	113.7498472118479
29.76814106555433	116.8870233891131
29.79571704584888	120.1107374466686
29.82329302614343	123.4233775654241
29.85086900643798	126.8273974105289
29.87844498673253	130.3253173681397
29.90602096702708	133.9197293318857
29.93359694732163	137.6132936995854
29.96117292761618	141.4087486257646
29.98874890791073	145.3089039095634
30.01632488820528	149.3166484428082
30.04390086849983	153.4349508413245
30.07147684879438	157.6668614670751
30.09905282908893	162.0155149094118
30.12662880938348	166.4841322613519
30.15420478967803	171.0760235304063
30.18178076997258	175.7945900466422
30.20935675026713	180.6433269046363
30.23693273056168	185.6258279299727
30.26450871085623	190.7457769167232
30.29208469115078	196.0069743283718
30.31966067144533	201.4133143187753
30.34723665173988	206.9688018196338
30.37481263203443	212.6775524941367
30.40238861232898	218.5437945182963
30.42996459262353	224.5718743898703
30.45754057291808	230.7662580470985
30.48511655321263	237.1315313003023
30.51269253350718	243.6724131885103
30.54026851380173	250.3937483349356
30.56784449409628	257.3005175082925
30.59542047439083	264.3978301458968
30.62299645468539	271.6909531063171
30.65057243497994	279.1852859696986
30.67814841527449	286.8863808954998
30.70572439556904	294.7999433378614
30.73330037586359	302.9318362383318
30.76087635615814	311.2880843288264
30.78845233645269	319.8748797824093
30.81602831674724	328.6985799495254
30.84360429704179	337.7657271294658
30.87118027733634	347.0830375068588
30.89875625763089	356.6574146894663
30.92633223792544	366.4959496772113
30.95390821821999	376.605937314179
30.98148419851454	386.9948645255228
31.00906017880909	397.6704296663411
31.03663615910364	408.6405426858743
31.06421213939819	419.9133321077775
31.09178811969274	431.4971504695915
31.11936409998729	443.4005822819901
31.14694008028184	455.6324424038917
31.17451606057639	468.2018003407129
31.20209204087094	481.1179683174529
31.22966802116549	494.3905099425484
31.25724400146004	508.0292968355321
31.28481998175459	522.0443568747382
31.31239596204914	536.4461451522202
31.33997194234369	551.2453140419658
31.36754792263824	566.4528271870336
31.39512390293279	582.079954384492
31.42269988322734	598.1382760574151
31.45027586352189	614.6396924912211
31.47785184381644	631.5964301213105
31.50542782411099	649.0210574109524
31.53300380440554	666.9264865565608
31.56057978470009	685.3259810301101
31.58815576499464	704.2331891022892
31.61573174528919	723.6620999993781
31.64330772558374	743.6271500921357
31.67088370587829	764.1431027803638
31.69845968617284	785.2251715311677
31.72603566646739	806.8889817706803
31.75361164676194	829.1505882911271
31.78118762705649	852.0264899675565
31.80876360735104	875.5336415214398
31.83633958764559	899.6894624756756
31.86391556794014	924.5118589989358
31.89149154823469	950.0192313334992
31.91906752852924	976.2304673715554
31.94664350882379	1003.165013428821
31.97421948911834	1030.842829380399
32.00179546941289	1059.284420880742
32.02937144970744	1088.51087648574
32.05694743000199	1118.543854882472
32.08452341029654	1149.405617025134
32.11209939059109	1181.119037583089
32.13967537088564	1213.707623505512
32.16725135118019	1247.195530595326
32.19482733147474	1281.607577508003
32.22240331176929	1316.969276150309
0
1000	105.6583745	100000000000000.1
5	0	0	1
5	0	0	0
4.673998997513734	-1.291950199122811e-11
4.701574977808284	-1.180350712059678e-11
4.729150958102834	-1.276174099603727e-11
4.756726938397384	-1.390735713011055e-11
4.784302918691934	-1.499446470557827e-11
4.811878898986484	-1.596997283725216e-11
4.839454879281035	-1.682839337789528e-11
4.867030859575585	-1.757847169966954e-11
4.894606839870135	-1.823278152657793e-11
4.922182820164685	-1.88040643366653e-11
4.949758800459235	-1.930394935709954e-11
4.977334780753785	-1.974259309288736e-11
5.004910761048335	-2.012868177079194e-11
5.032486741342885	-2.046956863930239e-11
5.060062721637435	-2.077144979938175e-11
5.087638701931986	-2.103953840873497e-11
5.115214682226536	-2.127822185195107e-11
5.142790662521086	-2.149119743787711e-11
5.170366642815636	-2.168158690754496e-11
5.197942623110186	-2.185203188507324e-11
5.225518603404736	-2.200477294072833e-11
5.253094583699286	-2.214171489492419e-11
5.280670563993836	-2.226448072220198e-11
5.308246544288386	-2.237445607749259e-11
5.335822524582936	-2.247282613590917e-11
5.363398504877487	-2.256060614154417e-11
5.390974485172037	-2.263866681005975e-11
5.418550465466587	-2.270775552706371e-11
5.446126445761137	-2.276851413653322e-11
5.473702426055687	-2.282149406154576e-11
5.501278406350237	-2.288075159339523e-11
5.528854386644787	-2.291775226262469e-11
5.556430366939337	-2.294726780842145e-11
5.584006347233887	-2.296981184726605e-11
5.611582327528438	-2.298587038169815e-11
5.639158307822988	-2.299590209083737e-11
5.666734288117538	-2.300033891592663e-11
5.694310268412088	-2.299958685910274e-11
5.721886248706638	-2.299402693192131e-11
5.749462229001188	-2.298401620428082e-11
5.777038209295738	-2.296970684073207e-11
5.804614189590288	-2.295180353734629e-11
5.832190169884838	-2.293039926131716e-11
5.859766150179389	-2.290576215111465e-11
5.887342130473939	-2.287814101989824e-11
5.914918110768489	-2.284776438999304e-11
5.942494091063039	-2.281482855437395e-11
5.970070071357589	-2.277909101487896e-11
5.997646051652139	-2.274250191443256e-11
6.025222031946689	-2.270310224424266e-11
6.052798012241239	-2.266202020745942e-11
6.080373992535789	-2.261924225164648e-11
6.107949972830339	-2.257495480253151e-11
6.13552595312489	-2.252924939762094e-11
6.16310193341944	-2.248232436585619e-11
6.19067791371399	-2.243424946152892e-11
6.21825389400854	-2.238514007969149e-11
6.24582987430309	-2.233509791881364e-11
6.27340585459764	-2.228421726436967e-11
6.30098183489219	-2.223258587534522e-11
6.32855781518674	-2.21802971703684e-11
6.35613379548129	-2.212739880913072e-11
6.383709775775841	-2.207397638088169e-11
6.411285756070391	-2.202009601065949e-11
6.438861736364941	-2.196581920966599e-11
6.466437716659491	-2.191120311563977e-11
6.494013696954041	-2.185630068142488e-11
6.521589677248591	-2.180116078524665e-11
6.549165657543141	-2.174582820746657e-11
6.576741637837691	-2.169034335144624e-11
6.604317618132241	-2.163414732791713e-11
6.631893598426791	-2.157845094550668e-11
6.659469578721342	-2.152219276724966e-11
6.687045559015892	-2.146661637595508e-11
6.714621539310442	-2.141087796367294e-11
6.742197519604992	-2.135518608912936e-11
6.769773499899542	-2.129958095974234e-11
6.797349480194092	-2.124409056213044e-11
6.824925460488642	-2.118873873990705e-11
6.852501440783192	-2.113354677918459e-11
6.880077421077742	-2.107866290628581e-11
6.907653401372293	-2.102386484582021e-11
6.935229381666843	-2.096927749919987e-11
6.962805361961393	-2.091491859306997e-11
6.990381342255943	-2.086084184210617e-11
7.017957322550493	-2.080685073559096e-11
7.045533302845043	-2.075325388280343e-11
7.073109283139593	-2.0699909799937e-11
7.100685263434143	-2.064684235762354e-11
7.128261243728693	-2.059406204749807e-11
7.155837224023244	-2.054152416286875e-11
7.183413204317794	-2.04893558370699e-11
7.210989184612344	-2.043749525603541e-11
7.238565164906894	-2.038594806953114e-11
7.266141145201444	-2.033471930428628e-11
7.293717125495994	-2.028381340951407e-11
7.321293105790544	-2.023323429855019e-11
7.348869086085094	-2.018298538709153e-11
7.376445066379644	-2.013306962841462e-11
7.404021046674194	-2.008348954588331e-11
7.431597026968745	-2.00347473627876e-11
7.459173007263295	-1.998580599062685e-11
7.486748987557845	-1.99371617356842e-11
7.514324967852395	-1.98888177362359e-11
7.541900948146945	-1.984077905754663e-11
7.569476928441495	-1.979305290885387e-11
7.597052908736045	-1.974564894638588e-11
7.624628889030595	-1.969857966500968e-11
7.652204869325145	-1.965186089754766e-11
7.679780849619696	-1.96055124517223e-11
7.707356829914246	-1.955649968920904e-11
7.734932810208796	-1.95111103027451e-11
7.762508790503346	-1.946648435186303e-11
7.790084770797896	-1.942268425758309e-11
7.817660751092446	-1.937977046997626e-11
7.845236731386996	-1.933780113006064e-11
7.872812711681546	-1.929683175083126e-11
7.900388691976096	-1.925691492049501e-11
7.927964672270646	-1.921810003063958e-11
7.955540652565197	-1.918043303166387e-11
7.983116632859747	-1.913919870666227e-11
8.010692613154298	-1.910462639733124e-11
8.038268593448848	-1.907161490339373e-11
8.065844573743398	-1.904009734664388e-11
8.093420554037948	-1.90100065729386e-11
8.120996534332498	-1.898127467961455e-11
8.148572514627048	-1.895383389302785e-11
8.176148494921598	-1.89276174470215e-11
8.203724475216148	-1.890256026760528e-11
8.231300455510699	-1.887859946079028e-11
8.258876435805249	-1.885593800039549e-11
8.286452416099799	-1.883395069638484e-11
8.314028396394349	-1.881287236159938e-11
8.341604376688899	-1.879265616767635e-11
8.369180356983449	-1.877325781290756e-11
8.396756337277999	-1.875463538548456e-11
8.424332317572549	-1.873674923280663e-11
8.451908297867099	-1.871956183694201e-11
8.47948427816165	-1.870303769624607e-11
8.5070602584562	-1.868714321307317e-11
8.53463623875075	-1.867182672587128e-11
8.5622122190453	-1.865710048254532e-11
8.58978819933985	-1.864291475131643e-11
8.6173641796344	-1.862924226863287e-11
8.64494015992895	-1.861605717784945e-11
8.6725161402235	-1.860333494561768e-11
8.70009212051805	-1.859105228134389e-11
8.7276681008126	-1.857918705263578e-11
8.755244081107151	-1.856771815533174e-11
8.782820061401701	-1.855662463789902e-11
8.810396041696251	-1.85458875471559e-11
8.837972021990801	-1.853549301399314e-11
8.865548002285351	-1.852542139540277e-11
8.893123982579901	-1.851565624054198e-11
8.920699962874451	-1.850618186507006e-11
8.948275943169001	-1.849698331245512e-11
8.975851923463551	-1.848804631628876e-11
9.003427903758102	-1.847935726401344e-11
9.031003884052652	-1.847090316221477e-11
9.058579864347202	-1.846267160352367e-11
9.086155844641752	-1.845464251992396e-11
9.113731824936302	-1.84468221706407e-11
9.141307805230852	-1.843919086719285e-11
9.168883785525402	-1.843173808803056e-11
9.196459765819952	-1.842445375116365e-11
9.224035746114502	-1.841732819533666e-11
9.251611726409052	-1.841035216168916e-11
9.279187706703603	-1.840351677603337e-11
9.306763686998153	-1.839681353186584e-11
9.334339667292703	-1.839023427422177e-11
9.361915647587253	-1.838375392619315e-11
9.389491627881803	-1.837740182606454e-11
9.417067608176353	-1.837115230302372e-11
9.444643588470903	-1.836499819705057e-11
9.472219568765453	-1.835893263463673e-11
9.499795549060003	-1.835294902224064e-11
9.527371529354554	-1.834704103866307e-11
9.554947509649104	-1.834120262677046e-11
9.582523489943654	-1.833542798489612e-11
9.610099470238204	-1.832971155817264e-11
9.637675450532754	-1.832409003748405e-11
9.665251430827304	-1.831847563500935e-11
9.692827411121854	-1.831290072282864e-11
9.720403391416404	-1.830735887690423e-11
9.747979371710954	-1.830184098502581e-11
9.775555352005505	-1.829632455857295e-11
9.803131332300055	-1.829058724162042e-11
9.830707312594605	-1.828578061524067e-11
9.858283292889155	-1.828023073479224e-11
9.885859273183705	-1.827479873578121e-11
9.913435253478255	-1.826932704607115e-11
9.941011233772805	-1.826395491128774e-11
9.968587214067355	-1.825858604890942e-11
9.996163194361905	-1.825321736162104e-11
10.02373917465646	-1.824784589340435e-11
10.05131515495101	-1.824246882247869e-11
10.07889113524556	-1.823708345451674e-11
10.10646711554011	-1.823168721604993e-11
10.13404309583466	-1.822627764797267e-11
10.16161907612921	-1.822085239904639e-11
10.18919505642376	-1.821541769502454e-11
10.21677103671831	-1.820995381940885e-11
10.24434701701286	-1.820446702864213e-11
10.27192299730741	-1.819895535868331e-11
10.29949897760196	-1.819341695284016e-11
10.32707495789651	-1.818785005740591e-11
10.35465093819106	-1.818225301749056e-11
10.38222691848561	-1.817662427301864e-11
10.40980289878016	-1.817096235486751e-11
10.43737887907471	-1.816526588112129e-11
10.46495485936926	-1.815953797724791e-11
10.49253083966381	-1.815376816018575e-11
10.52010681995836	-1.814795976528971e-11
10.54768280025291	-1.814211176534355e-11
10.57525878054746	-1.813622321920316e-11
10.60283476084201	-1.81302932682207e-11
10.63041074113656	-1.812432113282107e-11
10.65798672143111	-1.811830610921582e-11
10.68556270172566	-1.811224756624121e-11
10.71313868202021	-1.81061449423084e-11
10.74071466231476	-1.810000423923139e-11
10.76829064260931	-1.809381133803503e-11
10.79586662290386	-1.808757255745505e-11
10.82344260319841	-1.808128766677427e-11
10.85101858349296	-1.8074956510738e-11
10.87859456378751	-1.806857900519983e-11
10.90617054408206	-1.8062155133048e-11
10.93374652437661	-1.80556849403851e-11
10.96132250467116	-1.804916853293673e-11
10.98889848496571	-1.804260607266789e-11
11.01647446526026	-1.803600333024654e-11
11.04405044555481	-1.802934876782665e-11
11.07162642584936	-1.802264855859399e-11
11.09920240614391	-1.801590314687843e-11
11.12677838643846	-1.800911302816275e-11
11.15435436673301	-1.800227874432801e-11
11.18193034702756	-1.799540087939629e-11
11.20950632732211	-1.798848005569918e-11
11.23708230761666	-1.798151693041228e-11
11.26465828791121	-1.797451219240609e-11
11.29223426820576	-1.796746498938708e-11
11.31981024850031	-1.79603793811211e-11
11.34738622879486	-1.795325450709129e-11
11.37496220908941	-1.794609113530317e-11
11.40253818938396	-1.793889004904333e-11
11.43011416967851	-1.793165204544584e-11
11.45769014997306	-1.792437793412362e-11
11.48526613026761	-1.791706853586135e-11
11.51284211056216	-1.790972468136713e-11
11.54041809085671	-1.790234721008006e-11
11.56799407115126	-1.789493588047223e-11
11.59557005144581	-1.788749382999079e-11
11.62314603174036	-1.78800208105715e-11
11.65072201203491	-1.787251767391383e-11
11.67829799232946	-1.786498527115694e-11
11.70587397262401	-1.785742445218673e-11
11.73344995291856	-1.784983606497834e-11
11.76102593321311	-1.78422209549728e-11
11.78860191350766	-1.783457996448693e-11
11.81617789380221	-1.782691393215531e-11
11.84375387409676	-1.781922252836027e-11
11.87132985439131	-1.781150902934143e-11
11.89890583468586	-1.780377306987264e-11
11.92648181498041	-1.779601545532297e-11
11.95405779527496	-1.7788236980949e-11
11.98163377556951	-1.778043843181131e-11
12.00920975586406	-1.77726205827014e-11
12.03678573615861	-1.776478419807865e-11
12.06436171645316	-1.775693003201727e-11
12.09193769674771	-1.774905882816259e-11
12.11951367704226	-1.774116981993279e-11
12.14708965733681	-1.773326689839602e-11
12.17466563763136	-1.772534921953307e-11
12.20224161792591	-1.771741746436543e-11
12.22981759822046	-1.77094722994013e-11
12.25739357851501	-1.770151437719744e-11
12.28496955880956	-1.769354433686724e-11
12.31254553910411	-1.768556280454203e-11
12.34012151939866	-1.767757039379124e-11
12.36769749969321	-1.766956770600666e-11
12.39527347998776	-1.766155272267918e-11
12.42284946028231	-1.765353160707499e-11
12.45042544057686	-1.764550210766114e-11
12.47800142087141	-1.763746473442415e-11
12.50557740116597	-1.762941998622399e-11
12.53315338146052	-1.762136835164676e-11
12.56072936175507	-1.761331030967271e-11
12.58830534204962	-1.760524633020688e-11
12.61588132234417	-1.759717687450636e-11
12.64345730263872	-1.7589102395529e-11
12.67103328293327	-1.758102442824522e-11
12.69860926322782	-1.757294116615298e-11
12.72618524352237	-1.756485409292241e-11
12.75376122381692	-1.755676362704886e-11
12.78133720411147	-1.754867018185851e-11
12.80891318440602	-1.754057416607076e-11
12.83648916470057	-1.753247598467947e-11
12.86406514499512	-1.752437604039419e-11
12.89164112528967	-1.751627473612008e-11
12.91921710558422	-1.750817247949081e-11
12.94679308587877	-1.750007629303577e-11
12.97436906617332	-1.749197409709461e-11
13.00194504646787	-1.748387181542641e-11
13.02952102676242	-1.747576975055733e-11
13.05709700705697	-1.746766819616686e-11
13.08467298735152	-1.745956743697608e-11
13.11224896764607	-1.74514677486093e-11
13.13982494794062	-1.744336939743281e-11
13.16740092823517	-1.743527264037093e-11
13.19497690852972	-1.742717772469842e-11
13.22255288882427	-1.741908571276887e-11
13.25012886911882	-1.741099512402315e-11
13.27770484941337	-1.740290698281246e-11
13.30528082970792	-1.739482149796203e-11
13.33285681000247	-1.738673887132454e-11
13.36043279029702	-1.737865929781638e-11
13.38800877059157	-1.737058296545273e-11
13.41558475088612	-1.736251005538145e-11
13.44316073118067	-1.735444074191577e-11
13.47073671147522	-1.734637519256576e-11
13.49831269176977	-1.733831387935532e-11
13.52588867206432	-1.733025624388974e-11
13.55346465235887	-1.732220097431238e-11
13.58104063265342	-1.731415408006517e-11
13.60861661294797	-1.730610944028267e-11
13.63619259324252	-1.72980694585183e-11
13.66376857353707	-1.729003422568017e-11
13.69134455383162	-1.728200385816322e-11
13.71892053412617	-1.727397847241245e-11
13.74649651442072	-1.726595818155408e-11
13.77407249471527	-1.725794323902791e-11
13.80164847500982	-1.724993345871729e-11
13.82922445530437	-1.724192906721611e-11
13.85680043559892	-1.723393016456953e-11
13.88437641589347	-1.722593684589189e-11
13.91195239618802	-1.721794920234073e-11
13.93952837648257	-1.720996732146959e-11
13.96710435677712	-1.720199128740498e-11
13.99468033707167	-1.719402118096122e-11
14.02225631736622	-1.71860570797298e-11
14.04983229766077	-1.71780991331431e-11
14.07740827795532	-1.717014725612604e-11
14.10498425824987	-1.716220159203517e-11
14.13256023854442	-1.715426220692965e-11
14.16013621883897	-1.714632916432913e-11
14.18771219913352	-1.713840252526974e-11
14.21528817942807	-1.713048234835891e-11
14.24286415972262	-1.712256868982899e-11
14.27044014001717	-1.71146616035898e-11
14.29801612031172	-1.710676114127998e-11
14.32559210060627	-1.709886747147196e-11
14.35316808090082	-1.70909803672549e-11
14.38074406119537	-1.708310003827798e-11
14.40832004148992	-1.707522652089597e-11
14.43589602178447	-1.706735985426721e-11
14.46347200207902	-1.705950007709121e-11
14.49104798237357	-1.705164722679625e-11
14.51862396266812	-1.704380133929131e-11
14.54619994296267	-1.703596244889038e-11
14.57377592325722	-1.702813058829994e-11
14.60135190355177	-1.702030579517628e-11
14.62892788384632	-1.70124880851213e-11
14.65650386414087	-1.700467749312462e-11
14.68407984443542	-1.699687404577653e-11
14.71165582472997	-1.698907776820853e-11
14.73923180502452	-1.698128868412997e-11
14.76680778531907	-1.697350681586389e-11
14.79438376561362	-1.696573218438212e-11
14.82195974590817	-1.695796480933977e-11
14.84953572620272	-1.695020470910897e-11
14.87711170649727	-1.694245190091819e-11
14.90468768679182	-1.693470640040765e-11
14.93226366708637	-1.692696822246273e-11
14.95983964738092	-1.691923738066163e-11
14.98741562767547	-1.691151388745794e-11
15.01499160797002	-1.69037977542099e-11
15.04256758826457	-1.689608899120909e-11
15.07014356855912	-1.688838760770853e-11
15.09771954885368	-1.688069361195033e-11
15.12529552914823	-1.687300701119282e-11
15.15287150944278	-1.68653279139828e-11
15.18044748973733	-1.685765609129983e-11
15.20802347003188	-1.684999168700687e-11
15.23559945032643	-1.684233469986017e-11
15.26317543062098	-1.683468513078146e-11
15.29075141091553	-1.682704298087281e-11
15.31832739121008	-1.681940825085064e-11
15.34590337150463	-1.681178094085109e-11
15.37347935179918	-1.680416105035837e-11
15.40105533209373	-1.679654857818089e-11
15.42863131238828	-1.678894354115076e-11
15.45620729268283	-1.678134589709024e-11
15.48378327297738	-1.677375566241727e-11
15.51135925327193	-1.676617283351066e-11
15.53893523356648	-1.675859740615247e-11
15.56651121386103	-1.67510293755438e-11
15.59408719415558	-1.674346873632017e-11
15.62166317445013	-1.673591548256594e-11
15.64923915474468	-1.672836960782831e-11
15.67681513503923	-1.672083110513039e-11
15.70439111533378	-1.67132999288115e-11
15.73196709562833	-1.670577617155147e-11
15.75954307592288	-1.669825974765158e-11
15.78711905621743	-1.669075065723186e-11
15.81469503651198	-1.668324889332518e-11
15.84227101680653	-1.667575444711818e-11
15.86984699710108	-1.666826730894539e-11
15.89742297739563	-1.666078746857806e-11
15.92499895769018	-1.665331491533284e-11
15.95257493798473	-1.66458496381211e-11
15.98015091827928	-1.663839164020072e-11
16.00772689857383	-1.663094087930383e-11
16.03530287886838	-1.662349735755629e-11
16.06287885916293	-1.661606106250871e-11
16.09045483945748	-1.660863198145673e-11
16.11803081975203	-1.660121010144562e-11
16.14560680004658	-1.659379540927436e-11
16.17318278034113	-1.658638789149939e-11
16.20075876063568	-1.657898753443801e-11
16.22833474093023	-1.657159432417134e-11
16.25591072122478	-1.656420828436239e-11
16.28348670151933	-1.655682932021565e-11
16.31106268181388	-1.654945745733411e-11
16.33863866210843	-1.654209268121631e-11
16.36621464240298	-1.653473497722258e-11
16.39379062269753	-1.652738433058955e-11
16.42136660299208	-1.652004072643994e-11
16.44894258328663	-1.65127041497901e-11
16.47651856358118	-1.650537458555613e-11
16.50409454387573	-1.649805201855927e-11
16.53167052417028	-1.649073646473676e-11
16.55924650446483	-1.648342784329125e-11
16.58682248475938	-1.647612617049171e-11
16.61439846505393	-1.646883143114616e-11
16.64197444534848	-1.646154361010587e-11
16.66955042564303	-1.645426269226625e-11
16.69712640593758	-1.644698866256802e-11
16.72470238623213	-1.643972150599853e-11
16.75227836652668	-1.643246120759339e-11
16.77985434682123	-1.642520775243821e-11
16.80743032711578	-1.641796117924296e-11
16.83500630741033	-1.641072135689273e-11
16.86258228770488	-1.640348833113964e-11
16.89015826799943	-1.639626208811052e-11
16.91773424829398	-1.638904261392361e-11
16.94531022858853	-1.638182989472298e-11
16.97288620888308	-1.637462391670079e-11
17.00046218917763	-1.63674246661125e-11
17.02803816947218	-1.6360232129288e-11
17.05561414976673	-1.63530462926401e-11
17.08319013006128	-1.634586715502934e-11
17.11076611035583	-1.633869467709869e-11
17.13834209065038	-1.633152885817083e-11
17.16591807094493	-1.632436968517352e-11
17.19349405123948	-1.631721714518444e-11
17.22107003153403	-1.631007122543703e-11
17.24864601182858	-1.63029319133267e-11
17.27622199212313	-1.629579919641748e-11
17.30379797241768	-1.628867306244938e-11
17.33137395271223	-1.628155349934622e-11
17.35894993300678	-1.627444057041748e-11
17.38652591330133	-1.626733414202634e-11
17.41410189359588	-1.626023427488171e-11
17.44167787389043	-1.625314117282989e-11
17.46925385418498	-1.624605374268153e-11
17.49682983447953	-1.623897350754402e-11
17.52440581477408	-1.623189971319524e-11
17.55198179506863	-1.622483278734521e-11
17.57955777536318	-1.621777097709051e-11
17.60713375565773	-1.621071666369587e-11
17.63470973595228	-1.620366869410803e-11
17.66228571624683	-1.619662710701443e-11
17.68986169654139	-1.6189591951562e-11
17.71743767683594	-1.618256321813232e-11
17.74501365713049	-1.617554089729475e-11
17.77258963742504	-1.616852497980529e-11
17.80016561771959	-1.616151545660305e-11
17.82774159801414	-1.615451231880423e-11
17.85531757830869	-1.61475155576928e-11
17.88289355860324	-1.614052516470734e-11
17.91046953889779	-1.613354116529902e-11
17.93804551919234	-1.612656348235861e-11
17.96562149948689	-1.611959213909566e-11
17.99319747978144	-1.611262712698779e-11
18.02077346007599	-1.610566843766203e-11
18.04834944037054	-1.609871606289152e-11
18.07592542066509	-1.609176999459192e-11
18.10350140095964	-1.608483022481763e-11
18.13107738125419	-1.607789674575844e-11
18.15865336154874	-1.607096954973716e-11
18.18622934184329	-1.606404865987866e-11
18.21380532213784	-1.605713400591759e-11
18.24138130243239	-1.605022561016888e-11
18.26895728272694	-1.604332346530748e-11
18.29653326302149	-1.603642756414706e-11
18.32410924331604	-1.602953789964148e-11
18.35168522361059	-1.602265446488527e-11
18.37926120390514	-1.601577725311319e-11
18.40683718419969	-1.600890625769924e-11
18.43441316449424	-1.600204147215515e-11
18.46198914478879	-1.599518289700009e-11
18.48956512508334	-1.598833051182467e-11
18.51714110537789	-1.598148431722048e-11
18.54471708567244	-1.597464430723806e-11
18.57229306596699	-1.596781047608716e-11
18.59986904626154	-1.596098281813764e-11
18.62744502655609	-1.595416132792057e-11
18.65502100685064	-1.594734600012938e-11
18.68259698714519	-1.594053682962143e-11
18.71017296743974	-1.593373381141994e-11
18.73774894773429	-1.592693691993336e-11
18.76532492802884	-1.592014618570097e-11
18.79290090832339	-1.591336158771974e-11
18.82047688861794	-1.590658311723444e-11
18.84805286891249	-1.589981043105232e-11
18.87562884920704	-1.589304461681964e-11
18.90320482950159	-1.588628452028271e-11
18.93078080979614	-1.587953054833553e-11
18.95835679009069	-1.587278269192966e-11
18.98593277038524	-1.586604094656618e-11
19.01350875067979	-1.585930535429669e-11
19.04108473097434	-1.58525758216651e-11
19.06866071126889	-1.58458523905063e-11
19.09623669156344	-1.583913505998524e-11
19.12381267185799	-1.583242386911447e-11
19.15138865215254	-1.582571864663941e-11
19.17896463244709	-1.581901959743055e-11
19.20654061274164	-1.581232662959947e-11
19.23411659303619	-1.580563974574496e-11
19.26169257333074	-1.57989589445196e-11
19.28926855362529	-1.579228416253049e-11
19.31684453391984	-1.578561550713181e-11
19.34442051421439	-1.577895289102627e-11
19.37199649450894	-1.577229671860883e-11
19.39957247480349	-1.576564612793318e-11
19.42714845509804	-1.575900176435584e-11
19.45472443539259	-1.575236348496606e-11
19.48230041568714	-1.574573127888305e-11
19.50987639598169	-1.573910514233033e-11
19.53745237627624	-1.573248507299878e-11
19.56502835657079	-1.57258710793068e-11
19.59260433686534	-1.571926313696141e-11
19.62018031715989	-1.571266125654141e-11
19.64775629745444	-1.570606543655046e-11
19.67533227774899	-1.569947567544843e-11
19.70290825804354	-1.569289197163619e-11
19.73048423833809	-1.568631432343924e-11
19.75806021863264	-1.567974272908999e-11
19.78563619892719	-1.567317718670876e-11
19.81321217922174	-1.566661769428354e-11
19.84078815951629	-1.566006425327211e-11
19.86836413981084	-1.565351685392436e-11
19.89594012010539	-1.564697549713291e-11
19.92351610039994	-1.564044018010058e-11
19.95109208069449	-1.563391089977735e-11
19.97866806098904	-1.56273876528225e-11
20.00624404128359	-1.562087043555063e-11
20.03382002157814	-1.561435924383195e-11
20.06139600187269	-1.560785407282301e-11
20.08897198216724	-1.560135491574509e-11
20.11654796246179	-1.559486179405627e-11
20.14412394275634	-1.558837466200555e-11
20.17169992305089	-1.558189353021982e-11
20.19927590334544	-1.557541839213256e-11
20.22685188363999	-1.55689492406229e-11
20.25442786393454	-1.556248606797782e-11
20.2820038442291	-1.555602886585332e-11
20.30957982452365	-1.554957762523469e-11
20.3371558048182	-1.554313233639595e-11
20.36473178511275	-1.55366929888586e-11
20.3923077654073	-1.553025957107473e-11
20.41988374570185	-1.552383207114596e-11
20.4474597259964	-1.551741047621827e-11
20.47503570629095	-1.551099477253711e-11
20.5026116865855	-1.550458494547214e-11
20.53018766688005	-1.54981809795462e-11
20.5577636471746	-1.549178285857304e-11
20.58533962746915	-1.548539056617359e-11
20.6129156077637	-1.547900408813063e-11
20.64049158805825	-1.547262343245569e-11
20.6680675683528	-1.546624843718807e-11
20.69564354864735	-1.545987925455122e-11
20.7232195289419	-1.545351588215888e-11
20.75079550923645	-1.544715788076413e-11
20.778371489531	-1.54408058064048e-11
20.80594746982555	-1.5434459339561e-11
20.8335234501201	-1.542811847848321e-11
20.86109943041465	-1.542178319712506e-11
20.8886754107092	-1.54154534654788e-11
20.91625139100375	-1.540912925160438e-11
20.9438273712983	-1.540281053705282e-11
20.97140335159285	-1.539649725663662e-11
20.9989793318874	-1.539018938808688e-11
21.02655531218195	-1.538388689427015e-11
21.0541312924765	-1.537758973701646e-11
21.08170727277105	-1.537129787716775e-11
21.1092832530656	-1.536501127463373e-11
21.13685923336015	-1.535872988845523e-11
21.1644352136547	-1.535245367687525e-11
21.19201119394925	-1.534618259741751e-11
21.2195871742438	-1.533991664110018e-11
21.24716315453835	-1.533365569298276e-11
21.2747391348329	-1.53273997432328e-11
21.30231511512745	-1.532114874774553e-11
21.329891095422	-1.531490266235789e-11
21.35746707571655	-1.530866144296504e-11
21.3850430560111	-1.530242504564072e-11
21.41261903630565	-1.529619342676049e-11
21.4401950166002	-1.528996654312722e-11
21.46777099689475	-1.528374435209784e-11
21.4953469771893	-1.527752684002956e-11
21.52292295748385	-1.527131390671699e-11
21.5504989377784	-1.526510554033631e-11
21.57807491807295	-1.52589017018599e-11
21.6056508983675	-1.525270235333762e-11
21.63322687866205	-1.524650745765211e-11
21.6608028589566	-1.524031697730118e-11
21.68837883925115	-1.523413086659082e-11
21.7159548195457	-1.522794883319964e-11
21.74353079984025	-1.52217719014649e-11
21.7711067801348	-1.521559878945952e-11
21.79868276042935	-1.520942995552334e-11
21.8262587407239	-1.520326536652116e-11
21.85383472101845	-1.519710500173993e-11
21.881410701313	-1.519094884278831e-11
21.90898668160755	-1.518479687355816e-11
21.9365626619021	-1.517864908018652e-11
21.96413864219665	-1.517250545101171e-11
21.9917146224912	-1.516636597652143e-11
22.01929060278575	-1.516023064929243e-11
22.0468665830803	-1.515409990027062e-11
22.07444256337485	-1.514797278867416e-11
22.1020185436694	-1.514184978824067e-11
22.12959452396395	-1.513573090779078e-11
22.1571705042585	-1.512961615769184e-11
22.18474648455305	-1.512350554953692e-11
22.2123224648476	-1.51173990958768e-11
22.23989844514215	-1.511129680999536e-11
22.2674744254367	-1.510519870572104e-11
22.29505040573125	-1.509910479726831e-11
22.3226263860258	-1.509301502248646e-11
22.35020236632035	-1.508692956378212e-11
22.3777783466149	-1.508084834984798e-11
22.40535432690945	-1.507477139274604e-11
22.432930307204	-1.506869870138718e-11
22.46050628749855	-1.50626301700593e-11
22.4880822677931	-1.505656623814032e-11
22.51565824808765	-1.50505064298971e-11
22.5432342283822	-1.50444509499217e-11
22.57081020867675	-1.503839980322723e-11
22.5983861889713	-1.503235304163417e-11
22.62596216926585	-1.502631058977545e-11
22.6535381495604	-1.502027249847445e-11
22.68111412985495	-1.501423877924851e-11
22.7086901101495	-1.500820944346036e-11
22.73626609044405	-1.500218450227682e-11
22.7638420707386	-1.499616396663216e-11
22.79141805103315	-1.499014784719587e-11
22.8189940313277	-1.498413615434446e-11
22.84657001162225	-1.497812889813713e-11
22.87414599191681	-1.497212608773386e-11
22.90172197221136	-1.496612773293572e-11
22.92929795250591	-1.496013384315335e-11
22.95687393280046	-1.495414442720863e-11
22.98444991309501	-1.494815949353589e-11
23.01202589338956	-1.494217905017635e-11
23.03960187368411	-1.49362031047789e-11
23.06717785397866	-1.493023166461063e-11
23.09475383427321	-1.492426473658538e-11
23.12232981456776	-1.491830232733409e-11
23.14990579486231	-1.491234427680702e-11
23.17748177515686	-1.490639095596107e-11
23.20505775545141	-1.490044215099229e-11
23.23263373574596	-1.489449787846004e-11
23.26020971604051	-1.488855814641671e-11
23.28778569633506	-1.488262296035051e-11
23.31536167662961	-1.487669232458315e-11
23.34293765692416	-1.487076624272476e-11
23.37051363721871	-1.486484471785729e-11
23.39808961751326	-1.485892775262221e-11
23.42566559780781	-1.485301533951721e-11
23.45324157810236	-1.484710750140431e-11
23.48081755839691	-1.484120422913667e-11
23.50839353869146	-1.483530552379358e-11
23.53596951898601	-1.482941138615243e-11
23.56354549928056	-1.482352181669922e-11
23.59112147957511	-1.481763681563909e-11
23.61869745986966	-1.481175638290669e-11
23.64627344016421	-1.480588051817641e-11
23.67384942045876	-1.480000922087251e-11
23.70142540075331	-1.479414247671508e-11
23.72900138104786	-1.478828031133257e-11
23.75657736134241	-1.478242271165913e-11
23.78415334163696	-1.477656967667047e-11
23.81172932193151	-1.477072120531714e-11
23.83930530222606	-1.476487729669089e-11
23.86688128252061	-1.475903795040408e-11
23.89445726281516	-1.475320316761711e-11
23.92203324310971	-1.474737295458111e-11
23.94960922340426	-1.474154734100074e-11
23.97718520369881	-1.473572594257365e-11
24.00476118399336	-1.47299093387526e-11
24.03233716428791	-1.47240972807925e-11
24.05991314458246	-1.471828976558587e-11
24.08748912487701	-1.471248678997583e-11
24.11506510517156	-1.470668835073479e-11
24.14264108546611	-1.470089444455471e-11
24.17021706576066	-1.469510506804343e-11
24.19779304605521	-1.468932021772428e-11
24.22536902634976	-1.468353989003758e-11
24.25294500664431	-1.467776407786968e-11
24.28052098693886	-1.46719927849406e-11
24.30809696723341	-1.466622600370379e-11
24.33567294752796	-1.466046373023784e-11
24.36324892782251	-1.465470596055348e-11
24.39082490811706	-1.46489526905975e-11
24.41840088841161	-1.464320391625635e-11
24.44597686870616	-1.463745963335978e-11
24.47355284900071	-1.463171983768411e-11
24.50112882929526	-1.462598452495546e-11
24.52870480958981	-1.46202536893893e-11
24.55628078988436	-1.461452732966109e-11
24.58385677017891	-1.460880543991642e-11
24.61143275047346	-1.460308801570177e-11
24.63900873076801	-1.459737505252039e-11
24.66658471106256	-1.459166654583417e-11
24.69416069135711	-1.458596249106528e-11
24.72173667165166	-1.458026288359768e-11
24.74931265194621	-1.457456771877836e-11
24.77688863224076	-1.456887699191836e-11
24.80446461253531	-1.45631906838805e-11
24.83204059282986	-1.455750881762656e-11
24.85961657312441	-1.455183137646374e-11
24.88719255341896	-1.454615835645204e-11
24.91476853371351	-1.454048975448087e-11
24.94234451400806	-1.453482556997269e-11
24.96992049430261	-1.452916581343122e-11
24.99749647459716	-1.452351061916528e-11
25.02507245489171	-1.451785902598421e-11
25.05264843518626	-1.451221261005266e-11
25.08022441548081	-1.450657048251121e-11
25.10780039577536	-1.450093263469558e-11
25.13537637606991	-1.449529916426116e-11
25.16295235636446	-1.448967006634521e-11
25.19052833665901	-1.448404533608727e-11
25.21810431695356	-1.44784249686271e-11
25.24568029724811	-1.447280895910347e-11
25.27325627754266	-1.446719730265345e-11
25.30083225783721	-1.446158999441226e-11
25.32840823813176	-1.445598702951313e-11
25.35598421842631	-1.445038840204289e-11
25.38356019872086	-1.444479410931952e-11
25.41113617901541	-1.443920414541184e-11
25.43871215930996	-1.443361850543963e-11
25.46628813960452	-1.442803718451911e-11
25.49386411989907	-1.442246017776303e-11
25.52144010019362	-1.441688748028044e-11
25.54901608048817	-1.441131908717636e-11
25.57659206078272	-1.440575499355111e-11
25.60416804107727	-1.440019519449931e-11
25.63174402137182	-1.439463964810944e-11
25.65932000166637	-1.438908841395737e-11
25.68689598196092	-1.438354145830829e-11
25.71447196225547	-1.437799877453404e-11
25.74204794255002	-1.437246033439873e-11
25.76962392284457	-1.436692624871136e-11
25.79719990313912	-1.436139635167301e-11
25.82477588343367	-1.435587071837591e-11
25.85235186372822	-1.435034933684873e-11
25.87992784402277	-1.434483220122495e-11
25.90750382431732	-1.433931932605634e-11
25.93507980461187	-1.433381066137231e-11
25.96265578490642	-1.43283062283597e-11
25.99023176520097	-1.432280602213119e-11
26.01780774549552	-1.431731003781817e-11
26.04538372579007	-1.431181827056669e-11
26.07295970608462	-1.430633071553478e-11
26.10053568637917	-1.43008473678906e-11
26.12811166667372	-1.429536822281123e-11
26.15568764696827	-1.428989327548178e-11
26.18326362726282	-1.428442252041274e-11
26.21083960755737	-1.427895595425959e-11
26.23841558785192	-1.427349357149883e-11
26.26599156814647	-1.42680353673321e-11
26.29356754844102	-1.426258133696689e-11
26.32114352873557	-1.425713147561676e-11
26.34871950903012	-1.425168577850137e-11
26.37629548932467	-1.424624424084659e-11
26.40387146961922	-1.424080685788463e-11
26.43144744991377	-1.423537362485405e-11
26.45902343020832	-1.422994453621784e-11
26.48659941050287	-1.422451958880812e-11
26.51417539079742	-1.421909877716544e-11
26.54175137109197	-1.42136820965663e-11
26.56932735138652	-1.420826954229262e-11
26.59690333168107	-1.420286110963089e-11
26.62447931197562	-1.419745679387089e-11
26.65205529227017	-1.419205659030374e-11
26.67963127256472	-1.418666049421834e-11
26.70720725285927	-1.418126850089528e-11
26.73478323315382	-1.417588040996547e-11
26.76235921344837	-1.417049674828784e-11
26.78993519374292	-1.416511705858618e-11
26.81751117403747	-1.415974144105299e-11
26.84508715433202	-1.415436989957869e-11
26.87266313462657	-1.414900243167916e-11
26.90023911492112	-1.414363903351431e-11
26.92781509521567	-1.413827970081253e-11
26.95539107551022	-1.413292442913123e-11
26.98296705580477	-1.412757321395036e-11
27.01054303609932	-1.412222604734643e-11
27.03811901639387	-1.411688293206603e-11
27.06569499668842	-1.411154385969448e-11
27.09327097698297	-1.41062088255846e-11
27.12084695727752	-1.410087782509492e-11
27.14842293757207	-1.409555085358928e-11
27.17599891786662	-1.409022790643641e-11
27.20357489816117	-1.408490897900942e-11
27.23115087845572	-1.407959406668519e-11
27.25872685875027	-1.407428316484377e-11
27.28630283904482	-1.406897625890911e-11
27.31387881933937	-1.406367336374426e-11
27.34145479963392	-1.405837446622013e-11
27.36903077992847	-1.405307956218891e-11
27.39660676022302	-1.40477886478359e-11
27.42418274051757	-1.404250172014837e-11
27.45175872081212	-1.403721877851319e-11
27.47933470110667	-1.403193983273738e-11
27.50691068140122	-1.402666500880023e-11
27.53448666169577	-1.402139340458399e-11
27.56206264199032	-1.401612656677687e-11
27.58963862228487	-1.401086343686108e-11
27.61721460257942	-1.400560425905255e-11
27.64479058287397	-1.400034902895151e-11
27.67236656316852	-1.399509774213639e-11
27.69994254346307	-1.398985039417695e-11
27.72751852375762	-1.398460698064047e-11
27.75509450405217	-1.397936749709485e-11
27.78267048434672	-1.397413193911031e-11
27.81024646464127	-1.396890030226036e-11
27.83782244493582	-1.396367258374393e-11
27.86539842523037	-1.395844877571225e-11
27.89297440552492	-1.395322887544576e-11
27.92055038581947	-1.39480128785536e-11
27.94812636611402	-1.394280078065363e-11
27.97570234640857	-1.393759257737291e-11
28.00327832670312	-1.393238826434793e-11
28.03085430699767	-1.392718783722487e-11
28.05843028729223	-1.39219912916597e-11
28.08600626758678	-1.391679862331824e-11
28.11358224788133	-1.391160982629961e-11
28.14115822817588	-1.390642489958754e-11
28.16873420847043	-1.390124383728881e-11
28.19631018876498	-1.389606663509385e-11
28.22388616905953	-1.389089328869617e-11
28.25146214935408	-1.388572379379253e-11
28.27903812964863	-1.388055814608313e-11
28.30661410994318	-1.387539634127195e-11
28.33419009023773	-1.387023837506705e-11
28.36176607053228	-1.386508424318113e-11
28.38934205082683	-1.385993392651018e-11
28.41691803112138	-1.38547874418927e-11
28.44449401141593	-1.384964475424717e-11
28.47206999171048	-1.384450602335561e-11
28.49964597200503	-1.383937095500127e-11
28.52722195229958	-1.38342397291627e-11
28.55479793259413	-1.382911231189396e-11
28.58237391288868	-1.382398869592606e-11
28.60994989318323	-1.381886887617199e-11
28.63752587347778	-1.381375284803335e-11
28.66510185377233	-1.380864061583465e-11
28.69267783406688	-1.380353215745874e-11
28.72025381436143	-1.379842747641319e-11
28.74782979465598	-1.379332656852922e-11
28.77540577495053	-1.378822942967167e-11
28.80298175524508	-1.378313605574411e-11
28.83055773553963	-1.377804644269078e-11
28.85813371583418	-1.377296058649716e-11
28.88570969612873	-1.376787848318988e-11
28.91328567642328	-1.376280012883635e-11
28.94086165671783	-1.375772550351663e-11
28.96843763701238	-1.375265463693114e-11
28.99601361730693	-1.374758750906527e-11
29.02358959760148	-1.374252411599406e-11
29.05116557789603	-1.373746445376689e-11
29.07874155819058	-1.37324085184072e-11
29.10631753848513	-1.372735630591204e-11
29.13389351877968	-1.372230781225158e-11
29.16146949907423	-1.371726303336829e-11
29.18904547936878	-1.371222196517603e-11
29.21662145966333	-1.370718459968557e-11
29.24419743995788	-1.37021509395581e-11
29.27177342025243	-1.369712097813302e-11
29.29934940054698	-1.369209471170941e-11
29.32692538084153	-1.36870721369427e-11
29.35450136113608	-1.368205325136115e-11
29.38207734143063	-1.367703805510932e-11
29.40965332172518	-1.367202655954857e-11
29.43722930201973	-1.366701889407673e-11
29.46480528231428	-1.366201406255301e-11
29.49238126260883	-1.365701374971695e-11
29.51995724290338	-1.365201693498087e-11
29.54753322319793	-1.364702374264421e-11
29.57510920349248	-1.364203419205336e-11
29.60268518378703	-1.363704828480547e-11
29.63026116408158	-1.36320660188887e-11
29.65783714437613	-1.362708739117371e-11
29.68541312467068	-1.362211239810043e-11
29.71298910496523	-1.361714103592073e-11
29.74056508525978	-1.361217330079942e-11
29.76814106555433	-1.360720917845e-11
29.79571704584888	-1.360224868732819e-11
29.82329302614343	-1.359729181218683e-11
29.85086900643798	-1.359233854898128e-11
29.87844498673253	-1.358738889367561e-11
29.90602096702708	-1.358244284224243e-11
29.93359694732163	-1.357750039066284e-11
29.96117292761618	-1.35725615349263e-11
29.98874890791073	-1.356762627103055e-11
30.01632488820528	-1.356269459498151e-11
30.04390086849983	-1.355776649548246e-11
30.07147684879438	-1.355284198311991e-11
30.09905282908893	-1.354792104740876e-11
30.12662880938348	-1.354300368460874e-11
30.15420478967803	-1.353808989109583e-11
30.18178076997258	-1.353317966348061e-11
30.20935675026713	-1.352827299892002e-11
30.23693273056168	-1.352336989612912e-11
30.26450871085623	-1.351847036002322e-11
30.29208469115078	-1.351357444779944e-11
30.31966067144533	-1.350868180708626e-11
30.34723665173988	-1.350379287721538e-11
30.37481263203443	-1.349890748537824e-11
30.40238861232898	-1.349402562780354e-11
30.42996459262353	-1.348914730071748e-11
30.45754057291808	-1.348427250034481e-11
30.48511655321263	-1.347940122290986e-11
30.51269253350718	-1.347453346463719e-11
30.54026851380173	-1.346966922175233e-11
30.56784449409628	-1.34648084904823e-11
30.59542047439083	-1.345995126977494e-11
30.62299645468539	-1.3455097550282e-11
30.65057243497994	-1.345024733084409e-11
30.67814841527449	-1.344540060768475e-11
30.70572439556904	-1.344055737703638e-11
30.73330037586359	-1.343571763514171e-11
30.76087635615814	-1.343088137825618e-11
30.78845233645269	-1.34260486026519e-11
30.81602831674724	-1.342121930462442e-11
30.84360429704179	-1.341639348050516e-11
30.87118027733634	-1.341157112805986e-11
30.89875625763089	-1.340675224142759e-11
30.92633223792544	-1.34019368183369e-11
30.95390821821999	-1.339712485596773e-11
30.98148419851454	-1.339231635284563e-11
31.00906017880909	-1.338751131273031e-11
31.03663615910364	-1.338270978075915e-11
31.06421213939819	-1.337791109573818e-11
31.09178811969274	-1.337311665648698e-11
31.11936409998729	-1.336832539765049e-11
31.14694008028184	-1.336353745163652e-11
31.17451606057639	-1.335875308957265e-11
31.20209204087094	-1.335397210656278e-11
31.22966802116549	-1.334919453310466e-11
31.25724400146004	-1.334442037263617e-11
31.28481998175459	-1.333964962389937e-11
31.31239596204914	-1.33348822842741e-11
31.33997194234369	-1.333011835062722e-11
31.36754792263824	-1.332535781959894e-11
31.39512390293279	-1.332060068771812e-11
31.42269988322734	-1.33158469466162e-11
31.45027586352189	-1.331109660333938e-11
31.47785184381644	-1.330634964868978e-11
31.50542782411099	-1.330160607899086e-11
31.53300380440554	-1.329686589057738e-11
31.56057978470009	-1.32921290797945e-11
31.58815576499464	-1.328739564299702e-11
31.61573174528919	-1.328266557654876e-11
31.64330772558374	-1.327793887682209e-11
31.67088370587829	-1.327321554019742e-11
31.69845968617284	-1.326849556306286e-11
31.72603566646739	-1.326377894181393e-11
31.75361164676194	-1.325906567285326e-11
31.78118762705649	-1.325435575259033e-11
31.80876360735104	-1.324964917744132e-11
31.83633958764559	-1.324494594382891e-11
31.86391556794014	-1.324024604818213e-11
31.89149154823469	-1.323554948693622e-11
31.91906752852924	-1.323085625653253e-11
31.94664350882379	-1.322616635341839e-11
31.97421948911834	-1.322147977404706e-11
32.00179546941289	-1.321679651487762e-11
32.02937144970744	-1.321211657237489e-11
32.05694743000199	-1.320743994300942e-11
32.08452341029654	-1.320276662325736e-11
32.11209939059109	-1.319809660960045e-11
32.13967537088564	-1.3193429898526e-11
32.16725135118019	-1.318876648652678e-11
32.19482733147474	-1.318410637010105e-11
32.22240331176929	-1.317944954575249e-11
