#Hybrid model for DM Sun simulation 
#Low metallicity hybrid model (AGSS09 + CONV + FON_AGS05) 
#Radius Density Electron density 
#(R_sun) (g/cm^3) (cm^-3/N_A) 
0.0015 150.5 102.4975649463325
0.002 150.5 102.50038887791501
0.0025 150.5 102.50532039569501
0.003 150.4 102.441871677376
0.0035 150.4 102.44944040772802
0.004 150.3 102.38977741244851
0.0045 150.3 102.3988117951485
0.005 150.2 102.341211875749
0.0055 150.2 102.35248521184899
0.006 150.1 102.2971004060995
0.0065 150.1 102.31060280169949
0.007 150.0 102.25743472424999
0.0075 149.9 102.20498116540051
0.008 149.8 102.154003886151
0.0085 149.7 102.1037456245515
0.009 149.6 102.05427872125199
0.0095 149.5 102.0061996160025
0.01 149.4 101.95958016618302
0.0105 149.3 101.9137455515885
0.011 149.2 101.868626989594
0.0115 149.1 101.82488654959951
0.012 148.9 101.71361441141052
0.0125 148.8 101.67126441501601
0.013 148.7 101.63044013262149
0.0135 148.5 101.52262515458251
0.014 148.4 101.48325169383803
0.0145 148.2 101.376842731008
0.015 148.0 101.27183182312
0.0155 147.9 101.235982103226
0.016 147.7 101.132281349288
0.0165 147.5 101.0299665024
0.017 147.4 100.99679034495601
0.0175 147.2 100.895840483968
0.018 147.0 100.79618185517998
0.0185 146.8 100.69715626199202
0.019 146.6 100.60029897460399
0.0195 146.4 100.501786607616
0.02 146.2 100.40543524582797
0.0205 146.0 100.31108103794001
0.021 145.7 100.14648265297298
0.0215 145.5 100.052657689995
0.022 145.3 99.9608203906405
0.0225 145.1 99.86747160001349
0.023 144.8 99.70804056774801
0.0235 144.6 99.61730556707099
0.024 144.3 99.4574379717555
0.0245 144.1 99.36927096572849
0.025 143.8 99.21198754896301
0.0255 143.6 99.124235626486
0.026 143.3 98.96799799127051
0.0265 143.0 98.812978104555
0.027 142.8 98.72687428123803
0.0275 142.5 98.57286176827499
0.028 142.2 98.419272859026
0.0285 141.9 98.26624527782701
0.029 141.7 98.184385612261
0.0295 141.4 98.03148792756201
0.03 141.1 97.88129834636301
0.0305 140.8 97.730884814464
0.031 140.5 97.58085120186499
0.0315 140.2 97.43134014215599
0.032 139.9 97.28226835467248
0.0325 139.6 97.13365386339
0.033 139.3 96.98547236575752
0.0335 138.9 96.7687527246975
0.034 138.6 96.621389625915
0.0345 138.3 96.4744353489825
0.035 138.0 96.32860516695001
0.0355 137.6 96.11265857107199
0.036 137.3 95.96828528600601
0.0365 137.0 95.82226266814001
0.037 136.6 95.607276764552
0.0375 136.3 95.464055996636
0.038 136.0 95.31986879792002
0.0385 135.6 95.105233833432
0.039 135.3 94.9631292136395
0.0395 134.9 94.74980158410851
0.04 134.6 94.606886522709
0.0405 134.2 94.394828045243
0.041 133.8 94.18095473747701
0.0415 133.5 94.03917770802751
0.042 133.1 93.827861079546
0.0425 132.8 93.686078702608
0.043 132.4 93.47404213736401
0.0435 132.0 93.26211108852
0.044 131.6 93.05054953647601
0.0445 131.3 92.909322738843
0.045 130.9 92.69812234979452
0.0455 130.5 92.4866199026775
0.046 130.1 92.2759207154555
0.0465 129.8 92.13452437913901
0.047 129.4 91.924281676817
0.0475 129.0 91.71293526494999
0.048 128.6 91.5018621081
0.0485 128.2 91.2901988229
0.049 127.8 91.07871997589999
0.0495 127.4 90.86749670180001
0.05 127.1 90.72717751761448
0.0505 126.7 90.5157107631665
0.051 126.3 90.30440836240349
0.0515 125.9 90.09257772752551
0.052 125.5 89.88160610322
0.0525 125.1 89.66888363219398
0.053 124.7 89.456950300118
0.0535 124.3 89.24579328452701
0.054 123.9 89.03345449847102
0.0545 123.5 88.8212628472975
0.055 123.1 88.60862575784351
0.0555 122.7 88.39546532910451
0.056 122.3 88.18248404627052
0.0565 121.9 87.969504945777
0.057 121.5 87.75615805834501
0.0575 121.0 87.47116212593
0.058 120.6 87.257300938668
0.0585 120.2 87.042941819055
0.059 119.8 86.828684225845
0.0595 119.4 86.613918332235
0.06 119.0 86.399907841275
0.0605 118.6 86.18354899769199
0.061 118.2 85.968407795904
0.0615 117.8 85.753457726916
0.062 117.4 85.537300087671
0.0625 117.0 85.320565102305
0.063 116.5 85.0310443677225
0.0635 116.1 84.8139163540065
0.064 115.7 84.596349112327
0.0645 115.3 84.379294817933
0.065 114.9 84.160065009939
0.0655 114.5 83.9413967137975
0.066 114.1 83.7233693463755
0.0665 113.7 83.50315491925349
0.067 113.2 83.21057535902601
0.0675 112.8 82.9903872588
0.068 112.4 82.769583237
0.0685 112.0 82.54835635200001
0.069 111.6 82.327173859242
0.0695 111.2 82.10584660988401
0.07 110.8 81.88250178310601
0.0705 110.4 81.659742149376
0.071 109.9 81.362309464261
0.0715 109.5 81.13952906020499
0.072 109.1 80.91506720294899
0.0725 108.7 80.6900805594495
0.073 108.3 80.46564613888049
0.0735 107.9 80.2390048535465
0.074 107.5 80.013519556725
0.0745 107.1 79.785882566838
0.075 106.7 79.559330500276
0.0755 106.3 79.33175917738251
0.076 105.8 79.028286615995
0.0765 105.4 78.799586751215
0.077 105.0 78.5697939831
0.0775 104.6 78.339935823612
0.078 104.2 78.110132003614
0.0785 103.8 77.87869417824601
0.079 103.4 77.646270173461
0.0795 103.0 77.414764945495
0.08 102.6 77.18180408919899
0.0805 102.2 76.948309802742
0.081 101.8 76.714297470098
0.0815 101.4 76.479755924754
0.082 101.0 76.24513922456
0.0825 100.6 76.009543845133
0.083 100.2 75.77286665231101
0.0835 99.81 75.543784327575
0.084 99.41 75.30602166151499
0.0845 99.02 75.07541280219
0.085 98.62 74.8367177565359
0.0855 98.23 74.60547193372736
0.086 97.83 74.36470300723936
0.0865 97.44 74.1315649664016
0.087 97.05 73.8978612190995
0.0875 96.66 73.6641943713774
0.088 96.27 73.42944072487545
0.0885 95.88 73.1936955963798
0.089 95.49 72.95754729720915
0.0895 95.11 72.7284576491908
0.09 94.72 72.4917799548416
0.0905 94.34 72.26127463639521
0.091 93.95 72.02261962863875
0.0915 93.57 71.79113422718325
0.092 93.19 71.5587023208468
0.0925 92.81 71.3267132910677
0.093 92.43 71.09233879518811
0.0935 92.05 70.85850905643825
0.094 91.67 70.62368945548705
0.0945 91.3 70.3965177052995
0.095 90.92 70.1607473349412
0.0955 90.55 69.931770212058
0.096 90.18 69.7023354730599
0.0965 89.8 69.46425066613901
0.097 89.43 69.23424636244216
0.0975 89.06 69.00212624384
0.098 88.69 68.77079742967
0.0985 88.33 68.54597688233349
0.099 87.96 68.3119766442222
0.0995 87.59 68.07893566131756
0.1 87.23 67.85225055551086
0.1005 86.87 67.6246944895543
0.101 86.5 67.389003120485
0.1015 86.14 67.1609596759069
0.102 85.78 66.9313247766263
0.1025 85.42 66.7019840635857
0.103 85.07 66.4796824856446
0.1035 84.71 66.24876556386879
0.104 84.36 66.02473815688079
0.1045 84.0 65.7925482669
0.105 83.65 65.56769416829626
0.1055 83.3 65.342007214876
0.106 82.95 65.11633091295151
0.1065 82.6 64.88904161954198
0.107 82.25 64.66172486769625
0.1075 81.9 64.4344899155685
0.108 81.56 64.2138230426994
0.1085 81.21 63.98448498630809
0.109 80.87 63.7627096611022
0.1095 80.52 63.5329835443512
0.11 80.18 63.309947238599904
0.1105 79.84 63.08576897367921
0.111 79.5 62.86157502225
0.1115 79.17 62.645345898135
0.112 78.83 62.41999866579349
0.1125 78.49 62.19435747393805
0.113 78.16 61.97579631298119
0.1135 77.83 61.756487489852844
0.114 77.49 61.52895260723609
0.1145 77.16 61.308879406154404
0.115 76.83 61.08852709069305
0.1155 76.51 60.87458283488085
0.116 76.18 60.65276235811131
0.1165 75.85 60.430926445988
0.117 75.53 60.2159890793734
0.1175 75.2 59.992363989295995
0.118 74.88 59.77633538260799
0.1185 74.56 59.559673295656005
0.119 74.24 59.342533455180806
0.1195 73.92 59.12480109560641
0.12 73.6 58.906742609312005
0.1205 73.28 58.687980959627204
0.121 72.97 58.47728076305155
0.1215 72.65 58.257079842479754
0.122 72.34 58.04537214620041
0.1225 72.03 57.8326048267968
0.123 71.72 57.619197288384605
0.1235 71.41 57.405479301262055
0.124 71.1 57.190684852705495
0.1245 70.79 56.976363016485
0.125 70.48 56.761733398156
0.1255 70.18 56.55345689016101
0.126 69.87 56.337873981192146
0.1265 69.57 56.12863641465014
0.127 69.27 55.919464396530294
0.1275 68.96 55.7022733850544
0.128 68.66 55.4922150495344
0.1285 68.37 55.28959085840895
0.129 68.07 55.07863603711994
0.1295 67.77 54.86699721614445
0.13 67.48 54.6632892608544
0.1305 67.18 54.4508048934314
0.131 66.89 54.24552388218525
0.1315 66.59 54.03214680638774
0.132 66.3 53.826975475552494
0.1325 66.01 53.620849065511706
0.133 65.72 53.4142491803524
0.1335 65.44 53.2154548608928
0.134 65.15 53.00792779389226
0.1345 64.86 52.8001858586589
0.135 64.58 52.599988038477704
0.1355 64.29 52.39175731912741
0.136 64.01 52.190737180535606
0.1365 63.73 51.988878994603645
0.137 63.45 51.787403021567265
0.1375 63.17 51.584750393340855
0.138 62.89 51.3825121932755
0.1385 62.61 51.1793634531345
0.139 62.34 50.984208466773005
0.1395 62.06 50.7803283526937
0.14 61.79 50.58439770521205
0.1405 61.51 50.37973467703145
0.141 61.24 50.182730984021596
0.1415 60.97 49.985531843319805
0.142 60.7 49.7884244041345
0.1425 60.43 49.58989146086755
0.143 60.16 49.392081576185596
0.1435 59.89 49.19339310129919
0.144 59.63 49.0024295189999
0.1445 59.36 48.8033406237328
0.145 59.1 48.611661986947496
0.1455 58.83 48.41102257824525
0.146 58.57 48.219227566414745
0.1465 58.31 48.0263704785977
0.147 58.05 47.83335717734099
0.1475 57.79 47.6404190231598
0.148 57.53 47.44673373414095
0.1485 57.27 47.25253239234256
0.149 57.02 47.066374778851205
0.1495 56.76 46.872064435125594
0.15 56.51 46.685618227960596
0.1505 56.25 46.49011661278125
0.151 56.0 46.30269271628
0.1515 55.75 46.11537302952875
0.152 55.5 45.927329694224994
0.1525 55.25 45.7391047998625
0.153 55.0 45.55043440475
0.1535 54.75 45.36134146862625
0.154 54.5 45.1722941472775
0.1545 54.26 44.99143243333269
0.155 54.01 44.801529772828395
0.1555 53.77 44.6197886136118
0.156 53.52 44.42929135063681
0.1565 53.28 44.2467274793688
0.157 53.04 44.0642412267564
0.1575 52.8 43.881599825448
0.158 52.56 43.6985541777168
0.1585 52.32 43.5148327661136
0.159 52.08 43.3311829929384
0.1595 51.84 43.14690085262401
0.16 51.61 42.97081197779175
0.1605 51.37 42.786522701969744
0.161 51.14 42.6101129908595
0.1615 50.9 42.424751639803
0.162 50.67 42.2478705777354
0.1625 50.44 42.070855915992794
0.163 50.21 41.89316647528915
0.1635 49.97 41.70679665179805
0.164 49.75 41.537709867858744
0.1645 49.52 41.359122548211204
0.165 49.29 41.1804717143274
0.1655 49.06 41.0019384431206
0.166 48.84 40.8311227099842
0.1665 48.61 40.65207444845305
0.167 48.39 40.48085502598245
0.1675 48.16 40.301307954152
0.168 47.94 40.129570373703
0.1685 47.72 39.957709636034
0.169 47.5 39.78601362775
0.1695 47.28 39.61388183911561
0.17 47.06 39.4412259069387
0.1705 46.84 39.2685239296198
0.171 46.62 39.095866491040795
0.1715 46.4 38.922642242975996
0.172 46.19 38.75776046704459
0.1725 45.97 38.584334521866445
0.173 45.76 38.4190189599216
0.1735 45.54 38.2449745775889
0.174 45.33 38.07917096131905
0.1745 45.12 37.9135090961376
0.175 44.91 37.747378503744294
0.1755 44.7 37.580871518631
0.176 44.49 37.414513682595754
0.1765 44.28 37.247649778449
0.177 44.07 37.080865595582246
0.1775 43.86 36.9139981462455
0.178 43.66 36.754839756819194
0.1785 43.45 36.587800596864
0.179 43.25 36.428261215565
0.1795 43.04 36.2608565027096
0.18 42.84 36.1013109713046
0.1805 42.64 35.9415285363316
0.181 42.43 35.7732266755958
0.1815 42.23 35.6132519524923
0.182 42.03 35.4528325819953
0.1825 41.83 35.2924995433833
0.183 41.63 35.13231362545816
0.1835 41.44 34.9798810192552
0.184 41.24 34.8191234342242
0.1845 41.04 34.658037061873195
0.185 40.85 34.505411639532504
0.1855 40.65 34.344207322784996
0.186 40.46 34.190991528974
0.1865 40.26 34.029467897102705
0.187 40.07 33.87633639945765
0.1875 39.88 33.722920592478594
0.188 39.69 33.56943634972304
0.1885 39.5 33.415886725680004
0.189 39.31 33.2619131648104
0.1895 39.12 33.1080362401848
0.19 38.93 32.953907565855054
0.1905 38.74 32.7995431728809
0.191 38.56 32.6537592390696
0.1915 38.37 32.49944119459695
0.192 38.18 32.3448446020114
0.1925 38.0 32.198323674739996
0.193 37.81 32.0436536236963
0.1935 37.63 31.896995733158402
0.194 37.45 31.750493269853752
0.1945 37.27 31.603551461412255
0.195 37.09 31.457117635080753
0.1955 36.91 31.310071295368743
0.196 36.73 31.1627835659426
0.1965 36.55 31.015463860761
0.197 36.37 30.8682443474044
0.1975 36.19 30.720975562242348
0.198 36.01 30.573318952540642
0.1985 35.84 30.434088601369602
0.199 35.66 30.286505076997898
0.1995 35.49 30.1469942367594
0.2 35.31 29.9994685478631
0.2005 35.14 29.8595406461814
0.201 34.97 29.720079565044696
0.2015 34.79 29.572084228643952
0.202 34.62 29.431999888082096
0.2025 34.45 29.29207921712475
0.203 34.28 29.1522551650574
0.2035 34.11 29.0120518644795
0.204 33.94 28.871957776255996
0.2045 33.78 28.740176411982
0.205 33.61 28.599690295104
0.2055 33.44 28.459329022088795
0.206 33.28 28.3272745065856
0.2065 33.11 28.186816582797952
0.207 32.95 28.054526449067755
0.2075 32.78 27.9136529948991
0.208 32.62 27.7812744555808
0.2085 32.46 27.6490421898534
0.209 32.29 27.5078959731891
0.2095 32.13 27.3752707638627
0.21 31.97 27.24258225011645
0.2105 31.81 27.10971353321585
0.211 31.65 26.97711594271275
0.2115 31.49 26.844167494475144
0.212 31.34 26.719714829588202
0.2125 31.18 26.586567598641402
0.213 31.02 26.453526573183602
0.2135 30.87 26.3288161611216
0.214 30.71 26.19557758340425
0.2145 30.56 26.070821328868
0.215 30.4 25.937359410119996
0.2155 30.25 25.81269966515625
0.216 30.1 25.687693528112
0.2165 29.94 25.554144583012803
0.217 29.79 25.4288006790498
0.2175 29.64 25.303848139174804
0.218 29.49 25.1786047920543
0.2185 29.34 25.0531735165371
0.219 29.19 24.927891901402354
0.2195 29.04 24.802706766327596
0.22 28.89 24.677203214908353
0.2205 28.75 24.5600582602875
0.221 28.6 24.434513403586003
0.2215 28.45 24.308936793259498
0.222 28.31 24.1919008262731
0.2225 28.16 24.0661327937536
0.223 28.02 23.9487684618891
0.2235 27.88 23.8317659107654
0.224 27.73 23.705945381302147
0.2245 27.59 23.58835826245845
0.225 27.45 23.47102284003
0.2255 27.31 23.353405112699
0.226 27.17 23.235887678003
0.2265 27.03 23.118376820127
0.227 26.89 23.000843124101
0.2275 26.75 22.88300583172875
0.228 26.61 22.76542747011045
0.2285 26.47 22.647561462922148
0.229 26.34 22.5382344548973
0.2295 26.2 22.420697195108
0.23 26.06 22.3026659500574
0.2305 25.93 22.1934093212397
0.231 25.8 22.083886377882
0.2315 25.66 21.965801578461402
0.232 25.53 21.85635967437105
0.2325 25.39 21.738224249606652
0.233 25.26 21.628771452566102
0.2335 25.13 21.51917119029055
0.234 25.0 21.409430218374997
0.2345 24.87 21.2996741837451
0.235 24.74 21.1902844434332
0.2355 24.61 21.080504718144798
0.236 24.48 20.970697279046398
0.2365 24.35 20.860664825283003
0.237 24.23 20.759527509160247
0.2375 24.1 20.6495881345175
0.238 23.97 20.53984690868625
0.2385 23.85 20.438445345581254
0.239 23.72 20.328435664425
0.2395 23.6 20.227014842832
0.24 23.47 20.116740510396397
0.2405 23.35 20.015409116109502
0.241 23.23 19.9139477470861
0.2415 23.1 19.8037833162015
0.242 22.98 19.7020606442937
0.2425 22.86 19.600466096385897
0.243 22.74 19.4988461859711
0.2435 22.62 19.397211960309303
0.244 22.5 19.295351595225
0.2445 22.38 19.1938152830838
0.245 22.26 19.0919414519526
0.2455 22.14 18.9900461236914
0.246 22.02 18.8884812996192
0.2465 21.91 18.795150476163602
0.247 21.79 18.693134675684448
0.2475 21.68 18.599911288024398
0.248 21.56 18.4980673837498
0.2485 21.45 18.40482459075975
0.249 21.33 18.302762475088645
0.2495 21.22 18.209294716268
0.25 21.1 18.10743592879
0.2505 20.99 18.013935209276
0.251 20.88 17.920542848832
0.2515 20.77 17.82704545288565
0.252 20.66 17.7333194889277
0.2525 20.54 17.6313237980763
0.253 20.43 17.53770393565335
0.2535 20.32 17.4442704981304
0.254 20.22 17.3592092369049
0.2545 20.11 17.265563689636902
0.255 20.0 17.172010405800002
0.2555 19.89 17.0784275745681
0.256 19.78 16.9845575731462
0.2565 19.68 16.899474778027198
0.257 19.57 16.80588618767395
0.2575 19.47 16.720786667595448
0.258 19.36 16.6268786439096
0.2585 19.26 16.5418606839861
0.259 19.15 16.448042043425247
0.2595 19.05 16.3627986985815
0.26 18.95 16.277546378735998
0.2605 18.84 16.183896156091198
0.261 18.74 16.0986394775832
0.2615 18.64 16.0133755414752
0.262 18.54 15.9280938045072
0.2625 18.44 15.842706825627003
0.263 18.34 15.757487473192498
0.2635 18.24 15.672168479399998
0.264 18.14 15.586752953747501
0.2645 18.04 15.501531195315
0.265 17.94 15.416182440562801
0.2655 17.85 15.339395922417001
0.266 17.75 15.254116144992501
0.2665 17.65 15.168635983010498
0.267 17.55 15.083244544153501
0.2675 17.46 15.0065312423022
0.268 17.36 14.9210931237284
0.2685 17.27 14.84424468787755
0.269 17.17 14.75878747087755
0.2695 17.08 14.6819289639162
0.27 16.99 14.605225825759847
0.2705 16.89 14.51980973116335
0.271 16.8 14.442883602168
0.2715 16.71 14.366035362887102
0.272 16.62 14.2891906154652
0.2725 16.53 14.212316318368801
0.273 16.44 14.135253958742402
0.2735 16.35 14.05834417066425
0.274 16.26 13.981494313008303
0.2745 16.17 13.904581923967353
0.275 16.08 13.8277196403564
0.2755 15.99 13.75082031301095
0.276 15.9 13.673764392289499
0.2765 15.81 13.59686276069805
0.277 15.73 13.528532229927
0.2775 15.64 13.451588482036
0.278 15.55 13.374538282195
0.2785 15.47 13.306231348683001
0.279 15.38 13.229326739443
0.2795 15.3 13.160779732305
0.28 15.21 13.083864230952452
0.2805 15.13 13.01554536106985
0.281 15.04 12.938468099588798
0.2815 14.96 12.870152767001201
0.282 14.88 12.801603469269601
0.2825 14.79 12.72466965178305
0.283 14.71 12.6561860237959
0.2835 14.63 12.587851447717702
0.284 14.55 12.519279362269499
0.2845 14.47 12.450929422396301
0.285 14.39 12.3824302386731
0.2855 14.31 12.3140389145499
0.286 14.23 12.245552927200201
0.2865 14.15 12.17713998185025
0.287 14.07 12.10863852801645
0.2875 13.99 12.04021492741265
0.288 13.91 11.97171907238385
0.2885 13.84 11.9118051966924
0.289 13.76 11.843368371713598
0.2895 13.68 11.7748594537308
0.29 13.61 11.714913374639801
0.2905 13.53 11.6465059328904
0.291 13.45 11.577943843746
0.2915 13.38 11.5180003736484
0.292 13.31 11.4581809868108
0.2925 13.23 11.389679695661401
0.293 13.16 11.329725954645001
0.2935 13.08 11.261145167234998
0.294 13.01 11.20122366317125
0.2945 12.94 11.1412390566775
0.295 12.86 11.072713266447499
0.2955 12.79 11.01278004266875
0.296 12.72 10.95278589015
0.2965 12.65 10.892857532568
0.297 12.58 10.8328575344606
0.2975 12.51 10.772916269735699
0.298 12.44 10.7129714144908
0.2985 12.37 10.6529601260809
0.299 12.3 10.593002360061
0.2995 12.23 10.53304596159995
0.3 12.16 10.4730856021024
0.3005 12.09 10.41300138351135
0.301 12.02 10.3530414707003
0.3015 11.96 10.3016248573394
0.302 11.89 10.241531817128351
0.3025 11.82 10.1815559251773
0.303 11.76 10.130183705157599
0.3035 11.69 10.0700895676269
0.304 11.62 10.009991166795198
0.3045 11.56 9.958679523837601
0.305 11.49 9.8985770554704
0.3055 11.43 9.8472016773378
0.306 11.36 9.7870920877856
0.3065 11.3 9.735591681348
0.307 11.24 9.6842066884942
0.3075 11.17 9.62409673546235
0.308 11.11 9.57276100488455
0.3085 11.05 9.52126563237525
0.309 10.99 9.46976970702595
0.3095 10.92 9.4096486564626
0.31 10.86 9.358142113188299
0.3105 10.8 9.30668747112
0.311 10.74 9.255181692066001
0.3115 10.68 9.203674282331999
0.312 10.62 9.152162905796999
0.3125 10.56 9.100709205455999
0.313 10.5 9.049204797675
0.3135 10.44 8.997698056554
0.314 10.38 8.946236216283001
0.3145 10.32 8.8947244838004
0.315 10.26 8.8431078750597
0.3155 10.21 8.800262380682451
0.316 10.15 8.74873961692675
0.3165 10.09 8.697268514586549
0.317 10.03 8.645745901678849
0.3175 9.976 8.59929817620692
0.318 9.92 8.551268291886402
0.3185 9.864 8.503093051252561
0.319 9.808 8.455019676484321
0.3195 9.752 8.40689081533208
0.32 9.697 8.35968015339763
0.3205 9.642 8.31246139224408
0.321 9.588 8.26605128552712
0.3215 9.533 8.21882971247142
0.322 9.479 8.172425012253562
0.3225 9.426 8.12683363240311
0.323 9.372 8.08047685627842
0.3235 9.319 8.034934321221966
0.324 9.266 7.989348289732511
0.3245 9.214 7.94475171003259
0.325 9.162 7.90001880125697
0.3255 9.11 7.8553316286853505
0.326 9.058 7.81067394951144
0.3265 9.007 7.766809414097761
0.327 8.956 7.722982921034079
0.3275 8.905 7.679110755072899
0.328 8.854 7.635286421422719
0.3285 8.804 7.592361804734521
0.329 8.754 7.54939530007602
0.3295 8.705 7.507241889443124
0.33 8.655 7.4642682185868745
0.3305 8.606 7.42212138139875
0.331 8.557 7.379968948974625
0.3315 8.509 7.338723748148625
0.332 8.461 7.297434900437126
0.3325 8.413 7.256187203160625
0.333 8.365 7.214891449497375
0.3335 8.317 7.173640619299775
0.334 8.27 7.133204378138899
0.3345 8.223 7.09273398896661
0.335 8.177 7.0531671155078905
0.3355 8.13 7.012776624134101
0.336 8.084 6.973210704965879
0.3365 8.038 6.93367606036266
0.337 7.993 6.8949695306365095
0.3375 7.947 6.8553601782719396
0.338 7.902 6.81664345700553
0.3385 7.857 6.777975110180354
0.339 7.813 6.740128231343195
0.3395 7.769 6.702241302075035
0.34 7.724 6.66352833386186
0.3405 7.681 6.626582210726714
0.341 7.637 6.588657447696554
0.3415 7.594 6.55170432526391
0.342 7.551 6.514708454166961
0.3425 7.508 6.4776817283176795
0.343 7.465 6.4406866915789
0.3435 7.423 6.404520626272079
0.344 7.381 6.368394247282761
0.3445 7.339 6.33222928286894
0.345 7.297 6.29610025957712
0.3455 7.256 6.26079331731376
0.346 7.215 6.225524910507825
0.3465 7.174 6.1902172193884715
0.347 7.133 6.154945861355865
0.3475 7.093 6.120503591279666
0.348 7.053 6.086096361708465
0.3485 7.013 6.051652864389266
0.349 6.973 6.017275201316565
0.3495 6.933 5.982797108902365
0.35 6.894 5.94921257594307
0.3505 6.855 5.915658674097
0.351 6.816 5.8820767330416
0.3515 6.777 5.8484594518789494
0.352 6.739 5.81580612966865
0.3525 6.701 5.78304632592985
0.353 6.663 5.75032440681255
0.3535 6.625 5.717669900943749
0.354 6.588 5.6857777701498
0.3545 6.55 5.65305124215975
0.355 6.513 5.621154767537985
0.3555 6.476 5.589358129522419
0.356 6.44 5.558323278559801
0.3565 6.403 5.526459527250385
0.357 6.367 5.495460977801765
0.3575 6.331 5.464429939022145
0.358 6.295 5.433426954959525
0.3585 6.259 5.402457723287405
0.359 6.224 5.37231651806096
0.3595 6.189 5.342173604771309
0.36 6.154 5.31200010615966
0.3605 6.119 5.28185916202801
0.361 6.084 5.25168736448616
0.3615 6.05 5.222410044026999
0.362 6.016 5.19312918422784
0.3625 5.982 5.16382096331868
0.363 5.948 5.13460146083552
0.3635 5.914 5.10529207623579
0.364 5.881 5.076868750000535
0.3645 5.848 5.048450552398281
0.365 5.815 5.020003863861525
0.3655 5.782 4.991585640144669
0.366 5.749 4.963134740181064
0.3665 5.717 4.9355787593351454
0.367 5.684 4.90715781383954
0.3675 5.652 4.87957027449762
0.368 5.62 4.8520103433315995
0.3685 5.589 4.82528453172552
0.369 5.557 4.797726054976761
0.3695 5.526 4.77102994565868
0.37 5.495 4.7443031256690995
0.3705 5.464 4.717605601766321
0.371 5.433 4.69085381974029
0.3715 5.402 4.66412700238626
0.372 5.372 4.63828975346236
0.3725 5.341 4.61156433941133
0.373 5.311 4.585726266360875
0.3735 5.281 4.559889891197125
0.374 5.252 4.5348873067744995
0.3745 5.222 4.509049533983751
0.375 5.193 4.4840220639176245
0.3755 5.163 4.458157532827725
0.376 5.134 4.43317967754405
0.3765 5.105 4.408204427400376
0.377 5.077 4.384063766736775
0.3775 5.048 4.3590864568973595
0.378 5.02 4.3349174277114
0.3785 4.992 4.31077801724544
0.379 4.963 4.28579970250341
0.3795 4.936 4.26252305836152
0.38 4.908 4.23840423520356
0.3805 4.88 4.2142881632976
0.381 4.853 4.19096213578706
0.3815 4.826 4.167705968833519
0.382 4.798 4.143588422822971
0.3825 4.772 4.12117136702758
0.383 4.745 4.097868634281175
0.3835 4.718 4.07461316937577
0.384 4.692 4.05219511474038
0.3845 4.665 4.028938641999974
0.385 4.639 4.006498755257585
0.3855 4.613 3.9840814831221953
0.386 4.587 3.9616823898014553
0.3865 4.562 3.94010343817033
0.387 4.536 3.91768382357856
0.3875 4.511 3.89615231926856
0.388 4.485 3.8737536973356
0.3885 4.46 3.8521534838316
0.389 4.435 3.8306201020701
0.3895 4.41 3.8090862710586
0.39 4.386 3.78834711776256
0.3905 4.361 3.76681299537256
0.391 4.337 3.7461417418051695
0.3915 4.313 3.7254050980333298
0.392 4.288 3.703864864776641
0.3925 4.265 3.684056034977325
0.393 4.241 3.6633191843676047
0.3935 4.217 3.642645002322885
0.394 4.193 3.6219687052716645
0.3945 4.17 3.6020953035988503
0.395 4.147 3.5822842361370353
0.3955 4.124 3.5624296305782197
0.396 4.101 3.542595198277905
0.3965 4.078 3.52278075614469
0.397 4.055 3.5029273692517497
0.3975 4.032 3.4831141686432
0.398 4.01 3.4641416807084995
0.3985 3.988 3.4451513476958
0.399 3.965 3.42533642043775
0.3995 3.943 3.40632641367505
0.4 3.921 3.38737312966635
0.4005 3.899 3.36842140275165
0.401 3.878 3.3502746180813006
0.4015 3.856 3.33131964534552
0.402 3.835 3.313188183526325
0.4025 3.813 3.2942153350258354
0.403 3.792 3.2760871256066393
0.4035 3.771 3.257996841608445
0.404 3.75 3.23988720298125
0.4045 3.729 3.221756513244555
0.405 3.709 3.2045268772436555
0.4055 3.688 3.18639788708796
0.406 3.668 3.16915108224806
0.4065 3.647 3.15101784248713
0.407 3.627 3.1337885463814796
0.4075 3.607 3.11650476783168
0.408 3.587 3.0992750082448803
0.4085 3.567 3.0820070209450803
0.409 3.547 3.0647763308302807
0.4095 3.528 3.04839133813872
0.41 3.508 3.0311238875499202
0.4105 3.489 3.01475434733136
0.411 3.469 2.9974699142875596
0.4115 3.45 2.9810995988107503
0.412 3.431 2.964695998791285
0.4125 3.412 2.94832482417922
0.413 3.393 2.931904104113205
0.4135 3.375 2.916397789936875
0.414 3.356 2.89999381017086
0.4145 3.337 2.8835727870598453
0.415 3.319 2.868062397816515
0.4155 3.301 2.8525216396971853
0.416 3.282 2.83614944590017
0.4165 3.264 2.8205905977878403
0.417 3.246 2.80508048485728
0.4175 3.228 2.78953922889504
0.418 3.211 2.77489424820348
0.4185 3.193 2.75933493046009
0.419 3.175 2.7438248705752497
0.4195 3.158 2.72914519204254
0.42 3.141 2.7144831486813294
0.4205 3.123 2.6989409407599907
0.421 3.106 2.68426276234878
0.4215 3.089 2.66961196109907
0.422 3.072 2.654918007168
0.4225 3.055 2.640269746261875
0.423 3.038 2.6255907742977502
0.4235 3.022 2.6118046328197497
0.424 3.005 2.5971100312528748
0.4245 2.989 2.5832948269136753
0.425 2.972 2.5686435795088998
0.4255 2.956 2.5548282027837
0.426 2.94 2.5410256508805
0.4265 2.924 2.5272083288352998
0.427 2.908 2.5133923332420998
0.4275 2.892 2.4996051199184404
0.428 2.876 2.4857728809113198
0.4285 2.86 2.4719851200902
0.429 2.844 2.45816860226508
0.4295 2.829 2.44521586999653
0.43 2.813 2.4314270734892602
0.4305 2.798 2.4184588154839597
0.431 2.783 2.40553373815216
0.4315 2.768 2.39258053487936
0.432 2.752 2.37876173381504
0.4325 2.737 2.36582207212624
0.433 2.723 2.353731421312845
0.4335 2.708 2.34077762241262
0.434 2.693 2.327850617469395
0.4345 2.678 2.31488340019417
0.435 2.664 2.3028191224599603
0.4355 2.649 2.289864716423235
0.436 2.635 2.2777720657352747
0.4365 2.62 2.2648434803383
0.437 2.606 2.25273865726779
0.4375 2.592 2.24064692458128
0.438 2.578 2.2285822908677697
0.4385 2.564 2.21649162131426
0.439 2.55 2.204387930148
0.4395 2.536 2.19232115183056
0.44 2.522 2.18022978027712
0.4405 2.509 2.1690027591411396
0.441 2.495 2.1569362037077
0.4415 2.481 2.14483214882376
0.442 2.468 2.13360383737128
0.4425 2.455 2.1223999680390504
0.443 2.441 2.1103077753823096
0.4435 2.428 2.09907996151748
0.444 2.415 2.08786435818765
0.4445 2.402 2.0766353026838105
0.445 2.389 2.0654072167570448
0.4455 2.376 2.0542027462822796
0.446 2.363 2.0429745145955147
0.4465 2.35 2.03173405717675
0.447 2.338 2.02139103007989
0.4475 2.325 2.010162249829125
0.448 2.313 1.9997969334622654
0.4485 2.3 1.9885793304814996
0.449 2.288 1.97821477077224
0.4495 2.275 1.966984353095125
0.45 2.263 1.9566196871128652
0.4505 2.251 1.9462772720043497
0.451 2.239 1.93590093186215
0.4515 2.227 1.9255358678664498
0.452 2.215 1.9151917236152498
0.4525 2.203 1.90482620994755
0.453 2.191 1.89446069314635
0.4535 2.179 1.8841047622981497
0.454 2.167 1.87373798163145
0.4545 2.156 1.8642365055006003
0.455 2.144 1.8538695116144002
0.4555 2.133 1.8443895158754
0.456 2.121 1.8340125661892999
0.4565 2.11 1.8245097052974497
0.457 2.099 1.8150288870822051
0.4575 2.087 1.8046622654846651
0.458 2.076 1.79515909844442
0.4585 2.065 1.7856671749316748
0.459 2.054 1.7761628283569295
0.4595 2.043 1.7666605620176852
0.46 2.032 1.75715798995944
0.4605 2.021 1.7476754123356948
0.461 2.01 1.7381727240829496
0.4615 2.0 1.72952357859
0.462 1.989 1.7200405365583054
0.4625 1.978 1.71053729121672
0.463 1.968 1.7018988061603202
0.4635 1.957 1.69239544635918
0.464 1.947 1.6837656355132802
0.4645 1.937 1.67512683608088
0.465 1.926 1.66562225387424
0.4655 1.916 1.65698325371384
0.466 1.906 1.64836332349344
0.4665 1.896 1.63971350072304
0.467 1.886 1.63107417183564
0.4675 1.876 1.6224536009102397
0.468 1.866 1.6138139714648398
0.4685 1.856 1.6051743501353601
0.469 1.846 1.5965243969385101
0.4695 1.836 1.5879019978236601
0.47 1.826 1.57926196763181
0.4705 1.817 1.5714859764306448
0.471 1.807 1.562845855443795
0.4715 1.797 1.554222780938445
0.472 1.788 1.5464383270147801
0.4725 1.778 1.5377978668149301
0.473 1.769 1.530022228445765
0.4735 1.76 1.5222640165656
0.474 1.75 1.5136222258237502
0.4745 1.741 1.505846222338085
0.475 1.732 1.4980607018924201
0.4755 1.723 1.4903018980051403
0.476 1.714 1.48252561057582
0.4765 1.705 1.47474751564415
0.477 1.696 1.46697114177248
0.4775 1.687 1.45921138958231
0.478 1.678 1.45142636215014
0.4785 1.669 1.4436496074029703
0.479 1.66 1.4358720109557999
0.4795 1.651 1.4281116709731303
0.48 1.643 1.42119973698259
0.4805 1.634 1.4134143834174202
0.481 1.625 1.4056371503362501
0.4815 1.617 1.3987393873241252
0.482 1.608 1.390961986689
0.4825 1.6 1.3840487369200003
0.483 1.592 1.3771361268754
0.4835 1.583 1.369366472568725
0.484 1.575 1.3624529547431248
0.4845 1.567 1.355540072547525
0.485 1.558 1.3477621246568499
0.4855 1.55 1.3408645908412502
0.486 1.542 1.33395154749465
0.4865 1.534 1.32703075506105
0.487 1.526 1.32011668710845
0.4875 1.518 1.31320345204785
0.488 1.51 1.30630523943825
0.4885 1.502 1.2993908755776502
0.489 1.494 1.29246971990958
0.4895 1.487 1.28642124967809
0.49 1.479 1.27952157144258
0.4905 1.471 1.27260768779042
0.491 1.463 1.2656938012472598
0.4915 1.456 1.25964490436512
0.492 1.448 1.2527380405929598
0.4925 1.441 1.2466883117988201
0.493 1.433 1.23977408585716
0.4935 1.426 1.23372487577552
0.494 1.418 1.2268104353993599
0.4945 1.411 1.22077386067722
0.495 1.404 1.2147167340640799
0.4955 1.396 1.20780210461192
0.496 1.389 1.201752519337335
0.4965 1.382 1.19571600215673
0.497 1.375 1.189666215395625
0.4975 1.368 1.18361642236452
0.498 1.36 1.1766938714724
0.4985 1.353 1.170657517922145
0.499 1.346 1.16460742915189
0.4995 1.339 1.158557339431635
0.5 1.332 1.1525071671253801
0.5005 1.326 1.14732742120659
0.501 1.319 1.1412770826038348
0.5015 1.312 1.13522675499408
0.502 1.305 1.129176233526825
0.5025 1.298 1.12312563831908
0.503 1.292 1.1179526631363201
0.5035 1.285 1.1118955155636
0.504 1.278 1.10584469485188
0.5045 1.272 1.10065909156512
0.505 1.265 1.09462090440615
0.5055 1.259 1.08943519506919
0.506 1.252 1.0833772682513199
0.5065 1.246 1.0781907222098601
0.507 1.239 1.0721513745114901
0.5075 1.233 1.0669653382200301
0.508 1.227 1.06177935906657
0.5085 1.22 1.0557211262002
0.509 1.214 1.05054720378074
0.5095 1.208 1.0453610159212399
0.51 1.202 1.04017470923481
0.5105 1.196 1.03498834380838
0.511 1.189 1.028947841322545
0.5115 1.183 1.0237553276646152
0.512 1.177 1.018568819101185
0.5125 1.171 1.013381595377755
0.513 1.165 1.0082065619010752
0.5135 1.159 1.003019760274445
0.514 1.153 0.9978266165803151
0.5145 1.147 0.9926397822511851
0.515 1.142 0.9883182590794098
0.5155 1.136 0.98314267131528
0.516 1.13 0.97795549629615
0.5165 1.124 0.9727677460430201
0.517 1.118 0.9675749121103
0.5175 1.113 0.9632642922430499
0.518 1.107 0.95807696693895
0.5185 1.101 0.9528890367493501
0.519 1.096 0.9485665341276001
0.5195 1.09 0.9433838267914999
0.52 1.085 0.93906108694475
0.5205 1.079 0.9338734634046999
0.521 1.074 0.9295512845082001
0.5215 1.068 0.9243741727044
0.522 1.063 0.9200459925498999
0.5225 1.057 0.9148581146760999
0.523 1.052 0.9105357056396001
0.5235 1.047 0.9062236118743648
0.524 1.041 0.901035495893595
0.5245 1.036 0.89670763661962
0.525 1.031 0.8923839689951449
0.5255 1.026 0.88806128325867
0.526 1.02 0.8828831353209
0.5265 1.015 0.8785603005569248
0.527 1.01 0.8742323662979501
0.5275 1.005 0.8699090052939749
0.528 1.0 0.8655959447949999
0.5285 0.9949 0.8611862700400955
0.529 0.9899 0.8568631059351755
0.5295 0.9849 0.8525399525714504
0.53 0.98 0.8483082063701
0.5305 0.975 0.8439844410513749
0.531 0.9701 0.839747195159574
0.5315 0.9652 0.8355103882626479
0.532 0.9604 0.8313696527774961
0.5325 0.9555 0.82712787007032
0.533 0.9507 0.822977501882718
0.5335 0.9459 0.8188260977553659
0.534 0.9412 0.814771523357688
0.5345 0.9365 0.8107075324462599
0.535 0.9318 0.806638742453532
0.5355 0.9271 0.802574639990004
0.536 0.9224 0.798519258921376
0.5365 0.9178 0.794541589516272
0.537 0.9132 0.7905637827949081
0.5375 0.9086 0.7865810301073339
0.538 0.9041 0.7826898703891791
0.5385 0.8995 0.7787209995139049
0.539 0.8951 0.7749157770909935
0.5395 0.8906 0.7710243958218609
0.54 0.8861 0.7671285395072285
0.5405 0.8817 0.7633324827273645
0.541 0.8773 0.7595275656955505
0.5415 0.8729 0.7557225086447366
0.542 0.8686 0.752003597724591
0.5425 0.8642 0.748202829913177
0.543 0.8599 0.7444842535454316
0.5435 0.8556 0.7407656773876861
0.544 0.8514 0.737132691753909
0.5445 0.8471 0.7334224635163135
0.545 0.8429 0.7297902511623364
0.5455 0.8387 0.7261533924300095
0.546 0.8346 0.7226077052204011
0.5465 0.8304 0.718975400176104
0.547 0.8263 0.7154378493265505
0.5475 0.8222 0.7118915926109971
0.548 0.8181 0.708341658856353
0.5485 0.814 0.7047953469988198
0.549 0.81 0.7013440882953
0.5495 0.806 0.69788460566578
0.55 0.802 0.6944251680902601
0.5505 0.798 0.6909616131377401
0.551 0.7941 0.687596246729433
0.5515 0.7902 0.684222782653026
0.552 0.7862 0.680763171346506
0.5525 0.7824 0.677476660035312
0.553 0.7785 0.6741074446964549
0.5535 0.7746 0.6707342397055981
0.554 0.7708 0.667447595430404
0.5545 0.767 0.6641604840152101
0.555 0.7632 0.6608813944304159
0.5555 0.7595 0.65767743547051
0.556 0.7557 0.654390578451456
0.5565 0.752 0.6511903242164001
0.557 0.7483 0.6479900329809725
0.5575 0.7446 0.644796444121545
0.558 0.741 0.641678938365075
0.5585 0.7373 0.6384785194391475
0.559 0.7337 0.6353647012438275
0.5595 0.7301 0.6322580713916074
0.56 0.7265 0.6291441059872375
0.5605 0.7229 0.6260261322819175
0.561 0.7194 0.622998754426455
0.5615 0.7159 0.6199784615579425
0.562 0.7123 0.6168643415195225
0.5625 0.7088 0.61383682035076
0.563 0.7054 0.610891955533705
0.5635 0.7019 0.6078643839909924
0.564 0.6985 0.6049299853576375
0.5645 0.6951 0.6019888846667326
0.565 0.6917 0.5990474394000774
0.5655 0.6883 0.5961063042419226
0.566 0.6849 0.5931616763727674
0.5665 0.6816 0.59031384097272
0.567 0.6783 0.587459164959366
0.5675 0.6749 0.5845174733389481
0.568 0.6716 0.581662766941232
0.5685 0.6684 0.578897978221368
0.569 0.6651 0.5760431565703019
0.5695 0.6619 0.5732749094417381
0.57 0.6587 0.570506666564324
0.5705 0.6555 0.56773835924286
0.571 0.6523 0.564976246444896
0.5715 0.6491 0.562204632174432
0.572 0.6459 0.559436211879468
0.5725 0.6428 0.5567540229026561
0.573 0.6397 0.554072191111744
0.5735 0.6366 0.551396694320832
0.574 0.6335 0.54871470617992
0.5745 0.6304 0.5460295983838079
0.575 0.6274 0.543434237687048
0.5755 0.6243 0.540751892563086
0.576 0.6213 0.538156445465526
0.5765 0.6183 0.5355671857044659
0.577 0.6153 0.532971374985756
0.5775 0.6123 0.530372748243546
0.578 0.6094 0.5278638224035881
0.5785 0.6064 0.525268240746528
0.579 0.6035 0.52276526126057
0.5795 0.6006 0.520255888764612
0.58 0.5977 0.5177468191936541
0.5805 0.5948 0.5152377206226959
0.581 0.5919 0.5127256335517381
0.5815 0.5891 0.510302791667882
0.582 0.5862 0.507799484691924
0.5825 0.5834 0.505376883850151
0.583 0.5806 0.502954222788009
0.5835 0.5778 0.500531248314567
0.584 0.575 0.49810853639237507
0.5845 0.5723 0.4957695890991195
0.585 0.5695 0.49334657701231754
0.5855 0.5668 0.49101611962356195
0.586 0.5641 0.48867985846730655
0.5865 0.5614 0.486343626980351
0.587 0.5587 0.48400739698044554
0.5875 0.556 0.48167113998054006
0.588 0.5534 0.479421487980631
0.5885 0.5507 0.4770851441633755
0.589 0.5481 0.4748381803207666
0.5895 0.5454 0.47250153028421094
0.59 0.5428 0.4702517343302019
0.5905 0.5402 0.46800193991889305
0.591 0.5377 0.46583845625413045
0.5915 0.5351 0.46358860643612154
0.592 0.5325 0.4613387359951125
0.5925 0.53 0.45918077643645006
0.593 0.5275 0.45701746687778744
0.5935 0.5249 0.4547674698162785
0.594 0.5224 0.45260149787011594
0.5945 0.52 0.4505247648018
0.595 0.5175 0.4483613419806375
0.5955 0.515 0.44619792015947496
0.596 0.5126 0.4441211142111589
0.5965 0.5101 0.4419573623349965
0.597 0.5077 0.43988050920668054
0.5975 0.5053 0.43780363182571447
0.598 0.5029 0.4357267306985985
0.5985 0.5005 0.43364980557148247
0.599 0.4981 0.4315728564443665
0.5995 0.4958 0.42958250284504707
0.6 0.4934 0.427510437870931
0.6005 0.4911 0.4255200421436115
0.601 0.4888 0.423529623393292
0.6015 0.4864 0.42145253187417603
0.602 0.4841 0.41946203996335646
0.6025 0.4819 0.41755819551228346
0.603 0.4796 0.415567658451814
0.6035 0.4773 0.4135771224863445
0.604 0.4751 0.41167321593677153
0.6045 0.4728 0.409677906458652
0.605 0.4706 0.407773974783929
0.6055 0.4684 0.405870021109206
0.606 0.4662 0.403966068744483
0.6065 0.464 0.40206207095976
0.607 0.4618 0.400158055793037
0.6075 0.4596 0.398254013986314
0.608 0.4575 0.3964366258868625
0.6085 0.4553 0.3945325404700295
0.609 0.4532 0.39271508913586395
0.6095 0.451 0.39081096020802
0.61 0.4489 0.388995708595078
0.6105 0.4468 0.38717815864213595
0.611 0.4447 0.38536061458119397
0.6115 0.4426 0.3835430448309519
0.612 0.4405 0.38172545430306
0.6125 0.4385 0.37999011602452004
0.613 0.4364 0.378172723194528
0.6135 0.4344 0.3764417503646881
0.614 0.4324 0.37471077913284806
0.6145 0.4303 0.37289525642475607
0.615 0.4283 0.371164211012016
0.6155 0.4263 0.369429118765476
0.616 0.4243 0.367698051812436
0.6165 0.4223 0.365966964859396
0.617 0.4204 0.36432251882900796
0.6175 0.4184 0.362591394467968
0.618 0.4165 0.36094899263632996
0.6185 0.4145 0.35921367187954
0.619 0.4126 0.357569181030752
0.6195 0.4107 0.3559246689420525
0.62 0.4088 0.35428216733265994
0.6205 0.4069 0.3526335180627675
0.621 0.405 0.35098893779287504
0.6215 0.4031 0.3493445402745325
0.622 0.4012 0.34770014371969
0.6225 0.3994 0.34614017518185497
0.623 0.3975 0.3444955688323125
0.6235 0.3957 0.3429375697721775
0.624 0.3938 0.34129091477453494
0.6245 0.392 0.3397328858294
0.625 0.3902 0.33817486249331596
0.6255 0.3884 0.336613148634892
0.626 0.3866 0.335057019356858
0.6265 0.3848 0.333498928118824
0.627 0.383 0.33193699077779
0.6275 0.3813 0.33046745440101893
0.628 0.3795 0.328909318798335
0.6285 0.3777 0.327347618761701
0.629 0.376 0.32587615012487997
0.6295 0.3743 0.3244067044403805
0.63 0.3725 0.3228447795015375
0.6305 0.3708 0.321373307462598
0.631 0.3691 0.31990379235978345
0.6315 0.3674 0.31842874521896897
0.632 0.3657 0.3169571690731546
0.6325 0.364 0.31548740011334
0.633 0.3624 0.314099051555844
0.6335 0.3607 0.31262763272328303
0.634 0.3591 0.31124266893203395
0.6345 0.3574 0.30976926759667595
0.635 0.3558 0.308384462165592
0.6355 0.3541 0.30691297915543403
0.636 0.3525 0.3055262325471
0.6365 0.3509 0.3041413807978205
0.637 0.3493 0.30275637485114354
0.6375 0.3477 0.30136787045967156
0.638 0.3461 0.29998471166899954
0.6385 0.3445 0.2985996810088499
0.639 0.3429 0.2972111471957699
0.6395 0.3414 0.29591326761488995
0.64 0.3398 0.29452835131473
0.6405 0.3383 0.29323008004880496
0.641 0.3367 0.2918432784779785
0.6415 0.3352 0.290544811819396
0.642 0.3337 0.2892465133626485
0.6425 0.3322 0.28794803195764096
0.643 0.3306 0.28656313875204603
0.6435 0.3291 0.285264641178681
0.644 0.3276 0.283966426749096
0.6445 0.3261 0.2826678953825865
0.645 0.3247 0.28145454507733547
0.6455 0.3232 0.280156134316848
0.646 0.3217 0.2788578901046255
0.6465 0.3203 0.277645954732756
0.647 0.3188 0.276345904681776
0.6475 0.3174 0.275134139204718
0.648 0.3159 0.2738389603367925
0.6485 0.3145 0.27262557641908747
0.649 0.3131 0.271413723580203
0.6495 0.3117 0.270203305167621
0.65 0.3102 0.268904742295926
0.6505 0.3088 0.267694691606728
0.651 0.3075 0.2665710340431375
0.6515 0.3061 0.2653575826958785
0.652 0.3047 0.26414726789657805
0.6525 0.3033 0.262936693673442
0.653 0.3019 0.2617262128118155
0.6535 0.3006 0.260602426813077
0.654 0.2992 0.25939220319936
0.6545 0.2979 0.258266991323115
0.655 0.2965 0.257056262053275
0.6555 0.2952 0.255933976547556
0.656 0.2939 0.2548100501623295
0.6565 0.2926 0.25368768732676605
0.657 0.2912 0.252478450503552
0.6575 0.2899 0.2513530904926535
0.658 0.2886 0.250230614131329
0.6585 0.2873 0.24910808364054599
0.659 0.286 0.24798695452101996
0.6595 0.2848 0.24694950629176
0.66 0.2835 0.24582687772135497
0.6605 0.2822 0.244705620922486
0.661 0.2809 0.24358149853136649
0.6615 0.2797 0.24254686113632948
0.662 0.2784 0.241425313266816
0.6625 0.2772 0.24039057549137396
0.663 0.2759 0.2392676783123905
0.6635 0.2747 0.238235696604245
0.664 0.2735 0.2372020411760925
0.6645 0.2723 0.23616587234488148
0.665 0.2711 0.23513207303160602
0.6655 0.2698 0.234010411474057
0.666 0.2686 0.232979346298729
0.6665 0.2674 0.231944175233218
0.667 0.2662 0.23091158806776502
0.6675 0.2651 0.22996554600483748
0.668 0.2639 0.228932970049602
0.6685 0.2627 0.2278987325651495
0.669 0.2615 0.22686456695026003
0.6695 0.2604 0.225920995154316
0.67 0.2592 0.22488798120926398
0.6705 0.2581 0.223942807864035
0.671 0.2569 0.2229108209416445
0.6715 0.2558 0.22196676287449899
0.672 0.2546 0.220935825219916
0.6725 0.2535 0.2199917122980525
0.673 0.2524 0.21904601706678603
0.6735 0.2513 0.21810396197214102
0.674 0.2502 0.217158306668865
0.6745 0.249 0.21612801528412498
0.675 0.2479 0.215187033853377
0.6755 0.2468 0.214241806915624
0.676 0.2458 0.213387249739444
0.6765 0.2447 0.2124442809194195
0.677 0.2436 0.21150135044526602
0.6775 0.2425 0.2105592459319875
0.678 0.2414 0.20961593108455903
0.6785 0.2404 0.20876039519127398
0.679 0.2393 0.20782044267692398
0.6795 0.2383 0.20696455519229404
0.68 0.2372 0.20602406147504998
0.6805 0.2362 0.20516888748791495
0.681 0.2351 0.204227041355257
0.6815 0.2341 0.2033740501897615
0.682 0.233 0.20243378593386502
0.6825 0.232 0.20158034962520002
0.683 0.231 0.20072565300249
0.6835 0.23 0.19987412141139999
0.684 0.229 0.19901887701553003
0.6845 0.228 0.19816820582088
0.685 0.227 0.19731380699245002
0.6855 0.226 0.19646042247124001
0.686 0.225 0.195607892491875
0.6865 0.224 0.19475631167104
0.687 0.223 0.19390347842928501
0.6875 0.222 0.19305046178007002
0.688 0.221 0.19219842219292
0.6885 0.2201 0.1914318358648855
0.689 0.2191 0.190579382105329
0.6895 0.2182 0.189813850446465
0.69 0.2172 0.18896311803985202
0.6905 0.2163 0.1881971756158935
0.691 0.2153 0.18734621814532398
0.6915 0.2144 0.186580829534304
0.692 0.2134 0.18572846666355303
0.6925 0.2125 0.184962974708875
0.693 0.2116 0.184197121179794
0.6935 0.2107 0.18343343526921
0.694 0.2097 0.1825823130030945
0.6945 0.2088 0.18181503315057604
0.695 0.2079 0.18105179324220452
0.6955 0.207 0.18028629710433
0.696 0.2061 0.17952084411990749
0.6965 0.2052 0.178756887207132
0.697 0.2043 0.17799303689020352
0.6975 0.2034 0.17722779984457201
0.698 0.2026 0.176549628872879
0.6985 0.2017 0.17578406969691
0.699 0.2008 0.17501843763910802
0.6995 0.1999 0.17425454193760298
0.7 0.1991 0.1735777387984255
0.7005 0.1982 0.172812568181858
0.701 0.1974 0.172134356503935
0.7015 0.1965 0.17136983269449002
0.702 0.1957 0.17069324982521153
0.7025 0.1948 0.16992640594924402
0.703 0.194 0.16924946708250999
0.7035 0.1932 0.1685723549727
0.704 0.1923 0.1678068280516455
0.7045 0.1915 0.16712858865643
0.705 0.1907 0.1664518233078785
0.7055 0.1899 0.165773244051036
0.706 0.1891 0.16509609964617247
0.7065 0.1883 0.164417927440473
0.707 0.1875 0.16374052690218752
0.7075 0.1867 0.16306209829508253
0.708 0.1859 0.162383310883079
0.7085 0.1851 0.16170638705968948
0.709 0.1843 0.161027266203264
0.7095 0.1835 0.16034987200180248
0.71 0.1828 0.159758680084106
0.7105 0.182 0.15908102291536
0.711 0.1812 0.158402094016878
0.7115 0.1805 0.15781220856842249
0.712 0.1797 0.15713300121180598
0.7125 0.179 0.15654267777738498
0.713 0.1782 0.15586489610613902
0.7135 0.1775 0.15527351797894998
0.714 0.1767 0.15459517461094202
0.7145 0.176 0.15400344653672002
0.715 0.1753 0.153413206680929
0.7155 0.1745 0.15273343036486997
0.716 0.1738 0.15214292409801103
0.7165 0.1731 0.1515511850803125
0.717 0.1724 0.15096023113080398
0.7175 0.1717 0.15036994998781797
0.718 0.171 0.14977778232177
0.7185 0.1703 0.1491869673525465
0.719 0.1696 0.14859605352705602
0.7195 0.1689 0.1480041019650585
0.72 0.1682 0.14741365437131998
0.7205 0.1675 0.1468230159124
0.721 0.1669 0.146319763568199
0.7215 0.1662 0.14572866385213798
0.722 0.1655 0.14513654805168502
0.7225 0.1648 0.14454515029728
0.723 0.1642 0.14404102682079603
0.7235 0.1635 0.14344673189316
0.724 0.1629 0.142941814124976
0.7245 0.1623 0.142434747207474
0.725 0.1616 0.141819617085408
0.7255 0.161 0.14129305910118
0.726 0.1604 0.140766501116952
0.7265 0.1598 0.140239943132724
0.727 0.1592 0.139713385148496
0.7275 0.1586 0.13918682716426797
0.728 0.158 0.13866026918003999
0.7285 0.1574 0.138133711195812
0.729 0.1568 0.13760715321158398
0.7295 0.1562 0.137080595227356
0.73 0.1556 0.13655403724312798
0.7305 0.155 0.1360274792589
0.731 0.1544 0.135500921274672
0.7315 0.1539 0.135062122954482
0.732 0.1533 0.13453556497025398
0.7325 0.1527 0.134009006986026
0.733 0.1521 0.133482449001798
0.7335 0.1515 0.13295589101757
0.734 0.1509 0.132429333033342
0.7345 0.1503 0.131902775049114
0.735 0.1498 0.131463976728924
0.7355 0.1492 0.130937418744696
0.736 0.1486 0.130410860760468
0.7365 0.148 0.12988430277624
0.737 0.1475 0.12944550445605
0.7375 0.1469 0.128918946471822
0.738 0.1463 0.12839238848759402
0.7385 0.1458 0.127953590167404
0.739 0.1452 0.127427032183176
0.7395 0.1446 0.126900474198948
0.74 0.1441 0.126461675878758
0.7405 0.1435 0.12593511789453
0.741 0.1429 0.125408559910302
0.7415 0.1424 0.124969761590112
0.742 0.1418 0.124443203605884
0.7425 0.1413 0.12400440528569401
0.743 0.1407 0.12347784730146599
0.7435 0.1401 0.12295128931723799
0.744 0.1396 0.122512490997048
0.7445 0.139 0.12198593301282
0.745 0.1385 0.12154713469263001
0.7455 0.1379 0.121020576708402
0.746 0.1374 0.12058177838821199
0.7465 0.1368 0.120055220403984
0.747 0.1363 0.119616422083794
0.7475 0.1358 0.119177623763604
0.748 0.1352 0.11865106577937598
0.7485 0.1347 0.11821226745918598
0.749 0.1341 0.11768570947495799
0.7495 0.1336 0.11724691115476799
0.75 0.1331 0.116808112834578
0.7505 0.1325 0.11628155485035
0.751 0.132 0.11584275653016
0.7515 0.1315 0.11540395820997
0.752 0.1309 0.11487740022574199
0.7525 0.1304 0.11443860190555198
0.753 0.1299 0.11399980358536198
0.7535 0.1294 0.11356100526517199
0.754 0.1288 0.11303444728094399
0.7545 0.1283 0.112595648960754
0.755 0.1278 0.112156850640564
0.7555 0.1273 0.11171805232037399
0.756 0.1267 0.111191494336146
0.7565 0.1262 0.110752696015956
0.757 0.1257 0.110313897695766
0.7575 0.1252 0.109875099375576
0.758 0.1247 0.109436301055386
0.7585 0.1242 0.108997502735196
0.759 0.1237 0.108558704415006
0.7595 0.1231 0.10803214643077799
0.76 0.1226 0.107593348110588
0.7605 0.1221 0.107154549790398
0.761 0.1216 0.106715751470208
0.7615 0.1211 0.10627695315001799
0.762 0.1206 0.10583815482982799
0.7625 0.1201 0.105399356509638
0.763 0.1196 0.104960558189448
0.7635 0.1191 0.10452175986925799
0.764 0.1186 0.10408296154906799
0.7645 0.1181 0.103644163228878
0.765 0.1176 0.103205364908688
0.7655 0.1171 0.10276656658849799
0.766 0.1166 0.10232776826830799
0.7665 0.1161 0.101888969948118
0.767 0.1157 0.10153793129196599
0.7675 0.1152 0.10109913297177599
0.768 0.1147 0.100660334651586
0.7685 0.1142 0.100221536331396
0.769 0.1137 0.09978273801120599
0.7695 0.1132 0.09934393969101599
0.77 0.1127 0.098905141370826
0.7705 0.1123 0.09855410271467399
0.771 0.1118 0.09811530439448399
0.7715 0.1113 0.097676506074294
0.772 0.1108 0.097237707754104
0.7725 0.1103 0.09679890943391399
0.773 0.1099 0.096447870777762
0.7735 0.1094 0.096009072457572
0.774 0.1089 0.09557027413738199
0.7745 0.1085 0.09521923548123
0.775 0.108 0.09478043716104
0.7755 0.1075 0.09434163884084999
0.776 0.107 0.09390284052065999
0.7765 0.1066 0.093551801864508
0.777 0.1061 0.093113003544318
0.7775 0.1057 0.092761964888166
0.778 0.1052 0.092323166567976
0.7785 0.1047 0.091884368247786
0.779 0.1043 0.091533329591634
0.7795 0.1038 0.091094531271444
0.78 0.1034 0.090743492615292
0.7805 0.1029 0.090304694295102
0.781 0.1024 0.089865895974912
0.7815 0.102 0.08951485731876
0.782 0.1015 0.08907605899857
0.7825 0.1011 0.088725020342418
0.783 0.1006 0.088286222022228
0.7835 0.1002 0.08793518336607599
0.784 0.09974 0.0875314889115012
0.7845 0.09929 0.0871365704233302
0.785 0.09885 0.086750427901563
0.7855 0.0984 0.086355509413392
0.786 0.09796 0.08596936689162481
0.7865 0.09752 0.08558322436985759
0.787 0.09708 0.0851970818480904
0.7875 0.09664 0.08481093932632319
0.788 0.0962 0.08442479680455599
0.7885 0.09576 0.0840386542827888
0.789 0.09533 0.0836612877274254
0.7895 0.09489 0.0832751452056582
0.79 0.09446 0.0828977786502948
0.7905 0.09403 0.0825204120949314
0.791 0.0936 0.082143045539568
0.7915 0.09317 0.0817656789842046
0.792 0.09274 0.0813883124288412
0.7925 0.09231 0.0810109458734778
0.793 0.09189 0.0806423552845182
0.7935 0.09146 0.0802649887291548
0.794 0.09104 0.0798963981401952
0.7945 0.09062 0.0795278075512356
0.795 0.09019 0.0791504409958722
0.7955 0.08977 0.0787818504069126
0.796 0.08936 0.07842203578435679
0.7965 0.08894 0.0780534451953972
0.797 0.08852 0.07768485460643759
0.7975 0.08811 0.0773250399838818
0.798 0.08769 0.0769564493949222
0.7985 0.08728 0.07659663477236639
0.799 0.08687 0.0762368201498106
0.7995 0.08645 0.075868229560851
0.8 0.08604 0.0755084149382952
0.8005 0.08564 0.0751573762821432
0.801 0.08523 0.0747975616595874
0.8015 0.08482 0.0744377470370316
0.802 0.08442 0.07408670838087959
0.8025 0.08401 0.0737268937583238
0.803 0.08361 0.0733758551021718
0.8035 0.08321 0.0730248164460198
0.804 0.08281 0.07267377778986779
0.8045 0.08241 0.0723227391337158
0.805 0.08201 0.0719717004775638
0.8055 0.08161 0.0716206618214118
0.806 0.08121 0.0712696231652598
0.8065 0.08082 0.0709273604755116
0.807 0.08043 0.0705850977857634
0.8075 0.08003 0.0702340591296114
0.808 0.07964 0.0698917964398632
0.8085 0.07925 0.069549533750115
0.809 0.07886 0.0692072710603668
0.8095 0.07847 0.0688650083706186
0.81 0.07808 0.0685227456808704
0.8105 0.0777 0.068189258957526
0.811 0.07731 0.0678469962677778
0.8115 0.07693 0.0675135095444334
0.812 0.07655 0.06718002282108901
0.8125 0.07616 0.0668377601313408
0.813 0.07578 0.0665042734079964
0.8135 0.0754 0.066170786684652
0.814 0.07502 0.0658372999613076
0.8145 0.07465 0.06551258920436699
0.815 0.07427 0.0651791024810226
0.8155 0.07389 0.0648456157576782
0.816 0.07352 0.0645209050007376
0.8165 0.07314 0.06418741827739319
0.817 0.07277 0.0638627075204526
0.8175 0.0724 0.063537996763512
0.818 0.07203 0.06321328600657139
0.8185 0.07166 0.0628885752496308
0.819 0.07129 0.0625638644926902
0.8195 0.07093 0.062247929702153405
0.82 0.07056 0.06192321894521279
0.8205 0.0702 0.06160728415467599
0.821 0.06983 0.0612825733977354
0.8215 0.06947 0.0609666386071986
0.822 0.06911 0.0606507038166618
0.8225 0.06875 0.060334769026125
0.823 0.06839 0.0600188342355882
0.8235 0.06803 0.05970289944505139
0.824 0.06767 0.05938696465451459
0.8245 0.06732 0.0590798058303816
0.825 0.06696 0.0587638710398448
0.8255 0.06661 0.0584567122157118
0.826 0.06625 0.058140777425175
0.8265 0.0659 0.057833618601042
0.827 0.06555 0.057526459776909
0.8275 0.0652 0.05721930095277599
0.828 0.06485 0.056912142128643005
0.8285 0.06451 0.0566137592709138
0.829 0.06416 0.05630660044678079
0.8295 0.06381 0.055999441622647805
0.83 0.06347 0.0557010587649186
0.8305 0.06312 0.05539389994078559
0.831 0.06278 0.0550955170830564
0.8315 0.06244 0.0547971342253272
0.832 0.0621 0.054498751367598
0.8325 0.06176 0.0542003685098688
0.833 0.06142 0.0539019856521396
0.8335 0.06108 0.0536036027944104
0.834 0.06074 0.0533052199366812
0.8345 0.06041 0.0530156130453558
0.835 0.06007 0.0527172301876266
0.8355 0.05974 0.0524276232963012
0.836 0.05941 0.0521380164049758
0.8365 0.05908 0.0518484095136504
0.837 0.05875 0.051558802622325
0.8375 0.05842 0.0512691957309996
0.838 0.05809 0.0509795888396742
0.8385 0.05776 0.0506899819483488
0.839 0.05743 0.0504003750570234
0.8395 0.05711 0.0501195441321018
0.84 0.05678 0.0498299372407764
0.8405 0.05646 0.0495491063158548
0.841 0.05614 0.0492682753909332
0.8415 0.05581 0.048978668499607796
0.842 0.05549 0.048697837574686195
0.8425 0.05517 0.048417006649764595
0.843 0.05485 0.048136175724843
0.8435 0.05454 0.047864120766325194
0.844 0.05422 0.04758328984140359
0.8445 0.0539 0.047302458916482
0.845 0.05359 0.0470304039579642
0.8455 0.05328 0.0467583489994464
0.846 0.05296 0.0464775180745248
0.8465 0.05265 0.046205463116007
0.847 0.05234 0.0459334081574892
0.8475 0.05203 0.0456613531989714
0.848 0.05172 0.0453892982404536
0.8485 0.05141 0.045117243281935795
0.849 0.05111 0.0448539642898218
0.8495 0.0508 0.044581909331303994
0.85 0.05049 0.0443098543727862
0.8505 0.05019 0.0440465753806722
0.851 0.04989 0.04378329638855819
0.8515 0.04958 0.0435112414300404
0.852 0.04928 0.0432479624379264
0.8525 0.04898 0.042984683445812404
0.853 0.04868 0.042721404453698396
0.8535 0.04838 0.042458125461584395
0.854 0.04809 0.0422036224358742
0.8545 0.04779 0.0419403434437602
0.855 0.0475 0.04168584041805
0.8555 0.0472 0.041422561425936
0.856 0.04691 0.0411680584002258
0.8565 0.04661 0.0409047794081118
0.857 0.04632 0.040650276382401596
0.8575 0.04603 0.0403957733566914
0.858 0.04574 0.0401412703309812
0.8585 0.04545 0.03988676730527099
0.859 0.04517 0.0396410402459646
0.8595 0.04488 0.039386537220254404
0.86 0.04459 0.039132034194544196
0.8605 0.04431 0.0388863071352378
0.861 0.04402 0.038631804109527594
0.8615 0.04374 0.0383860770502212
0.862 0.04346 0.0381403499909148
0.8625 0.04317 0.0378858469652046
0.863 0.04289 0.037640119905898196
0.8635 0.04261 0.0373943928465918
0.864 0.04234 0.0371574417536892
0.8645 0.04206 0.0369117146943828
0.865 0.04178 0.0366659876350764
0.8655 0.0415 0.03642026057577
0.866 0.04123 0.0361833094828674
0.8665 0.04096 0.0359463583899648
0.867 0.04068 0.0357006313306584
0.8675 0.04041 0.0354636802377558
0.868 0.04014 0.0352267291448532
0.8685 0.03987 0.0349897780519506
0.869 0.0396 0.034752826959048
0.8695 0.03933 0.03451587586614539
0.87 0.03906 0.0342789247732428
0.8705 0.0388 0.034050749646744
0.871 0.03853 0.0338137985538414
0.8715 0.03827 0.033585623427342594
0.872 0.038 0.03334867233444
0.8725 0.03774 0.0331204972079412
0.873 0.03748 0.032892322081442396
0.8735 0.03722 0.0326641469549436
0.874 0.03695 0.03242719586204099
0.8745 0.03669 0.0321990207355422
0.875 0.03644 0.0319796215754472
0.8755 0.03618 0.031751446448948395
0.876 0.03592 0.0315232713224496
0.8765 0.03567 0.0313038721623546
0.877 0.03541 0.031075697035855797
0.8775 0.03516 0.030856297875760795
0.878 0.0349 0.030628122749262
0.8785 0.03465 0.030408723589167
0.879 0.0344 0.030189324429072
0.8795 0.03415 0.029969925268977
0.88 0.0339 0.029750526108881997
0.8805 0.03365 0.029531126948786998
0.881 0.0334 0.029311727788691996
0.8815 0.03315 0.029092328628596998
0.882 0.03291 0.0288817054349058
0.8825 0.03266 0.0286623062748108
0.883 0.03242 0.028451683081119596
0.8835 0.03218 0.0282410598874284
0.884 0.03193 0.0280216607273334
0.8845 0.03169 0.0278110375336422
0.885 0.03145 0.027600414339950998
0.8855 0.03121 0.0273897911462598
0.886 0.03097 0.0271791679525686
0.8865 0.03073 0.0269685447588774
0.887 0.0305 0.026766697531589997
0.8875 0.03026 0.026556074337898798
0.888 0.03002 0.0263454511442076
0.8885 0.02979 0.0261436039169202
0.889 0.02955 0.025932980723229
0.8895 0.02932 0.025731133495941597
0.89 0.02909 0.0255292862686542
0.8905 0.02886 0.0253274390413668
0.891 0.02863 0.025125591814079397
0.8915 0.0284 0.024923744586792
0.892 0.02817 0.0247218973595046
0.8925 0.02794 0.024520050132217197
0.893 0.02771 0.0243182029049298
0.8935 0.02749 0.0241251316440462
0.894 0.02726 0.023923284416758797
0.8945 0.02704 0.0237302131558752
0.895 0.02682 0.0235371418949916
0.8955 0.02659 0.023335294667704197
0.896 0.02637 0.0231422234068206
0.8965 0.02615 0.022949152145937
0.897 0.02593 0.0227560808850534
0.8975 0.02571 0.022563009624169798
0.898 0.02549 0.0223699383632862
0.8985 0.02528 0.0221856430688064
0.899 0.02506 0.021992571807922797
0.8995 0.02484 0.0217995005470392
0.9 0.02463 0.0216152052525594
0.9005 0.02441 0.0214221339916758
0.901 0.0242 0.021237838697195997
0.9015 0.02399 0.021053543402716198
0.902 0.02378 0.0208692481082364
0.9025 0.02357 0.0206849528137566
0.903 0.02336 0.020500657519276797
0.9035 0.02315 0.020316362224796998
0.904 0.02294 0.0201320669303172
0.9045 0.02273 0.0199477716358374
0.905 0.02253 0.0197722523077614
0.9055 0.02232 0.019587957013281598
0.906 0.02212 0.019412437685205598
0.9065 0.02191 0.0192281423907258
0.907 0.02171 0.0190526230626498
0.9075 0.02151 0.0188771037345738
0.908 0.0213 0.018692808440093998
0.9085 0.0211 0.018517289112018
0.909 0.0209 0.018341769783942
0.9095 0.02071 0.0181750264222698
0.91 0.02051 0.0179995070941938
0.9105 0.02031 0.0178239877661178
0.911 0.02011 0.017648468438041798
0.9115 0.01992 0.017481725076369598
0.912 0.01972 0.0173062057482936
0.9125 0.01953 0.0171394623866214
0.913 0.01934 0.0169727190249492
0.9135 0.01915 0.016805975663277
0.914 0.01896 0.0166392323016048
0.9145 0.01877 0.016472488939932597
0.915 0.01858 0.016305745578260398
0.9155 0.01839 0.0161390022165882
0.916 0.0182 0.015972258854916
0.9165 0.01801 0.0158055154932438
0.917 0.01783 0.0156475480979754
0.9175 0.01764 0.015480804736303198
0.918 0.01746 0.0153228373410348
0.9185 0.01727 0.0151560939793626
0.919 0.01709 0.0149981265840942
0.9195 0.01691 0.0148401591888258
0.92 0.01673 0.014682191793557398
0.9205 0.01655 0.014524224398288998
0.921 0.01637 0.014366257003020598
0.9215 0.01619 0.014208289607752198
0.922 0.01601 0.014050322212483798
0.9225 0.01583 0.0138923548172154
0.923 0.01566 0.0137431633883508
0.9235 0.01548 0.0135851959930824
0.924 0.01531 0.0134360045642178
0.9245 0.01514 0.0132868131353532
0.925 0.01496 0.013128845740084799
0.9255 0.01479 0.012979654311220199
0.926 0.01462 0.012830462882355599
0.9265 0.01445 0.012681271453490999
0.927 0.01428 0.0125320800246264
0.9275 0.01411 0.0123828885957618
0.928 0.01395 0.012242473133301
0.9285 0.01378 0.0120932817044364
0.929 0.01361 0.0119440902755718
0.9295 0.01345 0.011803674813110999
0.93 0.01328 0.011654483384246399
0.9305 0.01312 0.011514067921785599
0.931 0.01296 0.011373652459324798
0.9315 0.0128 0.011233236996864
0.932 0.01263 0.0110840455679994
0.9325 0.01247 0.0109436301055386
0.933 0.01232 0.0108119906094816
0.9335 0.01216 0.010671575147020801
0.934 0.012 0.010531159684559999
0.9345 0.01184 0.010390744222099199
0.935 0.01169 0.0102591047260422
0.9355 0.01153 0.0101186892635814
0.936 0.01138 0.0099870497675244
0.9365 0.01123 0.009855410271467399
0.937 0.01107 0.009714994809006599
0.9375 0.01092 0.009583355312949599
0.938 0.01077 0.0094517158168926
0.9385 0.01062 0.0093200763208356
0.939 0.01047 0.009188436824778599
0.9395 0.01032 0.009056797328721599
0.94 0.01018 0.0089339337990684
0.9405 0.01003 0.0088022943030114
0.941 0.009885 0.008675042790156299
0.9415 0.00974 0.0085477912773012
0.942 0.009596 0.00842141736108648
0.9425 0.009453 0.008295921041512139
0.943 0.009311 0.00817130231857818
0.9435 0.00917 0.0080475611922846
0.944 0.009029 0.00792382006599102
0.9445 0.00889 0.0078018341329782
0.945 0.008751 0.00767984819996538
0.9455 0.008613 0.00755873986359294
0.946 0.008476 0.007438509123860879
0.9465 0.00834 0.0073191559807692
0.947 0.008205 0.0072006804343179
0.9475 0.008071 0.00708308248450698
0.948 0.007937 0.006965484534696059
0.9485 0.007805 0.0068496417781659
0.949 0.007674 0.00673467661827612
0.9495 0.007543 0.00661971145838634
0.95 0.007413 0.00650562389513694
0.9505 0.007284 0.006392413928527919
0.951 0.007155 0.006279203961918899
0.9515 0.007028 0.00616774918859064
0.952 0.006902 0.00605717201190276
0.9525 0.006776 0.005946594835214879
0.953 0.006651 0.005836895255167379
0.9535 0.006528 0.00572895086840064
0.954 0.006405 0.0056210064816339
0.9545 0.006283 0.00551393969150754
0.955 0.006162 0.00540775049802156
0.9555 0.006042 0.00530243890117596
0.956 0.005922 0.00519712730433036
0.9565 0.005804 0.00509357090076552
0.957 0.005686 0.00499001449720068
0.9575 0.00557 0.0048882132869166
0.958 0.005455 0.004787289673272899
0.9585 0.00534 0.0046863660596292
0.959 0.005226 0.00458632004262588
0.9595 0.005113 0.00448715162226294
0.96 0.005001 0.00438886079854038
0.9605 0.00489 0.0042914475714582
0.961 0.00478 0.0041949119410164
0.9615 0.004671 0.00409925390721498
0.962 0.004562 0.00400359587341356
0.9625 0.004455 0.0039096930328929
0.963 0.004349 0.0038166677890126193
0.9635 0.004243 0.00372364254513234
0.964 0.004139 0.00363237249453282
0.9645 0.004035 0.0035411024439333002
0.965 0.003933 0.00345158758661454
0.9655 0.003831 0.00336207272929578
0.966 0.003731 0.0032743130652577797
0.9665 0.003631 0.00318655340121978
0.967 0.003532 0.00309967133382216
0.9675 0.003434 0.00301366686306492
0.968 0.003338 0.00292941758558844
0.9685 0.003242 0.00284516830811196
0.969 0.003147 0.00276179662727586
0.9695 0.003054 0.0026801801397205198
0.97 0.002961 0.00259856365216518
0.9705 0.002869 0.00251782476125022
0.971 0.002779 0.0024388410636160198
0.9715 0.002689 0.00235985736598182
0.972 0.002601 0.00228262886162838
0.9725 0.002513 0.00220540035727494
0.973 0.002427 0.0021299270462022597
0.9735 0.002341 0.00205445373512958
0.974 0.002257 0.0019807356173376597
0.9745 0.002175 0.0019087726928264997
0.975 0.002093 0.0018368097683153397
0.9755 0.002012 0.00176572444044456
0.976 0.001933 0.00169639430585454
0.9765 0.001855 0.0016279417679049
0.977 0.001778 0.00156036682659564
0.9775 0.001702 0.00149366948192676
0.978 0.001628 0.00142872733053864
0.9785 0.001555 0.0013646627757908998
0.979 0.001484 0.00130235341432392
0.9795 0.001414 0.00124092164949732
0.98 0.001346 0.00118124507795148
0.9805 0.001279 0.0011224461030460199
0.981 0.001213 0.00106452472478094
0.9815 0.00115 0.0010092361364369999
0.982 0.001087 0.00095394754809306
0.9825 0.001027 0.0009012917496702599
0.983 0.000968 0.00084951354788784
0.9835 0.0009106 0.000799139500730028
0.984 0.0008548 0.0007501696081968239
0.9845 0.0008006 0.000702603870288228
0.985 0.0007479 0.0006563545273402019
0.9854166666666667 0.0007546 0.0005426518495189288
0.990176724137931 0.0003045 0.00019569964713597892
0.993271551724138 0.0001142 6.164869619405965e-05
0.9942816091954023 4.078e-05 1.7631235464234195e-05
0.9969439655172414 1.397e-05 4.621076903642719e-06
0.9978333333333333 6.131e-06 1.5967229627922722e-06
0.9980919540229886 4.649e-06 1.1050573911372767e-06
0.9981738505747126 4.239e-06 9.7620605634127e-07
0.9982543103448276 3.864e-06 8.614572033703571e-07
0.9983318965517242 3.523e-06 7.596180461080045e-07
0.9984094827586207 3.212e-06 6.686048679310003e-07
0.9984841954022988 2.928e-06 5.880511196026547e-07
0.9985574712643678 2.669e-06 5.166713555877438e-07
0.9986294540229885 2.434e-06 4.534262767461745e-07
0.9986997126436782 2.219e-06 3.9718580836092155e-07
0.9987682471264367 2.023e-06 3.474568207454016e-07
0.9988353448275863 1.844e-06 3.045443229349603e-07
0.9989008620689656 1.682e-06 2.65284650846491e-07
0.9989649425287356 1.535e-06 2.3062848130831686e-07
0.9990274425287357 1.4e-06 1.9998668734126717e-07
0.9990886494252873 1.278e-06 1.7309605914036644e-07
0.9991482758620689 1.167e-06 1.4939959486447207e-07
0.9992066091954024 1.066e-06 1.3062953312608204e-07
0.9992633620689656 9.735e-07 1.1238072172966757e-07
0.9993188218390805 8.899e-07 9.601860071503857e-08
0.9993729885057471 8.139e-07 8.163071568387545e-08
0.9994255747126436 7.447e-07 6.907818985583537e-08
0.999476867816092 6.82e-07 5.806996596501464e-08
0.9995270114942529 6.249e-07 4.849443215613833e-08
0.9995752873563218 5.732e-07 3.932326047588576e-08
0.9996224137931033 5.262e-07 3.226584579053455e-08
0.9996682471264368 4.838e-07 2.6031172329975216e-08
0.9997125 4.454e-07 2.073390781930689e-08
0.999755316091954 4.109e-07 1.6199848880153233e-08
0.9997966954022989 3.809e-07 1.2129342266664839e-08
0.9998363505747127 3.554e-07 8.586397594376212e-09
0.9998608620689655 2.2414387000000003e-07 6.366655596147459e-09
0.9998752298850575 2.21259618e-07 4.905347060777151e-09
0.9998895977011495 2.1865778000000002e-07 3.6449684490202587e-09
0.9999039655172415 2.16781006e-07 2.5423447359681167e-09
0.9999183333333334 2.15136346e-07 1.7270009963467285e-09
0.9999327011494253 2.131443776e-07 1.137994021919628e-09
0.9999470689655173 2.10745117e-07 7.35469943540352e-10
0.9999614367816092 2.0835717400000001e-07 4.5998007306542676e-10
0.9999758045977012 2.052712368e-07 2.8229823978744603e-10
0.9999901709770115 2.009538628e-07 1.7950846894719361e-10
1.0000045387931034 1.9486561102e-07 1.2382929259382265e-10
1.0000189080459772 1.8813657368e-07 8.766190634340751e-11
1.000033275862069 1.8109104134e-07 6.40484888741282e-11
1.000054827586207 1.6954078022000002e-07 4.29757555629359e-11
1.0000763793103449 1.5793472391e-07 2.9840584523414144e-11
1.0001122988505748 1.37316194512e-07 1.9794088342743274e-11
1.000148275862069 1.17722447518e-07 1.4299236134174692e-11
1.0001841954022987 9.98346602218e-08 1.090501494520093e-11
1.0002201149425287 8.38517703724e-08 8.558618399202922e-12
1.0002560344827585 6.97565273792e-08 6.876453005645965e-12
1.0002919540229884 5.74818030818e-08 5.5745599468615075e-12
1.0003637931034481 3.851039460892e-08 3.714712720026569e-12
1.000435632183908 2.5450901669040004e-08 2.4875456658917303e-12
1.0005074712643678 1.662323687958e-08 1.6755230820325473e-12
1.0005793103448275 1.073813358626e-08 1.1369976751909664e-12
1.000642959770115 4.067226890756303e-09 6.17734971770176e-13
1.0006968390804598 2.6537313432835822e-09 4.4669545001660577e-13
1.0007456896551725 1.8265582655826559e-09 3.3377615410162734e-13
1.0008189655172415 1.0666666666666667e-09 2.175357024244437e-13
1.0008979885057472 6.147368421052631e-10 1.3932248422451013e-13
1.001 3.113553113553114e-10 8.087014280969778e-14
1.0011091954022988 1.5530546623794213e-10 4.832281634008635e-14
1.0011666666666668 1.095166163141994e-10 3.8525406841580866e-14
1.0012040229885057 8.76453488372093e-11 3.4041846562603785e-14
1.0012564655172413 6.418219461697722e-11 3.0056459647957486e-14
1.0012923850574713 5.2034689793195463e-11 2.8395881766854864e-14
1.001330459770115 4.1752577319587627e-11 2.7565592826303552e-14
1.0013606321839081 3.538268506900878e-11 2.7233477250083027e-14
1.0013864942528736 3.092024539877301e-11 2.7897708402524076e-14
1.0014655172413793 2.1264367816091956e-11 1.227167054134839e-13
1.001522988505747 1.6813186813186812e-11 2.82298239787446e-13
1.0016091954022988 1.2061855670103093e-11 4.931916306874792e-13
1.0016954022988507 8.766990291262136e-12 5.679176353370973e-13
1.0017887931034484 6.301369863013698e-12 6.077715044835603e-13
1.0018951149425288 4.345594525235244e-12 5.695782132181999e-13
1.0020790229885057 2.336160370084811e-12 4.63301228827632e-13
1.002257183908046 1.2878254750175933e-12 3.852540684158087e-13
1.0024238505747127 7.482108002602472e-13 3.2713384257721686e-13
1.002587643678161 4.4094488188976375e-13 2.856193955496513e-13
1.0027456896551725 2.657580919931857e-13 2.524078379275988e-13
1.0028922413793104 1.6639828234031133e-13 2.241780139488542e-13
1.0030775862068966 8.985943775100403e-14 1.9096645632680172e-13
1.0032514367816092 4.827259820160909e-14 1.6340086350049816e-13
1.0033864942528736 2.7820570910738558e-14 1.4762537363002324e-13
1.0034841954022988 1.7406593406593406e-14 1.355031550979741e-13
1.003551724137931 1.1800172265288544e-14 1.2504151444702757e-13
