#Hybrid model for DM Sun simulation 
#High metallicity hybrid model (BS05(OP) + CONV + FON_AGS05) 
#Radius Density Electron density 
#(R_sun) (g/cm^3) (cm^-3/N_A) 
0.0016 152.9 102.39163171599999
0.00171 152.9 102.39086721599999
0.00181 152.9 102.39163171599999
0.0019 152.9 102.392396216
0.00199 152.9 102.392396216
0.00207 152.9 102.393160716
0.00214 152.9 102.393925216
0.0022 152.9 102.393160716
0.00227 152.9 102.393925216
0.00233 152.9 102.39468971600002
0.00239 152.9 102.393925216
0.00245 152.9 102.39468971600002
0.0025 152.9 102.3962194805
0.00255 152.9 102.3954549805
0.00261 152.9 102.39621948049998
0.00265 152.9 102.39698398049998
0.0027 152.9 102.3962194805
0.00275 152.9 102.39774848049998
0.00279 152.9 102.3985129805
0.00283 152.9 102.39774848049998
0.00287 152.9 102.3992774805
0.00292 152.9 102.4000419805
0.00296 152.9 102.3992774805
0.00299 152.9 102.4008064805
0.00303 152.9 102.4023354805
0.00307 152.9 102.4015709805
0.00311 152.8 102.33536207600001
0.00315 152.8 102.336890076
0.00318 152.8 102.336126076
0.00322 152.8 102.336890076
0.00326 152.8 102.33841807600001
0.00329 152.8 102.337654076
0.00332 152.8 102.33841884
0.00335 152.8 102.33841884
0.00339 152.8 102.33918284
0.00342 152.8 102.33994684
0.00345 152.8 102.33994684
0.00348 152.8 102.34071084
0.00351 152.8 102.34223884
0.00354 152.8 102.34147484
0.00357 152.8 102.34223884
0.00361 152.8 102.34223884
0.00364 152.8 102.34300284
0.00367 152.8 102.34376684
0.00371 152.8 102.34453084000002
0.00373 152.8 102.34453084000002
0.00375 152.8 102.34529484
0.00378 152.8 102.34529484
0.0038 152.8 102.34605883999998
0.00382 152.8 102.34605883999998
0.00385 152.8 102.34682283999999
0.00387 152.8 102.34682283999999
0.0039 152.8 102.34758684
0.00392 152.8 102.34758684
0.00395 152.8 102.34835084000001
0.00397 152.8 102.34758760400001
0.00399 152.8 102.34911560400002
0.00402 152.8 102.34987960400002
0.00404 152.8 102.34987960400002
0.00407 152.8 102.35064360400001
0.00409 152.8 102.34987960400001
0.00412 152.8 102.351407604
0.00415 152.8 102.352171604
0.00417 152.8 102.352171604
0.0042 152.8 102.35293560400001
0.00422 152.8 102.352171604
0.00425 152.8 102.35369960400001
0.00428 152.8 102.35446360400002
0.0043 152.7 102.28671419850001
0.00433 152.7 102.28824119849999
0.00436 152.7 102.2890046985
0.00438 152.7 102.28824119849999
0.00441 152.7 102.28976819849998
0.00444 152.7 102.29053169849999
0.00447 152.7 102.2912951985
0.00449 152.7 102.29053169849999
0.00452 152.7 102.2920586985
0.00455 152.7 102.292822962
0.00458 152.7 102.293586462
0.00461 152.7 102.292822962
0.00464 152.7 102.293586462
0.00466 152.7 102.29511346199999
0.00468 152.7 102.294349962
0.00469 152.7 102.295876962
0.00471 152.7 102.29511346199999
0.00472 152.7 102.296640462
0.00474 152.7 102.296640462
0.00475 152.7 102.295876962
0.00477 152.7 102.297403962
0.00478 152.7 102.296640462
0.0048 152.7 102.29816746200001
0.00481 152.7 102.29816746200001
0.00483 152.7 102.297403962
0.00484 152.7 102.29893096199999
0.00486 152.7 102.29816746200001
0.00487 152.7 102.29969446199999
0.00488 152.7 102.29893096200001
0.0049 152.7 102.30045796199998
0.00492 152.7 102.30045796199998
0.00493 152.7 102.29969446199998
0.00495 152.7 102.30122146199999
0.00496 152.7 102.30045796199998
0.00498 152.7 102.30198496199999
0.00499 152.7 102.30122146199999
0.00501 152.7 102.302748462
0.00502 152.7 102.30198572549999
0.00504 152.7 102.3035127255
0.00505 152.7 102.3035127255
0.00507 152.7 102.3027492255
0.00508 152.7 102.30427622549999
0.0051 152.7 102.30351272549998
0.00512 152.7 102.30503972549998
0.00513 152.7 102.30427622549999
0.00515 152.7 102.30580322549999
0.00516 152.7 102.30503972549998
0.00518 152.7 102.30656672549999
0.0052 152.6 102.23956831899999
0.00521 152.6 102.241094319
0.00523 152.6 102.24033131899999
0.00524 152.6 102.241857319
0.00526 152.6 102.241094319
0.00528 152.6 102.242620319
0.00529 152.6 102.241857319
0.00531 152.6 102.243383319
0.00532 152.6 102.242620319
0.00534 152.6 102.24414631899998
0.00536 152.6 102.243383319
0.00537 152.6 102.24490931899999
0.00539 152.6 102.24414631899998
0.00541 152.6 102.245672319
0.00542 152.6 102.245672319
0.00544 152.6 102.246435319
0.00546 152.6 102.24796131900001
0.00547 152.6 102.24719908200001
0.00549 152.6 102.24872508199999
0.00551 152.6 102.247962082
0.00552 152.6 102.249488082
0.00554 152.6 102.24872508199999
0.00556 152.6 102.25025108199999
0.00558 152.6 102.249488082
0.00559 152.6 102.250251082
0.00561 152.6 102.251777082
0.00563 152.6 102.251014082
0.00564 152.6 102.252540082
0.00566 152.6 102.251777082
0.00568 152.6 102.253303082
0.0057 152.6 102.252540082
0.00571 152.6 102.253303082
0.00573 152.6 102.254829082
0.00575 152.6 102.25406608200001
0.00577 152.6 102.255592082
0.00578 152.6 102.254829082
0.0058 152.6 102.25559208199999
0.00582 152.6 102.257118082
0.00584 152.6 102.256355082
0.00586 152.6 102.257881082
0.00588 152.6 102.258644082
0.00589 152.6 102.257881845
0.00591 152.6 102.259407845
0.00593 152.6 102.258644845
0.00595 152.6 102.259407845
0.00597 152.5 102.1939214375
0.00598 152.5 102.19315893749999
0.006 152.5 102.1939214375
0.00602 152.5 102.1954464375
0.00604 152.5 102.19468393749999
0.00606 152.5 102.1954464375
0.00608 152.5 102.19697143750001
0.00609 152.5 102.1962089375
0.00611 152.5 102.1969714375
0.00613 152.5 102.19849643749998
0.00615 152.5 102.1977339375
0.00617 152.5 102.19849643749998
0.00619 152.5 102.2000214375
0.00621 152.5 102.2007839375
0.00623 152.5 102.2000214375
0.00625 152.5 102.2015464375
0.00627 152.5 102.20230969999999
0.00629 152.5 102.20154720000001
0.00631 152.5 102.20230969999999
0.00633 152.5 102.20383469999999
0.00634 152.5 102.20459719999998
0.00636 152.5 102.20383469999999
0.00638 152.5 102.20459719999998
0.0064 152.5 102.2061222
0.00642 152.5 102.2068847
0.00644 152.5 102.2061222
0.00646 152.5 102.2068847
0.00648 152.5 102.20840969999999
0.0065 152.5 102.20917219999998
0.00652 152.5 102.20840969999999
0.00654 152.5 102.20917219999998
0.00656 152.5 102.2106972
0.00658 152.5 102.21145969999999
0.0066 152.5 102.2106972
0.00662 152.5 102.21145969999999
0.00664 152.5 102.2129854625
0.00666 152.4 102.14672255400001
0.00668 152.4 102.14596055400003
0.00671 152.4 102.14824655400001
0.00673 152.4 102.149008554
0.00677 152.4 102.149008554
0.00681 152.4 102.15129455400003
0.00682 152.4 102.15053255400002
0.00686 152.4 102.152818554
0.00688 152.4 102.153580554
0.00691 152.4 102.15434255400001
0.00693 152.4 102.15510455400002
0.00697 152.4 102.15510531600002
0.00699 152.4 102.155867316
0.00703 152.4 102.158153316
0.00706 152.4 102.158153316
0.00709 152.4 102.158915316
0.00711 152.4 102.15967731600001
0.00713 152.4 102.16043931600001
0.00715 152.4 102.161201316
0.00718 152.4 102.16272531599999
0.0072 152.4 102.163487316
0.00722 152.4 102.16424931600001
0.00726 152.3 102.09873540700002
0.0073 152.3 102.09873616850001
0.00734 152.3 102.1002591685
0.00736 152.3 102.1017821685
0.0074 152.3 102.10330516850001
0.00742 152.3 102.10406666850001
0.00745 152.3 102.1048281685
0.00747 152.3 102.10558966849999
0.0075 152.3 102.1063511685
0.00754 152.3 102.1078741685
0.00759 152.3 102.10863566850001
0.00763 152.3 102.11092093
0.00765 152.3 102.11168243
0.00769 152.3 102.11320543000002
0.00771 152.3 102.11396693000002
0.00775 152.3 102.11548993000002
0.00778 152.3 102.11625143
0.0078 152.3 102.11701293000002
0.00783 152.3 102.11701293000002
0.00788 152.2 102.05148502
0.0079 152.2 102.05224602000001
0.00795 152.2 102.055290781
0.00798 152.2 102.056051781
0.00803 152.2 102.056812781
0.00808 152.2 102.059856781
0.0081 152.2 102.06061778099999
0.00815 152.2 102.062139781
0.00818 152.2 102.06442278100002
0.00823 152.2 102.06518454199998
0.00828 152.2 102.068228542
0.00831 152.2 102.068989542
0.00836 152.2 102.069750542
0.00839 152.1 102.004969131
0.00844 152.1 102.00725063099999
0.00847 152.1 102.008011131
0.00852 152.1 102.0102933915
0.00857 152.1 102.0110538915
0.0086 152.1 102.0133353915
0.00865 152.1 102.01409589149999
0.00868 152.1 102.0163773915
0.00873 152.1 102.01865889149998
0.00879 152.1 102.01942015199998
0.00882 152.1 102.021701652
0.00887 152.0 101.95690623999998
0.0089 152.0 101.95690623999998
0.00896 152.0 101.95918624
0.00901 152.0 101.96146700000001
0.00904 152.0 101.96374700000001
0.0091 152.0 101.9660194
0.00916 152.0 101.96829939999999
0.00918 152.0 101.96829939999999
0.00924 152.0 101.9720994
0.00927 152.0 101.97210015999998
0.00933 152.0 101.97438016
0.00939 151.9 101.911089252
0.00942 151.9 101.911089252
0.00947 151.9 101.914886752
0.00951 151.9 101.9148875115
0.00957 151.9 101.9186850115
0.00963 151.9 101.9202040115
0.00966 151.9 101.9224825115
0.00972 151.9 101.92400151150001
0.00975 151.9 101.92552127100001
0.00981 151.8 101.86221586200003
0.00987 151.8 101.863733862
0.0099 151.8 101.86525186200001
0.00996 151.8 101.869046862
0.01 151.8 101.87056562100001
0.01006 151.8 101.87208362100002
0.01012 151.8 101.875119621
0.01015 151.8 101.87663762100001
0.01022 151.8 101.88043338
0.01025 151.7 101.81483546999999
0.01032 151.7 101.81862796999998
0.01038 151.7 101.82166197000001
0.01041 151.7 101.82317896999999
0.01048 151.7 101.8262137285
0.01051 151.7 101.82773072849999
0.01058 151.7 101.83076472849999
0.01064 151.6 101.76591231799999
0.01067 151.6 101.767429076
0.01074 151.6 101.77046107599999
0.01077 151.6 101.77349307600001
0.01084 151.6 101.776525076
0.01091 151.6 101.778799834
0.01094 151.6 101.78031583399999
0.01101 151.6 101.784863834
0.01105 151.5 101.7192384225
0.01112 151.5 101.72302668
0.01118 151.5 101.72529918000001
0.01122 151.5 101.72832918
0.01129 151.5 101.73135993749999
0.01132 151.5 101.7321174375
0.0114 151.5 101.73590493749998
0.01147 151.4 101.67329452499999
0.0115 151.4 101.67556628200002
0.01157 151.4 101.67783728200001
0.01161 151.4 101.68086528200001
0.01168 151.4 101.684650282
0.01175 151.4 101.688436039
0.01179 151.4 101.689193039
0.01186 151.3 101.62580962550001
0.0119 151.3 101.628836382
0.01198 151.3 101.631862382
0.01205 151.3 101.637157882
0.01209 151.3 101.63791513849999
0.01216 151.3 101.6439671385
0.0122 151.2 101.579054724
0.01228 151.2 101.58283547999999
0.01236 151.2 101.58737147999999
0.01239 151.2 101.58812747999998
0.01247 151.2 101.593420236
0.01251 151.2 101.595688236
0.01259 151.1 101.5330283205
0.01267 151.1 101.53756207600001
0.01271 151.1 101.53982857599999
0.01278 151.1 101.54285057599999
0.01282 151.1 101.5466288315
0.0129 151.0 101.483953915
0.01298 151.0 101.48848391499999
0.01302 151.0 101.49074967
0.0131 151.0 101.49527967
0.01314 151.0 101.49754466999998
0.01322 150.9 101.4341010075
0.01331 150.9 101.44013700750001
0.01335 150.9 101.442401262
0.01342 150.9 101.446928262
0.01347 150.9 101.44843726200001
0.01355 150.8 101.387241098
0.01363 150.8 101.391011098
0.01375 150.8 101.400059852
0.01379 150.8 101.40307585200001
0.01392 150.7 101.34336818649999
0.014 150.7 101.3471356865
0.01412 150.7 101.35617844000001
0.01421 150.6 101.294193273
0.01429 150.6 101.29795827299999
0.01441 150.6 101.30699502599998
0.01454 150.5 101.24649935750001
0.01462 150.5 101.25327185750001
0.01474 150.5 101.26079761
0.01486 150.4 101.20178744
0.0149 150.4 101.20404344
0.01502 150.4 101.21231619199999
0.0151 150.3 101.149529769
0.0152 150.3 101.1555425205
0.01532 150.3 101.16531277200001
0.01542 150.2 101.10476359899998
0.01548 150.2 101.10926959899999
0.01562 150.2 101.11828234999999
0.01571 150.1 101.0569646755
0.01584 150.1 101.066721926
0.01598 150.0 101.00838900000001
0.01607 150.0 101.01513974999999
0.0162 149.9 100.95829007299999
0.01634 149.9 100.9672848225
0.01643 149.9 100.974780572
0.01657 149.8 100.917156893
0.01671 149.8 100.926894642
0.0168 149.7 100.86625671299998
0.01694 149.7 100.87673646149999
0.01708 149.6 100.819824028
0.01718 149.6 100.826556028
0.01731 149.5 100.769624345
0.01746 149.5 100.7808375925
0.01755 149.4 100.72014940800001
0.01769 149.4 100.73135515500002
0.01784 149.3 100.675129469
0.01794 149.3 100.68333425050001
0.01808 149.2 100.62783406800001
0.01822 149.2 100.63827881399999
0.01832 149.1 100.57828262999999
0.01846 149.1 100.58946587550001
0.01861 149.0 100.53392293499999
0.01871 149.0 100.542862935
0.01885 148.9 100.48580899250001
0.019 148.8 100.431716304
0.0191 148.8 100.43990104800001
0.01924 148.7 100.38504135799998
0.01939 148.7 100.3976816015
0.01949 148.6 100.33833841
0.01969 148.6 100.35394289599999
0.01984 148.5 100.3005182025
0.01994 148.4 100.240396508
0.02009 148.4 100.25449525
0.0202 148.3 100.19583705400002
0.02035 148.3 100.208444037
0.0205 148.2 100.154211339
0.02071 148.1 100.1058853805
0.02086 148.0 100.05087341999999
0.02102 148.0 100.06493415999999
0.02112 147.9 100.00767645750001
0.02128 147.8 99.954100493
0.02144 147.8 99.96814223199999
0.02155 147.7 99.91010602649999
0.0217 147.6 99.85796155799999
0.02186 147.6 99.87272229599998
0.02197 147.5 99.81390858750001
0.02213 147.4 99.760979615
0.02229 147.4 99.77719508900002
0.02256 147.2 99.66830966399999
0.02273 147.1 99.61604718549998
0.023 147.0 99.57478944
0.02317 146.9 99.52247745700002
0.02344 146.8 99.481154472
0.02361 146.7 99.43025998499999
0.02388 146.6 99.390330899
0.02405 146.5 99.33938291249999
0.02433 146.3 99.233028202
0.0245 146.2 99.18128321
0.02479 146.1 99.14339644649999
0.02496 146.0 99.09305795
0.02525 145.8 98.98793495100001
0.02542 145.8 99.00543240900001
0.02571 145.6 98.90092867199999
0.02589 145.5 98.85264616500001
0.02618 145.3 98.74655564500002
0.02637 145.2 98.698198632
0.02666 145.1 98.66214956799999
0.02685 145.0 98.61590505
0.02715 144.8 98.511742008
0.02733 144.7 98.46396848399998
0.02764 144.5 98.36255743
0.02795 144.3 98.261050368
0.0282 144.2 98.22179755499998
0.02851 144.0 98.12156328
0.02883 143.8 98.021955926
0.0292 143.6 97.928708562
0.0294 143.5 97.8827570175
0.02971 143.3 97.78431313899999
0.03002 143.1 97.684331535
0.03022 143.0 97.63895069499999
0.03049 142.8 97.53523957799999
0.03069 142.7 97.49119872999998
0.03104 142.5 97.3958893125
0.03131 142.3 97.29334817350001
0.03159 142.1 97.1907110265
0.03201 141.9 97.10500800000001
0.03236 141.6 96.94431954
0.03258 141.5 96.90273679250001
0.03293 141.3 96.81098850000001
0.03315 141.1 96.70148105499997
0.03351 140.9 96.610205545
0.03389 140.6 96.45231706
0.03418 140.4 96.35232204
0.0347 140.1 96.21369531449999
0.03493 139.9 96.10713028050002
0.03531 139.7 96.01863054299997
0.03576 139.4 95.874473062
0.03623 139.0 95.659143225
0.03653 138.8 95.562456416
0.03685 138.6 95.46841665900001
0.03716 138.4 95.371489824
0.03748 138.2 95.27789306099999
0.03812 137.7 95.02062858
0.03877 137.2 94.764793228
0.03909 137.0 94.67186144499999
0.03976 136.5 94.4198584875
0.0401 136.3 94.32853719100001
0.04069 135.8 94.06603362800001
0.04112 135.5 93.91920985000002
0.04173 135.1 93.729777974
0.04199 134.9 93.62879382599999
0.04252 134.5 93.42784663500001
0.04324 133.9 93.115515493
0.04397 133.3 92.80358730150002
0.04425 133.1 92.70561409999999
0.04499 132.6 92.46675890399999
0.04546 132.2 92.25723477599999
0.04622 131.6 91.951047972
0.04652 131.4 91.85532965100002
0.0473 130.7 91.48298141
0.04779 130.3 91.27662760200002
0.0486 129.7 90.97889832249999
0.04953 128.9 90.55760708400001
0.05027 128.4 90.31741321800001
0.05113 127.6 89.885488748
0.05146 127.4 89.796205135
0.05235 126.6 89.36654880599998
0.05325 125.9 89.01092733600001
0.05417 125.1 88.5860840925
0.05475 124.7 88.39200008700001
0.05532 124.2 88.12639566
0.05609 123.5 87.7464332225
0.057 122.8 87.39032159599999
0.05764 122.2 87.061103441
0.05803 121.9 86.90832463000001
0.05889 121.2 86.54139105600001
0.05978 120.4 86.106229006
0.06061 119.7 85.73250895650001
0.06119 119.2 85.463209612
0.06214 118.4 85.03469233599999
0.06277 117.9 84.77169165
0.06341 117.4 84.51023033599999
0.06412 116.8 84.18696091999999
0.06478 116.2 83.85327353199999
0.06551 115.6 83.531871602
0.06597 115.2 83.311388352
0.06658 114.7 83.04156353400002
0.06706 114.3 82.825130133
0.06778 113.6 82.425262632
0.06864 112.9 82.0443933075
0.06906 112.6 81.888886539
0.06971 112.0 81.54886936
0.07053 111.3 81.16108246050001
0.07145 110.5 80.7130967825
0.07229 109.8 80.324244351
0.07278 109.4 80.103290999
0.07342 108.9 79.829773353
0.07416 108.3 79.49555242650001
0.07466 107.8 79.19969465099999
0.07514 107.4 78.97510626900001
0.07583 106.9 78.7047364185
0.07665 106.2 78.30567261
0.07716 105.8 78.082694273
0.07776 105.2 77.72300925
0.07865 104.5 77.33021997249999
0.07953 103.8 76.933693563
0.08011 103.3 76.642145816
0.08068 102.8 76.349324074
0.08106 102.5 76.1777745
0.08163 102.0 75.88320447000001
0.08211 101.7 75.7230868125
0.08258 101.3 75.4890907445
0.08333 100.7 75.14168998150001
0.08389 100.2 74.842254237
0.08464 99.6 74.491732914
0.0852 99.15 74.22757221825002
0.08557 98.85 74.05093161824999
0.08641 98.18 73.65704877350001
0.08705 97.66 73.3489844616
0.08789 96.99 72.9515221791
0.08863 96.41 72.60737125374999
0.08904 96.07 72.40320497604999
0.08964 95.6 72.1226237
0.09038 95.02 71.77535527059999
0.09106 94.48 71.4496747172
0.09157 94.09 71.21592170545
0.09239 93.45 70.82919723075001
0.09285 93.09 70.61081530725001
0.09349 92.59 70.30611100339999
0.09395 92.24 70.094324388
0.0945 91.82 69.8389976367
0.09524 91.25 69.49034432500001
0.09561 90.97 69.31897716369998
0.09635 90.41 68.97591725139999
0.09718 89.78 68.5873344865
0.09788 89.25 68.25966779625
0.09839 88.87 68.02549662065002
0.09904 88.38 67.72115555639999
0.09951 88.03 67.50316636059999
0.10016 87.55 67.20428658025
0.10044 87.34 67.07323293329999
0.1011 86.85 66.7668780855
0.10185 86.3 66.4208998545
0.10223 86.02 66.24541315809999
0.10289 85.54 65.9425114166
0.10365 84.98 65.58817330660001
0.10427 84.54 65.31032067270002
0.1046 84.3 65.15780511
0.10517 83.88 64.8906613758
0.10565 83.54 64.67443957050001
0.10623 83.13 64.4123378058
0.10661 82.85 64.232685365
0.10729 82.38 63.93258769829999
0.10806 81.83 63.57779926995
0.10893 81.22 63.1847168599
0.1095 80.82 62.92610326169999
0.11036 80.23 62.544998579449995
0.1112 79.65 62.167764471750004
0.11175 79.27 61.91915885859999
0.11255 78.72 61.558859731199995
0.11317 78.3 61.2840902535
0.11369 77.95 61.05344380325
0.1141 77.67 60.869499387750004
0.11472 77.25 60.592139085
0.11554 76.7 60.228666563000004
0.11611 76.32 59.977241985599996
0.11669 75.94 59.7249695941
0.11741 75.46 59.40522849799999
0.11799 75.08 59.1511612178
0.11847 74.77 58.94397057475
0.11909 74.36 58.6691223976
0.11968 73.98 58.41373096710001
0.12037 73.54 58.118936304200005
0.12117 73.03 57.774723863800006
0.12208 72.44 57.3743083856
0.12289 71.93 57.02833167210001
0.12354 71.52 56.749443213599996
0.12435 71.01 56.40127850835001
0.12501 70.6 56.12085568199999
0.12567 70.19 55.83955658495
0.12611 69.92 55.654505226400005
0.12678 69.51 55.372339204350006
0.12766 68.97 54.99947921654999
0.12822 68.63 54.76442064915
0.12861 68.39 54.597898124
0.12929 67.99 54.32076993654999
0.13019 67.44 53.937726324
0.1307 67.14 53.7290505387
0.13121 66.84 53.5187559168
0.13201 66.36 53.182265043600005
0.13253 66.06 52.972599399299995
0.13333 65.59 52.642026333400004
0.13409 65.15 52.3319531465
0.13455 64.88 52.14107087119999
0.13531 64.44 51.82910939879999
0.13596 64.07 51.56748271199999
0.13637 63.84 51.40348058160001
0.13713 63.4 51.090191331999996
0.13761 63.13 50.897615550000005
0.1382 62.8 50.6624399
0.13862 62.56 50.489851896000005
0.13934 62.16 50.203536432
0.13988 61.86 49.988255634
0.14036 61.59 49.793618028000004
0.14096 61.26 49.555483683
0.14145 60.99 49.360997056500004
0.14199 60.7 49.152289355
0.14266 60.33 48.883703727000004
0.1434 59.93 48.59347339599999
0.14431 59.44 48.237946515999994
0.14499 59.08 47.975432498
0.14591 58.59 47.617701295500005
0.14659 58.23 47.35385882999999
0.14702 58.0 47.185175
0.14764 57.68 46.9502222
0.14856 57.2 46.5970076
0.14918 56.88 46.36121004
0.14973 56.59 46.14642868000001
0.15021 56.35 45.9693157
0.15116 55.86 45.605500500000005
0.15175 55.56 45.38310258
0.15268 55.09 45.033403135
0.15328 54.79 44.80967276
0.15422 54.32 44.45844844
0.15487 54.0 44.219060999999996
0.15528 53.79 44.061056490000006
0.15597 53.46 43.81426566
0.15692 52.99 43.46038438
0.15733 52.79 43.309364715
0.15801 52.46 43.06024343000001
0.15869 52.14 42.819114690000006
0.15923 51.88 42.622351220000006
0.15984 51.58 42.394530440000004
0.16045 51.29 42.17448475
0.16106 51.0 41.953977
0.16208 50.53 41.597079215
0.1629 50.14 41.298939149999995
0.16359 49.82 41.054395189999994
0.16469 49.31 40.663861325000006
0.16573 48.84 40.303256399999995
0.16635 48.55 40.080064099999994
0.16739 48.09 39.72690855
0.16816 47.74 39.45648938000001
0.16916 47.3 39.116863499999994
0.1698 47.01 38.892172169999995
0.17044 46.73 38.67533682
0.1715 46.26 38.31033465
0.17214 45.99 38.100852405000005
0.1728 45.7 37.87531455
0.17346 45.42 37.65699528
0.17433 45.04 37.36054488
0.1752 44.67 37.071856350000004
0.17565 44.49 36.930993285
0.17653 44.11 36.633332945
0.17698 43.93 36.49269493
0.17787 43.56 36.20247642
0.17831 43.37 36.053090669999996
0.1792 43.01 35.770535294999995
0.1798 42.76 35.573412319999996
0.1807 42.39 35.281430145
0.1816 42.03 34.99749837
0.18282 41.54 34.610047959999996
0.18404 41.06 34.23005907
0.18466 40.81 34.03174467
0.18589 40.33 33.65046474
0.18652 40.09 33.459735395
0.18777 39.6 33.0692274
0.18903 39.12 32.686050959999996
0.19031 38.64 32.30280816
0.19159 38.16 31.91820696
0.19289 37.68 31.533186240000003
0.19355 37.44 31.340518559999996
0.19486 36.96 30.95451744
0.19553 36.72 30.7609866
0.19685 36.24 30.37421172
0.19753 36.0 30.180222
0.19888 35.52 29.79197376
0.19956 35.29 29.606280824999995
0.20059 34.93 29.314705595000003
0.20163 34.57 29.022586670000003
0.20302 34.09 28.632787575000002
0.20442 33.62 28.250549799999998
0.20513 33.38 28.054855220000004
0.20656 32.91 27.671814029999997
0.20781 32.5 27.33726125
0.20907 32.09 27.001970050000004
0.21014 31.75 26.723594
0.21121 31.4 26.437120099999998
0.21228 31.07 26.1665326
0.21379 30.59 25.772319720000002
0.21529 30.13 25.394211795
0.2168 29.67 25.015845119999998
0.2183 29.22 24.644893109999998
0.21977 28.78 24.28200258
0.22124 28.35 23.926733775000002
0.22249 27.99 23.629311945
0.22501 27.27 23.033469149999995
0.22676 26.78 22.627104890000005
0.22852 26.29 22.220452594999998
0.23033 25.8 21.813384
0.23208 25.33 21.42246755
0.23385 24.87 21.039510165
0.23554 24.43 20.672775935
0.23723 24.0 20.314307999999997
0.23892 23.57 19.95539908
0.2406 23.16 19.612907040000003
0.24229 22.74 19.26143946
0.24571 21.93 18.583558755
0.24744 21.53 18.248472755
0.25094 20.74 17.58571562
0.2545 19.95 16.9221486
0.25631 19.57 16.602845525
0.25999 18.8 15.954761000000001
0.26187 18.42 15.635034150000001
0.26568 17.67 15.002837190000001
0.26761 17.3 14.6909351
0.27157 16.57 14.075162805000001
0.27562 15.84 13.458796559999998
0.2798 15.12 12.85051068
0.28409 14.42 12.259033220000001
0.28852 13.72 11.66722732
0.29308 13.04 11.09209132
0.2978 12.37 10.525206235
0.30268 11.71 9.966322450000002
0.30772 11.06 9.415765100000002
0.31255 10.47 8.915461515
0.317 9.956 8.479619782
0.32091 9.524 8.113014638
0.32421 9.174 7.816009476
0.32705 8.884 7.569825416000001
0.33008 8.583 7.314166526999999
0.3349 8.127 6.926751814500001
0.3383 7.818 6.664129652999999
0.34388 7.339 6.257022238499999
0.35006 6.843 5.8351800675000005
0.35647 6.363 5.4268786215
0.36316 5.9 5.032815050000001
0.37014 5.453 4.652363275
0.37372 5.238 4.469281596000001
0.37739 5.027 4.2895918835
0.38404 4.665 3.981246285
0.38957 4.385 3.74272905
0.39391 4.178 3.5663721350000004
0.39712 4.031 3.441099429
0.40045 3.885 3.316682775
0.40288 3.782 3.228899519
0.40636 3.639 3.1070418825
0.41053 3.475 2.9672486375000005
0.41476 3.317 2.8325421990000006
0.4191 3.162 2.70039543
0.42229 3.054 2.6083007669999994
0.42554 2.947 2.5170518555
0.43005 2.806 2.3968038259999997
0.43397 2.689 2.2970432929999998
0.43799 2.575 2.199804475
0.44173 2.472 2.1119532
0.44557 2.372 2.026628498
0.45317 2.187 1.8688275854999996
0.457 2.099 1.7937298360000005
0.46091 2.014 1.721177491
0.46477 1.933 1.65207711
0.46872 1.854 1.584647172
0.47289 1.774 1.5163735109999998
0.47716 1.696 1.4497908319999997
0.48475 1.567 1.3396713925000001
0.48997 1.485 1.2696690599999998
0.49304 1.438 1.2295331399999998
0.49644 1.389 1.187683896
0.49963 1.344 1.1492658240000002
0.50689 1.248 1.067292096
0.51369 1.164 0.995541264
0.52025 1.09 0.93233695
0.52667 1.021 0.8734032189999998
0.53299 0.959 0.8204374465000001
0.53919 0.9017 0.77149677425
0.5453 0.8489 0.7263799608
0.55131 0.8003 0.6848503226000001
0.55721 0.7555 0.6465689879999998
0.56301 0.7142 0.6112773521999999
0.56871 0.676 0.578622538
0.5743 0.6406 0.5483571232999999
0.57979 0.6079 0.52040525695
0.58517 0.5776 0.49449780000000004
0.59043 0.5496 0.47054828399999993
0.59556 0.5237 0.448397177
0.60053 0.5 0.428125
0.60526 0.4784 0.4096441128
0.60964 0.4594 0.39338858429999995
0.6135 0.4433 0.37960865085
0.61692 0.4296 0.3678877452
0.61949 0.4196 0.35932865599999997
0.62209 0.4098 0.350938377
0.62525 0.3981 0.3409268685
0.62747 0.3902 0.334163378
0.62972 0.3823 0.32739999965
0.63194 0.3747 0.32089701435
0.63419 0.3672 0.3144794436
0.63638 0.36 0.30831857999999995
0.6386 0.353 0.302332498
0.64074 0.3462 0.2965154532
0.64291 0.3396 0.2908747014
0.64501 0.3333 0.28549528095
0.64714 0.3271 0.2801994207
0.64918 0.3212 0.27516144039999996
0.65022 0.3182 0.27260273549999997
0.65225 0.3126 0.26782552049999997
0.65427 0.3071 0.2631380208
0.65625 0.3017 0.2585427201
0.65723 0.2991 0.2563266063
0.65821 0.2966 0.25420191979999995
0.6592 0.294 0.251991222
0.66014 0.2916 0.24995018880000003
0.66108 0.2892 0.2479148202
0.66203 0.2868 0.2458760778
0.66299 0.2844 0.2438412894
0.66388 0.2822 0.24197619969999998
0.66522 0.2789 0.23917864365
0.66612 0.2767 0.23731549045
0.66719 0.2742 0.23519861460000002
0.66843 0.2712 0.23266193759999998
0.66937 0.269 0.23080132750000001
0.66999 0.2675 0.22953439375
0.67094 0.2653 0.2276796641
0.67157 0.2639 0.2264993003
0.67222 0.2624 0.22523274560000003
0.67305 0.2605 0.22363052325000002
0.6736 0.2593 0.22262097779999998
0.67443 0.2574 0.2210204997
0.67526 0.2556 0.2195065962
0.67581 0.2544 0.21849754559999998
0.67637 0.2531 0.2174025229
0.67703 0.2517 0.21622754144999995
0.67777 0.2501 0.2148804178
0.67852 0.2485 0.21353791375000003
0.6789 0.2477 0.21286644440000002
0.67965 0.2461 0.21152331915000003
0.68033 0.2446 0.21026329660000004
0.68102 0.2432 0.20908888960000002
0.68148 0.2422 0.208249615
0.68194 0.2413 0.20749495585
0.68217 0.2408 0.2070746356
0.68263 0.2399 0.2063209571
0.68286 0.2394 0.20590051860000003
0.68332 0.2384 0.2050617864
0.68385 0.2373 0.20413803690000001
0.68439 0.2363 0.20330247725000003
0.68466 0.2357 0.20279910839999998
0.6852 0.2346 0.20187599790000002
0.68547 0.2341 0.20145744715
0.68574 0.2336 0.2010400144
0.68601 0.233 0.20053739150000002
0.68628 0.2325 0.20011867875
0.68655 0.2319 0.19961372249999998
0.68682 0.2314 0.199197219
0.68709 0.2309 0.19877938555
0.68736 0.2303 0.19827436685
0.68764 0.2298 0.19785757020000003
0.68804 0.229 0.1971869765
0.68845 0.2282 0.19651751069999998
0.68886 0.2274 0.1958489322
0.68927 0.2266 0.19517794449999998
0.68948 0.2262 0.19484472149999998
0.68969 0.2258 0.1945090876
0.68989 0.2254 0.1941757888
0.6901 0.225 0.19383907499999997
0.6903 0.2246 0.19350446689999998
0.69051 0.2243 0.19325609494999998
0.69072 0.2239 0.19292141989999997
0.69093 0.2235 0.19258570349999998
0.69127 0.2228 0.1920002394
0.69161 0.2222 0.1914998481
0.69196 0.2215 0.190913065
0.6923 0.2209 0.19041127155
0.69264 0.2202 0.1898255019
0.69299 0.2196 0.18932462639999997
0.69334 0.219 0.188823771
0.69368 0.2183 0.18823757955000003
0.69403 0.2177 0.18773860209999998
0.69438 0.2171 0.18723843775
0.69473 0.2164 0.1866508428
0.69508 0.2158 0.1861504827
0.69543 0.2152 0.18565121080000002
0.69578 0.2145 0.185065452
0.69613 0.2139 0.18456586095000002
0.69649 0.2133 0.1840640355
0.69675 0.2128 0.1836464
0.69702 0.2123 0.18322753184999999
0.69728 0.2118 0.1828097691
0.69755 0.2114 0.1824781546
0.69782 0.2109 0.1820602686
0.69809 0.2104 0.1816422124
0.69835 0.21 0.181309485
0.69862 0.2095 0.18089130850000001
0.69889 0.209 0.180475262
0.69916 0.2086 0.1801433095
0.69943 0.2081 0.17972400425
0.6997 0.2076 0.1793045352
0.69997 0.2072 0.17897355839999998
0.70024 0.2067 0.17855810505
0.70051 0.2062 0.1781394792
0.70078 0.2058 0.17780728980000002
0.70106 0.2053 0.17738751465
0.70133 0.2049 0.17705829045
0.7016 0.2044 0.1766393118
0.70187 0.204 0.176306898
0.70214 0.2035 0.175889934
0.70241 0.203 0.17547299700000002
0.70269 0.2026 0.1751392921
0.70296 0.2021 0.17472312980000002
0.70323 0.2017 0.17439143359999998
0.70351 0.2012 0.17397411899999998
0.70378 0.2008 0.17364230200000003
0.70406 0.2003 0.17322484810000002
0.70433 0.1999 0.17289281034999998
0.70461 0.1994 0.1724743201
0.70488 0.199 0.172144154
0.70516 0.1985 0.17172552600000002
0.70543 0.1981 0.17139324755000002
0.70571 0.1977 0.1710628905
0.70599 0.1972 0.170646034
0.70627 0.1968 0.17031357360000002
0.70655 0.1963 0.16989558885
0.70682 0.1959 0.1695649671
0.7071 0.1954 0.16914673989999998
0.70738 0.195 0.1688160825
0.70766 0.1946 0.1684841935
0.70794 0.1941 0.1680667257
0.70822 0.1937 0.16773587090000003
0.70851 0.1933 0.16740582195
0.70879 0.1928 0.1669882252
0.70907 0.1924 0.16665707239999997
0.70935 0.192 0.166325856
0.70963 0.1915 0.16590707825
0.70991 0.1911 0.165576684
0.71018 0.1907 0.16524717565
0.71046 0.1903 0.164914826835
0.71073 0.1899 0.16458423160500002
0.71101 0.1894 0.16416688196
0.71128 0.189 0.1638352926
0.71156 0.1886 0.16350353551
0.71184 0.1882 0.16317360627
0.71212 0.1878 0.16284265703999998
0.71239 0.1874 0.16251268032000002
0.71267 0.187 0.16218439875
0.71323 0.1862 0.16152397534
0.71351 0.1858 0.16119360487
0.71407 0.185 0.16049955275000002
0.71444 0.1845 0.160065770175
0.71481 0.184 0.15963198760000002
0.71519 0.1835 0.159198205025
0.71557 0.183 0.15876442245000003
0.71604 0.1823 0.15815712684500002
0.71652 0.1817 0.15763658775500003
0.71723 0.1807 0.15676902260500003
0.71795 0.1798 0.15598821397
0.71867 0.1788 0.15512064882
0.71939 0.1779 0.15433984018500002
0.71988 0.1772 0.15373254458000002
0.7206 0.1763 0.15295173594500003
0.72133 0.1753 0.15208417079500003
0.72182 0.1747 0.151563631705
0.72256 0.1737 0.150696066555
0.72329 0.1728 0.14991525792000002
0.72375 0.1722 0.14939471883000002
0.7242 0.1716 0.14887417974000003
0.72488 0.1707 0.148093371105
0.72557 0.1698 0.14731256247000002
0.72626 0.1689 0.14653175383500003
0.72695 0.1681 0.14583770171500002
0.72741 0.1675 0.14531716262500002
0.72811 0.1666 0.14453635399
0.72857 0.166 0.14401581490000004
0.72927 0.1651 0.14323500626500002
0.72997 0.1642 0.14245419763000003
0.73089 0.1631 0.14149987596500002
0.73155 0.1623 0.140805823845
0.7322 0.1615 0.14011177172500003
0.73264 0.1609 0.139591232635
0.7333 0.1601 0.13889718051500002
0.73396 0.1593 0.138203128395
0.7344 0.1588 0.13776934582000003
0.73507 0.1579 0.13698853718500004
0.73618 0.1566 0.13586070249
0.73685 0.1558 0.13516665037
0.73796 0.1544 0.13395205916000003
0.739 0.1532 0.13291098098
0.73963 0.1524 0.13221692886000003
0.74026 0.1517 0.13160963325500002
0.74132 0.1504 0.13048179856000003
0.74195 0.1497 0.12987450295500003
0.74302 0.1484 0.12874666826000003
0.74366 0.1477 0.12813937265500003
0.74473 0.1464 0.12701153796000003
0.74536 0.1457 0.126404242355
0.74642 0.1445 0.125363164175
0.74705 0.1438 0.12475586857000003
0.74812 0.1425 0.123628033875
0.74919 0.1413 0.12258695569500003
0.75006 0.1403 0.12171939054500003
0.75136 0.1389 0.12050479933500001
0.75249 0.1376 0.11937696464000001
0.75306 0.137 0.11885642555000002
0.75421 0.1357 0.11772859085500001
0.75536 0.1344 0.11660075616000001
0.75632 0.1334 0.11573319101000001
0.7571 0.1325 0.11495238237500002
0.75845 0.1311 0.113737791165
0.75941 0.13 0.11278346950000002
0.76005 0.1293 0.11217617389500001
0.76134 0.128 0.11104833920000001
0.76265 0.1266 0.10983374799000001
0.76339 0.1258 0.10913969587000001
0.76489 0.1242 0.10775159163000002
0.76565 0.1234 0.10705753951000001
0.76717 0.1218 0.10566943527000001
0.76871 0.1203 0.10436808754500002
0.77015 0.1188 0.10306673982000002
0.77088 0.1181 0.10245944421500001
0.77234 0.1166 0.10115809649000002
0.77308 0.1158 0.10046404437000002
0.77456 0.1144 0.09924945316000001
0.77595 0.113 0.09803486195000001
0.77736 0.1116 0.09682027074000002
0.77878 0.1102 0.09560567953000002
0.78021 0.1088 0.09439108832000001
0.78156 0.1075 0.09326325362500001
0.78292 0.1062 0.09213541893000002
0.78429 0.1049 0.09100758423500001
0.78568 0.1036 0.08987974954000001
0.78699 0.1024 0.08883867136000001
0.7883 0.1012 0.08779759318000001
0.78963 0.09999 0.08674783934850001
0.79097 0.09877 0.08568940986550001
0.79224 0.09763 0.08470038559450001
0.79351 0.09648 0.08370268567200001
0.7948 0.09533 0.08270498574950001
0.7961 0.09418 0.08170728582700001
0.79854 0.09204 0.07985069640600001
0.80102 0.0899 0.077994106985
0.80338 0.08788 0.07624162538200001
0.80578 0.08586 0.07448914377900001
0.80808 0.08395 0.0728320943425
0.81041 0.08204 0.07117504490600002
0.81264 0.08023 0.0696047519845
0.8149 0.07842 0.06803445906300001
0.81706 0.07672 0.06655959830800001
0.81926 0.075 0.06506738625000001
0.82136 0.07339 0.06367060635850001
0.8235 0.07176 0.062256475164000014
0.82554 0.07023 0.06092910048450001
0.82761 0.06869 0.059593050153500006
0.8296 0.06724 0.058335080686000004
0.83161 0.06578 0.05706843556700001
0.83354 0.0644 0.055871195660000005
0.8355 0.06301 0.054665280101500006
0.83738 0.0617 0.053528769755000004
0.83929 0.06038 0.05238358375700001
0.84111 0.05913 0.05129912731950001
0.84297 0.05788 0.05021467088200001
0.84474 0.05669 0.0491822683535
0.84655 0.0555 0.048149865825000006
0.84826 0.05438 0.047178192857000006
0.85 0.05325 0.04619784423750001
0.85167 0.05219 0.045278225178500005
0.85336 0.05112 0.044349930468
0.85498 0.0501 0.043465014015000004
0.85663 0.04908 0.042580097562000006
0.85821 0.04811 0.041738559366500005
0.85982 0.04713 0.040888345519500005
0.86136 0.04621 0.04009018558150001
0.86293 0.04528 0.039283349992000005
0.86443 0.04439 0.03851121700850001
0.86595 0.04351 0.03774775967650001
0.86741 0.04266 0.037010329299
0.8689 0.04181 0.036272898921500006
0.87033 0.04101 0.0355788468015
0.87178 0.0402 0.034876119030000007
0.87317 0.03943 0.0342080938645
0.87458 0.03865 0.033531393047500004
0.87593 0.03791 0.032889394836500004
0.87731 0.03717 0.032247396625500004
0.87863 0.03647 0.03164010102050001
0.87997 0.03576 0.031024129764000003
0.88126 0.03508 0.030434185462000003
0.88257 0.0344 0.029844241160000003
0.88382 0.03376 0.029288999464
0.88508 0.03312 0.028733757768000003
0.8863 0.0325 0.028195867375000006
0.88753 0.03189 0.027666652633500006
0.88871 0.0313 0.027154789195000004
0.88992 0.03071 0.026642925756500006
0.89107 0.03014 0.026148413621000004
0.89225 0.02958 0.025662577137000004
0.89338 0.02904 0.025194091956000003
0.89452 0.02849 0.024716931123500003
0.89563 0.02797 0.0242657972455
0.89674 0.02745 0.023814663367500002
0.89782 0.02696 0.023389556444000006
0.89891 0.02645 0.022947098217500003
0.89996 0.02598 0.022539342597000002
0.90103 0.0255 0.022122911325
0.90205 0.02504 0.021723831356000003
0.90309 0.02458 0.021324751387000004
0.90409 0.02414 0.020943022721000005
0.90511 0.02369 0.020552618403500002
0.90609 0.02327 0.020188241040500002
0.90708 0.02285 0.0198238636775
0.90803 0.02244 0.019468161966000003
0.909 0.02203 0.019112460254500002
0.90996 0.02163 0.018765434194500004
0.91093 0.02123 0.018418408134500002
0.91217 0.02072 0.017975949908000003
0.91362 0.02013 0.0174640864695
0.91453 0.01976 0.017143087364
0.91545 0.0194 0.016830763910000004
0.91633 0.01905 0.016527116107500003
0.91723 0.0187 0.016223468305000002
0.91809 0.01836 0.015928496154000004
0.91897 0.01802 0.015633524003000002
0.91981 0.0177 0.015355903155000003
0.92067 0.01737 0.015069606655500003
0.92149 0.01706 0.014800661459000001
0.92232 0.01675 0.014531716262500003
0.92313 0.01645 0.0142714467175
0.92394 0.01615 0.014011177172500004
0.92472 0.01587 0.0137682589305
0.92551 0.01558 0.013516665037000003
0.92627 0.01531 0.013282422446500002
0.92704 0.01503 0.013039504204500002
0.92778 0.01477 0.012813937265500001
0.92853 0.0145 0.012579694675000003
0.92925 0.01425 0.012362803387500003
0.92999 0.014 0.012145912100000001
0.9307 0.01375 0.011929020812500002
0.93142 0.01351 0.011720805176500001
0.93211 0.01327 0.011512589540500003
0.93281 0.01304 0.011313049556000002
0.93348 0.01281 0.011113509571500002
0.93417 0.01258 0.010913969587000001
0.93483 0.01237 0.010731780905500003
0.9355 0.01215 0.010540916572500001
0.93614 0.01194 0.010358727891000001
0.9368 0.01173 0.010176539209500002
0.93742 0.01153 0.010003026179500002
0.93806 0.01132 0.009820837498000001
0.93868 0.01113 0.0096560001195
0.9393 0.01093 0.009482487089500002
0.93991 0.01075 0.0093263253625
0.94052 0.01056 0.009161487984
0.9411 0.01038 0.009005326257000002
0.94169 0.0102 0.008849164530000002
0.94226 0.01003 0.008701678454500001
0.94283 0.009853 0.008548119422950001
0.94339 0.009687 0.00840410360805
0.94396 0.00952 0.008259220228000002
0.9445 0.00936 0.008120409804
0.94505 0.009198 0.0079798642497
0.94558 0.009044 0.007846259216600001
0.94612 0.008889 0.0077117866183500005
0.94664 0.00874 0.007582519411000001
0.94717 0.00859 0.007452384638500001
0.94768 0.008446 0.007327455256900001
0.94819 0.008301 0.007201658310150001
0.94869 0.008163 0.007081934319450001
0.94919 0.008023 0.006960475198450002
0.94968 0.007889 0.006844221468350001
0.95017 0.007755 0.006727967738250001
0.95065 0.007626 0.006616051833900001
0.95113 0.007496 0.006503268364400001
0.95159 0.007371 0.006394822720650001
0.95206 0.007246 0.0062863770769
0.95252 0.007126 0.006182269258900001
0.95298 0.007004 0.006076426310600001
0.95342 0.006889 0.005976656318350001
0.95387 0.006774 0.005876886326100001
0.9543 0.006663 0.00578058659445
0.95473 0.006551 0.005683419297650001
0.95515 0.006444 0.005590589826600001
0.95558 0.006336 0.0054968927904
0.95641 0.006128 0.0053164392392
0.95722 0.005927 0.0051420586440500005
0.95802 0.005733 0.004973751004950001
0.95879 0.005546 0.004811516321900001
0.95955 0.005365 0.004654487029750001
0.9603 0.00519 0.004502663128500001
0.96103 0.00502 0.004355177053000001
0.96174 0.004857 0.004213763933550001
0.96244 0.004699 0.00407668863985
0.96313 0.004543 0.003941348476450001
0.9636 0.00444 0.0038519892660000008
0.96388 0.004378 0.0037982002267000006
0.96455 0.004232 0.0036715357148
0.96521 0.00409 0.0035483414635000005
0.96585 0.003953 0.0034294850379500003
0.96647 0.003822 0.0033158340033
0.96708 0.003695 0.00320565322925
0.96768 0.003573 0.0030998102809500004
0.96826 0.003454 0.0029965700281000002
0.96883 0.00334 0.0028976676010000007
0.96939 0.003229 0.0028013678693500003
0.96994 0.003122 0.0027085383983000005
0.97048 0.003018 0.0026183116227000004
0.971 0.002918 0.0025315551077000004
0.97152 0.002821 0.0024474012881500005
0.97202 0.002727 0.0023658501640500002
0.97251 0.002636 0.0022869017354
0.97299 0.002549 0.0022114235673500004
0.97346 0.002465 0.0021385480947500005
0.97392 0.002384 0.0020682753176
0.97437 0.002305 0.0019997376707500004
0.9748 0.00223 0.0019346702845000005
0.97523 0.002157 0.0018713380285500002
0.97565 0.002086 0.0018097409029000004
0.97606 0.002018 0.0017507464727
0.97646 0.001952 0.0016934871728000003
0.97686 0.001888 0.0016379630032000003
0.97724 0.001826 0.0015841739639
0.97763 0.001765 0.0015312524897500002
0.978 0.001707 0.0014809337110500002
0.97837 0.001651 0.0014323500626500002
0.97872 0.001597 0.00138550154455
0.97908 0.001544 0.0013395205916000002
0.97942 0.001493 0.0012952747689500001
0.97976 0.001444 0.0012527640766000002
0.98009 0.001397 0.0012119885145500003
0.98042 0.001351 0.0011720805176500002
0.98073 0.001307 0.0011339076510500001
0.98105 0.001264 0.0010966023496000001
0.98135 0.001223 0.0010610321784500002
0.98166 0.001183 0.0010263295724500002
0.98195 0.001145 0.0009933620967500002
0.98223 0.001108 0.0009612621862000001
0.98251 0.001073 0.00093089740595
0.9828 0.001038 0.0009005326257000002
0.98292 0.001023 0.0008875191484500001
0.9831 0.001 0.0008675651500000001
0.98338 0.0009674 0.0008392825261100001
0.9854166666666667 0.0007546 0.0005426518495189288
0.990176724137931 0.0003045 0.00019569964713597892
0.993271551724138 0.0001142 6.164869619405965e-05
0.9942816091954023 4.078e-05 1.7631235464234195e-05
0.9969439655172414 1.397e-05 4.621076903642719e-06
0.9978333333333333 6.131e-06 1.5967229627922722e-06
0.9980919540229886 4.649e-06 1.1050573911372767e-06
0.9981738505747126 4.239e-06 9.7620605634127e-07
0.9982543103448276 3.864e-06 8.614572033703571e-07
0.9983318965517242 3.523e-06 7.596180461080045e-07
0.9984094827586207 3.212e-06 6.686048679310003e-07
0.9984841954022988 2.928e-06 5.880511196026547e-07
0.9985574712643678 2.669e-06 5.166713555877438e-07
0.9986294540229885 2.434e-06 4.534262767461745e-07
0.9986997126436782 2.219e-06 3.9718580836092155e-07
0.9987682471264367 2.023e-06 3.474568207454016e-07
0.9988353448275863 1.844e-06 3.045443229349603e-07
0.9989008620689656 1.682e-06 2.65284650846491e-07
0.9989649425287356 1.535e-06 2.3062848130831686e-07
0.9990274425287357 1.4e-06 1.9998668734126717e-07
0.9990886494252873 1.278e-06 1.7309605914036644e-07
0.9991482758620689 1.167e-06 1.4939959486447207e-07
0.9992066091954024 1.066e-06 1.3062953312608204e-07
0.9992633620689656 9.735e-07 1.1238072172966757e-07
0.9993188218390805 8.899e-07 9.601860071503857e-08
0.9993729885057471 8.139e-07 8.163071568387545e-08
0.9994255747126436 7.447e-07 6.907818985583537e-08
0.999476867816092 6.82e-07 5.806996596501464e-08
0.9995270114942529 6.249e-07 4.849443215613833e-08
0.9995752873563218 5.732e-07 3.932326047588576e-08
0.9996224137931033 5.262e-07 3.226584579053455e-08
0.9996682471264368 4.838e-07 2.6031172329975216e-08
0.9997125 4.454e-07 2.073390781930689e-08
0.999755316091954 4.109e-07 1.6199848880153233e-08
0.9997966954022989 3.809e-07 1.2129342266664839e-08
0.9998363505747127 3.554e-07 8.586397594376212e-09
0.9998608620689655 2.2414387000000003e-07 6.366655596147459e-09
0.9998752298850575 2.21259618e-07 4.905347060777151e-09
0.9998895977011495 2.1865778000000002e-07 3.6449684490202587e-09
0.9999039655172415 2.16781006e-07 2.5423447359681167e-09
0.9999183333333334 2.15136346e-07 1.7270009963467285e-09
0.9999327011494253 2.131443776e-07 1.137994021919628e-09
0.9999470689655173 2.10745117e-07 7.35469943540352e-10
0.9999614367816092 2.0835717400000001e-07 4.5998007306542676e-10
0.9999758045977012 2.052712368e-07 2.8229823978744603e-10
0.9999901709770115 2.009538628e-07 1.7950846894719361e-10
1.0000045387931034 1.9486561102e-07 1.2382929259382265e-10
1.0000189080459772 1.8813657368e-07 8.766190634340751e-11
1.000033275862069 1.8109104134e-07 6.40484888741282e-11
1.000054827586207 1.6954078022000002e-07 4.29757555629359e-11
1.0000763793103449 1.5793472391e-07 2.9840584523414144e-11
1.0001122988505748 1.37316194512e-07 1.9794088342743274e-11
1.000148275862069 1.17722447518e-07 1.4299236134174692e-11
1.0001841954022987 9.98346602218e-08 1.090501494520093e-11
1.0002201149425287 8.38517703724e-08 8.558618399202922e-12
1.0002560344827585 6.97565273792e-08 6.876453005645965e-12
1.0002919540229884 5.74818030818e-08 5.5745599468615075e-12
1.0003637931034481 3.851039460892e-08 3.714712720026569e-12
1.000435632183908 2.5450901669040004e-08 2.4875456658917303e-12
1.0005074712643678 1.662323687958e-08 1.6755230820325473e-12
1.0005793103448275 1.073813358626e-08 1.1369976751909664e-12
1.000642959770115 4.067226890756303e-09 6.17734971770176e-13
1.0006968390804598 2.6537313432835822e-09 4.4669545001660577e-13
1.0007456896551725 1.8265582655826559e-09 3.3377615410162734e-13
1.0008189655172415 1.0666666666666667e-09 2.175357024244437e-13
1.0008979885057472 6.147368421052631e-10 1.3932248422451013e-13
1.001 3.113553113553114e-10 8.087014280969778e-14
1.0011091954022988 1.5530546623794213e-10 4.832281634008635e-14
1.0011666666666668 1.095166163141994e-10 3.8525406841580866e-14
1.0012040229885057 8.76453488372093e-11 3.4041846562603785e-14
1.0012564655172413 6.418219461697722e-11 3.0056459647957486e-14
1.0012923850574713 5.2034689793195463e-11 2.8395881766854864e-14
1.001330459770115 4.1752577319587627e-11 2.7565592826303552e-14
1.0013606321839081 3.538268506900878e-11 2.7233477250083027e-14
1.0013864942528736 3.092024539877301e-11 2.7897708402524076e-14
1.0014655172413793 2.1264367816091956e-11 1.227167054134839e-13
1.001522988505747 1.6813186813186812e-11 2.82298239787446e-13
1.0016091954022988 1.2061855670103093e-11 4.931916306874792e-13
1.0016954022988507 8.766990291262136e-12 5.679176353370973e-13
1.0017887931034484 6.301369863013698e-12 6.077715044835603e-13
1.0018951149425288 4.345594525235244e-12 5.695782132181999e-13
1.0020790229885057 2.336160370084811e-12 4.63301228827632e-13
1.002257183908046 1.2878254750175933e-12 3.852540684158087e-13
1.0024238505747127 7.482108002602472e-13 3.2713384257721686e-13
1.002587643678161 4.4094488188976375e-13 2.856193955496513e-13
1.0027456896551725 2.657580919931857e-13 2.524078379275988e-13
1.0028922413793104 1.6639828234031133e-13 2.241780139488542e-13
1.0030775862068966 8.985943775100403e-14 1.9096645632680172e-13
1.0032514367816092 4.827259820160909e-14 1.6340086350049816e-13
1.0033864942528736 2.7820570910738558e-14 1.4762537363002324e-13
1.0034841954022988 1.7406593406593406e-14 1.355031550979741e-13
1.003551724137931 1.1800172265288544e-14 1.2504151444702757e-13
