0
200	105.658389	100000000000000.1
5	0	0	1
5	0	0	0
4.729151094994482	-2.044495690718537
4.86703099578106	-1.302990091654779
5.004910896567638	-0.9832574972017681
5.142790797354215	-0.7797451004500283
5.280670698140793	-0.6396574933184204
5.418550598927371	-0.5329811442276071
5.556430499713948	-0.4482968488824098
5.694310400500526	-0.3795941858197345
5.832190301287103	-0.3229940581991508
5.970070202073681	-0.2758163320785411
6.107950102860259	-0.2361582340471047
6.245830003646836	-0.2026431697082321
6.383709904433414	-0.1741457661972181
6.521589805219992	-0.1498850699600738
6.659469706006569	-0.1291367773919675
6.797349606793147	-0.1113491440040908
6.935229507579725	-0.0960942749554213
7.073109408366302	-0.08295699987173413
7.21098930915288	-0.07168869442213695
7.348869209939457	-0.06197606604490786
7.486749110726035	-0.05359274562103759
7.624629011512613	-0.04638047755523434
7.76250891229919	-0.04014110478662383
7.900388813085768	-0.03476919827531009
8.038268713872345	-0.03010062217308174
8.176148614658922	-0.02610318853720832
8.3140285154455	-0.02263892247452759
8.451908416232078	-0.01963420005692566
8.589788317018655	-0.01704968632257017
8.727668217805233	-0.01480290838995987
8.865548118591811	-0.01286770873760812
9.003428019378388	-0.01117717541971265
9.141307920164966	-0.009734465588762412
9.279187820951543	-0.008477896769811664
9.417067721738121	-0.00738390288115628
9.554947622524699	-0.006431325400223703
9.692827523311276	-0.005601802973767878
9.830707424097854	-0.004879394159980814
9.968587324884432	-0.004250230474958882
10.10646722567101	-0.00370225070236786
10.24434712645759	-0.003224956629947051
10.38222702724416	-0.002809220737931025
10.52010692803074	-0.002447090967342044
10.65798682881732	-0.002131650949141712
10.7958667296039	-0.001856875747015175
10.93374663039048	-0.001617521753458774
11.07162653117705	-0.001409021123448778
11.20950643196363	-0.001227396762043429
11.34738633275021	-0.001069184107916472
11.48526623353679	-0.0009313653217570805
11.62314613432336	-0.0008113115731251077
11.76102603510994	-0.0007067329033868739
11.89890593589652	-0.0006156345415654456
12.0367858366831	-0.0005362788511482459
12.17466573746967	-0.0004671521825857309
12.31254563825625	-0.0004069360004678441
12.45042553904283	-0.0003544817317256195
12.58830543982941	-0.0003087888568987486
12.72618534061598	-0.0002689858252649577
12.86406524140256	-0.0002343134304592398
13.00194514218914	-0.0002041103288868197
13.13982504297572	-0.0001778004249662821
13.27770494376229	-0.0001548818825395034
13.41558484454887	-0.0001349175526165676
13.55346474533545	-0.0001175266351546279
13.69134464612203	-0.0001023774155694549
13.82922454690861	-8.91809375673011e-05
13.96710444769518	-7.76854915455468e-05
14.10498434848176	-6.767181346537017e-05
14.24286424926834	-5.894890257825627e-05
14.38074415005492	-5.13503782675504e-05
14.51862405084149	-4.473130649560209e-05
14.65650395162807	-3.896543531057338e-05
14.79438385241465	-3.394278672615876e-05
14.93226375320123	-2.956755898269395e-05
15.0701436539878	-2.575629922872098e-05
15.20802355477438	-2.243631173731182e-05
15.34590345556096	-1.95442712989257e-05
15.48378335634754	-1.702501536364396e-05
15.62166325713411	-1.483049186412912e-05
15.75954315792069	-1.29188426708717e-05
15.89742305870727	-1.125360518999141e-05
16.03530295949385	-9.80301687521883e-06
16.17318286028042	-8.539409388868162e-06
16.311062761067	-7.438680856184969e-06
16.44894266185358	-6.479836146085622e-06
16.58682256264015	-5.644586410458739e-06
16.72470246342673	-4.917000242544886e-06
16.8625823642133	-4.283199801655081e-06
17.00046226499988	-3.731096107292379e-06
17.13834216578645	-3.250158453506655e-06
17.27622206657303	-2.831213546830378e-06
17.41410196735961	-2.466270533748073e-06
17.55198186814618	-2.148368583858397e-06
17.68986176893276	-1.871444118033069e-06
17.82774166971933	-1.630215152334818e-06
17.96562157050591	-1.4200805492002e-06
18.10350147129249	-1.23703225616246e-06
18.24138137207906	-1.07757885676638e-06
18.37926127286564	-9.386789763247406e-07
18.51714117365221	-8.176832716532903e-07
18.65502107443879	-7.122838985179006e-07
18.79290097522536	-6.204704926947618e-07
18.93078087601194	-5.404918250822861e-07
19.06866077679852	-4.708223994097267e-07
19.20654067758509	-4.101333554595507e-07
19.34442057837167	-3.572671228136653e-07
19.48230047915824	-3.112153416956545e-07
19.62018037994482	-2.710996297833162e-07
19.7580602807314	-2.361548281592007e-07
19.89594018151797	-2.057144068409513e-07
20.03382008230455	-1.791977515289418e-07
20.17169998309112	-1.56099089084828e-07
20.3095798838777	-1.359778405105184e-07
20.44745978466428	-1.184502174272847e-07
20.58533968545085	-1.031819017672628e-07
20.72321958623743	-8.988166904675974e-08
20.861099487024	-7.829583360782371e-08
20.99897938781058	-6.820340986042488e-08
21.13685928859715	-5.941189724496554e-08
21.27473918938373	-5.17536085108927e-08
21.41261909017031	-4.508247128206888e-08
21.55049899095688	-3.927124189880739e-08
21.68837889174346	-3.420907839663441e-08
21.82625879253003	-2.97994263302822e-08
21.96413869331661	-2.595817710877206e-08
22.10201859410319	-2.261206372919674e-08
22.23989849488976	-1.96972632944493e-08
22.37777839567634	-1.715817967029025e-08
22.51565829646291	-1.494638305398171e-08
22.65353819724949	-1.301968623651466e-08
22.79141809803606	-1.134133993224051e-08
22.92929799882264	-9.879331831738512e-09
23.06717789960922	-8.605776004314611e-09
23.20505780039579	-7.496381011395191e-09
23.34293770118237	-6.52998657359151e-09
23.48081760196894	-5.688159967332225e-09
23.61869750275552	-4.954844442177056e-09
23.7565774035421	-4.31605295863667e-09
23.89445730432867	-3.75960140252127e-09
24.03233720511525	-3.27487618868053e-09
24.17021710590182	-2.852631819734535e-09
24.3080970066884	-2.484814540084077e-09
24.44597690747498	-2.164408720581721e-09
24.58385680826155	-1.885303044365441e-09
24.72173670904813	-1.642173941134243e-09
24.8596166098347	-1.430384046888548e-09
24.99749651062128	-1.245893752163709e-09
25.13537641140785	-1.08518415155715e-09
25.27325631219443	-9.45189925215169e-10
25.41113621298101	-8.232408717264777e-10
25.54901611376758	-7.170109775375389e-10
25.68689601455416	-6.244740512435508e-10
25.82477591534073	-5.438650766148202e-10
25.96265581612731	-4.736465472128165e-10
26.10053571691389	-4.124791404604725e-10
26.23841561770046	-3.591961718198472e-10
26.37629551848704	-3.127813418173803e-10
26.51417541927361	-2.723493514708606e-10
26.65205532006019	-2.371290163813586e-10
26.78993522084676	-2.064485574129699e-10
26.92781512163334	-1.797227873987189e-10
27.06569502241992	-1.564419494754137e-10
27.20357492320649	-1.361619941529047e-10
27.34145482399307	-1.184961096653479e-10
27.47933472477964	-1.031073440567774e-10
27.61721462556622	-8.970217827682997e-11
27.7550945263528	-7.802492770166712e-11
27.89297442713937	-6.785286529642525e-11
28.03085432792595	-5.89919733998387e-11
28.16873422871252	-5.127324310185973e-11
28.3066141294991	-4.454945062976163e-11
28.44449403028568	-3.869234925650591e-11
28.58237393107225	-3.359022317073563e-11
28.72025383185883	-2.914575665167535e-11
28.8581337326454	-2.527417790628276e-11
28.99601363343198	-2.19016421648004e-11
29.13389353421855	-1.896382319441552e-11
29.27177343500513	-1.640468636602191e-11
29.40965333579171	-1.417541987198153e-11
29.54753323657828	-1.223350370929497e-11
29.68541313736486	-1.054189867029322e-11
29.82329303815143	-9.068339871936485e-12
29.96117293893801	-7.78472134875301e-12
30.09905283972459	-6.666559971360794e-12
30.23693274051116	-5.69252846555026e-12
30.37481264129774	-4.844048624901437e-12
30.51269254208431	-4.104936958025704e-12
30.65057244287089	-3.461096011637876e-12
30.78845234365746	-2.900245481873228e-12
30.92633224444404	-2.411687985166508e-12
31.06421214523062	-1.986105021098655e-12
31.20209204601719	-1.615379235484473e-12
31.33997194680377	-1.292439593618388e-12
31.47785184759034	-1.011126510572112e-12
31.61573174837692	-7.660743660951436e-13
31.7536116491635	-5.52609163253965e-13
31.89149154995007	-3.666593787922553e-13
32.02937145073665	-2.046783048088503e-13
32.16725135152323	-6.357640053082747e-14
0
200	105.658389	100000000000000.1
5	0	0	1
5	0	0	0
4.729151094994482	-0.09262227402642891
4.86703099578106	-0.02395821236345404
5.004910896567638	-0.01187507131019891
5.142790797354215	-0.007008874677621325
5.280670698140793	-0.004508551519133771
5.418550598927371	-0.003050595070022856
5.556430499713948	-0.002131914348568347
5.694310400500526	-0.001518704697168831
5.832190301287103	-0.001096706289324901
5.970070202073681	-0.0007997578076752744
6.107950102860259	-0.0005874239305214048
6.245830003646836	-0.0004337856964405133
6.383709904433414	-0.0003216421459024262
6.521589805219992	-0.0002392406338413892
6.659469706006569	-0.0001783861514319923
6.797349606793147	-0.0001332685315720954
6.935229507579725	-9.971580885414125e-05
7.073109408366302	-7.47038138623632e-05
7.21098930915288	-5.602261542214619e-05
7.348869209939457	-4.204850436350241e-05
7.486749110726035	-3.158223199215444e-05
7.624629011512613	-2.373527124973169e-05
7.76250891229919	-1.784701200525633e-05
7.900388813085768	-1.342541228447411e-05
8.038268713872345	-1.010308633238843e-05
8.176148614658922	-7.60546560994793e-06
8.3140285154455	-5.726947990600792e-06
8.451908416232078	-4.313555747100703e-06
8.589788317018655	-3.249717249920398e-06
8.727668217805233	-2.448748660666944e-06
8.865548118591811	-1.845532641882179e-06
9.003428019378388	-1.391135799127295e-06
9.141307920164966	-1.045453869055071e-06
9.279187820951543	-7.931357444167792e-07
9.417067721738121	-6.016269495957159e-07
9.554947622524699	-4.56409153045503e-07
9.692827523311276	-3.4627089768642e-07
9.830707424097854	-2.627267338049507e-07
9.968587324884432	-1.993495523113233e-07
10.10646722567101	-1.512677316617593e-07
10.24434712645759	-1.147870809976809e-07
10.38222702724416	-8.710679327899934e-08
10.52010692803074	-6.610308703307057e-08
10.65798682881732	-5.016470681766687e-08
10.7958667296039	-3.806975792043673e-08
10.93374663039048	-2.889113324246128e-08
11.07162653117705	-2.192556432071131e-08
11.20950643196363	-1.663938058395366e-08
11.34738633275021	-1.26276857362192e-08
11.48526623353679	-9.583198202502537e-09
11.62314613432336	-7.272726722185718e-09
11.76102603510994	-5.519301819972895e-09
11.89890593589652	-4.188621141190087e-09
12.0367858366831	-3.178762405625019e-09
12.17466573746967	-2.41237655362122e-09
12.31254563825625	-1.830763162545879e-09
12.45042553904283	-1.389374302931763e-09
12.58830543982941	-1.054402398092204e-09
12.72618534061598	-8.001907566823545e-10
12.86406524140256	-6.072684177735706e-10
13.00194514218914	-4.608587927107601e-10
13.13982504297572	-3.497478681862165e-10
13.27770494376229	-2.654252827330543e-10
13.41558484454887	-2.014324870271826e-10
13.55346474533545	-1.528680599575113e-10
13.69134464612203	-1.160122916322911e-10
13.82922454690861	-8.804227775049116e-11
13.96710444769518	-6.681570359507527e-11
14.10498434848176	-5.070675689889079e-11
14.24286424926834	-3.848160135279705e-11
14.38074415005492	-2.920387295916748e-11
14.51862405084149	-2.216296078762787e-11
14.65650395162807	-1.681957893018323e-11
14.79438385241465	-1.276446081820719e-11
14.93226375320123	-9.687012150123092e-12
15.0701436539878	-7.351521463653434e-12
15.20802355477438	-5.57910622422276e-12
15.34590345556096	-4.234011638670074e-12
15.48378335634754	-3.213212749741142e-12
15.62166325713411	-2.438523431848583e-12
15.75954315792069	-1.850607861611426e-12
15.89742305870727	-1.404435798838854e-12
16.03530295949385	-1.065833578457838e-12
16.17318286028042	-8.088666411716907e-13
16.311062761067	-6.138531244604032e-13
16.44894266185358	-4.6585636707936e-13
16.58682256264015	-3.535408638760128e-13
16.72470246342673	-2.683040443213562e-13
16.8625823642133	-2.036173752528248e-13
17.00046226499988	-1.545263204742738e-13
17.13834216578645	-1.172708578296628e-13
17.27622206657303	-8.899748763438335e-14
17.41410196735961	-6.754067462741058e-14
17.55198186814618	-5.125698304621236e-14
17.68986176893276	-3.889920107225053e-14
17.82774166971933	-2.952081312918851e-14
17.96562157050591	-2.240350355833485e-14
18.10350147129249	-1.700213873262562e-14
18.24138137207906	-1.290301378197706e-14
18.37926127286564	-9.792165798338646e-15
18.51714117365221	-7.431326596086369e-15
18.65502107443879	-5.639673127512258e-15
18.79290097522536	-4.279977783673488e-15
18.93078087601194	-3.24809777810585e-15
19.06866077679852	-2.464998582525119e-15
19.20654067758509	-1.870700465699213e-15
19.34442057837167	-1.41968448743666e-15
19.48230047915824	-1.077406081029001e-15
19.62018037994482	-8.176491913624819e-16
19.7580602807314	-6.205183155421815e-16
19.89594018151797	-4.709146514930264e-16
20.03382008230455	-3.573796388385966e-16
20.17169998309112	-2.71217315857425e-16
20.3095798838777	-2.058282714913688e-16
20.44745978466428	-1.562041779967685e-16
20.58533968545085	-1.185441891060941e-16
20.72321958623743	-8.996382257770693e-17
20.861099487024	-6.827402963560716e-17
20.99897938781058	-5.181352961086396e-17
21.13685928859715	-3.93215678230322e-17
21.27473918938373	-2.984135087075133e-17
21.41261909017031	-2.26467631677735e-17
21.55049899095688	-1.718675173843388e-17
21.68837889174346	-1.304311954679524e-17
21.82625879253003	-9.898494632580747e-18
21.96413869331661	-7.512021719870522e-18
22.10201859410319	-5.700914450766038e-18
22.23989849488976	-4.326455278192362e-18
22.37777839567634	-3.283370710470973e-18
22.51565829646291	-2.491768128152678e-18
22.65353819724949	-1.891016591507102e-18
22.79141809803606	-1.435102952788425e-18
22.92929799882264	-1.089107585089661e-18
23.06717789960922	-8.26529794160306e-19
23.20505780039579	-6.272580591281336e-19
23.34293770118237	-4.76029637307459e-19
23.48081760196894	-3.612615500247738e-19
23.61869750275552	-2.741634114573749e-19
23.7565774035421	-2.080641496499122e-19
23.89445730432867	-1.579010515560759e-19
24.03233720511525	-1.198319963602843e-19
24.17021710590182	-9.094117744614546e-20
24.3080970066884	-6.901577308148949e-20
24.44597690747498	-5.237646062101016e-20
24.58385680826155	-3.974879280944837e-20
24.72173670904813	-3.016558455305918e-20
24.8596166098347	-2.289283370937828e-20
24.99749651062128	-1.737350196216864e-20
25.13537641140785	-1.318484982508499e-20
25.27325631219443	-1.000605794415707e-20
25.41113621298101	-7.593654708913429e-21
25.54901611376758	-5.762868149927432e-21
25.68689601455416	-4.373473780887456e-21
25.82477591534073	-3.319054449430629e-21
25.96265581612731	-2.51884957850591e-21
26.10053571691389	-1.91156950960449e-21
26.23841561770046	-1.450701173823225e-21
26.37629551848704	-1.100945539282874e-21
26.51417541927361	-8.355139700580276e-22
26.65205532006019	-6.34076417804795e-22
26.78993522084676	-4.812042928595901e-22
26.92781512163334	-3.651887503515458e-22
27.06569502241992	-2.77143880869495e-22
27.20357492320649	-2.103261167926753e-22
27.34145482399307	-1.596177259030274e-22
27.47933472477964	-1.21134831758832e-22
27.61721462556622	-9.192993812953964e-23
27.7550945263528	-6.976617309639376e-23
27.89297442713937	-5.294596161323414e-23
28.03085432792595	-4.018100413427385e-23
28.16873422871252	-3.049360265068581e-23
28.3066141294991	-2.314177645408905e-23
28.44449403028568	-1.756243205938045e-23
28.58237393107225	-1.332823453219097e-23
28.72025383185883	-1.011487689069496e-23
28.8581337326454	-7.676240665640448e-24
28.99601363343198	-5.825545105661784e-24
29.13389353421855	-4.421041199944484e-24
29.27177343500513	-3.355154788968449e-24
29.40965333579171	-2.546247208105239e-24
29.54753323657828	-1.932362392036533e-24
29.68541313736486	-1.466481515798948e-24
29.82329303815143	-1.112921714124696e-24
29.96117293893801	-8.446030484533698e-25
30.09905283972459	-6.409743921589546e-25
30.23693274051116	-4.864393726554945e-25
30.37481264129774	-3.691618095912438e-25
30.51269254208431	-2.801591548468501e-25
30.65057244287089	-2.126144987922315e-25
30.78845234365746	-1.613544477617429e-25
30.92633224444404	-1.224528821734752e-25
31.06421214523062	-9.293024621183973e-26
31.20209204601719	-7.052533697796563e-26
31.33997194680377	-5.352211391533605e-26
31.47785184759034	-4.061826344853227e-26
31.61573174837692	-3.082545190121782e-26
31.7536116491635	-2.33936268377856e-26
31.89149154995007	-1.775356889706385e-26
32.02937145073665	-1.347329403341761e-26
32.16725135152323	-1.022496691486614e-26
