0
200	105.658389	100000000000000.1
5	0	0	1
5	0	0	0
4.729151094994482	-2.229548190525091
4.86703099578106	-1.420927035602823
5.004910896567638	-1.072254631619108
5.142790797354215	-0.8503218107340033
5.280670698140793	-0.6975545183330428
5.418550598927371	-0.5812226218327462
5.556430499713948	-0.4888733357420676
5.694310400500526	-0.4139522200793682
5.832190301287103	-0.3522290710929721
5.970070202073681	-0.3007811691075833
6.107950102860259	-0.2575335158563196
6.245830003646836	-0.2209849178859226
6.383709904433414	-0.1899081419741339
6.521589805219992	-0.1634515484768854
6.659469706006569	-0.1408252752291791
6.797349606793147	-0.1214276379469321
6.935229507579725	-0.1047920119397113
7.073109408366302	-0.09046564870757344
7.21098930915288	-0.07817742030040523
7.348869209939457	-0.06758567725000736
7.486749110726035	-0.05844356119339295
7.624629011512613	-0.05057849241944277
7.76250891229919	-0.04377437816790183
7.900388813085768	-0.03791624674886917
8.038268713872345	-0.0328251059611118
8.176148614658922	-0.02846585445001744
8.3140285154455	-0.0246880288636788
8.451908416232078	-0.02141134138538852
8.589788317018655	-0.01859289674605666
8.727668217805233	-0.01614275723387188
8.865548118591811	-0.01403239774389619
9.003428019378388	-0.01218884995987329
9.141307920164966	-0.01061555679644623
9.279187820951543	-0.009245252740888381
9.417067721738121	-0.00805223868567243
9.554947622524699	-0.007013440996558487
9.692827523311276	-0.006108836387561962
9.830707424097854	-0.005321040516521019
9.968587324884432	-0.004634929627688942
10.10646722567101	-0.004037350813635238
10.24434712645759	-0.003516855642015401
10.38222702724416	-0.003063490438113461
10.52010692803074	-0.002668583381914685
10.65798682881732	-0.002324592086213929
10.7958667296039	-0.00202494628245802
10.93374663039048	-0.001763927750836702
11.07162653117705	-0.001536555199140215
11.20950643196363	-0.001338491555388443
11.34738633275021	-0.001165958672066531
11.48526623353679	-0.001015665557497454
11.62314613432336	-0.0008847454392028696
11.76102603510994	-0.0007707010884786779
11.89890593589652	-0.0006713571826524321
12.0367858366831	-0.000584818807227467
12.17466573746967	-0.0005094353084497677
12.31254563825625	-0.0004437688068589366
12.45042553904283	-0.0003865667691804489
12.58830543982941	-0.0003367381163210049
12.72618534061598	-0.0002933324113598881
12.86406524140256	-0.0002555217301681188
13.00194514218914	-0.000222584869479227
13.13982504297572	-0.0001938935892799663
13.27770494376229	-0.0001689006314955757
13.41558484454887	-0.0001471292794922098
13.55346474533545	-0.0001281642660474304
13.69134464612203	-0.0001116438522494716
13.82922454690861	-9.725292763646048e-05
13.96710444769518	-8.471699973056924e-05
14.10498434848176	-7.379695834776136e-05
14.24286424926834	-6.428451477632634e-05
14.38074415005492	-5.59982288669699e-05
14.51862405084149	-4.87800482337745e-05
14.65650395162807	-4.249229353961015e-05
14.79438385241465	-3.701503241096128e-05
14.93226375320123	-3.224379182720586e-05
15.0701436539878	-2.808756540702371e-05
15.20802355477438	-2.446707754829936e-05
15.34590345556096	-2.131327131559397e-05
15.48378335634754	-1.856599125614494e-05
15.62166325713411	-1.617283598757599e-05
15.75954315792069	-1.408815869433389e-05
15.89742305870727	-1.227219646010919e-05
16.03530295949385	-1.069031182938585e-05
16.17318286028042	-9.312332132414423e-06
16.311062761067	-8.111973971953941e-06
16.44894266185358	-7.066341893668563e-06
16.58682256264015	-6.155491678713823e-06
16.72470246342673	-5.362049927617058e-06
16.8625823642133	-4.670882680496031e-06
17.00046226499988	-4.068806752005302e-06
17.13834216578645	-3.544338274894973e-06
17.27622206657303	-3.087473657415019e-06
17.41410196735961	-2.689498773644939e-06
17.55198186814618	-2.342822751048018e-06
17.68986176893276	-2.040833181094218e-06
17.82774166971933	-1.777769994838346e-06
17.96562157050591	-1.548615594978267e-06
18.10350147129249	-1.348999151022715e-06
18.24138137207906	-1.175113230503184e-06
18.37926127286564	-1.023641177064493e-06
18.51714117365221	-8.916938494941136e-07
18.65502107443879	-7.767545153301081e-07
18.79290097522536	-6.766308476562043e-07
18.93078087601194	-5.89413109538975e-07
19.06866077679852	-5.134377284303882e-07
19.20654067758509	-4.47255565789061e-07
19.34442057837167	-3.896042766913074e-07
19.48230047915824	-3.393842322483258e-07
19.62018037994482	-2.956375455858907e-07
19.7580602807314	-2.575298013521618e-07
19.89594018151797	-2.243341402718156e-07
20.03382008230455	-1.954173951893927e-07
20.17169998309112	-1.702280141678703e-07
20.3095798838777	-1.482855402933784e-07
20.44745978466428	-1.291714475317264e-07
20.58533968545085	-1.125211578411575e-07
20.72321958623743	-9.801708727257557e-08
20.861099487024	-8.538258843625485e-08
20.99897938781058	-7.437667377604767e-08
21.13685928859715	-6.478941901833663e-08
21.27473918938373	-5.643795911394404e-08
21.41261909017031	-4.916300030514366e-08
21.55049899095688	-4.282578178551602e-08
21.68837889174346	-3.730542900288955e-08
21.82625879253003	-3.249664812391611e-08
21.96413869331661	-2.830771767539965e-08
22.10201859410319	-2.465873907187784e-08
22.23989849488976	-2.148011264368698e-08
22.37777839567634	-1.871121010923192e-08
22.51565829646291	-1.629921816128603e-08
22.65353819724949	-1.419813111936762e-08
22.79141809803606	-1.236787342661331e-08
22.92929799882264	-1.077353525814024e-08
23.06717789960922	-9.384706656814358e-09
23.20505780039579	-8.174897504236297e-09
23.34293770118237	-7.12103225036482e-09
23.48081760196894	-6.203009778983195e-09
23.61869750275552	-5.403320002370743e-09
23.7565774035421	-4.706709878554648e-09
23.89445730432867	-4.09989247821144e-09
24.03233720511525	-3.571293553630972e-09
24.17021710590182	-3.11083077397373e-09
24.3080970066884	-2.709721417757526e-09
24.44597690747498	-2.360314853414862e-09
24.58385680826155	-2.055946613266347e-09
24.72173670904813	-1.790811277136426e-09
24.8596166098347	-1.55985174142688e-09
24.99749651062128	-1.358662761356202e-09
25.13537641140785	-1.183406926452668e-09
25.27325631219443	-1.030741466973968e-09
25.41113621298101	-8.977544947943813e-10
25.54901611376758	-7.819094629634848e-10
25.68689601455416	-6.809967843440922e-10
25.82477591534073	-5.93091686602841e-10
25.96265581612731	-5.165174996868092e-10
26.10053571691389	-4.49813675529403e-10
26.23841561770046	-3.917079300107291e-10
26.37629551848704	-3.410919758095672e-10
26.51417541927361	-2.970003832833745e-10
26.65205532006019	-2.585921661737767e-10
26.78993522084676	-2.251347409083591e-10
26.92781512163334	-1.959899535427643e-10
27.06569502241992	-1.706019078248748e-10
27.20357492320649	-1.484863622169048e-10
27.34145482399307	-1.292214936372358e-10
27.47933472477964	-1.124398517522084e-10
27.61721462556622	-9.782135035641006e-11
27.7550945263528	-8.508716216103092e-11
27.89297442713937	-7.39944005413563e-11
28.03085432792595	-6.433148680462092e-11
28.16873422871252	-5.591411461489485e-11
28.3066141294991	-4.858173460170189e-11
28.44449403028568	-4.219449210087785e-11
28.58237393107225	-3.663055961912199e-11
28.72025383185883	-3.178381314250239e-11
28.8581337326454	-2.756180796759233e-11
28.99601363343198	-2.388401544689192e-11
29.13389353421855	-2.068028701681034e-11
29.27177343500513	-1.788951621158291e-11
29.40965333579171	-1.545847314283663e-11
29.54753323657828	-1.334078921406181e-11
29.68541313736486	-1.149607270479059e-11
29.82329303815143	-9.889138355437589e-12
29.96117293893801	-8.489336258181924e-12
30.09905283972459	-7.269967253392184e-12
30.23693274051116	-6.207773681079739e-12
30.37481264129774	-5.28249577415629e-12
30.51269254208431	-4.476485232307094e-12
30.65057244287089	-3.774368605929982e-12
30.78845234365746	-3.162754069654477e-12
30.92633224444404	-2.629975992547926e-12
31.06421214523062	-2.16587243304101e-12
31.20209204601719	-1.761591314595892e-12
31.33997194680377	-1.409421585189047e-12
31.47785184759034	-1.102646140209473e-12
31.61573174837692	-8.354137034843228e-13
31.7536116491635	-6.026272227414951e-13
31.89149154995007	-3.998466508094285e-13
32.02937145073665	-2.232042582430153e-13
32.16725135152323	-6.933086208377949e-14
0
200	105.658389	100000000000000.1
5	0	0	1
5	0	0	0
4.729151094994482	-0.1010057513919619
4.86703099578106	-0.02612673103975354
5.004910896567638	-0.01294991418778498
5.142790797354215	-0.00764326573350189
5.280670698140793	-0.004916631972882979
5.418550598927371	-0.003326712181049999
5.556430499713948	-0.002324879333225238
5.694310400500526	-0.00165616651817691
5.832190301287103	-0.0011959719621858
5.970070202073681	-0.0008721459189474725
6.107950102860259	-0.0006405931630545584
6.245830003646836	-0.0004730487420285663
6.383709904433414	-0.0003507547937864294
6.521589805219992	-0.0002608949114952664
6.659469706006569	-0.0001945323352582295
6.797349606793147	-0.0001453310049857454
6.935229507579725	-0.0001087413400806968
7.073109408366302	-8.146544586940212e-05
7.21098930915288	-6.109336469143123e-05
7.348869209939457	-4.585442133414802e-05
7.486749110726035	-3.444082005679237e-05
7.624629011512613	-2.588361095928766e-05
7.76250891229919	-1.946239040916112e-05
7.900388813085768	-1.464058046284241e-05
8.038268713872345	-1.101754234716206e-05
8.176148614658922	-8.293855626949751e-06
8.3140285154455	-6.245308604766361e-06
8.451908416232078	-4.703986638031537e-06
8.589788317018655	-3.543857415374326e-06
8.727668217805233	-2.670391123934489e-06
8.865548118591811	-2.01257649058434e-06
9.003428019378388	-1.517051035019904e-06
9.141307920164966	-1.140080555103809e-06
9.279187820951543	-8.649244759084783e-07
9.417067721738121	-6.56081733458515e-07
9.554947622524699	-4.977199051639297e-07
9.692827523311276	-3.776127564615466e-07
9.830707424097854	-2.86506798030406e-07
9.968587324884432	-2.173931868050197e-07
10.10646722567101	-1.649593583977631e-07
10.24434712645759	-1.251767513486055e-07
10.38222702724416	-9.499105045590117e-08
10.52010692803074	-7.208624538952653e-08
10.65798682881732	-5.470524188317287e-08
10.7958667296039	-4.151554842939993e-08
10.93374663039048	-3.150614311004632e-08
11.07162653117705	-2.391010284662141e-08
11.20950643196363	-1.814545318845518e-08
11.34738633275021	-1.37706496470775e-08
11.48526623353679	-1.045059781134802e-08
11.62314613432336	-7.930999687157346e-09
11.76102603510994	-6.018867842346216e-09
11.89890593589652	-4.567743874866753e-09
12.0367858366831	-3.466480259953418e-09
12.17466573746967	-2.630726877994655e-09
12.31254563825625	-1.996470181935967e-09
12.45042553904283	-1.515130095971836e-09
12.58830543982941	-1.149839033719007e-09
12.72618534061598	-8.726180514596746e-10
12.86406524140256	-6.622338221081831e-10
13.00194514218914	-5.0257229037676e-10
13.13982504297572	-3.814044339688364e-10
13.27770494376229	-2.894495976392541e-10
13.41558484454887	-2.196646516616385e-10
13.55346474533545	-1.667045351228209e-10
13.69134464612203	-1.265128577389607e-10
13.82922454690861	-9.601120698613529e-11
13.96710444769518	-7.286336180118445e-11
14.10498434848176	-5.529635352388813e-11
14.24286424926834	-4.196466818795064e-11
14.38074415005492	-3.184718911325775e-11
14.51862405084149	-2.416898616963626e-11
14.65650395162807	-1.834196131252046e-11
14.79438385241465	-1.391980421715188e-11
14.93226375320123	-1.056380790352825e-11
15.0701436539878	-8.016926066892865e-12
15.20802355477438	-6.08408506077254e-12
15.34590345556096	-4.617242581500081e-12
15.48378335634754	-3.504048621819734e-12
15.62166325713411	-2.659240231839485e-12
15.75954315792069	-2.01811095254007e-12
15.89742305870727	-1.531554742712157e-12
16.03530295949385	-1.16230479240331e-12
16.17318286028042	-8.820791397843293e-13
16.311062761067	-6.694144672297603e-13
16.44894266185358	-5.080221585745755e-13
16.58682256264015	-3.855407034974659e-13
16.72470246342673	-2.92588891129787e-13
16.8625823642133	-2.220472743320223e-13
17.00046226499988	-1.685128693798781e-13
17.13834216578645	-1.278853250697299e-13
17.27622206657303	-9.705286431693585e-14
17.41410196735961	-7.3653943859883e-14
17.55198186814618	-5.589637649037422e-14
17.68986176893276	-4.24200621800255e-14
17.82774166971933	-3.219281392477792e-14
17.96562157050591	-2.443129959011526e-14
18.10350147129249	-1.854104421081294e-14
18.24138137207906	-1.4070897518349e-14
18.37926127286564	-1.067847908970235e-14
18.51714117365221	-8.103954531496693e-15
18.65502107443879	-6.150134079857241e-15
18.79290097522536	-4.667369332553229e-15
18.93078087601194	-3.542091292538674e-15
19.06866077679852	-2.68811182707762e-15
19.20654067758509	-2.040022294357517e-15
19.34442057837167	-1.548183723786978e-15
19.48230047915824	-1.17492483491644e-15
19.62018037994482	-8.916566925385236e-16
19.7580602807314	-6.766830022319818e-16
19.89594018151797	-5.135383315688528e-16
20.03382008230455	-3.897269771031171e-16
20.17169998309112	-2.95765883724217e-16
20.3095798838777	-2.244583110283239e-16
20.44745978466428	-1.703426148704058e-16
20.58533968545085	-1.292739247693316e-16
20.72321958623743	-9.810667668954611e-17
20.861099487024	-7.445368550145399e-17
20.99897938781058	-5.65033038093022e-17
21.13685928859715	-4.288066282749639e-17
21.27473918938373	-3.254236735535922e-17
21.41261909017031	-2.469657924141995e-17
21.55049899095688	-1.874236830586719e-17
21.68837889174346	-1.422368543693549e-17
21.82625879253003	-1.079443253209649e-17
21.96413869331661	-8.191953892581358e-18
22.10201859410319	-6.216918702890881e-18
22.23989849488976	-4.718053738351642e-18
22.37777839567634	-3.580556936095522e-18
22.51565829646291	-2.71730439270617e-18
22.65353819724949	-2.062177308051703e-18
22.79141809803606	-1.564997767475218e-18
22.92929799882264	-1.187685479914716e-18
23.06717789960922	-9.013411059495878e-19
23.20505780039579	-6.840327798533477e-19
23.34293770118237	-5.191162893194673e-19
23.48081760196894	-3.939602508439522e-19
23.61869750275552	-2.989786384480621e-19
23.7565774035421	-2.268965645034048e-19
23.89445730432867	-1.721930769421028e-19
24.03233720511525	-1.306782948311747e-19
24.17021710590182	-9.917249448864679e-20
24.3080970066884	-7.526256606483833e-20
24.44597690747498	-5.711718715484303e-20
24.58385680826155	-4.334655704409725e-20
24.72173670904813	-3.289594825850883e-20
24.8596166098347	-2.496492225667872e-20
24.99749651062128	-1.894602176899271e-20
25.13537641140785	-1.437824408406062e-20
25.27325631219443	-1.09117316730166e-20
25.41113621298101	-8.280975691289972e-21
25.54901611376758	-6.284479989015379e-21
25.68689601455416	-4.769328005329602e-21
25.82477591534073	-3.619470501014714e-21
25.96265581612731	-2.746837053986717e-21
26.10053571691389	-2.084590523014645e-21
26.23841561770046	-1.582007823144146e-21
26.37629551848704	-1.200594917429491e-21
26.51417541927361	-9.111384624405736e-22
26.65205532006019	-6.914682855013954e-22
26.78993522084676	-5.247593160955057e-22
26.92781512163334	-3.982429120518403e-22
27.06569502241992	-3.022288777202713e-22
27.20357492320649	-2.293632680399898e-22
27.34145482399307	-1.740651318462639e-22
27.47933472477964	-1.320990531721149e-22
27.61721462556622	-1.002507504138905e-22
27.7550945263528	-7.60808866918127e-23
27.89297442713937	-5.773823512893457e-23
28.03085432792595	-4.38178889141472e-23
28.16873422871252	-3.325365610761738e-23
28.3066141294991	-2.523639744175413e-23
28.44449403028568	-1.915205240935667e-23
28.58237393107225	-1.453460690533334e-23
28.72025383185883	-1.103040009890375e-23
28.8581337326454	-8.371036712802921e-24
28.99601363343198	-6.352829995268981e-24
29.13389353421855	-4.821200872349383e-24
29.27177343500513	-3.658838374011312e-24
29.40965333579171	-2.776714512655596e-24
29.54753323657828	-2.107265422068144e-24
29.68541313736486	-1.599216483968281e-24
29.82329303815143	-1.213655086286445e-24
29.96117293893801	-9.210502164158669e-25
30.09905283972459	-6.989906130413736e-25
30.23693274051116	-5.304682362655213e-25
30.37481264129774	-4.025755829784462e-25
30.51269254208431	-3.055170718068085e-25
30.65057244287089	-2.31858777308862e-25
30.78845234365746	-1.759590488132377e-25
30.92633224444404	-1.335364036788137e-25
31.06421214523062	-1.013415989223964e-25
31.20209204601719	-7.690876442526052e-26
31.33997194680377	-5.83665364398416e-26
31.47785184759034	-4.429472567996867e-26
31.61573174837692	-3.361554187700879e-26
31.7536116491635	-2.551104344360416e-26
31.89149154995007	-1.936048952787722e-26
32.02937145073665	-1.46927961105968e-26
32.16725135152323	-1.115045465088973e-26
